PRCP       018057 19070101 20170930 missing_value=99999.9 MOUNT WUDINNA                             
19070101 19070131     3.3
19070201 19070228     0.0
19070301 19070331     4.3
19070401 19070430    25.3
19070501 19070531    17.1
19070601 19070630    51.8
19070701 19070731    29.3
19070801 19070831    50.1
19070901 19070930    18.3
19071001 19071031    33.5
19071101 19071130    38.8
19071201 19071231    10.4
19080101 19080131    15.3
19080201 19080229     1.8
19080301 19080331    62.9
19080401 19080430    31.5
19080501 19080531    53.3
19080601 19080630    51.8
19080701 19080731    11.9
19080801 19080831    59.6
19080901 19080930    26.8
19081001 19081031    46.8
19081101 19081130     4.3
19081201 19081231     6.9
19090101 19090131     1.0
19090201 19090228    11.7
19090301 19090331    12.7
19090401 19090430    39.4
19090501 19090531    40.2
19090601 19090630    54.4
19090701 19090731    68.2
19090801 19090831    96.9
19090901 19090930    12.0
19091001 19091031    42.5
19091101 19091130     8.4
19091201 19091231     1.5
19100101 19100131     1.8
19100201 19100228     0.0
19100301 19100331    18.1
19100401 19100430     6.9
19100501 19100531   107.9
19100601 19100630    39.4
19100701 19100731    68.4
19100801 19100831    15.6
19100901 19100930    64.8
19101001 19101031    29.9
19101101 19101130    28.1
19101201 19101231     8.9
19110101 19110131     0.0
19110201 19110228    51.8
19110301 19110331     4.8
19110401 19110430     1.5
19110501 19110531    39.9
19110601 19110630    48.1
19110701 19110731    44.7
19110801 19110831    38.2
19110901 19110930    40.1
19111001 19111031    17.5
19111101 19111130    23.9
19111201 19111231    19.8
19120101 19120131     0.0
19120201 19120229    65.7
19120301 19120331    35.0
19120401 19120430     2.0
19120501 19120531     5.5
19120601 19120630    65.9
19120701 19120731    52.8
19120801 19120831    34.4
19120901 19120930    42.1
19121001 19121031    32.1
19121101 19121130    37.8
19121201 19121231     8.4
19130101 19130131     0.0
19130201 19130228    18.1
19130301 19130331     8.1
19130401 19130430     5.3
19130501 19130531    29.8
19130601 19130630     8.6
19130701 19130731    27.8
19130801 19130831    60.7
19130901 19130930    61.3
19131001 19131031    41.7
19131101 19131130     0.0
19131201 19131231    21.3
19140101 19140131     4.6
19140201 19140228     3.0
19140301 19140331    30.3
19140401 19140430    24.7
19140501 19140531    29.9
19140601 19140630    23.7
19140701 19140731    30.0
19140801 19140831    10.5
19140901 19140930    11.7
19141001 19141031     7.9
19141101 19141130    27.4
19141201 19141231    14.0
19150101 19150131     9.5
19150201 19150228     0.0
19150301 19150331     2.6
19150401 19150430    46.0
19150501 19150531    43.2
19150601 19150630    71.1
19150701 19150731    53.9
19150801 19150831   117.0
19150901 19150930    64.4
19151001 19151031     8.9
19151101 19151130     3.4
19151201 19151231    23.1
19160101 19160131     0.0
19160201 19160229     0.0
19160301 19160331    17.8
19160401 19160430     3.5
19160501 19160531    22.1
19160601 19160630   104.3
19160701 19160731    92.9
19160801 19160831    71.7
19160901 19160930    63.3
19161001 19161031    57.5
19161101 19161130    25.7
19161201 19161231     0.0
19170101 19170131    39.7
19170201 19170228    10.0
19170301 19170331    26.4
19170401 19170430     8.2
19170501 19170531    91.7
19170601 19170630    48.5
19170701 19170731    88.2
19170801 19170831    70.3
19170901 19170930    82.8
19171001 19171031    24.0
19171101 19171130    24.4
19171201 19171231    12.4
19180101 19180131     2.5
19180201 19180228     0.5
19180301 19180331    11.7
19180401 19180430    20.3
19180501 19180531    36.8
19180601 19180630    46.9
19180701 19180731    30.8
19180801 19180831    80.7
19180901 19180930     1.8
19181001 19181031    52.0
19181101 19181130     0.8
19181201 19181231    16.2
19190101 19190131    10.4
19190201 19190228    74.9
19190301 19190331     0.0
19190401 19190430    17.7
19190501 19190531    28.7
19190601 19190630    15.3
19190701 19190731    18.9
19190801 19190831    23.3
19190901 19190930    27.8
19191001 19191031    22.1
19191101 19191130     0.0
19191201 19191231    27.4
19200101 19200131     0.0
19200201 19200229     0.0
19200301 19200331     8.6
19200401 19200430    11.2
19200501 19200531    68.6
19200601 19200630    79.9
19200701 19200731    35.1
19200801 19200831    69.9
19200901 19200930    65.9
19201001 19201031    33.0
19201101 19201130    13.5
19201201 19201231    24.9
19210101 19210131    40.3
19210201 19210228    33.0
19210301 19210331    85.4
19210401 19210430    29.4
19210501 19210531   109.9
19210601 19210630    45.5
19210701 19210731    30.0
19210801 19210831    21.3
19210901 19210930    31.8
19211001 19211031    30.5
19211101 19211130    16.3
19211201 19211231     3.3
19220101 19220131    22.6
19220201 19220228     0.0
19220301 19220331     0.0
19220401 19220430     6.8
19220501 19220531    23.9
19220601 19220630    24.8
19220701 19220731    46.1
19220801 19220831    57.8
19220901 19220930    23.6
19221001 19221031    11.4
19221101 19221130     0.0
19221201 19221231    44.5
19230101 19230131     0.0
19230201 19230228     0.8
19230301 19230331     0.8
19230401 19230430     8.7
19230501 19230531    35.1
19230601 19230630    90.0
19230701 19230731    67.0
19230801 19230831    63.1
19230901 19230930    44.9
19231001 19231031    22.6
19231101 19231130     0.0
19231201 19231231   104.7
19240101 19240131    17.5
19240201 19240229    29.5
19240301 19240331     2.8
19240401 19240430    11.5
19240501 19240531    35.5
19240601 19240630    48.3
19240701 19240731     6.8
19240801 19240831    41.5
19240901 19240930    43.4
19241001 19241031    62.4
19241101 19241130    13.7
19241201 19241231     4.6
19250101 19250131    21.5
19250201 19250228    26.4
19250301 19250331     0.0
19250401 19250430    11.1
19250501 19250531    53.4
19250601 19250630    14.9
19250701 19250731    43.9
19250801 19250831    25.6
19250901 19250930    34.2
19251001 19251031    16.0
19251101 19251130    16.5
19251201 19251231     0.0
19260101 19260131     4.1
19260201 19260228     1.5
19260301 19260331    50.0
19260401 19260430    38.1
19260501 19260531    50.6
19260601 19260630    85.4
19260701 19260731    35.7
19260801 19260831    61.7
19260901 19260930    32.8
19261001 19261031    37.1
19261101 19261130     0.3
19261201 19261231     8.1
19270101 19270131     0.0
19270201 19270228    17.0
19270301 19270331    20.4
19270401 19270430     1.8
19270501 19270531    29.1
19270601 19270630    54.3
19270701 19270731    45.5
19270801 19270831    48.2
19270901 19270930     8.8
19271001 19271031     2.1
19271101 19271130    17.1
19271201 19271231     6.1
19280101 19280131     1.1
19280201 19280229    29.0
19280301 19280331     2.8
19280401 19280430     3.0
19280501 19280531    15.4
19280601 19280630    33.6
19280701 19280731    28.5
19280801 19280831     9.4
19280901 19280930    14.4
19281001 19281031    45.5
19281101 19281130     1.0
19281201 19281231     3.8
19290101 19290131     3.3
19290201 19290228     1.8
19290301 19290331     5.1
19290401 19290430     2.3
19290501 19290531    35.6
19290601 19290630    28.8
19290701 19290731    26.1
19290801 19290831    32.7
19290901 19290930    28.1
19291001 19291031    15.2
19291101 19291130    19.1
19291201 19291231    17.1
19300101 19300131     0.0
19300201 19300228     7.4
19300301 19300331     0.0
19300401 19300430    54.6
19300501 19300531    31.2
19300601 19300630     5.7
19300701 19300731    56.8
19300801 19300831    40.8
19300901 19300930     0.0
19301001 19301031   102.4
19301101 19301130    13.9
19301201 19301231     8.9
19310101 19310131     3.0
19310201 19310228     0.0
19310301 19310331    15.5
19310401 19310430    59.6
19310501 19310531    55.8
19310601 19310630    73.5
19310701 19310731    42.1
19310801 19310831    33.5
19310901 19310930    38.6
19311001 19311031    15.0
19311101 19311130     6.1
19311201 19311231     3.8
19320101 19320131     0.0
19320201 19320229    63.7
19320301 19320331     2.5
19320401 19320430    48.8
19320501 19320531    22.4
19320601 19320630    65.4
19320701 19320731    31.1
19320801 19320831    59.3
19320901 19320930    60.5
19321001 19321031    44.8
19321101 19321130     1.8
19321201 19321231     6.6
19330101 19330131    21.1
19330201 19330228     0.0
19330301 19330331     9.9
19330401 19330430    16.6
19330501 19330531    49.6
19330601 19330630    13.3
19330701 19330731     8.1
19330801 19330831    29.8
19330901 19330930    55.7
19331001 19331031    23.7
19331101 19331130    24.6
19331201 19331231    12.6
19340101 19340131     1.8
19340201 19340228    24.9
19340301 19340331    18.6
19340401 19340430     9.4
19340501 19340531    15.5
19340601 19340630    20.0
19340701 19340731    12.9
19340801 19340831    48.4
19340901 19340930    19.1
19341001 19341031    13.7
19341101 19341130    33.0
19341201 19341231     0.0
19350101 19350131    20.3
19350201 19350228     0.0
19350301 19350331    59.8
19350401 19350430    27.1
19350501 19350531    34.7
19350601 19350630    20.9
19350701 19350731    34.8
19350801 19350831    29.2
19350901 19350930    43.0
19351001 19351031   121.7
19351101 19351130    10.4
19351201 19351231    17.3
19360101 19360131     0.0
19360201 19360229    13.5
19360301 19360331     0.0
19360401 19360430     7.3
19360501 19360531     8.9
19360601 19360630    24.8
19360701 19360731    96.5
19360801 19360831    23.1
19360901 19360930     7.1
19361001 19361031    36.6
19361101 19361130    12.5
19361201 19361231    62.5
19370101 19370131    23.6
19370201 19370228    12.5
19370301 19370331     3.3
19370401 19370430    12.4
19370501 19370531    36.3
19370601 19370630    39.4
19370701 19370731    21.4
19370801 19370831    60.6
19370901 19370930    27.7
19371001 19371031    19.8
19371101 19371130    54.6
19371201 19371231    33.8
19380101 19380131     0.0
19380201 19380228   100.6
19380301 19380331     0.0
19380401 19380430    35.3
19380501 19380531    16.0
19380601 19380630    57.4
19380701 19380731    32.7
19380801 19380831    38.9
19380901 19380930     8.9
19381001 19381031    11.1
19381101 19381130     0.0
19381201 19381231    14.0
19390101 19390131    20.1
19390201 19390228    11.7
19390301 19390331    19.1
19390401 19390430     7.6
19390501 19390531    23.0
19390601 19390630    24.4
19390701 19390731    48.1
19390801 19390831    66.3
19390901 19390930     6.6
19391001 19391031     7.6
19391101 19391130    65.0
19391201 19391231     0.0
19400101 19400131    43.7
19400201 19400229     1.3
19400301 19400331    16.8
19400401 19400430    24.4
19400501 19400531    15.2
19400601 19400630     4.1
19400701 19400731    35.8
19400801 19400831     3.8
19400901 19400930     3.9
19401001 19401031     5.1
19401101 19401130    23.1
19401201 19401231     0.8
19410101 19410131    36.3
19410201 19410228     0.0
19410301 19410331    41.4
19410401 19410430     1.3
19410501 19410531     9.2
19410601 19410630    10.7
19410701 19410731    35.0
19410801 19410831    26.3
19410901 19410930    63.7
19411001 19411031    28.3
19411101 19411130    19.3
19411201 19411231     0.0
19420101 19420131     8.4
19420201 19420228     5.1
19420301 19420331     4.1
19420401 19420430    23.1
19420501 19420531    29.2
19420601 19420630    63.8
19420701 19420731    65.8
19420801 19420831    53.4
19420901 19420930    55.3
19421001 19421031    10.2
19421101 19421130    49.5
19421201 19421231    12.2
19430101 19430131    14.3
19430201 19430228    46.5
19430301 19430331     0.0
19430401 19430430     5.0
19430501 19430531     3.8
19430601 19430630    14.2
19430701 19430731    41.2
19430801 19430831    50.3
19430901 19430930    21.4
19431001 19431031    19.5
19431101 19431130     0.0
19431201 19431231     0.0
19440101 19440131     0.0
19440201 19440229     6.4
19440301 19440331     1.3
19440401 19440430    37.7
19440501 19440531    34.2
19440601 19440630    19.1
19440701 19440731    27.6
19440801 19440831    16.0
19440901 19440930    17.0
19441001 19441031    13.7
19441101 19441130    12.6
19441201 19441231    23.1
19450101 19450131    30.7
19450201 19450228     0.0
19450301 19450331     0.0
19450401 19450430     0.0
19450501 19450531    14.3
19450601 19450630    37.7
19450701 19450731    10.2
19450801 19450831    37.3
19450901 19450930    27.6
19451001 19451031    25.3
19451101 19451130    40.1
19451201 19451231    91.1
19460101 19460131    52.4
19460201 19460228    93.2
19460301 19460331    11.1
19460401 19460430    14.6
19460501 19460531    25.9
19460601 19460630    29.4
19460701 19460731    43.2
19460801 19460831    30.1
19460901 19460930    10.7
19461001 19461031     6.1
19461101 19461130    55.1
19461201 19461231    96.3
19470101 19470131    16.3
19470201 19470228     7.2
19470301 19470331    18.1
19470401 19470430    15.6
19470501 19470531    14.3
19470601 19470630    30.3
19470701 19470731    63.2
19470801 19470831    39.1
19470901 19470930    36.2
19471001 19471031    35.8
19471101 19471130     6.9
19471201 19471231     9.9
19480101 19480131     0.0
19480201 19480229     0.0
19480301 19480331     0.0
19480401 19480430    17.4
19480501 19480531    31.8
19480601 19480630    25.8
19480701 19480731    15.4
19480801 19480831    35.5
19480901 19480930     1.0
19481001 19481031    40.3
19481101 19481130    25.6
19481201 19481231    17.3
19490101 19490131     2.6
19490201 19490228    44.2
19490301 19490331     0.0
19490401 19490430     1.3
19490501 19490531    31.1
19490601 19490630    15.2
19490701 19490731    37.1
19490801 19490831    18.5
19490901 19490930    46.5
19491001 19491031    90.0
19491101 19491130    61.0
19491201 19491231    16.0
19500101 19500131     1.3
19500201 19500228    26.7
19500301 19500331     0.0
19500401 19500430    16.3
19500501 19500531    30.6
19500601 19500630    23.2
19500701 19500731    32.5
19500801 19500831    50.5
19500901 19500930    34.0
19501001 19501031    40.6
19501101 19501130    18.0
19501201 19501231    78.2
19510101 19510131     2.3
19510201 19510228     0.0
19510301 19510331     6.1
19510401 19510430    13.2
19510501 19510531    78.6
19510601 19510630    77.2
19510701 19510731    92.3
19510801 19510831    63.6
19510901 19510930    33.8
19511001 19511031    29.5
19511101 19511130     3.3
19511201 19511231    27.8
19520101 19520131    10.4
19520201 19520229     1.0
19520301 19520331     6.8
19520401 19520430    49.5
19520501 19520531   105.0
19520601 19520630    18.5
19520701 19520731    23.6
19520801 19520831    22.6
19520901 19520930    45.1
19521001 19521031    31.6
19521101 19521130    36.8
19521201 19521231     9.4
19530101 19530131    28.7
19530201 19530228    17.0
19530301 19530331     6.8
19530401 19530430     7.6
19530501 19530531    11.5
19530601 19530630    57.1
19530701 19530731    31.3
19530801 19530831    45.7
19530901 19530930    27.9
19531001 19531031    33.6
19531101 19531130    11.9
19531201 19531231    54.2
19540101 19540131    13.5
19540201 19540228     0.0
19540301 19540331     0.0
19540401 19540430    33.4
19540501 19540531     6.5
19540601 19540630    34.2
19540701 19540731    30.8
19540801 19540831    12.5
19540901 19540930    22.8
19541001 19541031    33.7
19541101 19541130    16.2
19541201 19541231    22.6
19550101 19550131     0.0
19550201 19550228    24.6
19550301 19550331    31.0
19550401 19550430    24.7
19550501 19550531    42.1
19550601 19550630   113.3
19550701 19550731    30.9
19550801 19550831    62.8
19550901 19550930    19.3
19551001 19551031    21.8
19551101 19551130    37.3
19551201 19551231     8.3
19560101 19560131     4.6
19560201 19560229    29.7
19560301 19560331    22.1
19560401 19560430    86.4
19560501 19560531    79.9
19560601 19560630    94.1
19560701 19560731   137.3
19560801 19560831    48.4
19560901 19560930    75.3
19561001 19561031    72.6
19561101 19561130    12.9
19561201 19561231     6.9
19570101 19570131     0.0
19570201 19570228     0.0
19570301 19570331     5.1
19570401 19570430     3.3
19570501 19570531    14.1
19570601 19570630    43.0
19570701 19570731    46.8
19570801 19570831    38.4
19570901 19570930    18.4
19571001 19571031    12.2
19571101 19571130    13.5
19571201 19571231    17.6
19580101 19580131     5.3
19580201 19580228     0.0
19580301 19580331    47.8
19580401 19580430     9.7
19580501 19580531    60.3
19580601 19580630     2.1
19580701 19580731    32.3
19580801 19580831    66.0
19580901 19580930    61.3
19581001 19581031    51.6
19581101 19581130    18.3
19581201 19581231    43.4
19590101 19590131     0.0
19590201 19590228    15.7
19590301 19590331    35.3
19590401 19590430     2.9
19590501 19590531    15.8
19590601 19590630    11.5
19590701 19590731    25.3
19590801 19590831     6.2
19590901 19590930    21.4
19591001 19591031    10.1
19591101 19591130    62.7
19591201 19591231    22.1
19600101 19600131    24.1
19600201 19600229    52.4
19600301 19600331    14.5
19600401 19600430    62.3
19600501 19600531    59.9
19600601 19600630    32.3
19600701 19600731    47.7
19600801 19600831    34.3
19600901 19600930    57.7
19601001 19601031     5.4
19601101 19601130    34.5
19601201 19601231    18.9
19610101 19610131     0.0
19610201 19610228     9.7
19610301 19610331     2.3
19610401 19610430    70.7
19610501 19610531    13.0
19610601 19610630    18.2
19610701 19610731    21.7
19610801 19610831    51.7
19610901 19610930    14.2
19611001 19611031     1.5
19611101 19611130    26.3
19611201 19611231     3.3
19620101 19620131     9.9
19620201 19620228    20.5
19620301 19620331     5.9
19620401 19620430     0.0
19620501 19620531    86.8
19620601 19620630    19.6
19620701 19620731    27.4
19620801 19620831    35.0
19620901 19620930    27.7
19621001 19621031    31.2
19621101 19621130     5.6
19621201 19621231    26.9
19630101 19630131    14.7
19630201 19630228     2.3
19630301 19630331     6.9
19630401 19630430    54.4
19630501 19630531    55.0
19630601 19630630    48.1
19630701 19630731    36.3
19630801 19630831    29.0
19630901 19630930    12.1
19631001 19631031     3.0
19631101 19631130     2.3
19631201 19631231     0.0
19640101 19640131     4.3
19640201 19640229     6.1
19640301 19640331     0.5
19640401 19640430    30.4
19640501 19640531    24.3
19640601 19640630    31.0
19640701 19640731    68.4
19640801 19640831    20.8
19640901 19640930    72.4
19641001 19641031    23.7
19641101 19641130    41.6
19641201 19641231    10.4
19650101 19650131     0.0
19650201 19650228     0.0
19650301 19650331     3.5
19650401 19650430     3.3
19650501 19650531    50.9
19650601 19650630    33.3
19650701 19650731    28.4
19650801 19650831    75.5
19650901 19650930    29.5
19651001 19651031     2.3
19651101 19651130     8.1
19651201 19651231    53.4
19660101 19660131    11.6
19660201 19660228    79.3
19660301 19660331    29.0
19660401 19660430     5.9
19660501 19660531    47.2
19660601 19660630    66.3
19660701 19660731    44.8
19660801 19660831    40.1
19660901 19660930    76.1
19661001 19661031    36.1
19661101 19661130    27.5
19661201 19661231    67.5
19670101 19670131    31.8
19670201 19670228    21.1
19670301 19670331     1.0
19670401 19670430     1.3
19670501 19670531    20.8
19670601 19670630     9.0
19670701 19670731    66.7
19670801 19670831    29.9
19670901 19670930    36.0
19671001 19671031     1.8
19671101 19671130     0.5
19671201 19671231     1.3
19680101 19680131    18.3
19680201 19680229    68.6
19680301 19680331    41.1
19680401 19680430    38.8
19680501 19680531    59.3
19680601 19680630   119.3
19680701 19680731    56.3
19680801 19680831    68.4
19680901 19680930    28.9
19681001 19681031    39.8
19681101 19681130    24.2
19681201 19681231    16.3
19690101 19690131     6.9
19690201 19690228    60.6
19690301 19690331     7.6
19690401 19690430    25.4
19690501 19690531    52.9
19690601 19690630    36.9
19690701 19690731    50.5
19690801 19690831    32.9
19690901 19690930    56.6
19691001 19691031     3.8
19691101 19691130     5.1
19691201 19691231    13.1
19700101 19700131     5.1
19700201 19700228     0.8
19700301 19700331     1.1
19700401 19700430    12.4
19700501 19700531    34.7
19700601 19700630    39.8
19700701 19700731    24.5
19700801 19700831    59.0
19700901 19700930    58.7
19701001 19701031     1.5
19701101 19701130    14.8
19701201 19701231     8.6
19710101 19710131     0.0
19710201 19710228     0.8
19710301 19710331    45.3
19710401 19710430    56.5
19710501 19710531    41.6
19710601 19710630    39.2
19710701 19710731    38.6
19710801 19710831    42.0
19710901 19710930    33.7
19711001 19711031     4.8
19711101 19711130    48.1
19711201 19711231    15.2
19720101 19720131    13.7
19720201 19720229    27.8
19720301 19720331     0.0
19720401 19720430    15.9
19720501 19720531     8.3
19720601 19720630    15.3
19720701 19720731    65.1
19720801 19720831    87.9
19720901 19720930    17.3
19721001 19721031     9.7
19721101 19721130     9.1
19721201 19721231     2.8
19730101 19730131     3.0
19730201 19730228    26.5
19730301 19730331    30.2
19730401 19730430    31.7
19730501 19730531    39.2
19730601 19730630    52.2
19730701 19730731    55.8
19730801 19730831    58.1
19730901 19730930    35.1
19731001 19731031    44.9
19731101 19731130    16.0
19731201 19731231    20.0
19740101 19740131    33.4
19740201 19740228    54.6
19740301 19740331     8.0
19740401 19740430    38.8
19740501 19740531   102.0
19740601 19740630    26.0
19740701 19740731    71.2
19740801 19740831    25.4
19740901 19740930    48.4
19741001 19741031    86.6
19741101 19741130    10.6
19741201 19741231     6.8
19750101 19750131     4.6
19750201 19750228    43.6
19750301 19750331     8.2
19750401 19750430     8.6
19750501 19750531    35.3
19750601 19750630    11.0
19750701 19750731    26.2
19750801 19750831    29.2
19750901 19750930    50.2
19751001 19751031    78.4
19751101 19751130    19.6
19751201 19751231    20.6
19760101 19760131     4.4
19760201 19760229    49.0
19760301 19760331     2.8
19760401 19760430     5.0
19760501 19760531    21.2
19760601 19760630    31.6
19760701 19760731     9.0
19760801 19760831     8.0
19760901 19760930    17.8
19761001 19761031    48.8
19761101 19761130    15.6
19761201 19761231     7.0
19770101 19770131    21.0
19770201 19770228     7.6
19770301 19770331     7.2
19770401 19770430     4.4
19770501 19770531    48.0
19770601 19770630    23.0
19770701 19770731    23.6
19770801 19770831    23.2
19770901 19770930    34.0
19771001 19771031    21.6
19771101 19771130    81.2
19771201 19771231    23.6
19780101 19780131    19.4
19780201 19780228     1.0
19780301 19780331     2.0
19780401 19780430     9.6
19780501 19780531    31.4
19780601 19780630    78.0
19780701 19780731    58.2
19780801 19780831    67.6
19780901 19780930   106.8
19781001 19781031    16.2
19781101 19781130    22.4
19781201 19781231     7.2
19790101 19790131     2.0
19790201 19790228     1.2
19790301 19790331     5.2
19790401 19790430    14.6
19790501 19790531    73.4
19790601 19790630     5.4
19790701 19790731    54.8
19790801 19790831    47.2
19790901 19790930   117.0
19791001 19791031    19.2
19791101 19791130    54.2
19791201 19791231    16.4
19800101 19800131     2.2
19800201 19800229     1.0
19800301 19800331     1.4
19800401 19800430    26.0
19800501 19800531    47.6
19800601 19800630    43.8
19800701 19800731    51.8
19800801 19800831     6.6
19800901 19800930    10.6
19801001 19801031    49.2
19801101 19801130    27.0
19801201 19801231     8.0
19810101 19810131    28.6
19810201 19810228    14.8
19810301 19810331    41.4
19810401 19810430     0.2
19810501 19810531    38.6
19810601 19810630   109.6
19810701 19810731    27.8
19810801 19810831    64.2
19810901 19810930     5.4
19811001 19811031    11.8
19811101 19811130    15.8
19811201 19811231     4.6
19820101 19820131     9.0
19820201 19820228     4.6
19820301 19820331    49.0
19820401 19820430    14.6
19820501 19820531    20.2
19820601 19820630    44.4
19820701 19820731    11.2
19820801 19820831    10.0
19820901 19820930    16.6
19821001 19821031     9.0
19821101 19821130     0.0
19821201 19821231    39.2
19830101 19830131     1.8
19830201 19830228     9.0
19830301 19830331    40.2
19830401 19830430    97.8
19830501 19830531    39.6
19830601 19830630    10.6
19830701 19830731    67.8
19830801 19830831    31.2
19830901 19830930    23.6
19831001 19831031    14.4
19831101 19831130     7.2
19831201 19831231    17.6
19840101 19840131     1.6
19840201 19840229     0.0
19840301 19840331    17.6
19840401 19840430    25.4
19840501 19840531    27.4
19840601 19840630    10.0
19840701 19840731    54.4
19840801 19840831    70.2
19840901 19840930    37.4
19841001 19841031    28.6
19841101 19841130     9.2
19841201 19841231    12.0
19850101 19850131     1.4
19850201 19850228     0.0
19850301 19850331    26.6
19850401 19850430    45.4
19850501 19850531    10.8
19850601 19850630    24.0
19850701 19850731    23.4
19850801 19850831    95.4
19850901 19850930    15.2
19851001 19851031    35.4
19851101 19851130     7.0
19851201 19851231    25.4
19860101 19860131     3.0
19860201 19860228     5.8
19860301 19860331     0.0
19860401 19860430    12.8
19860501 19860531    25.2
19860601 19860630    28.6
19860701 19860731    46.2
19860801 19860831    41.4
19860901 19860930    33.0
19861001 19861031    42.4
19861101 19861130     9.4
19861201 19861231    43.4
19870101 19870131    27.2
19870201 19870228    25.6
19870301 19870331     1.0
19870401 19870430     6.6
19870501 19870531    34.8
19870601 19870630    24.0
19870701 19870731    41.0
19870801 19870831    25.4
19870901 19870930    19.8
19871001 19871031    12.8
19871101 19871130     7.6
19871201 19871231    14.0
19880101 19880131    10.4
19880201 19880229     2.8
19880301 19880331     8.4
19880401 19880430     1.8
19880501 19880531    21.6
19880601 19880630    21.6
19880701 19880731    31.6
19880801 19880831    12.0
19880901 19880930    23.4
19881001 19881031     8.2
19881101 19881130    30.4
19881201 19881231     4.8
19890101 19890131     1.6
19890201 19890228     0.0
19890301 19890331    18.8
19890401 19890430    17.2
19890501 19890531    55.0
19890601 19890630    77.4
19890701 19890731    75.4
19890801 19890831    32.4
19890901 19890930    25.6
19891001 19891031    12.2
19891101 19891130    24.8
19891201 19891231    20.4
19900101 19900131    18.2
19900201 19900228    13.8
19900301 19900331     3.0
19900401 19900430     6.6
19900501 19900531    20.0
19900601 19900630    36.2
19900701 19900731    65.2
19900801 19900831    37.4
19900901 19900930    32.2
19901001 19901031    26.6
19901101 19901130     1.8
19901201 19901231    60.8
19910101 19910131     6.8
19910201 19910228     0.0
19910301 19910331     4.6
19910401 19910430    21.8
19910501 19910531    15.0
19910601 19910630    84.2
19910701 19910731    31.0
19910801 19910831    33.0
19910901 19910930    43.4
19911001 19911031     1.8
19911101 19911130    45.2
19911201 19911231     0.0
19920101 19920131     1.6
19920201 19920229     9.0
19920301 19920331    54.4
19920401 19920430    31.2
19920501 19920531    54.4
19920601 19920630    17.8
19920701 19920731    24.0
19920801 19920831    56.6
19920901 19920930    88.6
19921001 19921031    74.8
19921101 19921130    49.2
19921201 19921231   140.2
19930101 19930131   133.8
19930201 19930228     2.8
19930301 19930331    10.8
19930401 19930430     0.0
19930501 19930531    25.4
19930601 19930630    21.0
19930701 19930731    26.0
19930801 19930831    34.8
19930901 19930930    37.8
19931001 19931031    49.4
19931101 19931130     9.8
19931201 19931231    27.4
19940101 19940131     0.0
19940201 19940228     9.2
19940301 19940331     0.0
19940401 19940430     0.2
19940501 19940531    11.0
19940601 19940630    37.4
19940701 19940731    36.8
19940801 19940831    21.0
19940901 19940930    11.6
19941001 19941031    16.2
19941101 19941130     9.6
19941201 19941231     4.4
19950101 19950131    29.0
19950201 19950228     3.0
19950301 19950331     6.4
19950401 19950430    16.6
19950501 19950531    31.0
19950601 19950630    50.6
19950701 19950731    60.4
19950801 19950831    12.8
19950901 19950930    29.4
19951001 19951031    14.8
19951101 19951130    16.0
19951201 19951231     4.2
19960101 19960131     2.0
19960201 19960229     6.0
19960301 19960331     4.2
19960401 19960430     8.4
19960501 19960531     3.6
19960601 19960630    42.2
19960701 19960731    59.0
19960801 19960831    60.2
19960901 19960930    73.0
19961001 19961031    18.4
19961101 19961130    12.6
19961201 19961231    13.6
19970101 19970131     7.0
19970201 19970228    22.2
19970301 19970331     0.4
19970401 19970430     0.0
19970501 19970531    34.8
19970601 19970630    17.1
19970701 19970731     7.0
19970801 19970831    57.2
19970901 19970930    58.4
19971001 19971031    44.6
19971101 19971130    36.6
19971201 19971231    38.2
19980101 19980131    12.4
19980201 19980228    16.5
19980301 19980331    13.8
19980401 19980430    47.8
19980501 19980531     5.0
19980601 19980630    51.2
19980701 19980731    70.0
19980801 19980831    48.2
19980901 19980930    18.6
19981001 19981031    10.6
19981101 19981130    19.5
19981201 19981231     5.2
19990101 19990131    19.2
19990201 19990228     3.6
19990301 19990331    36.0
19990401 19990430     4.4
19990501 19990531    23.2
19990601 19990630    36.2
19990701 19990731    15.2
19990801 19990831    27.8
19990901 19990930    36.4
19991001 19991031    59.4
19991101 19991130    30.1
19991201 19991231     9.1
20000101 20000131     6.4
20000201 20000229    13.3
20000301 20000331    19.6
20000401 20000430    41.8
20000501 20000531    24.0
20000601 20000630    46.6
20000701 20000731    48.2
20000801 20000831    92.2
20000901 20000930    26.8
20001001 20001031    63.0
20001101 20001130    69.4
20001201 20001231    15.4
20010101 20010131     8.4
20010201 20010228    25.4
20010301 20010331     8.4
20010401 20010430     2.8
20010501 20010531    41.4
20010601 20010630    50.4
20010701 20010731    55.0
20010801 20010831    56.4
20010901 20010930    88.4
20011001 20011031    24.6
20011101 20011130    23.4
20011201 20011231    27.2
20020101 20020131    14.4
20020201 20020228     0.0
20020301 20020331     1.8
20020401 20020430     5.4
20020501 20020531    48.8
20020601 20020630    55.0
20020701 20020731    50.0
20020801 20020831    22.6
20020901 20020930     9.2
20021001 20021031    15.0
20021101 20021130    13.4
20021201 20021231    14.8
20030101 20030131    14.4
20030201 20030228    54.4
20030301 20030331     0.6
20030401 20030430     9.4
20030501 20030531    27.4
20030601 20030630    32.0
20030701 20030731    45.0
20030801 20030831    60.2
20030901 20030930    13.0
20031001 20031031    31.0
20031101 20031130    13.4
20031201 20031231    13.2
20040101 20040131     5.8
20040201 20040229     6.4
20040301 20040331     6.0
20040401 20040430    17.0
20040501 20040531    11.4
20040601 20040630    35.0
20040701 20040731    49.6
20040801 20040831    61.4
20040901 20040930    25.4
20041001 20041031     2.8
20041101 20041130    17.2
20041201 20041231    22.8
20050101 20050131     4.6
20050201 20050228     3.6
20050301 20050331     3.2
20050401 20050430     6.4
20050501 20050531    13.4
20050601 20050630   112.4
20050701 20050731    30.8
20050801 20050831    32.0
20050901 20050930    64.0
20051001 20051031    56.3
20051101 20051130    19.2
20051201 20051231    17.2
20060101 20060131    14.4
20060201 20060228     6.0
20060301 20060331    30.6
20060401 20060430    21.6
20060501 20060531    10.8
20060601 20060630    18.4
20060701 20060731    41.6
20060801 20060831     3.4
20060901 20060930     2.0
20061001 20061031     0.0
20061101 20061130    22.8
20061201 20061231    57.0
20070101 20070131    22.2
20070201 20070228     0.0
20070301 20070331    43.4
20070401 20070430    45.6
20070501 20070531    17.0
20070601 20070630    13.8
20070701 20070731    27.0
20070801 20070831    10.6
20070901 20070930     6.8
20071001 20071031     1.4
20071101 20071130    18.8
20071201 20071231    54.1
20080101 20080131     0.4
20080201 20080229     9.8
20080301 20080331     0.2
20080401 20080430    21.3
20080501 20080531    20.1
20080601 20080630    13.4
20080701 20080731    34.2
20080801 20080831    39.4
20080901 20080930     3.4
20081001 20081031     3.6
20081101 20081130    26.2
20081201 20081231    64.4
20090101 20090131     0.0
20090201 20090228     1.4
20090301 20090331    47.0
20090401 20090430    24.6
20090501 20090531    17.4
20090601 20090630    77.6
20090701 20090731    70.2
20090801 20090831    31.2
20090901 20090930    59.4
20091001 20091031    12.6
20091101 20091130    17.2
20091201 20091231     6.8
20100101 20100131    10.4
20100201 20100228     0.8
20100301 20100331    31.6
20100401 20100430     3.8
20100501 20100531    66.6
20100601 20100630    28.8
20100701 20100731    25.2
20100801 20100831    36.2
20100901 20100930    71.4
20101001 20101031    19.4
20101101 20101130    12.0
20101201 20101231    24.4
20110101 20110131     0.2
20110201 20110228    68.0
20110301 20110331    56.0
20110401 20110430    14.4
20110501 20110531    33.4
20110601 20110630    24.8
20110701 20110731    45.2
20110801 20110831    44.0
20110901 20110930    35.6
20111001 20111031    49.0
20111101 20111130     8.4
20111201 20111231    19.2
20120101 20120131    37.4
20120201 20120229    27.2
20120301 20120331    28.2
20120401 20120430    20.4
20120501 20120531    32.2
20120601 20120630    59.8
20120701 20120731    27.0
20120801 20120831    24.6
20120901 20120930    13.0
20121001 20121031     6.4
20121101 20121130 99999.9
20121201 20121231     3.8
20130101 20130131     1.8
20130201 20130228    29.0
20130301 20130331    31.2
20130401 20130430    29.2
20130501 20130531    25.0
20130601 20130630    67.6
20130701 20130731    61.6
20130801 20130831    59.0
20130901 20130930    26.2
20131001 20131031     7.4
20131101 20131130    16.4
20131201 20131231    21.4
20140101 20140131    25.6
20140201 20140228    81.8
20140301 20140331     0.8
20140401 20140430    44.8
20140501 20140531    49.2
20140601 20140630    65.4
20140701 20140731    62.6
20140801 20140831     4.8
20140901 20140930    13.8
20141001 20141031     4.2
20141101 20141130    10.8
20141201 20141231     7.2
20150101 20150131    25.0
20150201 20150228     3.4
20150301 20150331     0.8
20150401 20150430    50.6
20150501 20150531    20.4
20150601 20150630    53.2
20150701 20150731    27.6
20150801 20150831    66.8
20150901 20150930    28.8
20151001 20151031     4.4
20151101 20151130    52.6
20151201 20151231    10.0
20160101 20160131    19.2
20160201 20160229    27.4
20160301 20160331    46.6
20160401 20160430    11.4
20160501 20160531    40.0
20160601 20160630    63.8
20160701 20160731    58.4
20160801 20160831    37.6
20160901 20160930    54.4
20161001 20161031    23.6
20161101 20161130     5.6
20161201 20161231    62.8
20170101 20170131    51.4
20170201 20170228    35.2
20170301 20170331     0.0
20170401 20170430    15.4
20170501 20170531    13.4
20170601 20170630     4.4
20170701 20170731    37.8
20170801 20170831    53.4
20170901 20170930    16.6
