PRCP       022801 18731101 20070731 missing_value=99999.9 CAPE BORDA                                
18731101 18731130    13.2
18731201 18731231     3.4
18740101 18740131    16.5
18740201 18740228     1.8
18740301 18740331    17.3
18740401 18740430     7.5
18740501 18740531    77.5
18740601 18740630    71.6
18740701 18740731   113.7
18740801 18740831    74.7
18740901 18740930    82.3
18741001 18741031    13.6
18741101 18741130     8.0
18741201 18741231    25.3
18750101 18750131    11.0
18750201 18750228    14.7
18750301 18750331    27.4
18750401 18750430    88.5
18750501 18750531   100.6
18750601 18750630   202.5
18750701 18750731    65.2
18750801 18750831    80.4
18750901 18750930    32.0
18751001 18751031    15.1
18751101 18751130    13.4
18751201 18751231    64.2
18760101 18760131     4.8
18760201 18760229    18.0
18760301 18760331    27.5
18760401 18760430    57.6
18760501 18760531    41.8
18760601 18760630    79.2
18760701 18760731    98.4
18760801 18760831    34.7
18760901 18760930    20.2
18761001 18761031    28.5
18761101 18761130    14.5
18761201 18761231     4.6
18770101 18770131     2.0
18770201 18770228    25.5
18770301 18770331   122.9
18770401 18770430    22.0
18770501 18770531   130.5
18770601 18770630    43.7
18770701 18770731    38.2
18770801 18770831    46.5
18770901 18770930    41.3
18771001 18771031    11.1
18771101 18771130     1.1
18771201 18771231     4.6
18780101 18780131     0.0
18780201 18780228    10.2
18780301 18780331    16.2
18780401 18780430    25.6
18780501 18780531    51.1
18780601 18780630   113.7
18780701 18780731   119.1
18780801 18780831    66.6
18780901 18780930    50.3
18781001 18781031    15.0
18781101 18781130    19.3
18781201 18781231     3.7
18790101 18790131     5.1
18790201 18790228     9.7
18790301 18790331    42.8
18790401 18790430    57.9
18790501 18790531    99.5
18790601 18790630    76.7
18790701 18790731   103.9
18790801 18790831   115.3
18790901 18790930    85.9
18791001 18791031    42.3
18791101 18791130    22.4
18791201 18791231    25.2
18800101 18800131     6.1
18800201 18800229     9.4
18800301 18800331    42.7
18800401 18800430    74.0
18800501 18800531   104.9
18800601 18800630   140.7
18800701 18800731    93.1
18800801 18800831    98.2
18800901 18800930    74.7
18801001 18801031    42.6
18801101 18801130    24.3
18801201 18801231     2.1
18810101 18810131    42.7
18810201 18810228    11.4
18810301 18810331     5.7
18810401 18810430    25.0
18810501 18810531    87.8
18810601 18810630   166.2
18810701 18810731    87.8
18810801 18810831    57.2
18810901 18810930    35.9
18811001 18811031    24.8
18811101 18811130    13.0
18811201 18811231    16.6
18820101 18820131    28.9
18820201 18820228     0.5
18820301 18820331     8.3
18820401 18820430    52.6
18820501 18820531   112.3
18820601 18820630    79.7
18820701 18820731   101.4
18820801 18820831   100.8
18820901 18820930    33.1
18821001 18821031    67.2
18821101 18821130    34.2
18821201 18821231     8.8
18830101 18830131     5.1
18830201 18830228    22.4
18830301 18830331    31.2
18830401 18830430    74.7
18830501 18830531   117.5
18830601 18830630   127.1
18830701 18830731    60.6
18830801 18830831    89.3
18830901 18830930    47.3
18831001 18831031    48.0
18831101 18831130    22.4
18831201 18831231    25.9
18840101 18840131    34.9
18840201 18840229     3.6
18840301 18840331    10.8
18840401 18840430    75.4
18840501 18840531    59.5
18840601 18840630   158.8
18840701 18840731    52.8
18840801 18840831    49.1
18840901 18840930    72.0
18841001 18841031    29.8
18841101 18841130    13.0
18841201 18841231    25.1
18850101 18850131    15.6
18850201 18850228    31.4
18850301 18850331    28.7
18850401 18850430    48.6
18850501 18850531    85.9
18850601 18850630   138.2
18850701 18850731   114.2
18850801 18850831    73.9
18850901 18850930    23.9
18851001 18851031    40.9
18851101 18851130     2.1
18851201 18851231    15.5
18860101 18860131    14.3
18860201 18860228     6.9
18860301 18860331     6.3
18860401 18860430    49.0
18860501 18860531    58.4
18860601 18860630    38.2
18860701 18860731   108.2
18860801 18860831   198.9
18860901 18860930    69.0
18861001 18861031    46.7
18861101 18861130    12.0
18861201 18861231     8.9
18870101 18870131    10.2
18870201 18870228    21.4
18870301 18870331    11.9
18870401 18870430    25.5
18870501 18870531    80.4
18870601 18870630   198.2
18870701 18870731    83.2
18870801 18870831    73.3
18870901 18870930    55.2
18871001 18871031    39.4
18871101 18871130   103.5
18871201 18871231    21.0
18880101 18880131    19.5
18880201 18880229     3.0
18880301 18880331    25.1
18880401 18880430     4.6
18880501 18880531   101.2
18880601 18880630    90.0
18880701 18880731   149.0
18880801 18880831    85.0
18880901 18880930    37.8
18881001 18881031     9.6
18881101 18881130    19.3
18881201 18881231     4.7
18890101 18890131    12.0
18890201 18890228     1.9
18890301 18890331    46.9
18890401 18890430   129.9
18890501 18890531   129.7
18890601 18890630   185.8
18890701 18890731    73.1
18890801 18890831   184.0
18890901 18890930    73.0
18891001 18891031    33.5
18891101 18891130    40.3
18891201 18891231     6.4
18900101 18900131    38.9
18900201 18900228     3.6
18900301 18900331     1.1
18900401 18900430    13.2
18900501 18900531    49.4
18900601 18900630   181.8
18900701 18900731   168.9
18900801 18900831   163.5
18900901 18900930    50.8
18901001 18901031    79.6
18901101 18901130    47.0
18901201 18901231    13.7
18910101 18910131     4.7
18910201 18910228     1.1
18910301 18910331     9.7
18910401 18910430    30.1
18910501 18910531    39.9
18910601 18910630    56.7
18910701 18910731   118.6
18910801 18910831    52.0
18910901 18910930    38.3
18911001 18911031    35.1
18911101 18911130    15.6
18911201 18911231    70.4
18920101 18920131    11.7
18920201 18920229     1.1
18920301 18920331    24.3
18920401 18920430    42.7
18920501 18920531    74.5
18920601 18920630   118.2
18920701 18920731    86.4
18920801 18920831   142.9
18920901 18920930    79.7
18921001 18921031    69.5
18921101 18921130    16.9
18921201 18921231    34.1
18930101 18930131     8.9
18930201 18930228     0.8
18930301 18930331    10.7
18930401 18930430    82.7
18930501 18930531   259.6
18930601 18930630   159.5
18930701 18930731   106.1
18930801 18930831    66.6
18930901 18930930    80.3
18931001 18931031    30.4
18931101 18931130    30.0
18931201 18931231    13.5
18940101 18940131    11.6
18940201 18940228     0.6
18940301 18940331    21.1
18940401 18940430    71.6
18940501 18940531    69.5
18940601 18940630   124.8
18940701 18940731   131.3
18940801 18940831    94.0
18940901 18940930    37.0
18941001 18941031    68.6
18941101 18941130     4.6
18941201 18941231    17.4
18950101 18950131    15.3
18950201 18950228     2.1
18950301 18950331    41.8
18950401 18950430    88.0
18950501 18950531    26.2
18950601 18950630    97.7
18950701 18950731   180.4
18950801 18950831    80.5
18950901 18950930    38.1
18951001 18951031    18.3
18951101 18951130     1.4
18951201 18951231     6.5
18960101 18960131    90.3
18960201 18960229    35.8
18960301 18960331    11.8
18960401 18960430    96.0
18960501 18960531    88.5
18960601 18960630    75.3
18960701 18960731    95.3
18960801 18960831    67.4
18960901 18960930    23.1
18961001 18961031     5.5
18961101 18961130     8.7
18961201 18961231     6.9
18970101 18970131     4.9
18970201 18970228    15.6
18970301 18970331    15.5
18970401 18970430    33.0
18970501 18970531    65.1
18970601 18970630    88.7
18970701 18970731    99.7
18970801 18970831    99.8
18970901 18970930    40.5
18971001 18971031    39.6
18971101 18971130    11.3
18971201 18971231     0.8
18980101 18980131     1.1
18980201 18980228     6.4
18980301 18980331    14.4
18980401 18980430    73.4
18980501 18980531    71.2
18980601 18980630   169.9
18980701 18980731   115.3
18980801 18980831    37.3
18980901 18980930    22.2
18981001 18981031    44.7
18981101 18981130    24.0
18981201 18981231    12.0
18990101 18990131    24.5
18990201 18990228    34.0
18990301 18990331    17.4
18990401 18990430    40.4
18990501 18990531    81.3
18990601 18990630    96.3
18990701 18990731    63.0
18990801 18990831    60.5
18990901 18990930    47.9
18991001 18991031    38.9
18991101 18991130    47.9
18991201 18991231    19.3
19000101 19000131    24.9
19000201 19000228     0.5
19000301 19000331    26.2
19000401 19000430    82.2
19000501 19000531    83.4
19000601 19000630   153.8
19000701 19000731    93.1
19000801 19000831   139.5
19000901 19000930    44.1
19001001 19001031    17.8
19001101 19001130     7.4
19001201 19001231     9.3
19010101 19010131    23.5
19010201 19010228     7.1
19010301 19010331    15.9
19010401 19010430    60.9
19010501 19010531    42.1
19010601 19010630   127.1
19010701 19010731    73.5
19010801 19010831    51.0
19010901 19010930    49.6
19011001 19011031    48.3
19011101 19011130    17.6
19011201 19011231    25.7
19020101 19020131     8.9
19020201 19020228    11.8
19020301 19020331    20.6
19020401 19020430     7.0
19020501 19020531    35.9
19020601 19020630   201.7
19020701 19020731    59.6
19020801 19020831    46.3
19020901 19020930    53.8
19021001 19021031    72.5
19021101 19021130    29.1
19021201 19021231    46.8
19030101 19030131    24.3
19030201 19030228    34.8
19030301 19030331    21.8
19030401 19030430    75.8
19030501 19030531    40.9
19030601 19030630   113.4
19030701 19030731   117.1
19030801 19030831   101.9
19030901 19030930    51.3
19031001 19031031    27.6
19031101 19031130    17.0
19031201 19031231    14.0
19040101 19040131    47.8
19040201 19040229    14.3
19040301 19040331    10.4
19040401 19040430    34.6
19040501 19040531    89.1
19040601 19040630   131.0
19040701 19040731    88.2
19040801 19040831    81.9
19040901 19040930    27.7
19041001 19041031    38.3
19041101 19041130    17.2
19041201 19041231     0.5
19050101 19050131    14.5
19050201 19050228    10.8
19050301 19050331    24.6
19050401 19050430    44.3
19050501 19050531   131.3
19050601 19050630   130.8
19050701 19050731   119.8
19050801 19050831    83.1
19050901 19050930    80.4
19051001 19051031    70.9
19051101 19051130    11.3
19051201 19051231     2.7
19060101 19060131    13.7
19060201 19060228     0.0
19060301 19060331    28.3
19060401 19060430    28.2
19060501 19060531    75.3
19060601 19060630   165.8
19060701 19060731   157.6
19060801 19060831    88.2
19060901 19060930    73.7
19061001 19061031    40.4
19061101 19061130    74.3
19061201 19061231     9.5
19070101 19070131     8.6
19070201 19070228     2.0
19070301 19070331    20.3
19070401 19070430    79.7
19070501 19070531    49.4
19070601 19070630    67.8
19070701 19070731   131.7
19070801 19070831   128.7
19070901 19070930    17.7
19071001 19071031    42.5
19071101 19071130    22.7
19071201 19071231    18.8
19080101 19080131     7.5
19080201 19080229    11.4
19080301 19080331    27.8
19080401 19080430    10.0
19080501 19080531   108.4
19080601 19080630   149.4
19080701 19080731    84.5
19080801 19080831    70.2
19080901 19080930    66.4
19081001 19081031    15.2
19081101 19081130     7.0
19081201 19081231    21.9
19090101 19090131    13.1
19090201 19090228    20.0
19090301 19090331    31.4
19090401 19090430   100.3
19090501 19090531    62.7
19090601 19090630   133.0
19090701 19090731   168.2
19090801 19090831   124.7
19090901 19090930    47.2
19091001 19091031    35.7
19091101 19091130    47.6
19091201 19091231    11.3
19100101 19100131     5.5
19100201 19100228     0.8
19100301 19100331    74.7
19100401 19100430    25.7
19100501 19100531   125.5
19100601 19100630   114.3
19100701 19100731   232.5
19100801 19100831    72.1
19100901 19100930    70.6
19101001 19101031    64.1
19101101 19101130    93.0
19101201 19101231    35.8
19110101 19110131     4.8
19110201 19110228    46.0
19110301 19110331    10.2
19110401 19110430    22.4
19110501 19110531    98.8
19110601 19110630   106.7
19110701 19110731    99.2
19110801 19110831    66.2
19110901 19110930    53.0
19111001 19111031    47.5
19111101 19111130     4.9
19111201 19111231    39.0
19120101 19120131     2.1
19120201 19120229    17.3
19120301 19120331    59.9
19120401 19120430    29.5
19120501 19120531    22.5
19120601 19120630    88.6
19120701 19120731   126.9
19120801 19120831    50.6
19120901 19120930    95.9
19121001 19121031    15.6
19121101 19121130    42.1
19121201 19121231    46.0
19130101 19130131    31.8
19130201 19130228    31.7
19130301 19130331    29.1
19130401 19130430    14.7
19130501 19130531    36.0
19130601 19130630    40.4
19130701 19130731    64.1
19130801 19130831    82.1
19130901 19130930    55.6
19131001 19131031    18.5
19131101 19131130    37.0
19131201 19131231    29.2
19140101 19140131     6.6
19140201 19140228     2.3
19140301 19140331    20.3
19140401 19140430   107.7
19140501 19140531    88.5
19140601 19140630    40.3
19140701 19140731    55.7
19140801 19140831    13.0
19140901 19140930    22.2
19141001 19141031    15.5
19141101 19141130    21.6
19141201 19141231    28.2
19150101 19150131     8.1
19150201 19150228     4.6
19150301 19150331    18.9
19150401 19150430    36.5
19150501 19150531    54.9
19150601 19150630   127.1
19150701 19150731   132.0
19150801 19150831   108.9
19150901 19150930   118.9
19151001 19151031    17.3
19151101 19151130    12.9
19151201 19151231     0.0
19160101 19160131     6.4
19160201 19160229     5.1
19160301 19160331    11.9
19160401 19160430    55.2
19160501 19160531    66.4
19160601 19160630   216.5
19160701 19160731   140.5
19160801 19160831    86.6
19160901 19160930    21.9
19161001 19161031    47.8
19161101 19161130    58.2
19161201 19161231    29.7
19170101 19170131     7.9
19170201 19170228    38.3
19170301 19170331    29.2
19170401 19170430    17.9
19170501 19170531   102.0
19170601 19170630   113.4
19170701 19170731   139.5
19170801 19170831   112.2
19170901 19170930   100.8
19171001 19171031    83.6
19171101 19171130    17.3
19171201 19171231    34.4
19180101 19180131     3.1
19180201 19180228     0.0
19180301 19180331    16.9
19180401 19180430    16.3
19180501 19180531    80.9
19180601 19180630   117.7
19180701 19180731    98.1
19180801 19180831   146.6
19180901 19180930    30.5
19181001 19181031    43.9
19181101 19181130     8.2
19181201 19181231    29.3
19190101 19190131    18.5
19190201 19190228    22.3
19190301 19190331     4.9
19190401 19190430    12.2
19190501 19190531    79.2
19190601 19190630    67.4
19190701 19190731    90.7
19190801 19190831    51.1
19190901 19190930    73.4
19191001 19191031    52.0
19191101 19191130     3.9
19191201 19191231    25.0
19200101 19200131     0.0
19200201 19200229     3.7
19200301 19200331    12.5
19200401 19200430    19.9
19200501 19200531    85.5
19200601 19200630   273.8
19200701 19200731   151.6
19200801 19200831   120.6
19200901 19200930    48.1
19201001 19201031    39.4
19201101 19201130    62.1
19201201 19201231    23.3
19210101 19210131     6.9
19210201 19210228     0.8
19210301 19210331    15.5
19210401 19210430    26.5
19210501 19210531   122.6
19210601 19210630   127.7
19210701 19210731   100.8
19210801 19210831   142.1
19210901 19210930   111.7
19211001 19211031    52.6
19211101 19211130    31.1
19211201 19211231    10.7
19220101 19220131    24.1
19220201 19220228     2.5
19220301 19220331    16.8
19220401 19220430    56.4
19220501 19220531    86.4
19220601 19220630    90.4
19220701 19220731   121.4
19220801 19220831   104.8
19220901 19220930    28.8
19221001 19221031    50.2
19221101 19221130     2.8
19221201 19221231    28.4
19230101 19230131    12.6
19230201 19230228     5.1
19230301 19230331     0.8
19230401 19230430     1.5
19230501 19230531   166.4
19230601 19230630   124.4
19230701 19230731   109.0
19230801 19230831    91.7
19230901 19230930    70.5
19231001 19231031    48.8
19231101 19231130     6.5
19231201 19231231    69.2
19240101 19240131    10.8
19240201 19240229    36.5
19240301 19240331    24.4
19240401 19240430    33.8
19240501 19240531    88.2
19240601 19240630    99.3
19240701 19240731    36.8
19240801 19240831    49.2
19240901 19240930    81.0
19241001 19241031    60.4
19241101 19241130    29.0
19241201 19241231     4.1
19250101 19250131     7.2
19250201 19250228    20.8
19250301 19250331     4.3
19250401 19250430    64.3
19250501 19250531   118.6
19250601 19250630    46.6
19250701 19250731   100.6
19250801 19250831    44.6
19250901 19250930    77.3
19251001 19251031     9.5
19251101 19251130    20.7
19251201 19251231     0.8
19260101 19260131     1.5
19260201 19260228     7.6
19260301 19260331    15.2
19260401 19260430    54.9
19260501 19260531   115.2
19260601 19260630    73.0
19260701 19260731    89.8
19260801 19260831   102.5
19260901 19260930    44.9
19261001 19261031    48.7
19261101 19261130     9.7
19261201 19261231    22.5
19270101 19270131     8.7
19270201 19270228    72.1
19270301 19270331    31.0
19270401 19270430    11.3
19270501 19270531    55.3
19270601 19270630    57.7
19270701 19270731   122.0
19270801 19270831    90.4
19270901 19270930    22.4
19271001 19271031     9.6
19271101 19271130    29.8
19271201 19271231    40.7
19280101 19280131    22.9
19280201 19280229    53.6
19280301 19280331     9.4
19280401 19280430    35.5
19280501 19280531    31.7
19280601 19280630    92.6
19280701 19280731   103.1
19280801 19280831    24.4
19280901 19280930    36.7
19281001 19281031    74.1
19281101 19281130    10.6
19281201 19281231     8.7
19290101 19290131    19.6
19290201 19290228     0.6
19290301 19290331     9.2
19290401 19290430    23.7
19290501 19290531    38.2
19290601 19290630   137.7
19290701 19290731    87.0
19290801 19290831    75.4
19290901 19290930    36.2
19291001 19291031    69.5
19291101 19291130    28.0
19291201 19291231    19.5
19300101 19300131     0.0
19300201 19300228    75.7
19300301 19300331     7.2
19300401 19300430    34.8
19300501 19300531    36.5
19300601 19300630    26.0
19300701 19300731   162.1
19300801 19300831   184.2
19300901 19300930    91.5
19301001 19301031    19.9
19301101 19301130    15.2
19301201 19301231     3.1
19310101 19310131     8.0
19310201 19310228     6.4
19310301 19310331    27.5
19310401 19310430    20.1
19310501 19310531    99.8
19310601 19310630   204.3
19310701 19310731   119.9
19310801 19310831    75.5
19310901 19310930    71.2
19311001 19311031    22.3
19311101 19311130    59.1
19311201 19311231     5.0
19320101 19320131     0.8
19320201 19320229    65.8
19320301 19320331    52.6
19320401 19320430   106.4
19320501 19320531    35.4
19320601 19320630   106.5
19320701 19320731    99.1
19320801 19320831   108.1
19320901 19320930    50.5
19321001 19321031    50.0
19321101 19321130     7.0
19321201 19321231     5.7
19330101 19330131    27.6
19330201 19330228     1.6
19330301 19330331    11.8
19330401 19330430    33.6
19330501 19330531   108.9
19330601 19330630    73.3
19330701 19330731    94.1
19330801 19330831    76.2
19330901 19330930    70.4
19331001 19331031    30.9
19331101 19331130    19.3
19331201 19331231    20.3
19340101 19340131     8.6
19340201 19340228     2.8
19340301 19340331    19.1
19340401 19340430    54.2
19340501 19340531    12.4
19340601 19340630    71.0
19340701 19340731    86.6
19340801 19340831   126.5
19340901 19340930   100.1
19341001 19341031    61.3
19341101 19341130    45.5
19341201 19341231     7.7
19350101 19350131     9.5
19350201 19350228     5.7
19350301 19350331    50.6
19350401 19350430    51.9
19350501 19350531   101.0
19350601 19350630   144.6
19350701 19350731   134.4
19350801 19350831    88.8
19350901 19350930    66.8
19351001 19351031    38.4
19351101 19351130    27.0
19351201 19351231    20.7
19360101 19360131    27.7
19360201 19360229     5.1
19360301 19360331     8.2
19360401 19360430    50.9
19360501 19360531    57.1
19360601 19360630    68.6
19360701 19360731   119.4
19360801 19360831   100.7
19360901 19360930    19.5
19361001 19361031    74.1
19361101 19361130    11.5
19361201 19361231    34.4
19370101 19370131    22.6
19370201 19370228    21.8
19370301 19370331    14.5
19370401 19370430    40.2
19370501 19370531   140.8
19370601 19370630   101.6
19370701 19370731    78.3
19370801 19370831    87.6
19370901 19370930    96.6
19371001 19371031    25.7
19371101 19371130    38.2
19371201 19371231    77.1
19380101 19380131    12.6
19380201 19380228   107.4
19380301 19380331     3.9
19380401 19380430    64.1
19380501 19380531    56.7
19380601 19380630   112.9
19380701 19380731    68.7
19380801 19380831   115.1
19380901 19380930    23.7
19381001 19381031    20.1
19381101 19381130    11.4
19381201 19381231     4.4
19390101 19390131    52.8
19390201 19390228    23.6
19390301 19390331    26.4
19390401 19390430    55.6
19390501 19390531    54.2
19390601 19390630   191.4
19390701 19390731   116.6
19390801 19390831   162.1
19390901 19390930    17.6
19391001 19391031    63.0
19391101 19391130    33.0
19391201 19391231    12.6
19400101 19400131    29.8
19400201 19400229    10.8
19400301 19400331    17.5
19400401 19400430    58.7
19400501 19400531    48.6
19400601 19400630    72.6
19400701 19400731   129.2
19400801 19400831    51.9
19400901 19400930    33.3
19401001 19401031    31.9
19401101 19401130    31.2
19401201 19401231    11.4
19410101 19410131    24.4
19410201 19410228     7.4
19410301 19410331    39.6
19410401 19410430    38.3
19410501 19410531    32.7
19410601 19410630    71.3
19410701 19410731   136.4
19410801 19410831    64.2
19410901 19410930    85.3
19411001 19411031    18.5
19411101 19411130    19.0
19411201 19411231     9.5
19420101 19420131    13.4
19420201 19420228    42.9
19420301 19420331    15.9
19420401 19420430    26.8
19420501 19420531   147.7
19420601 19420630   211.3
19420701 19420731   105.6
19420801 19420831   106.7
19420901 19420930    91.6
19421001 19421031    14.6
19421101 19421130    16.0
19421201 19421231    21.8
19430101 19430131    14.2
19430201 19430228    37.6
19430301 19430331    13.5
19430401 19430430    50.6
19430501 19430531    53.8
19430601 19430630   123.9
19430701 19430731   175.3
19430801 19430831   102.7
19430901 19430930    51.8
19431001 19431031    40.3
19431101 19431130    28.9
19431201 19431231    19.6
19440101 19440131     4.2
19440201 19440229    16.3
19440301 19440331    24.2
19440401 19440430    74.3
19440501 19440531   157.8
19440601 19440630    23.5
19440701 19440731    82.1
19440801 19440831    21.8
19440901 19440930    39.8
19441001 19441031    83.3
19441101 19441130    57.2
19441201 19441231    31.0
19450101 19450131    10.2
19450201 19450228    49.4
19450301 19450331     7.6
19450401 19450430     4.4
19450501 19450531    59.2
19450601 19450630    94.2
19450701 19450731    45.4
19450801 19450831    74.2
19450901 19450930    65.0
19451001 19451031    28.2
19451101 19451130    46.2
19451201 19451231    38.3
19460101 19460131    73.0
19460201 19460228    76.4
19460301 19460331    37.8
19460401 19460430    41.8
19460501 19460531    67.2
19460601 19460630    77.3
19460701 19460731   125.8
19460801 19460831    50.1
19460901 19460930    26.6
19461001 19461031    28.7
19461101 19461130    20.1
19461201 19461231    32.0
19470101 19470131     5.2
19470201 19470228     0.0
19470301 19470331    72.8
19470401 19470430    61.4
19470501 19470531    50.4
19470601 19470630    89.5
19470701 19470731   144.3
19470801 19470831    60.6
19470901 19470930    76.0
19471001 19471031    97.1
19471101 19471130    49.6
19471201 19471231    38.6
19480101 19480131     7.9
19480201 19480229    46.9
19480301 19480331     9.8
19480401 19480430    71.0
19480501 19480531    68.5
19480601 19480630    67.8
19480701 19480731   108.5
19480801 19480831    82.6
19480901 19480930    40.9
19481001 19481031    67.1
19481101 19481130    33.0
19481201 19481231    12.6
19490101 19490131     8.0
19490201 19490228    38.0
19490301 19490331     3.6
19490401 19490430    22.8
19490501 19490531    71.7
19490601 19490630    87.6
19490701 19490731   101.1
19490801 19490831    48.8
19490901 19490930    42.2
19491001 19491031   119.9
19491101 19491130    85.5
19491201 19491231    10.0
19500101 19500131     6.0
19500201 19500228     3.0
19500301 19500331     4.2
19500401 19500430    15.5
19500501 19500531    65.9
19500601 19500630    82.4
19500701 19500731    78.9
19500801 19500831   113.8
19500901 19500930    51.2
19501001 19501031    94.8
19501101 19501130    35.7
19501201 19501231    17.0
19510101 19510131    29.7
19510201 19510228     6.6
19510301 19510331     3.4
19510401 19510430    55.0
19510501 19510531   129.8
19510601 19510630    89.3
19510701 19510731   132.2
19510801 19510831   137.5
19510901 19510930    22.3
19511001 19511031    66.7
19511101 19511130    10.2
19511201 19511231    39.3
19520101 19520131    42.2
19520201 19520229    20.4
19520301 19520331     6.5
19520401 19520430    24.0
19520501 19520531   135.2
19520601 19520630    51.1
19520701 19520731    84.7
19520801 19520831    55.4
19520901 19520930    67.1
19521001 19521031    25.3
19521101 19521130    21.0
19521201 19521231    16.5
19530101 19530131     6.2
19530201 19530228    14.5
19530301 19530331     1.0
19530401 19530430    34.3
19530501 19530531    37.9
19530601 19530630   143.7
19530701 19530731   116.2
19530801 19530831    96.3
19530901 19530930    36.9
19531001 19531031    13.4
19531101 19531130    37.9
19531201 19531231    43.9
19540101 19540131     5.1
19540201 19540228     1.3
19540301 19540331    12.4
19540401 19540430   117.4
19540501 19540531    34.2
19540601 19540630   160.3
19540701 19540731   108.1
19540801 19540831    82.2
19540901 19540930    62.4
19541001 19541031    54.8
19541101 19541130    23.8
19541201 19541231    38.4
19550101 19550131     6.1
19550201 19550228    12.4
19550301 19550331    19.8
19550401 19550430    52.3
19550501 19550531   103.2
19550601 19550630   196.2
19550701 19550731    62.4
19550801 19550831   100.8
19550901 19550930    51.1
19551001 19551031    38.9
19551101 19551130    59.1
19551201 19551231    20.3
19560101 19560131    29.9
19560201 19560229     4.3
19560301 19560331    11.7
19560401 19560430    74.6
19560501 19560531   141.0
19560601 19560630   206.8
19560701 19560731   124.8
19560801 19560831   126.3
19560901 19560930   103.0
19561001 19561031    58.4
19561101 19561130     9.8
19561201 19561231    27.3
19570101 19570131     1.5
19570201 19570228     1.1
19570301 19570331    46.6
19570401 19570430    53.6
19570501 19570531    28.7
19570601 19570630    98.0
19570701 19570731   137.6
19570801 19570831   105.2
19570901 19570930    53.5
19571001 19571031    19.8
19571101 19571130    23.9
19571201 19571231    12.3
19580101 19580131     3.8
19580201 19580228     3.6
19580301 19580331    18.5
19580401 19580430    12.8
19580501 19580531   114.3
19580601 19580630    50.0
19580701 19580731   138.1
19580801 19580831    77.7
19580901 19580930    80.7
19581001 19581031   114.3
19581101 19581130    13.8
19581201 19581231    13.3
19590101 19590131     0.0
19590201 19590228    43.3
19590301 19590331    27.5
19590401 19590430    12.2
19590501 19590531    27.2
19590601 19590630    33.8
19590701 19590731    86.6
19590801 19590831    70.5
19590901 19590930    58.2
19591001 19591031    44.4
19591101 19591130    16.2
19591201 19591231    44.8
19600101 19600131    22.3
19600201 19600229    71.4
19600301 19600331    27.9
19600401 19600430    92.2
19600501 19600531   167.0
19600601 19600630    61.1
19600701 19600731    77.5
19600801 19600831    70.0
19600901 19600930    59.2
19601001 19601031    21.1
19601101 19601130    18.5
19601201 19601231    14.5
19610101 19610131     7.9
19610201 19610228     7.2
19610301 19610331    11.3
19610401 19610430   117.4
19610501 19610531    46.0
19610601 19610630    78.5
19610701 19610731    96.4
19610801 19610831    69.2
19610901 19610930    33.4
19611001 19611031    31.6
19611101 19611130    10.1
19611201 19611231     4.4
19620101 19620131     5.6
19620201 19620228    17.0
19620301 19620331    32.8
19620401 19620430    16.0
19620501 19620531    76.0
19620601 19620630    60.3
19620701 19620731    56.5
19620801 19620831    62.7
19620901 19620930    21.2
19621001 19621031    77.4
19621101 19621130    34.9
19621201 19621231    20.5
19630101 19630131    28.4
19630201 19630228     7.4
19630301 19630331     3.1
19630401 19630430    14.5
19630501 19630531    85.0
19630601 19630630   168.2
19630701 19630731    96.1
19630801 19630831    79.9
19630901 19630930    40.7
19631001 19631031     2.6
19631101 19631130     8.5
19631201 19631231     6.4
19640101 19640131     8.1
19640201 19640229    22.2
19640301 19640331     9.0
19640401 19640430    40.1
19640501 19640531    55.0
19640601 19640630   145.4
19640701 19640731   145.0
19640801 19640831    43.5
19640901 19640930    34.5
19641001 19641031    52.2
19641101 19641130    55.2
19641201 19641231    22.8
19650101 19650131     3.1
19650201 19650228     2.1
19650301 19650331     9.2
19650401 19650430    27.8
19650501 19650531   109.4
19650601 19650630    41.6
19650701 19650731   107.9
19650801 19650831    71.1
19650901 19650930    30.6
19651001 19651031     9.5
19651101 19651130    42.6
19651201 19651231     9.9
19660101 19660131     4.7
19660201 19660228     3.9
19660301 19660331    21.0
19660401 19660430    12.6
19660501 19660531    62.6
19660601 19660630    96.0
19660701 19660731   146.1
19660801 19660831    79.1
19660901 19660930   120.6
19661001 19661031    44.6
19661101 19661130    14.5
19661201 19661231    68.5
19670101 19670131     6.4
19670201 19670228    77.0
19670301 19670331    10.2
19670401 19670430    10.2
19670501 19670531    14.9
19670601 19670630    18.9
19670701 19670731   146.5
19670801 19670831    79.7
19670901 19670930    46.5
19671001 19671031     9.6
19671101 19671130     3.9
19671201 19671231    13.1
19680101 19680131     7.4
19680201 19680229    20.6
19680301 19680331    76.2
19680401 19680430    95.2
19680501 19680531    80.1
19680601 19680630    49.0
19680701 19680731   110.3
19680801 19680831   131.2
19680901 19680930    37.1
19681001 19681031    56.1
19681101 19681130    39.3
19681201 19681231    20.0
19690101 19690131    17.9
19690201 19690228    50.8
19690301 19690331    50.5
19690401 19690430    56.4
19690501 19690531   119.0
19690601 19690630    61.4
19690701 19690731    83.2
19690801 19690831    33.6
19690901 19690930    67.3
19691001 19691031     4.5
19691101 19691130    25.9
19691201 19691231    16.3
19700101 19700131    24.6
19700201 19700228     0.0
19700301 19700331    18.0
19700401 19700430    52.8
19700501 19700531    82.2
19700601 19700630   118.0
19700701 19700731    71.3
19700801 19700831   133.3
19700901 19700930    95.8
19701001 19701031    12.9
19701101 19701130    23.4
19701201 19701231    12.6
19710101 19710131     9.3
19710201 19710228     8.1
19710301 19710331    34.2
19710401 19710430   157.6
19710501 19710531   120.8
19710601 19710630    86.4
19710701 19710731    63.8
19710801 19710831   141.6
19710901 19710930    72.0
19711001 19711031    41.7
19711101 19711130    65.4
19711201 19711231    53.4
19720101 19720131    62.4
19720201 19720229    28.8
19720301 19720331     6.3
19720401 19720430    33.6
19720501 19720531    18.5
19720601 19720630    46.2
19720701 19720731   138.5
19720801 19720831   118.7
19720901 19720930    17.1
19721001 19721031    32.5
19721101 19721130    17.9
19721201 19721231     6.4
19730101 19730131    12.9
19730201 19730228     1.5
19730301 19730331    73.6
19730401 19730430    63.6
19730501 19730531    66.6
19730601 19730630    92.1
19730701 19730731    66.1
19730801 19730831    93.7
19730901 19730930    90.5
19731001 19731031    39.8
19731101 19731130     6.0
19731201 19731231    18.3
19740101 19740131    17.2
19740201 19740228     5.2
19740301 19740331     5.2
19740401 19740430    65.0
19740501 19740531    62.4
19740601 19740630    52.0
19740701 19740731   155.0
19740801 19740831    81.8
19740901 19740930    79.2
19741001 19741031    84.1
19741101 19741130    22.0
19741201 19741231    12.0
19750101 19750131    42.4
19750201 19750228     4.8
19750301 19750331    54.4
19750401 19750430    27.6
19750501 19750531    90.4
19750601 19750630    71.6
19750701 19750731   127.8
19750801 19750831    94.2
19750901 19750930    59.4
19751001 19751031    91.2
19751101 19751130    38.0
19751201 19751231     8.8
19760101 19760131    43.4
19760201 19760229    34.0
19760301 19760331     2.2
19760401 19760430    44.1
19760501 19760531    48.8
19760601 19760630   146.4
19760701 19760731    47.8
19760801 19760831    67.6
19760901 19760930    52.0
19761001 19761031    45.1
19761101 19761130    34.6
19761201 19761231    20.0
19770101 19770131    39.8
19770201 19770228    12.0
19770301 19770331    37.4
19770401 19770430    22.0
19770501 19770531   115.0
19770601 19770630    68.7
19770701 19770731    49.0
19770801 19770831    45.2
19770901 19770930    36.8
19771001 19771031     8.1
19771101 19771130    64.0
19771201 19771231    21.0
19780101 19780131     2.4
19780201 19780228     3.5
19780301 19780331    10.1
19780401 19780430    10.7
19780501 19780531    69.2
19780601 19780630   179.4
19780701 19780731   117.8
19780801 19780831    71.6
19780901 19780930    97.8
19781001 19781031    33.2
19781101 19781130    16.4
19781201 19781231    16.8
19790101 19790131     1.0
19790201 19790228    20.8
19790301 19790331    19.1
19790401 19790430    74.8
19790501 19790531    71.6
19790601 19790630    77.6
19790701 19790731    91.0
19790801 19790831   107.2
19790901 19790930   118.2
19791001 19791031    57.6
19791101 19791130    45.6
19791201 19791231     8.6
19800101 19800131     7.8
19800201 19800229     0.6
19800301 19800331     2.6
19800401 19800430    45.6
19800501 19800531    61.4
19800601 19800630   132.4
19800701 19800731    99.4
19800801 19800831    53.0
19800901 19800930    36.0
19801001 19801031    59.4
19801101 19801130    31.2
19801201 19801231    22.8
19810101 19810131    16.0
19810201 19810228    19.6
19810301 19810331    62.8
19810401 19810430    12.8
19810501 19810531    97.2
19810601 19810630   193.6
19810701 19810731   103.4
19810801 19810831   115.4
19810901 19810930    21.8
19811001 19811031    51.2
19811101 19811130    16.0
19811201 19811231     8.4
19820101 19820131    17.0
19820201 19820228    16.0
19820301 19820331    55.8
19820401 19820430    37.4
19820501 19820531   106.4
19820601 19820630   101.8
19820701 19820731    85.0
19820801 19820831    33.6
19820901 19820930    34.4
19821001 19821031    16.6
19821101 19821130     3.4
19821201 19821231     5.2
19830101 19830131     6.6
19830201 19830228     8.6
19830301 19830331   117.0
19830401 19830430   135.9
19830501 19830531    55.2
19830601 19830630    76.8
19830701 19830731   215.0
19830801 19830831    69.8
19830901 19830930    50.6
19831001 19831031     6.2
19831101 19831130    37.4
19831201 19831231    18.4
19840101 19840131     7.0
19840201 19840229     7.6
19840301 19840331    61.6
19840401 19840430    24.4
19840501 19840531    61.6
19840601 19840630    55.8
19840701 19840731   139.0
19840801 19840831   140.4
19840901 19840930   144.0
19841001 19841031    17.6
19841101 19841130    43.2
19841201 19841231    18.2
19850101 19850131     5.8
19850201 19850228     0.6
19850301 19850331    14.4
19850401 19850430    71.8
19850501 19850531    64.2
19850601 19850630    92.4
19850701 19850731    56.0
19850801 19850831   138.4
19850901 19850930    49.6
19851001 19851031    38.0
19851101 19851130     8.2
19851201 19851231    29.4
19860101 19860131     1.2
19860201 19860228     1.0
19860301 19860331     3.8
19860401 19860430    62.8
19860501 19860531    69.8
19860601 19860630    89.4
19860701 19860731   145.6
19860801 19860831    76.6
19860901 19860930    53.2
19861001 19861031    61.2
19861101 19861130    17.4
19861201 19861231    30.0
19870101 19870131     4.6
19870201 19870228     3.2
19870301 19870331     5.4
19870401 19870430    19.8
19870501 19870531   110.2
19870601 19870630    97.6
19870701 19870731   119.6
19870801 19870831    67.0
19870901 19870930    17.4
19871001 19871031    46.4
19871101 19871130     7.0
19871201 19871231    22.8
19880101 19880131    48.4
19880201 19880229    23.0
19880301 19880331    45.0
19880401 19880430    27.2
19880501 19880531   149.8
19880601 19880630    72.4
19880701 19880731    92.0
19880801 19880831    88.4
19880901 19880930    65.4
19881001 19881031    20.2
19881101 19881130    49.4
19881201 19881231    17.2
19890101 19890131     7.4
19890201 19890228     4.0
19890301 19890331    11.9
19890401 19890430    17.9
19890501 19890531   105.6
19890601 19890630   153.0
19890701 19890731   145.6
19890801 19890831    87.6
19890901 19890930    44.1
19891001 19891031    39.2
19891101 19891130    14.0
19891201 19891231     2.2
19900101 19900131     8.4
19900201 19900228    17.4
19900301 19900331     3.6
19900401 19900430    24.4
19900501 19900531    40.6
19900601 19900630    92.8
19900701 19900731   143.5
19900801 19900831   145.2
19900901 19900930    60.3
19901001 19901031    41.4
19901101 19901130     6.6
19901201 19901231    67.0
19910101 19910131    13.0
19910201 19910228     0.0
19910301 19910331    20.8
19910401 19910430    25.6
19910501 19910531    46.8
19910601 19910630   139.2
19910701 19910731    72.0
19910801 19910831    81.2
19910901 19910930    63.8
19911001 19911031     5.2
19911101 19911130     9.8
19911201 19911231     5.6
19920101 19920131     0.4
19920201 19920229     0.4
19920301 19920331    49.0
19920401 19920430    50.6
19920501 19920531   118.4
19920601 19920630    96.0
19920701 19920731    72.2
19920801 19920831   104.4
19920901 19920930   105.2
19921001 19921031    67.6
19921101 19921130    43.4
19921201 19921231    60.0
19930101 19930131    30.0
19930201 19930228    12.4
19930301 19930331    15.0
19930401 19930430     8.6
19930501 19930531    60.8
19930601 19930630    59.6
19930701 19930731   132.4
19930801 19930831    91.0
19930901 19930930    53.8
19931001 19931031    80.6
19931101 19931130    28.6
19931201 19931231    22.8
19940101 19940131    15.2
19940201 19940228     8.0
19940301 19940331     1.4
19940401 19940430 99999.9
19940501 19940531    50.2
19940601 19940630    95.8
19940701 19940731    46.2
19940801 19940831    74.0
19940901 19940930    28.4
19941001 19941031    53.4
19941101 19941130    12.8
19941201 19941231    24.7
19950101 19950131    11.5
19950201 19950228    19.0
19950301 19950331    18.2
19950401 19950430    42.6
19950501 19950531    79.4
19950601 19950630    85.8
19950701 19950731   154.6
19950801 19950831    55.6
19950901 19950930    33.4
19951001 19951031    20.0
19951101 19951130     9.4
19951201 19951231     4.4
19960101 19960131    11.4
19960201 19960229    11.8
19960301 19960331    31.2
19960401 19960430    18.5
19960501 19960531    20.0
19960601 19960630   129.5
19960701 19960731   129.0
19960801 19960831   133.4
19960901 19960930    84.0
19961001 19961031    15.8
19961101 19961130     7.8
19961201 19961231     5.2
19970101 19970131    21.4
19970201 19970228     6.3
19970301 19970331     5.4
19970401 19970430     7.6
19970501 19970531    91.9
19970601 19970630    80.3
19970701 19970731    86.1
19970801 19970831    85.7
19970901 19970930    85.4
19971001 19971031    17.6
19971101 19971130    13.1
19971201 19971231    33.2
19980101 19980131    13.4
19980201 19980228     2.0
19980301 19980331     6.8
19980401 19980430    55.4
19980501 19980531    34.8
19980601 19980630   108.1
19980701 19980731    68.6
19980801 19980831    72.2
19980901 19980930    42.8
19981001 19981031    21.1
19981101 19981130    10.0
19981201 19981231    11.8
19990101 19990131     6.0
19990201 19990228     7.2
19990301 19990331    31.8
19990401 19990430     5.6
19990501 19990531    96.9
19990601 19990630    93.0
19990701 19990731    64.4
19990801 19990831    39.8
19990901 19990930    41.8
19991001 19991031    44.4
19991101 19991130     8.8
19991201 19991231    30.0
20000101 20000131    31.6
20000201 20000229    40.6
20000301 20000331    24.6
20000401 20000430    68.4
20000501 20000531    89.2
20000601 20000630   103.0
20000701 20000731   113.8
20000801 20000831    69.4
20000901 20000930    49.0
20001001 20001031    94.5
20001101 20001130     5.6
20001201 20001231     4.3
20010101 20010131     1.2
20010201 20010228    18.4
20010301 20010331    53.0
20010401 20010430     6.2
20010501 20010531    79.8
20010601 20010630    98.2
20010701 20010731    58.7
20010801 20010831    93.8
20010901 20010930    75.8
20011001 20011031    67.6
20011101 20011130    32.0
20011201 20011231    21.6
20020101 20020131    11.0
20020201 20020228     3.4
20020301 20020331    19.4
20020401 20020430    15.2
20020501 20020531    63.8
20020601 20020630    55.8
20020701 20020731    49.0
20020801 20020831    55.7
20020901 20020930    66.1
20021001 20021031    41.7
20021101 20021130    40.5
20021201 20021231    12.9
20030101 20030131    25.4
20030201 20030228    13.8
20030301 20030331    19.2
20030401 20030430    22.2
20030501 20030531    93.6
20030601 20030630   144.8
20030701 20030731    73.6
20030801 20030831    95.8
20030901 20030930    30.4
20031001 20031031    67.6
20031101 20031130    36.0
20031201 20031231    31.6
20040101 20040131    11.2
20040201 20040229     9.4
20040301 20040331    45.6
20040401 20040430    36.0
20040501 20040531    80.2
20040601 20040630    80.4
20040701 20040731    81.8
20040801 20040831   120.0
20040901 20040930    38.4
20041001 20041031    14.8
20041101 20041130    49.2
20041201 20041231    19.0
20050101 20050131    20.2
20050201 20050228    13.6
20050301 20050331     2.6
20050401 20050430     9.6
20050501 20050531    17.4
20050601 20050630   156.2
20050701 20050731    56.2
20050801 20050831    67.2
20050901 20050930    46.0
20051001 20051031    81.7
20051101 20051130    97.0
20051201 20051231    42.2
20060101 20060131    42.0
20060201 20060228    25.2
20060301 20060331    38.8
20060401 20060430    63.6
20060501 20060531    74.3
20060601 20060630    62.1
20060701 20060731    57.0
20060801 20060831    22.3
20060901 20060930    16.8
20061001 20061031     6.7
20061101 20061130     4.2
20061201 20061231    22.9
20070101 20070131     8.2
20070201 20070228     3.4
20070301 20070331    40.9
20070401 20070430   131.2
20070501 20070531   155.8
20070601 20070630    40.9
20070701 20070731    77.0
