PRCP       010039 19100101 20171231 missing_value=99999.9 DOODARDING WELL                           
19100101 19100131     0.8
19100201 19100228    37.9
19100301 19100331     0.0
19100401 19100430    14.6
19100501 19100531    73.4
19100601 19100630   108.7
19100701 19100731    78.2
19100801 19100831    28.2
19100901 19100930    19.8
19101001 19101031    14.7
19101101 19101130     8.1
19101201 19101231     2.5
19110101 19110131    27.7
19110201 19110228     2.0
19110301 19110331     6.4
19110401 19110430     9.6
19110501 19110531    14.4
19110601 19110630    21.8
19110701 19110731    28.2
19110801 19110831     9.7
19110901 19110930    13.5
19111001 19111031     2.0
19111101 19111130     0.0
19111201 19111231     0.0
19120101 19120131    38.4
19120201 19120229     0.8
19120301 19120331     0.5
19120401 19120430     5.6
19120501 19120531    27.9
19120601 19120630    11.4
19120701 19120731    89.5
19120801 19120831     9.9
19120901 19120930    30.2
19121001 19121031    14.8
19121101 19121130     9.2
19121201 19121231     9.2
19130101 19130131     0.0
19130201 19130228     3.1
19130301 19130331     2.8
19130401 19130430     7.2
19130501 19130531     4.1
19130601 19130630    70.6
19130701 19130731    32.7
19130801 19130831    80.3
19130901 19130930    44.5
19131001 19131031    23.2
19131101 19131130     3.6
19131201 19131231    31.5
19140101 19140131    15.2
19140201 19140228     0.0
19140301 19140331     0.0
19140401 19140430     7.8
19140501 19140531     2.8
19140601 19140630    23.3
19140701 19140731    30.1
19140801 19140831    12.4
19140901 19140930     0.3
19141001 19141031    16.1
19141101 19141130     6.2
19141201 19141231    13.0
19150101 19150131    95.0
19150201 19150228   140.6
19150301 19150331    10.2
19150401 19150430    14.0
19150501 19150531    28.4
19150601 19150630    58.3
19150701 19150731    84.6
19150801 19150831    63.3
19150901 19150930    34.8
19151001 19151031    22.7
19151101 19151130     0.5
19151201 19151231     1.0
19160101 19160131    49.5
19160201 19160229     9.1
19160301 19160331    14.4
19160401 19160430     1.0
19160501 19160531    28.3
19160601 19160630    50.0
19160701 19160731    66.9
19160801 19160831    41.8
19160901 19160930     4.6
19161001 19161031    29.7
19161101 19161130    11.5
19161201 19161231     0.0
19170101 19170131     0.0
19170201 19170228     1.3
19170301 19170331   157.2
19170401 19170430    15.8
19170501 19170531    47.1
19170601 19170630    90.6
19170701 19170731   104.3
19170801 19170831    59.3
19170901 19170930    47.3
19171001 19171031    25.9
19171101 19171130     8.1
19171201 19171231     8.5
19180101 19180131    20.6
19180201 19180228    65.6
19180301 19180331    24.4
19180401 19180430    33.3
19180501 19180531    33.8
19180601 19180630   104.7
19180701 19180731    32.9
19180801 19180831    45.7
19180901 19180930    40.1
19181001 19181031    42.7
19181101 19181130    25.7
19181201 19181231     0.3
19190101 19190131     8.1
19190201 19190228     0.0
19190301 19190331     2.3
19190401 19190430    69.0
19190501 19190531    15.0
19190601 19190630    43.5
19190701 19190731    66.1
19190801 19190831    45.0
19190901 19190930    11.6
19191001 19191031    27.2
19191101 19191130    15.8
19191201 19191231     3.6
19200101 19200131     3.3
19200201 19200229     0.0
19200301 19200331    42.4
19200401 19200430     6.4
19200501 19200531    34.5
19200601 19200630    67.3
19200701 19200731    37.1
19200801 19200831    94.4
19200901 19200930    32.0
19201001 19201031     4.3
19201101 19201130     7.9
19201201 19201231     0.0
19210101 19210131     2.8
19210201 19210228     0.0
19210301 19210331     9.6
19210401 19210430     0.8
19210501 19210531   103.2
19210601 19210630    57.9
19210701 19210731    29.9
19210801 19210831    54.1
19210901 19210930    31.0
19211001 19211031    23.7
19211101 19211130     1.3
19211201 19211231    13.2
19220101 19220131     0.0
19220201 19220228    18.3
19220301 19220331    55.6
19220401 19220430    21.7
19220501 19220531    43.9
19220601 19220630    14.8
19220701 19220731    66.1
19220801 19220831    15.6
19220901 19220930    11.8
19221001 19221031     5.0
19221101 19221130     0.0
19221201 19221231     2.5
19230101 19230131     6.9
19230201 19230228     2.0
19230301 19230331     2.6
19230401 19230430    51.0
19230501 19230531    32.1
19230601 19230630   133.3
19230701 19230731    38.3
19230801 19230831    17.0
19230901 19230930    47.7
19231001 19231031    11.2
19231101 19231130     0.0
19231201 19231231    97.5
19240101 19240131     0.0
19240201 19240229     0.0
19240301 19240331     7.1
19240401 19240430     3.8
19240501 19240531    48.3
19240601 19240630    48.7
19240701 19240731    32.8
19240801 19240831    56.7
19240901 19240930    23.3
19241001 19241031    52.7
19241101 19241130     4.6
19241201 19241231     0.0
19250101 19250131    59.0
19250201 19250228    23.6
19250301 19250331    29.3
19250401 19250430     2.8
19250501 19250531    41.3
19250601 19250630    66.8
19250701 19250731    49.4
19250801 19250831    10.0
19250901 19250930    34.8
19251001 19251031    19.5
19251101 19251130     7.6
19251201 19251231    11.2
19260101 19260131     1.5
19260201 19260228    23.4
19260301 19260331    38.5
19260401 19260430    35.1
19260501 19260531    37.6
19260601 19260630    44.2
19260701 19260731    89.6
19260801 19260831    24.4
19260901 19260930    25.2
19261001 19261031    26.3
19261101 19261130    19.9
19261201 19261231     6.6
19270101 19270131     0.0
19270201 19270228     1.5
19270301 19270331   122.1
19270401 19270430     4.7
19270501 19270531     8.7
19270601 19270630    46.2
19270701 19270731    48.9
19270801 19270831    25.2
19270901 19270930    40.3
19271001 19271031    30.5
19271101 19271130     4.6
19271201 19271231     1.5
19280101 19280131    17.0
19280201 19280229     0.0
19280301 19280331    12.9
19280401 19280430     3.4
19280501 19280531    20.4
19280601 19280630    22.6
19280701 19280731    79.9
19280801 19280831    41.4
19280901 19280930    21.2
19281001 19281031     4.6
19281101 19281130     1.0
19281201 19281231     9.9
19290101 19290131     5.1
19290201 19290228    45.5
19290301 19290331    11.0
19290401 19290430     0.3
19290501 19290531    69.3
19290601 19290630    74.7
19290701 19290731    31.7
19290801 19290831    27.4
19290901 19290930     4.4
19291001 19291031    13.0
19291101 19291130    24.4
19291201 19291231     0.8
19300101 19300131     0.0
19300201 19300228     0.6
19300301 19300331    18.9
19300401 19300430    30.3
19300501 19300531    11.7
19300601 19300630    62.1
19300701 19300731    48.4
19300801 19300831    39.8
19300901 19300930    13.1
19301001 19301031     3.6
19301101 19301130     1.8
19301201 19301231    23.4
19310101 19310131     0.0
19310201 19310228     0.0
19310301 19310331     1.0
19310401 19310430    25.1
19310501 19310531    51.3
19310601 19310630    32.0
19310701 19310731    57.1
19310801 19310831    56.7
19310901 19310930    38.5
19311001 19311031    15.2
19311101 19311130     3.3
19311201 19311231     9.4
19320101 19320131    16.8
19320201 19320229     1.0
19320301 19320331    19.6
19320401 19320430    14.4
19320501 19320531    52.7
19320601 19320630    23.4
19320701 19320731    74.7
19320801 19320831   102.8
19320901 19320930    21.2
19321001 19321031    30.5
19321101 19321130     0.6
19321201 19321231     0.0
19330101 19330131     3.3
19330201 19330228     5.8
19330301 19330331    23.4
19330401 19330430     0.0
19330501 19330531    39.6
19330601 19330630    61.6
19330701 19330731    39.5
19330801 19330831    40.5
19330901 19330930    15.1
19331001 19331031    25.6
19331101 19331130    30.5
19331201 19331231     4.3
19340101 19340131    11.7
19340201 19340228     9.1
19340301 19340331    25.0
19340401 19340430   108.1
19340501 19340531    13.0
19340601 19340630    41.0
19340701 19340731    45.5
19340801 19340831    38.1
19340901 19340930    24.1
19341001 19341031     4.4
19341101 19341130    14.5
19341201 19341231     1.3
19350101 19350131    21.8
19350201 19350228    38.1
19350301 19350331     5.1
19350401 19350430    24.6
19350501 19350531    14.6
19350601 19350630    15.0
19350701 19350731    41.4
19350801 19350831    49.0
19350901 19350930    21.1
19351001 19351031     4.1
19351101 19351130     0.8
19351201 19351231     2.8
19360101 19360131     9.6
19360201 19360229     0.0
19360301 19360331    24.4
19360401 19360430     0.0
19360501 19360531    22.4
19360601 19360630    48.2
19360701 19360731    20.7
19360801 19360831    49.2
19360901 19360930    21.4
19361001 19361031     7.9
19361101 19361130     1.0
19361201 19361231    72.9
19370101 19370131     0.0
19370201 19370228     5.1
19370301 19370331     0.0
19370401 19370430     9.7
19370501 19370531    62.7
19370601 19370630    46.3
19370701 19370731     6.6
19370801 19370831    44.5
19370901 19370930    14.7
19371001 19371031     4.3
19371101 19371130    12.0
19371201 19371231     0.0
19380101 19380131    12.4
19380201 19380228     0.0
19380301 19380331    33.8
19380401 19380430    25.9
19380501 19380531    14.0
19380601 19380630    42.4
19380701 19380731    48.3
19380801 19380831    19.6
19380901 19380930    10.2
19381001 19381031     3.5
19381101 19381130    13.3
19381201 19381231     0.0
19390101 19390131    20.9
19390201 19390228    78.0
19390301 19390331     0.0
19390401 19390430    17.5
19390501 19390531    77.5
19390601 19390630    60.5
19390701 19390731    64.4
19390801 19390831    48.3
19390901 19390930     1.3
19391001 19391031    39.7
19391101 19391130    22.7
19391201 19391231     1.8
19400101 19400131     5.8
19400201 19400229     0.0
19400301 19400331     0.0
19400401 19400430     0.0
19400501 19400531    14.7
19400601 19400630    33.7
19400701 19400731    48.3
19400801 19400831     5.1
19400901 19400930    19.8
19401001 19401031    26.1
19401101 19401130     2.0
19401201 19401231    36.0
19410101 19410131     2.0
19410201 19410228    22.1
19410301 19410331     0.0
19410401 19410430    47.0
19410501 19410531    50.0
19410601 19410630    79.9
19410701 19410731    32.8
19410801 19410831    25.9
19410901 19410930    24.0
19411001 19411031     8.9
19411101 19411130    20.9
19411201 19411231    16.3
19420101 19420131     0.0
19420201 19420228     0.0
19420301 19420331    31.2
19420401 19420430    11.0
19420501 19420531    80.0
19420601 19420630    31.3
19420701 19420731    44.5
19420801 19420831    53.5
19420901 19420930    14.9
19421001 19421031     9.8
19421101 19421130     1.8
19421201 19421231    30.0
19430101 19430131    18.3
19430201 19430228    62.8
19430301 19430331    69.7
19430401 19430430    38.8
19430501 19430531    21.0
19430601 19430630    64.1
19430701 19430731    26.9
19430801 19430831    32.4
19430901 19430930    25.1
19431001 19431031    13.8
19431101 19431130     0.0
19431201 19431231    11.1
19440101 19440131     4.6
19440201 19440229     5.8
19440301 19440331     7.6
19440401 19440430     2.1
19440501 19440531    64.3
19440601 19440630    22.6
19440701 19440731    71.7
19440801 19440831    50.6
19440901 19440930     8.9
19441001 19441031     2.5
19441101 19441130     3.3
19441201 19441231     4.8
19450101 19450131     0.0
19450201 19450228     5.6
19450301 19450331    19.9
19450401 19450430    17.8
19450501 19450531    41.3
19450601 19450630   137.5
19450701 19450731    32.9
19450801 19450831   104.4
19450901 19450930    23.9
19451001 19451031     3.6
19451101 19451130     9.2
19451201 19451231     1.3
19460101 19460131     0.8
19460201 19460228     6.4
19460301 19460331     0.0
19460401 19460430    26.2
19460501 19460531    41.6
19460601 19460630    76.7
19460701 19460731    91.0
19460801 19460831    37.3
19460901 19460930     5.1
19461001 19461031     1.3
19461101 19461130    20.1
19461201 19461231     6.6
19470101 19470131     3.3
19470201 19470228     7.6
19470301 19470331     5.3
19470401 19470430    23.1
19470501 19470531    48.1
19470601 19470630    67.5
19470701 19470731    45.4
19470801 19470831    11.7
19470901 19470930    11.1
19471001 19471031    42.2
19471101 19471130     9.7
19471201 19471231     0.0
19480101 19480131     0.0
19480201 19480229     2.0
19480301 19480331    48.3
19480401 19480430    46.0
19480501 19480531     0.3
19480601 19480630    34.2
19480701 19480731    51.8
19480801 19480831    65.5
19480901 19480930    18.9
19481001 19481031     5.9
19481101 19481130     9.1
19481201 19481231     8.6
19490101 19490131     6.4
19490201 19490228     8.7
19490301 19490331     4.1
19490401 19490430     2.8
19490501 19490531     2.3
19490601 19490630    34.0
19490701 19490731    68.7
19490801 19490831    48.9
19490901 19490930    27.5
19491001 19491031    10.4
19491101 19491130    30.0
19491201 19491231     0.0
19500101 19500131     3.6
19500201 19500228     0.0
19500301 19500331     0.0
19500401 19500430     0.0
19500501 19500531    44.6
19500601 19500630    30.3
19500701 19500731    40.9
19500801 19500831    30.0
19500901 19500930    28.7
19501001 19501031    17.9
19501101 19501130     4.4
19501201 19501231     0.5
19510101 19510131    38.9
19510201 19510228    38.6
19510301 19510331    15.7
19510401 19510430    71.8
19510501 19510531    21.0
19510601 19510630    72.5
19510701 19510731    45.2
19510801 19510831    31.0
19510901 19510930    10.6
19511001 19511031     4.5
19511101 19511130    12.8
19511201 19511231    14.2
19520101 19520131    13.0
19520201 19520229     0.0
19520301 19520331     4.6
19520401 19520430     4.4
19520501 19520531    42.3
19520601 19520630    16.6
19520701 19520731    59.2
19520801 19520831    24.0
19520901 19520930    25.3
19521001 19521031    22.5
19521101 19521130     4.6
19521201 19521231    17.8
19530101 19530131     0.0
19530201 19530228    26.7
19530301 19530331    55.5
19530401 19530430    39.4
19530501 19530531    69.1
19530601 19530630    56.7
19530701 19530731    35.5
19530801 19530831    37.6
19530901 19530930    10.1
19531001 19531031    17.7
19531101 19531130     7.2
19531201 19531231     0.0
19540101 19540131    10.8
19540201 19540228     0.0
19540301 19540331     0.0
19540401 19540430     2.3
19540501 19540531    63.5
19540601 19540630    23.9
19540701 19540731    48.4
19540801 19540831    36.6
19540901 19540930    16.9
19541001 19541031     6.3
19541101 19541130     6.9
19541201 19541231    22.9
19550101 19550131    15.2
19550201 19550228    99.7
19550301 19550331     2.8
19550401 19550430    26.3
19550501 19550531    33.9
19550601 19550630    16.8
19550701 19550731    26.6
19550801 19550831    77.1
19550901 19550930    41.7
19551001 19551031    19.9
19551101 19551130     0.3
19551201 19551231     2.8
19560101 19560131     7.6
19560201 19560229     0.0
19560301 19560331     0.0
19560401 19560430     5.9
19560501 19560531    80.1
19560601 19560630    71.8
19560701 19560731    69.4
19560801 19560831     2.4
19560901 19560930    11.0
19561001 19561031    21.0
19561101 19561130    38.1
19561201 19561231     3.0
19570101 19570131     8.4
19570201 19570228     1.0
19570301 19570331     7.9
19570401 19570430    10.9
19570501 19570531    50.6
19570601 19570630   139.5
19570701 19570731    14.5
19570801 19570831    33.6
19570901 19570930     5.1
19571001 19571031     6.6
19571101 19571130     0.0
19571201 19571231     0.0
19580101 19580131     0.5
19580201 19580228    11.4
19580301 19580331     0.0
19580401 19580430     2.3
19580501 19580531    86.3
19580601 19580630    36.8
19580701 19580731   129.2
19580801 19580831    40.4
19580901 19580930    45.2
19581001 19581031     8.8
19581101 19581130     3.4
19581201 19581231    16.3
19590101 19590131     8.4
19590201 19590228     4.8
19590301 19590331    11.9
19590401 19590430     2.6
19590501 19590531     7.1
19590601 19590630    77.7
19590701 19590731    23.7
19590801 19590831    67.2
19590901 19590930    14.0
19591001 19591031    17.6
19591101 19591130    18.8
19591201 19591231     3.6
19600101 19600131    16.7
19600201 19600229     8.1
19600301 19600331    18.0
19600401 19600430    10.5
19600501 19600531    83.6
19600601 19600630    20.5
19600701 19600731    96.6
19600801 19600831    10.7
19600901 19600930    42.9
19601001 19601031     1.8
19601101 19601130     4.3
19601201 19601231     0.0
19610101 19610131    61.2
19610201 19610228     6.7
19610301 19610331    22.8
19610401 19610430    59.8
19610501 19610531    15.5
19610601 19610630    79.6
19610701 19610731    38.8
19610801 19610831    24.8
19610901 19610930     7.6
19611001 19611031     6.0
19611101 19611130     0.0
19611201 19611231     4.3
19620101 19620131    11.3
19620201 19620228    21.6
19620301 19620331    10.0
19620401 19620430     3.8
19620501 19620531    78.4
19620601 19620630    56.2
19620701 19620731    52.6
19620801 19620831    18.2
19620901 19620930    22.0
19621001 19621031    21.1
19621101 19621130     8.3
19621201 19621231    12.2
19630101 19630131    30.3
19630201 19630228    43.0
19630301 19630331    16.8
19630401 19630430    13.2
19630501 19630531   115.1
19630601 19630630   113.8
19630701 19630731    76.6
19630801 19630831    99.9
19630901 19630930    15.1
19631001 19631031     3.1
19631101 19631130     0.0
19631201 19631231     7.4
19640101 19640131     1.3
19640201 19640229    20.0
19640301 19640331    10.7
19640401 19640430    10.7
19640501 19640531     3.1
19640601 19640630    91.6
19640701 19640731    79.5
19640801 19640831    40.7
19640901 19640930     7.2
19641001 19641031    20.8
19641101 19641130     5.4
19641201 19641231     6.7
19650101 19650131     6.1
19650201 19650228     4.6
19650301 19650331     5.3
19650401 19650430    17.6
19650501 19650531    68.2
19650601 19650630    91.1
19650701 19650731    85.0
19650801 19650831    52.7
19650901 19650930    19.3
19651001 19651031    28.4
19651101 19651130    79.6
19651201 19651231    13.6
19660101 19660131    12.4
19660201 19660228    15.0
19660301 19660331     0.0
19660401 19660430    72.3
19660501 19660531     6.1
19660601 19660630    82.9
19660701 19660731    60.8
19660801 19660831    27.3
19660901 19660930    25.9
19661001 19661031    36.6
19661101 19661130     9.9
19661201 19661231     1.3
19670101 19670131    11.4
19670201 19670228     1.0
19670301 19670331     0.0
19670401 19670430    11.2
19670501 19670531    58.2
19670601 19670630    56.1
19670701 19670731    66.4
19670801 19670831    27.7
19670901 19670930     6.6
19671001 19671031    10.7
19671101 19671130    10.2
19671201 19671231     5.0
19680101 19680131    79.8
19680201 19680229     6.3
19680301 19680331    42.8
19680401 19680430    23.8
19680501 19680531    15.7
19680601 19680630   153.7
19680701 19680731    41.0
19680801 19680831    29.3
19680901 19680930    27.9
19681001 19681031     9.4
19681101 19681130     1.5
19681201 19681231     0.5
19690101 19690131     2.0
19690201 19690228     4.3
19690301 19690331    16.0
19690401 19690430    26.6
19690501 19690531    18.2
19690601 19690630    39.5
19690701 19690731    28.6
19690801 19690831    17.0
19690901 19690930    14.2
19691001 19691031     2.3
19691101 19691130     6.3
19691201 19691231     0.9
19700101 19700131     0.0
19700201 19700228    95.1
19700301 19700331    11.5
19700401 19700430    23.1
19700501 19700531    18.4
19700601 19700630    67.0
19700701 19700731    21.0
19700801 19700831    18.1
19700901 19700930    39.9
19701001 19701031    16.5
19701101 19701130    15.1
19701201 19701231    10.9
19710101 19710131     6.9
19710201 19710228     9.8
19710301 19710331   125.5
19710401 19710430     3.0
19710501 19710531    13.5
19710601 19710630    31.5
19710701 19710731    37.9
19710801 19710831    39.8
19710901 19710930    38.4
19711001 19711031    26.1
19711101 19711130    16.1
19711201 19711231     1.6
19720101 19720131     2.0
19720201 19720229    13.8
19720301 19720331     3.8
19720401 19720430     9.4
19720501 19720531    18.5
19720601 19720630    62.0
19720701 19720731    43.7
19720801 19720831    54.0
19720901 19720930    14.4
19721001 19721031    10.3
19721101 19721130     1.3
19721201 19721231     0.8
19730101 19730131     5.6
19730201 19730228    18.3
19730301 19730331     0.8
19730401 19730430    10.4
19730501 19730531    23.2
19730601 19730630    69.5
19730701 19730731    67.5
19730801 19730831    62.2
19730901 19730930    76.8
19731001 19731031    22.6
19731101 19731130    10.2
19731201 19731231     0.0
19740101 19740131     0.0
19740201 19740228     0.6
19740301 19740331    34.3
19740401 19740430    61.5
19740501 19740531    94.0
19740601 19740630    46.4
19740701 19740731    56.6
19740801 19740831    50.5
19740901 19740930    11.7
19741001 19741031    23.2
19741101 19741130     8.8
19741201 19741231     0.0
19750101 19750131     3.0
19750201 19750228     7.0
19750301 19750331     6.0
19750401 19750430    51.6
19750501 19750531    24.1
19750601 19750630    35.1
19750701 19750731    67.6
19750801 19750831    26.3
19750901 19750930    26.8
19751001 19751031    46.5
19751101 19751130     4.6
19751201 19751231    16.6
19760101 19760131    13.4
19760201 19760229    44.0
19760301 19760331     0.0
19760401 19760430    23.2
19760501 19760531    38.0
19760601 19760630    21.4
19760701 19760731     5.3
19760801 19760831    62.6
19760901 19760930    19.2
19761001 19761031    16.6
19761101 19761130    35.8
19761201 19761231     0.0
19770101 19770131     1.4
19770201 19770228     4.0
19770301 19770331     0.0
19770401 19770430    15.0
19770501 19770531    29.0
19770601 19770630    53.0
19770701 19770731    12.5
19770801 19770831    34.6
19770901 19770930     5.1
19771001 19771031    24.8
19771101 19771130     4.0
19771201 19771231    10.4
19780101 19780131    22.8
19780201 19780228    18.0
19780301 19780331     6.0
19780401 19780430    23.4
19780501 19780531    21.6
19780601 19780630    30.1
19780701 19780731    45.4
19780801 19780831    12.4
19780901 19780930    28.0
19781001 19781031    20.0
19781101 19781130    19.0
19781201 19781231   116.0
19790101 19790131     2.0
19790201 19790228    66.0
19790301 19790331    14.8
19790401 19790430    15.2
19790501 19790531    32.6
19790601 19790630    51.2
19790701 19790731    21.8
19790801 19790831    46.4
19790901 19790930    19.2
19791001 19791031     1.6
19791101 19791130    17.6
19791201 19791231     3.2
19800101 19800131     0.0
19800201 19800229     3.4
19800301 19800331     1.0
19800401 19800430    26.8
19800501 19800531    17.6
19800601 19800630    22.6
19800701 19800731    40.2
19800801 19800831    19.8
19800901 19800930     6.6
19801001 19801031    11.2
19801101 19801130     7.0
19801201 19801231     0.2
19810101 19810131     4.2
19810201 19810228    31.0
19810301 19810331     1.2
19810401 19810430     0.0
19810501 19810531    81.2
19810601 19810630    34.6
19810701 19810731    29.6
19810801 19810831    35.6
19810901 19810930    15.0
19811001 19811031    14.0
19811101 19811130    15.4
19811201 19811231    38.0
19820101 19820131    74.2
19820201 19820228     0.0
19820301 19820331     2.6
19820401 19820430     0.8
19820501 19820531    23.8
19820601 19820630    52.0
19820701 19820731    22.2
19820801 19820831    49.0
19820901 19820930    31.2
19821001 19821031    12.4
19821101 19821130     1.6
19821201 19821231     2.0
19830101 19830131     0.0
19830201 19830228     1.0
19830301 19830331    35.0
19830401 19830430    12.0
19830501 19830531    14.6
19830601 19830630    87.6
19830701 19830731    64.8
19830801 19830831    32.2
19830901 19830930    16.9
19831001 19831031     0.0
19831101 19831130    68.4
19831201 19831231    28.7
19840101 19840131     0.0
19840201 19840229     9.8
19840301 19840331    64.8
19840401 19840430    32.6
19840501 19840531   114.6
19840601 19840630    18.2
19840701 19840731    41.7
19840801 19840831    22.0
19840901 19840930    23.2
19841001 19841031     9.8
19841101 19841130    11.4
19841201 19841231     5.6
19850101 19850131     0.0
19850201 19850228     6.3
19850301 19850331    24.2
19850401 19850430     2.4
19850501 19850531    44.8
19850601 19850630    16.8
19850701 19850731    72.0
19850801 19850831    29.4
19850901 19850930    25.8
19851001 19851031     2.8
19851101 19851130     7.4
19851201 19851231     3.4
19860101 19860131     8.6
19860201 19860228    43.2
19860301 19860331     5.8
19860401 19860430     6.0
19860501 19860531    60.0
19860601 19860630    55.4
19860701 19860731    43.2
19860801 19860831    41.4
19860901 19860930    27.6
19861001 19861031     8.0
19861101 19861130    30.0
19861201 19861231     0.0
19870101 19870131     0.0
19870201 19870228     0.0
19870301 19870331     4.6
19870401 19870430    25.8
19870501 19870531    35.8
19870601 19870630    48.4
19870701 19870731    47.8
19870801 19870831    30.2
19870901 19870930     9.2
19871001 19871031    19.2
19871101 19871130    19.0
19871201 19871231    19.2
19880101 19880131     0.0
19880201 19880229     0.0
19880301 19880331    25.6
19880401 19880430    29.4
19880501 19880531    55.8
19880601 19880630    65.2
19880701 19880731    45.4
19880801 19880831    57.8
19880901 19880930    18.4
19881001 19881031     8.4
19881101 19881130     5.6
19881201 19881231    66.8
19890101 19890131     8.2
19890201 19890228    23.7
19890301 19890331    19.0
19890401 19890430    28.0
19890501 19890531    44.4
19890601 19890630    66.6
19890701 19890731    41.0
19890801 19890831    13.6
19890901 19890930     4.2
19891001 19891031    15.0
19891101 19891130     3.6
19891201 19891231     0.0
19900101 19900131   113.0
19900201 19900228    13.4
19900301 19900331    31.0
19900401 19900430    12.8
19900501 19900531     6.6
19900601 19900630    39.2
19900701 19900731    57.6
19900801 19900831    29.4
19900901 19900930    28.8
19901001 19901031    40.2
19901101 19901130     2.2
19901201 19901231     0.0
19910101 19910131    12.7
19910201 19910228     0.0
19910301 19910331     8.2
19910401 19910430    11.8
19910501 19910531    26.2
19910601 19910630    71.3
19910701 19910731    41.6
19910801 19910831    27.8
19910901 19910930    19.6
19911001 19911031    14.2
19911101 19911130    31.6
19911201 19911231    71.6
19920101 19920131     0.0
19920201 19920229    48.2
19920301 19920331    41.4
19920401 19920430    61.4
19920501 19920531     8.2
19920601 19920630    66.0
19920701 19920731    40.7
19920801 19920831    68.0
19920901 19920930    53.0
19921001 19921031     6.2
19921101 19921130     9.2
19921201 19921231     0.6
19930101 19930131     0.0
19930201 19930228     0.0
19930301 19930331    10.0
19930401 19930430    12.8
19930501 19930531    84.8
19930601 19930630    56.6
19930701 19930731    32.6
19930801 19930831    45.6
19930901 19930930    23.2
19931001 19931031     6.0
19931101 19931130    28.8
19931201 19931231     1.6
19940101 19940131     3.5
19940201 19940228    18.0
19940301 19940331     0.0
19940401 19940430     0.0
19940501 19940531    34.4
19940601 19940630    23.6
19940701 19940731    29.4
19940801 19940831    49.4
19940901 19940930    16.8
19941001 19941031     0.4
19941101 19941130     0.0
19941201 19941231     5.2
19950101 19950131     5.6
19950201 19950228    12.0
19950301 19950331    24.0
19950401 19950430    12.4
19950501 19950531    37.8
19950601 19950630    44.0
19950701 19950731   118.0
19950801 19950831    21.0
19950901 19950930    27.4
19951001 19951031    20.2
19951101 19951130     2.2
19951201 19951231    19.8
19960101 19960131     0.0
19960201 19960229     6.2
19960301 19960331     3.8
19960401 19960430    32.6
19960501 19960531    20.2
19960601 19960630    44.5
19960701 19960731    82.2
19960801 19960831    38.6
19960901 19960930    44.4
19961001 19961031    12.2
19961101 19961130    23.0
19961201 19961231     0.0
19970101 19970131     3.2
19970201 19970228    21.4
19970301 19970331    12.2
19970401 19970430    27.8
19970501 19970531    34.6
19970601 19970630    21.8
19970701 19970731    48.6
19970801 19970831    50.8
19970901 19970930    25.0
19971001 19971031     9.8
19971101 19971130    22.0
19971201 19971231     1.2
19980101 19980131     0.0
19980201 19980228     0.0
19980301 19980331     2.2
19980401 19980430    44.6
19980501 19980531    44.0
19980601 19980630    92.6
19980701 19980731    47.4
19980801 19980831    48.4
19980901 19980930    27.8
19981001 19981031     2.8
19981101 19981130     0.6
19981201 19981231     0.0
19990101 19990131     0.0
19990201 19990228     0.0
19990301 19990331    92.1
19990401 19990430     8.2
19990501 19990531    96.2
19990601 19990630    45.8
19990701 19990731    62.2
19990801 19990831    45.1
19990901 19990930    45.2
19991001 19991031    29.6
19991101 19991130     9.0
19991201 19991231    15.2
20000101 20000131    92.6
20000201 20000229     0.0
20000301 20000331    51.6
20000401 20000430    12.6
20000501 20000531     9.6
20000601 20000630    18.4
20000701 20000731    44.4
20000801 20000831    34.8
20000901 20000930    10.4
20001001 20001031     1.0
20001101 20001130     0.0
20001201 20001231     4.6
20010101 20010131    46.0
20010201 20010228    14.7
20010301 20010331     1.6
20010401 20010430     2.6
20010501 20010531    57.3
20010601 20010630    13.2
20010701 20010731    43.8
20010801 20010831    21.4
20010901 20010930    31.6
20011001 20011031    14.6
20011101 20011130    27.2
20011201 20011231     1.4
20020101 20020131     8.0
20020201 20020228     0.0
20020301 20020331     2.0
20020401 20020430    19.0
20020501 20020531     5.0
20020601 20020630    25.4
20020701 20020731    28.3
20020801 20020831    32.6
20020901 20020930    17.0
20021001 20021031     9.6
20021101 20021130    19.2
20021201 20021231    31.0
20030101 20030131     1.2
20030201 20030228    27.8
20030301 20030331    13.6
20030401 20030430    42.2
20030501 20030531    44.2
20030601 20030630    64.4
20030701 20030731    36.2
20030801 20030831    61.2
20030901 20030930    35.4
20031001 20031031     3.6
20031101 20031130    17.8
20031201 20031231     0.0
20040101 20040131    24.0
20040201 20040229    28.2
20040301 20040331     0.0
20040401 20040430     5.6
20040501 20040531    52.0
20040601 20040630    71.4
20040701 20040731    34.5
20040801 20040831    59.0
20040901 20040930    14.6
20041001 20041031    13.0
20041101 20041130    19.0
20041201 20041231     0.0
20050101 20050131     0.0
20050201 20050228     0.0
20050301 20050331    58.6
20050401 20050430    23.0
20050501 20050531    57.2
20050601 20050630    61.3
20050701 20050731    14.4
20050801 20050831    48.0
20050901 20050930    25.0
20051001 20051031     4.6
20051101 20051130     3.0
20051201 20051231     2.6
20060101 20060131    89.8
20060201 20060228    34.8
20060301 20060331     4.2
20060401 20060430    19.4
20060501 20060531    18.6
20060601 20060630    13.6
20060701 20060731    26.0
20060801 20060831    29.0
20060901 20060930    47.4
20061001 20061031    28.4
20061101 20061130    29.9
20061201 20061231    12.8
20070101 20070131    49.2
20070201 20070228     7.4
20070301 20070331     0.0
20070401 20070430    46.8
20070501 20070531    20.6
20070601 20070630    18.2
20070701 20070731    53.2
20070801 20070831    23.6
20070901 20070930    23.0
20071001 20071031    27.8
20071101 20071130     0.0
20071201 20071231    42.4
20080101 20080131     0.0
20080201 20080229    14.4
20080301 20080331     2.6
20080401 20080430    29.1
20080501 20080531     6.6
20080601 20080630    25.4
20080701 20080731    87.4
20080801 20080831    11.2
20080901 20080930    21.2
20081001 20081031    44.0
20081101 20081130     8.2
20081201 20081231     6.0
20090101 20090131     6.6
20090201 20090228     2.4
20090301 20090331    32.8
20090401 20090430    10.0
20090501 20090531     9.8
20090601 20090630    33.2
20090701 20090731    60.8
20090801 20090831    43.4
20090901 20090930    23.1
20091001 20091031    22.4
20091101 20091130    14.6
20091201 20091231     5.2
20100101 20100131     0.0
20100201 20100228     0.6
20100301 20100331    22.6
20100401 20100430     0.0
20100501 20100531    30.0
20100601 20100630    16.8
20100701 20100731    36.8
20100801 20100831    28.0
20100901 20100930     9.2
20101001 20101031     1.2
20101101 20101130     3.2
20101201 20101231    11.6
20110101 20110131    44.6
20110201 20110228    13.0
20110301 20110331     0.0
20110401 20110430     4.2
20110501 20110531    33.2
20110601 20110630    41.2
20110701 20110731    66.7
20110801 20110831    44.1
20110901 20110930    17.4
20111001 20111031    57.8
20111101 20111130    24.8
20111201 20111231    22.6
20120101 20120131     7.2
20120201 20120229     4.0
20120301 20120331     5.0
20120401 20120430     0.0
20120501 20120531    11.4
20120601 20120630    73.2
20120701 20120731    16.6
20120801 20120831    33.2
20120901 20120930    36.4
20121001 20121031     4.0
20121101 20121130    46.6
20121201 20121231    12.2
20130101 20130131    38.0
20130201 20130228    11.4
20130301 20130331    24.8
20130401 20130430     3.0
20130501 20130531    27.0
20130601 20130630     3.4
20130701 20130731    23.4
20130801 20130831    37.6
20130901 20130930    39.4
20131001 20131031    23.2
20131101 20131130     2.6
20131201 20131231     0.0
20140101 20140131     4.0
20140201 20140228     4.2
20140301 20140331     1.2
20140401 20140430    19.6
20140501 20140531    34.0
20140601 20140630    30.0
20140701 20140731    47.2
20140801 20140831    27.8
20140901 20140930    27.0
20141001 20141031     7.2
20141101 20141130    25.2
20141201 20141231    11.0
20150101 20150131     0.0
20150201 20150228     9.4
20150301 20150331    38.2
20150401 20150430    18.4
20150501 20150531    17.2
20150601 20150630    47.1
20150701 20150731    75.4
20150801 20150831    68.6
20150901 20150930     4.0
20151001 20151031     6.0
20151101 20151130    34.2
20151201 20151231    13.0
20160101 20160131    54.2
20160201 20160229     0.0
20160301 20160331    77.1
20160401 20160430    66.7
20160501 20160531    54.8
20160601 20160630    36.6
20160701 20160731    31.4
20160801 20160831    33.4
20160901 20160930    19.6
20161001 20161031     8.4
20161101 20161130     0.0
20161201 20161231    13.8
20170101 20170131    71.4
20170201 20170228    46.0
20170301 20170331    30.8
20170401 20170430     0.0
20170501 20170531    17.0
20170601 20170630    11.2
20170701 20170731    34.2
20170801 20170831    41.0
20170901 20170930    25.8
20171001 20171031     3.0
20171101 20171130    13.6
20171201 20171231     4.2
