PRCP       043038 18970901 20180131 missing_value=99999.9 WALLUMBILLA POST OFFICE                   
18970901 18970930    46.0
18971001 18971031    86.5
18971101 18971130     1.0
18971201 18971231    74.6
18980101 18980131   147.6
18980201 18980228    44.1
18980301 18980331    16.8
18980401 18980430     0.0
18980501 18980531     8.6
18980601 18980630    27.9
18980701 18980731     8.6
18980801 18980831     8.1
18980901 18980930    64.3
18981001 18981031    56.1
18981101 18981130    36.8
18981201 18981231    53.3
18990101 18990131    70.8
18990201 18990228    87.9
18990301 18990331    12.7
18990401 18990430    36.5
18990501 18990531    17.8
18990601 18990630    17.8
18990701 18990731    55.7
18990801 18990831    25.7
18990901 18990930     7.6
18991001 18991031    11.2
18991101 18991130    14.3
18991201 18991231    41.8
19000101 19000131    23.4
19000201 19000228    53.1
19000301 19000331    36.3
19000401 19000430    10.7
19000501 19000531    51.9
19000601 19000630    70.6
19000701 19000731    68.2
19000801 19000831    38.1
19000901 19000930    24.1
19001001 19001031     2.3
19001101 19001130    46.0
19001201 19001231    56.9
19010101 19010131    46.5
19010201 19010228     0.5
19010301 19010331    61.2
19010401 19010430    24.7
19010501 19010531    27.9
19010601 19010630    65.3
19010701 19010731    40.4
19010801 19010831    35.6
19010901 19010930    30.4
19011001 19011031     5.0
19011101 19011130     5.8
19011201 19011231     0.8
19020101 19020131    36.8
19020201 19020228     3.8
19020301 19020331     3.0
19020401 19020430     3.6
19020501 19020531     0.0
19020601 19020630     8.1
19020701 19020731     0.0
19020801 19020831    15.5
19020901 19020930    12.4
19021001 19021031    21.7
19021101 19021130    41.4
19021201 19021231    95.8
19030101 19030131    41.4
19030201 19030228     8.9
19030301 19030331   107.4
19030401 19030430    25.9
19030501 19030531   116.0
19030601 19030630     7.1
19030701 19030731    97.3
19030801 19030831    59.2
19030901 19030930   135.2
19031001 19031031    65.9
19031101 19031130    94.7
19031201 19031231   117.0
19040101 19040131    21.0
19040201 19040229    32.5
19040301 19040331    54.9
19040401 19040430    80.0
19040501 19040531   117.7
19040601 19040630     8.9
19040701 19040731    24.4
19040801 19040831    15.2
19040901 19040930    52.3
19041001 19041031    57.7
19041101 19041130     5.6
19041201 19041231    85.9
19050101 19050131    35.3
19050201 19050228    19.1
19050301 19050331    63.5
19050401 19050430    64.6
19050501 19050531    51.9
19050601 19050630     6.4
19050701 19050731    11.6
19050801 19050831     7.6
19050901 19050930     3.8
19051001 19051031    41.5
19051101 19051130    61.1
19051201 19051231    28.0
19060101 19060131    44.6
19060201 19060228   286.2
19060301 19060331    63.4
19060401 19060430     3.3
19060501 19060531    70.9
19060601 19060630    16.8
19060701 19060731    43.7
19060801 19060831    41.4
19060901 19060930    68.1
19061001 19061031    68.8
19061101 19061130    78.3
19061201 19061231   114.0
19070101 19070131   122.4
19070201 19070228   115.1
19070301 19070331    73.7
19070401 19070430     3.8
19070501 19070531    38.9
19070601 19070630    63.1
19070701 19070731     8.6
19070801 19070831     7.4
19070901 19070930     0.0
19071001 19071031    20.3
19071101 19071130   120.6
19071201 19071231    30.7
19080101 19080131     0.0
19080201 19080229   177.5
19080301 19080331   207.0
19080401 19080430    13.5
19080501 19080531     0.0
19080601 19080630    20.6
19080701 19080731    12.4
19080801 19080831    31.3
19080901 19080930    49.2
19081001 19081031    33.3
19081101 19081130    66.9
19081201 19081231    20.3
19090101 19090131   120.2
19090201 19090228    89.8
19090301 19090331    73.4
19090401 19090430    47.3
19090501 19090531     5.1
19090601 19090630    75.5
19090701 19090731    36.8
19090801 19090831   109.5
19090901 19090930     0.0
19091001 19091031    31.5
19091101 19091130    35.8
19091201 19091231    42.7
19100101 19100131   174.8
19100201 19100228    77.5
19100301 19100331   160.8
19100401 19100430     0.0
19100501 19100531     0.0
19100601 19100630    98.4
19100701 19100731    29.2
19100801 19100831    15.8
19100901 19100930    16.5
19101001 19101031    59.7
19101101 19101130    78.2
19101201 19101231    61.2
19110101 19110131   297.0
19110201 19110228   241.0
19110301 19110331    20.8
19110401 19110430     5.1
19110501 19110531    30.4
19110601 19110630     0.0
19110701 19110731     8.7
19110801 19110831    23.6
19110901 19110930    31.3
19111001 19111031    16.9
19111101 19111130    34.6
19111201 19111231    37.8
19120101 19120131    51.3
19120201 19120229    15.0
19120301 19120331    66.1
19120401 19120430     0.0
19120501 19120531     1.0
19120601 19120630   180.6
19120701 19120731    86.3
19120801 19120831    15.5
19120901 19120930     9.7
19121001 19121031    51.5
19121101 19121130    78.0
19121201 19121231     2.0
19130101 19130131    42.4
19130201 19130228   127.7
19130301 19130331    89.2
19130401 19130430    30.7
19130501 19130531    80.8
19130601 19130630    79.6
19130701 19130731     7.7
19130801 19130831     0.0
19130901 19130930    16.7
19131001 19131031    39.1
19131101 19131130    10.2
19131201 19131231    58.5
19140101 19140131    75.0
19140201 19140228   149.3
19140301 19140331    59.5
19140401 19140430    42.2
19140501 19140531    35.1
19140601 19140630    35.6
19140701 19140731    34.8
19140801 19140831     2.5
19140901 19140930    17.0
19141001 19141031    31.4
19141101 19141130   115.6
19141201 19141231    85.6
19150101 19150131    37.5
19150201 19150228     2.0
19150301 19150331    10.2
19150401 19150430    26.2
19150501 19150531    44.2
19150601 19150630     4.6
19150701 19150731    39.1
19150801 19150831    32.2
19150901 19150930    28.4
19151001 19151031    13.2
19151101 19151130    20.5
19151201 19151231    23.3
19160101 19160131   130.3
19160201 19160229    91.0
19160301 19160331    58.0
19160401 19160430    48.8
19160501 19160531     0.0
19160601 19160630    80.7
19160701 19160731    72.3
19160801 19160831    37.6
19160901 19160930    17.3
19161001 19161031    76.7
19161101 19161130   127.9
19161201 19161231    58.1
19170101 19170131    64.8
19170201 19170228   219.7
19170301 19170331   141.4
19170401 19170430    20.4
19170501 19170531     2.5
19170601 19170630     8.1
19170701 19170731     8.9
19170801 19170831    20.0
19170901 19170930   175.5
19171001 19171031    50.4
19171101 19171130   101.5
19171201 19171231   145.4
19180101 19180131   161.2
19180201 19180228    38.1
19180301 19180331     7.9
19180401 19180430    64.5
19180501 19180531     6.6
19180601 19180630     1.5
19180701 19180731     7.6
19180801 19180831    23.6
19180901 19180930     7.9
19181001 19181031    30.7
19181101 19181130    19.6
19181201 19181231    19.8
19190101 19190131    14.9
19190201 19190228    94.0
19190301 19190331    65.8
19190401 19190430    31.2
19190501 19190531    65.0
19190601 19190630    37.1
19190701 19190731     2.0
19190801 19190831    18.2
19190901 19190930     0.0
19191001 19191031     5.4
19191101 19191130     5.1
19191201 19191231    98.5
19200101 19200131    56.2
19200201 19200229    83.5
19200301 19200331    17.3
19200401 19200430    20.0
19200501 19200531    26.0
19200601 19200630    81.6
19200701 19200731    91.1
19200801 19200831    26.6
19200901 19200930    56.2
19201001 19201031    98.9
19201101 19201130    21.3
19201201 19201231   121.0
19210101 19210131    50.1
19210201 19210228    13.8
19210301 19210331    55.4
19210401 19210430     3.6
19210501 19210531    14.0
19210601 19210630   107.7
19210701 19210731   240.2
19210801 19210831    38.6
19210901 19210930    11.7
19211001 19211031    51.0
19211101 19211130    27.4
19211201 19211231   135.2
19220101 19220131    76.8
19220201 19220228    16.8
19220301 19220331     8.2
19220401 19220430     0.0
19220501 19220531     3.0
19220601 19220630    41.7
19220701 19220731    11.9
19220801 19220831     0.0
19220901 19220930     3.3
19221001 19221031    50.8
19221101 19221130    12.7
19221201 19221231   159.9
19230101 19230131    39.2
19230201 19230228    12.9
19230301 19230331    32.5
19230401 19230430    24.7
19230501 19230531     1.0
19230601 19230630    50.4
19230701 19230731    33.5
19230801 19230831     1.0
19230901 19230930    27.7
19231001 19231031    15.3
19231101 19231130    10.4
19231201 19231231    75.6
19240101 19240131    69.3
19240201 19240229   208.2
19240301 19240331    90.5
19240401 19240430    29.0
19240501 19240531     0.0
19240601 19240630     5.8
19240701 19240731    55.6
19240801 19240831    82.8
19240901 19240930    56.4
19241001 19241031   131.3
19241101 19241130   202.5
19241201 19241231    79.7
19250101 19250131    86.6
19250201 19250228   100.4
19250301 19250331    24.4
19250401 19250430     0.0
19250501 19250531    43.9
19250601 19250630    24.1
19250701 19250731    15.5
19250801 19250831    37.6
19250901 19250930     3.3
19251001 19251031     8.6
19251101 19251130    51.3
19251201 19251231    75.2
19260101 19260131    57.2
19260201 19260228     4.1
19260301 19260331    58.7
19260401 19260430    19.3
19260501 19260531   165.0
19260601 19260630    14.5
19260701 19260731     1.5
19260801 19260831    12.2
19260901 19260930    30.9
19261001 19261031     6.8
19261101 19261130    20.8
19261201 19261231   162.3
19270101 19270131   106.5
19270201 19270228    97.4
19270301 19270331    52.3
19270401 19270430    29.7
19270501 19270531     0.0
19270601 19270630    26.4
19270701 19270731     1.8
19270801 19270831    11.4
19270901 19270930     3.0
19271001 19271031    85.7
19271101 19271130    97.0
19271201 19271231   114.4
19280101 19280131    45.3
19280201 19280229   194.3
19280301 19280331    11.2
19280401 19280430    73.1
19280501 19280531    10.2
19280601 19280630    42.5
19280701 19280731    16.2
19280801 19280831     0.0
19280901 19280930     0.0
19281001 19281031     5.8
19281101 19281130    50.3
19281201 19281231    59.9
19290101 19290131    15.5
19290201 19290228   123.6
19290301 19290331    52.6
19290401 19290430    88.9
19290501 19290531     0.0
19290601 19290630    17.1
19290701 19290731     4.8
19290801 19290831     9.4
19290901 19290930     0.0
19291001 19291031    57.2
19291101 19291130    18.8
19291201 19291231    56.1
19300101 19300131    30.1
19300201 19300228    32.5
19300301 19300331    74.8
19300401 19300430    43.2
19300501 19300531    65.9
19300601 19300630    44.5
19300701 19300731    22.4
19300801 19300831    31.8
19300901 19300930    18.8
19301001 19301031    42.0
19301101 19301130    31.1
19301201 19301231    11.7
19310101 19310131    14.9
19310201 19310228    37.8
19310301 19310331    50.5
19310401 19310430    19.1
19310501 19310531    36.5
19310601 19310630    22.6
19310701 19310731    18.3
19310801 19310831     4.3
19310901 19310930    11.4
19311001 19311031    59.7
19311101 19311130   130.6
19311201 19311231   147.8
19320101 19320131    16.8
19320201 19320229    10.6
19320301 19320331    12.0
19320401 19320430    54.5
19320501 19320531    43.4
19320601 19320630    13.5
19320701 19320731    13.7
19320801 19320831     2.0
19320901 19320930    32.3
19321001 19321031    16.7
19321101 19321130    73.2
19321201 19321231    45.8
19330101 19330131    40.6
19330201 19330228    17.7
19330301 19330331     1.8
19330401 19330430    54.9
19330501 19330531     3.6
19330601 19330630    32.0
19330701 19330731    89.1
19330801 19330831    32.5
19330901 19330930    71.6
19331001 19331031    91.7
19331101 19331130    95.6
19331201 19331231    42.9
19340101 19340131    15.0
19340201 19340228    84.6
19340301 19340331     9.4
19340401 19340430    36.0
19340501 19340531    17.8
19340601 19340630    33.2
19340701 19340731    46.0
19340801 19340831    10.7
19340901 19340930     8.7
19341001 19341031    58.4
19341101 19341130   164.8
19341201 19341231    54.4
19350101 19350131    61.4
19350201 19350228    10.2
19350301 19350331     4.8
19350401 19350430    11.7
19350501 19350531     4.1
19350601 19350630    17.5
19350701 19350731    37.6
19350801 19350831    17.8
19350901 19350930    83.1
19351001 19351031    90.2
19351101 19351130    11.0
19351201 19351231    26.8
19360101 19360131    42.0
19360201 19360229    60.5
19360301 19360331   134.6
19360401 19360430    12.2
19360501 19360531     1.8
19360601 19360630    30.5
19360701 19360731    63.9
19360801 19360831     8.1
19360901 19360930    14.9
19361001 19361031     8.9
19361101 19361130    27.1
19361201 19361231    96.6
19370101 19370131    47.3
19370201 19370228    84.4
19370301 19370331   170.9
19370401 19370430    11.9
19370501 19370531     1.0
19370601 19370630    11.7
19370701 19370731    21.6
19370801 19370831    21.4
19370901 19370930    10.9
19371001 19371031    24.1
19371101 19371130    45.1
19371201 19371231    24.7
19380101 19380131   180.3
19380201 19380228     5.8
19380301 19380331    60.6
19380401 19380430    27.2
19380501 19380531   125.0
19380601 19380630    22.4
19380701 19380731    11.5
19380801 19380831    16.7
19380901 19380930    16.5
19381001 19381031    72.8
19381101 19381130    42.5
19381201 19381231     0.0
19390101 19390131   163.1
19390201 19390228     3.3
19390301 19390331   137.2
19390401 19390430    44.6
19390501 19390531     1.3
19390601 19390630    34.7
19390701 19390731    48.4
19390801 19390831    23.7
19390901 19390930     0.0
19391001 19391031    18.3
19391101 19391130    20.3
19391201 19391231    68.8
19400101 19400131    35.9
19400201 19400229   384.4
19400301 19400331   101.8
19400401 19400430    23.7
19400501 19400531    38.9
19400601 19400630     0.8
19400701 19400731     8.7
19400801 19400831     2.3
19400901 19400930    14.7
19401001 19401031     6.1
19401101 19401130    54.3
19401201 19401231    94.3
19410101 19410131   221.4
19410201 19410228     0.0
19410301 19410331   125.6
19410401 19410430     9.7
19410501 19410531    59.7
19410601 19410630    16.2
19410701 19410731     6.9
19410801 19410831     0.0
19410901 19410930     1.5
19411001 19411031    15.4
19411101 19411130    64.3
19411201 19411231    32.0
19420101 19420131    79.4
19420201 19420228    63.9
19420301 19420331    18.3
19420401 19420430    72.4
19420501 19420531    36.1
19420601 19420630    22.7
19420701 19420731    54.0
19420801 19420831     6.8
19420901 19420930     2.0
19421001 19421031    58.9
19421101 19421130    88.7
19421201 19421231   139.9
19430101 19430131    58.1
19430201 19430228    21.1
19430301 19430331     2.8
19430401 19430430    42.7
19430501 19430531    42.5
19430601 19430630    27.2
19430701 19430731     3.1
19430801 19430831    35.1
19430901 19430930   101.7
19431001 19431031    44.0
19431101 19431130    68.3
19431201 19431231    44.7
19440101 19440131     8.4
19440201 19440229    59.1
19440301 19440331    15.7
19440401 19440430    20.3
19440501 19440531     1.8
19440601 19440630    21.6
19440701 19440731    50.1
19440801 19440831    63.5
19440901 19440930    35.9
19441001 19441031    21.6
19441101 19441130    31.0
19441201 19441231    43.2
19450101 19450131    68.5
19450201 19450228    33.6
19450301 19450331    11.9
19450401 19450430    58.6
19450501 19450531    10.6
19450601 19450630   104.0
19450701 19450731    46.0
19450801 19450831    18.3
19450901 19450930     2.8
19451001 19451031    16.1
19451101 19451130    71.0
19451201 19451231    42.0
19460101 19460131    54.9
19460201 19460228     5.8
19460301 19460331     0.0
19460401 19460430    36.6
19460501 19460531     2.3
19460601 19460630     0.0
19460701 19460731     1.3
19460801 19460831     0.0
19460901 19460930    44.7
19461001 19461031    11.9
19461101 19461130     8.8
19461201 19461231    53.4
19470101 19470131    35.8
19470201 19470228   212.4
19470301 19470331    70.1
19470401 19470430     1.8
19470501 19470531    35.6
19470601 19470630     6.1
19470701 19470731     2.1
19470801 19470831    36.1
19470901 19470930    67.1
19471001 19471031    86.7
19471101 19471130    96.7
19471201 19471231   226.5
19480101 19480131    21.9
19480201 19480229    44.0
19480301 19480331    44.9
19480401 19480430     8.4
19480501 19480531    75.7
19480601 19480630    60.9
19480701 19480731    47.7
19480801 19480831     0.0
19480901 19480930    82.8
19481001 19481031    11.0
19481101 19481130    35.8
19481201 19481231    93.8
19490101 19490131    72.9
19490201 19490228    93.6
19490301 19490331    84.6
19490401 19490430     6.6
19490501 19490531     4.6
19490601 19490630    31.5
19490701 19490731    11.7
19490801 19490831     0.0
19490901 19490930    27.3
19491001 19491031   159.8
19491101 19491130    71.4
19491201 19491231    34.3
19500101 19500131    60.3
19500201 19500228   212.1
19500301 19500331    19.5
19500401 19500430    53.9
19500501 19500531    37.3
19500601 19500630    66.3
19500701 19500731   123.6
19500801 19500831    14.5
19500901 19500930    19.0
19501001 19501031    89.0
19501101 19501130   196.9
19501201 19501231     0.5
19510101 19510131    94.2
19510201 19510228    23.1
19510301 19510331    31.5
19510401 19510430     1.0
19510501 19510531     4.1
19510601 19510630    10.0
19510701 19510731     2.0
19510801 19510831    11.1
19510901 19510930    14.0
19511001 19511031    41.4
19511101 19511130    48.8
19511201 19511231    33.0
19520101 19520131    18.5
19520201 19520229    57.3
19520301 19520331   123.3
19520401 19520430    39.5
19520501 19520531    41.7
19520601 19520630    11.2
19520701 19520731    26.5
19520801 19520831    13.8
19520901 19520930    12.5
19521001 19521031   115.0
19521101 19521130     8.2
19521201 19521231    49.4
19530101 19530131   156.9
19530201 19530228   229.6
19530301 19530331    27.5
19530401 19530430    35.3
19530501 19530531    27.4
19530601 19530630     0.8
19530701 19530731     0.8
19530801 19530831    62.2
19530901 19530930     0.0
19531001 19531031    66.7
19531101 19531130    29.2
19531201 19531231    21.6
19540101 19540131   135.3
19540201 19540228   267.7
19540301 19540331    36.5
19540401 19540430    17.1
19540501 19540531    11.7
19540601 19540630    22.1
19540701 19540731   193.9
19540801 19540831    68.8
19540901 19540930    28.6
19541001 19541031   177.0
19541101 19541130    71.5
19541201 19541231    39.6
19550101 19550131   167.7
19550201 19550228   114.6
19550301 19550331    43.7
19550401 19550430    85.9
19550501 19550531    98.8
19550601 19550630     6.2
19550701 19550731    68.9
19550801 19550831    12.7
19550901 19550930    59.5
19551001 19551031    70.6
19551101 19551130     7.2
19551201 19551231    84.3
19560101 19560131   123.2
19560201 19560229   138.7
19560301 19560331   121.9
19560401 19560430    65.5
19560501 19560531    76.0
19560601 19560630    85.9
19560701 19560731    40.3
19560801 19560831     0.8
19560901 19560930    16.8
19561001 19561031    15.7
19561101 19561130    97.1
19561201 19561231   116.9
19570101 19570131    50.3
19570201 19570228    37.1
19570301 19570331    27.4
19570401 19570430    26.4
19570501 19570531     0.8
19570601 19570630    38.1
19570701 19570731    21.9
19570801 19570831     9.7
19570901 19570930     2.0
19571001 19571031    24.9
19571101 19571130    12.4
19571201 19571231    11.7
19580101 19580131    70.1
19580201 19580228    70.2
19580301 19580331   109.9
19580401 19580430    20.1
19580501 19580531     2.3
19580601 19580630   159.3
19580701 19580731    14.8
19580801 19580831    32.1
19580901 19580930     6.9
19581001 19581031    46.3
19581101 19581130    21.6
19581201 19581231   189.2
19590101 19590131   148.2
19590201 19590228   170.5
19590301 19590331    88.2
19590401 19590430    15.2
19590501 19590531    44.2
19590601 19590630     5.1
19590701 19590731    68.7
19590801 19590831     0.5
19590901 19590930    10.7
19591001 19591031    91.4
19591101 19591130    30.2
19591201 19591231   195.5
19600101 19600131    11.4
19600201 19600229    69.8
19600301 19600331    35.3
19600401 19600430    25.5
19600501 19600531    44.4
19600601 19600630    29.7
19600701 19600731     9.6
19600801 19600831    27.2
19600901 19600930    12.0
19601001 19601031    34.6
19601101 19601130    51.7
19601201 19601231    25.6
19610101 19610131    15.5
19610201 19610228   131.6
19610301 19610331    66.9
19610401 19610430    22.7
19610501 19610531    38.1
19610601 19610630    23.1
19610701 19610731    67.9
19610801 19610831    28.5
19610901 19610930     8.6
19611001 19611031    56.4
19611101 19611130   132.9
19611201 19611231   248.2
19620101 19620131   151.9
19620201 19620228    23.6
19620301 19620331   146.7
19620401 19620430   108.7
19620501 19620531     8.1
19620601 19620630    16.2
19620701 19620731    30.3
19620801 19620831    13.5
19620901 19620930    27.7
19621001 19621031    30.1
19621101 19621130    21.3
19621201 19621231   143.5
19630101 19630131   104.0
19630201 19630228    43.7
19630301 19630331   202.6
19630401 19630430     3.8
19630501 19630531    42.5
19630601 19630630    28.0
19630701 19630731     0.0
19630801 19630831    58.1
19630901 19630930     3.8
19631001 19631031    15.9
19631101 19631130    92.7
19631201 19631231    44.5
19640101 19640131    17.0
19640201 19640229    60.9
19640301 19640331    46.0
19640401 19640430     8.9
19640501 19640531    64.4
19640601 19640630    17.0
19640701 19640731    18.0
19640801 19640831    28.5
19640901 19640930    71.5
19641001 19641031    57.6
19641101 19641130    33.0
19641201 19641231    47.7
19650101 19650131    26.4
19650201 19650228    46.0
19650301 19650331     0.8
19650401 19650430    29.2
19650501 19650531    11.4
19650601 19650630     4.4
19650701 19650731    54.6
19650801 19650831    23.8
19650901 19650930    53.8
19651001 19651031    32.2
19651101 19651130    51.0
19651201 19651231   125.9
19660101 19660131    38.7
19660201 19660228    52.8
19660301 19660331    59.1
19660401 19660430     8.4
19660501 19660531     9.1
19660601 19660630   100.7
19660701 19660731     3.6
19660801 19660831   112.5
19660901 19660930     9.6
19661001 19661031    25.9
19661101 19661130    42.7
19661201 19661231    40.8
19670101 19670131    72.3
19670201 19670228    44.5
19670301 19670331    54.6
19670401 19670430     3.3
19670501 19670531    25.9
19670601 19670630    93.2
19670701 19670731    21.6
19670801 19670831    33.2
19670901 19670930     0.0
19671001 19671031    55.8
19671101 19671130    34.8
19671201 19671231   183.0
19680101 19680131    63.5
19680201 19680229    76.2
19680301 19680331    73.2
19680401 19680430    36.3
19680501 19680531    23.4
19680601 19680630    10.4
19680701 19680731    66.6
19680801 19680831    46.2
19680901 19680930    41.2
19681001 19681031    26.9
19681101 19681130     5.3
19681201 19681231    95.1
19690101 19690131    37.5
19690201 19690228     0.5
19690301 19690331    89.6
19690401 19690430     4.6
19690501 19690531    88.4
19690601 19690630    50.6
19690701 19690731     7.7
19690801 19690831     9.7
19690901 19690930    14.5
19691001 19691031    79.8
19691101 19691130    99.1
19691201 19691231    70.1
19700101 19700131    77.8
19700201 19700228    37.4
19700301 19700331    35.5
19700401 19700430    11.9
19700501 19700531    11.7
19700601 19700630    28.7
19700701 19700731     0.0
19700801 19700831     4.1
19700901 19700930    70.4
19701001 19701031    54.1
19701101 19701130    86.3
19701201 19701231   194.2
19710101 19710131   160.5
19710201 19710228   131.1
19710301 19710331    40.9
19710401 19710430     6.6
19710501 19710531    53.1
19710601 19710630     4.3
19710701 19710731    21.0
19710801 19710831    55.9
19710901 19710930    56.8
19711001 19711031    35.2
19711101 19711130    20.0
19711201 19711231   188.3
19720101 19720131   105.7
19720201 19720229    93.6
19720301 19720331     1.3
19720401 19720430    29.9
19720501 19720531    14.5
19720601 19720630     0.5
19720701 19720731     0.0
19720801 19720831    32.0
19720901 19720930    33.1
19721001 19721031   103.1
19721101 19721130   143.4
19721201 19721231    79.0
19730101 19730131    67.3
19730201 19730228    88.5
19730301 19730331    24.6
19730401 19730430     0.0
19730501 19730531    15.0
19730601 19730630    10.2
19730701 19730731   151.0
19730801 19730831    58.8
19730901 19730930    90.9
19731001 19731031    55.4
19731101 19731130   117.8
19731201 19731231    91.5
19740101 19740131   158.6
19740201 19740228     3.6
19740301 19740331     9.0
19740401 19740430    94.4
19740501 19740531    44.4
19740601 19740630    13.6
19740701 19740731    14.0
19740801 19740831    35.6
19740901 19740930    31.4
19741001 19741031    48.2
19741101 19741130    61.0
19741201 19741231    16.2
19750101 19750131   173.0
19750201 19750228    96.6
19750301 19750331    57.2
19750401 19750430     4.1
19750501 19750531     0.0
19750601 19750630    21.6
19750701 19750731    47.2
19750801 19750831    16.9
19750901 19750930    63.2
19751001 19751031    71.0
19751101 19751130    28.4
19751201 19751231   117.4
19760101 19760131    61.6
19760201 19760229    78.4
19760301 19760331    32.8
19760401 19760430     0.0
19760501 19760531    12.2
19760601 19760630     7.6
19760701 19760731    33.4
19760801 19760831     3.4
19760901 19760930    75.4
19761001 19761031    56.0
19761101 19761130    81.0
19761201 19761231    43.4
19770101 19770131    96.8
19770201 19770228    39.8
19770301 19770331    94.2
19770401 19770430    29.9
19770501 19770531   118.0
19770601 19770630     3.0
19770701 19770731     5.0
19770801 19770831     5.0
19770901 19770930     0.2
19771001 19771031    14.2
19771101 19771130    57.6
19771201 19771231     6.8
19780101 19780131   200.0
19780201 19780228    82.9
19780301 19780331    49.0
19780401 19780430    27.0
19780501 19780531    60.0
19780601 19780630    60.8
19780701 19780731    85.4
19780801 19780831    79.0
19780901 19780930    70.6
19781001 19781031    21.0
19781101 19781130    71.0
19781201 19781231    93.6
19790101 19790131    12.0
19790201 19790228    33.0
19790301 19790331   184.0
19790401 19790430    10.0
19790501 19790531    13.0
19790601 19790630    23.0
19790701 19790731    12.0
19790801 19790831    14.2
19790901 19790930    17.6
19791001 19791031    51.2
19791101 19791130    61.6
19791201 19791231    19.6
19800101 19800131    22.8
19800201 19800229    39.4
19800301 19800331    22.8
19800401 19800430     7.8
19800501 19800531    55.5
19800601 19800630     1.4
19800701 19800731    38.1
19800801 19800831    12.0
19800901 19800930     0.0
19801001 19801031    65.2
19801101 19801130    42.8
19801201 19801231    56.7
19810101 19810131    59.1
19810201 19810228    77.0
19810301 19810331    17.9
19810401 19810430    42.8
19810501 19810531    86.8
19810601 19810630    52.8
19810701 19810731    37.0
19810801 19810831     9.4
19810901 19810930     0.0
19811001 19811031    57.1
19811101 19811130   123.8
19811201 19811231    78.8
19820101 19820131   146.3
19820201 19820228    28.9
19820301 19820331    53.1
19820401 19820430    18.0
19820501 19820531    25.8
19820601 19820630     0.8
19820701 19820731     8.0
19820801 19820831     3.8
19820901 19820930     9.4
19821001 19821031    40.4
19821101 19821130     1.0
19821201 19821231    72.7
19830101 19830131    49.4
19830201 19830228    23.2
19830301 19830331    12.6
19830401 19830430   129.2
19830501 19830531   215.4
19830601 19830630    93.3
19830701 19830731    22.2
19830801 19830831    32.4
19830901 19830930    16.6
19831001 19831031    35.6
19831101 19831130   181.3
19831201 19831231    58.8
19840101 19840131   203.1
19840201 19840229    32.5
19840301 19840331    21.6
19840401 19840430    61.8
19840501 19840531     4.0
19840601 19840630    41.2
19840701 19840731   163.8
19840801 19840831    45.0
19840901 19840930    23.4
19841001 19841031    80.7
19841101 19841130    12.6
19841201 19841231   126.1
19850101 19850131    69.8
19850201 19850228    98.4
19850301 19850331    38.2
19850401 19850430     0.0
19850501 19850531    23.8
19850601 19850630    54.6
19850701 19850731    43.4
19850801 19850831    47.4
19850901 19850930     6.4
19851001 19851031    94.2
19851101 19851130    44.6
19851201 19851231    91.4
19860101 19860131    29.0
19860201 19860228    92.4
19860301 19860331     0.0
19860401 19860430    14.3
19860501 19860531    27.2
19860601 19860630     0.0
19860701 19860731    57.2
19860801 19860831    20.6
19860901 19860930    21.2
19861001 19861031    94.8
19861101 19861130    60.4
19861201 19861231    35.0
19870101 19870131   134.2
19870201 19870228    24.0
19870301 19870331    17.0
19870401 19870430     1.4
19870501 19870531    18.6
19870601 19870630    23.4
19870701 19870731     2.0
19870801 19870831    34.6
19870901 19870930     2.0
19871001 19871031    57.6
19871101 19871130    45.8
19871201 19871231    41.0
19880101 19880131    72.6
19880201 19880229   136.6
19880301 19880331    57.6
19880401 19880430   164.6
19880501 19880531    24.7
19880601 19880630     6.6
19880701 19880731    50.4
19880801 19880831    29.4
19880901 19880930    22.8
19881001 19881031     0.0
19881101 19881130    55.0
19881201 19881231    55.6
19890101 19890131    84.6
19890201 19890228    49.4
19890301 19890331   118.6
19890401 19890430   142.2
19890501 19890531    24.0
19890601 19890630    69.6
19890701 19890731    12.6
19890801 19890831    22.0
19890901 19890930     2.4
19891001 19891031    93.2
19891101 19891130   119.0
19891201 19891231    29.0
19900101 19900131    17.0
19900201 19900228    33.2
19900301 19900331   109.4
19900401 19900430   119.2
19900501 19900531    74.6
19900601 19900630    20.0
19900701 19900731     6.8
19900801 19900831    19.2
19900901 19900930    20.3
19901001 19901031    32.8
19901101 19901130    14.1
19901201 19901231    92.9
19910101 19910131    90.8
19910201 19910228    56.8
19910301 19910331    13.4
19910401 19910430     0.0
19910501 19910531    50.4
19910601 19910630     1.2
19910701 19910731    29.2
19910801 19910831     0.0
19910901 19910930     0.0
19911001 19911031    10.8
19911101 19911130    70.8
19911201 19911231   143.3
19920101 19920131   108.4
19920201 19920229    63.8
19920301 19920331     9.3
19920401 19920430    40.0
19920501 19920531    63.1
19920601 19920630     0.0
19920701 19920731    13.8
19920801 19920831    22.0
19920901 19920930    36.6
19921001 19921031    33.6
19921101 19921130    47.7
19921201 19921231    29.0
19930101 19930131    40.2
19930201 19930228    16.6
19930301 19930331     0.0
19930401 19930430     0.0
19930501 19930531     1.4
19930601 19930630    65.0
19930701 19930731    47.2
19930801 19930831    13.6
19930901 19930930    46.4
19931001 19931031    50.4
19931101 19931130    23.4
19931201 19931231   138.8
19940101 19940131     5.8
19940201 19940228   150.4
19940301 19940331   153.8
19940401 19940430     0.0
19940501 19940531     0.0
19940601 19940630    27.8
19940701 19940731     0.0
19940801 19940831     0.0
19940901 19940930     0.0
19941001 19941031    59.7
19941101 19941130    45.6
19941201 19941231    18.4
19950101 19950131   117.5
19950201 19950228   106.4
19950301 19950331     5.0
19950401 19950430     0.0
19950501 19950531    34.6
19950601 19950630    35.8
19950701 19950731    15.8
19950801 19950831     8.0
19950901 19950930    26.6
19951001 19951031    75.9
19951101 19951130   156.7
19951201 19951231    73.4
19960101 19960131   184.3
19960201 19960229    14.2
19960301 19960331    19.4
19960401 19960430    16.8
19960501 19960531    94.0
19960601 19960630    14.6
19960701 19960731     3.2
19960801 19960831    20.2
19960901 19960930    40.2
19961001 19961031    51.0
19961101 19961130    24.0
19961201 19961231    89.8
19970101 19970131    40.4
19970201 19970228   120.0
19970301 19970331    53.7
19970401 19970430     2.0
19970501 19970531    61.4
19970601 19970630     0.4
19970701 19970731     4.8
19970801 19970831     0.2
19970901 19970930    27.2
19971001 19971031    55.3
19971101 19971130    75.1
19971201 19971231    81.6
19980101 19980131    60.0
19980201 19980228   115.2
19980301 19980331     3.0
19980401 19980430    78.8
19980501 19980531    53.8
19980601 19980630    42.2
19980701 19980731    54.8
19980801 19980831    90.0
19980901 19980930    62.4
19981001 19981031    33.6
19981101 19981130    79.3
19981201 19981231    25.8
19990101 19990131    97.7
19990201 19990228    25.4
19990301 19990331   104.6
19990401 19990430    28.8
19990501 19990531    18.4
19990601 19990630    25.2
19990701 19990731    23.0
19990801 19990831     7.4
19990901 19990930     0.0
19991001 19991031    52.1
19991101 19991130    84.4
19991201 19991231   100.4
20000101 20000131   113.8
20000201 20000229    86.4
20000301 20000331    46.2
20000401 20000430     4.8
20000501 20000531    37.0
20000601 20000630    16.2
20000701 20000731     0.0
20000801 20000831    35.6
20000901 20000930     0.0
20001001 20001031   124.5
20001101 20001130   102.0
20001201 20001231    17.8
20010101 20010131    29.4
20010201 20010228    18.8
20010301 20010331   108.8
20010401 20010430    48.4
20010501 20010531     0.8
20010601 20010630     4.3
20010701 20010731    67.4
20010801 20010831     0.0
20010901 20010930    30.8
20011001 20011031    42.8
20011101 20011130   178.9
20011201 20011231    52.8
20020101 20020131    69.0
20020201 20020228    90.6
20020301 20020331    46.8
20020401 20020430     0.0
20020501 20020531     0.0
20020601 20020630     3.6
20020701 20020731     7.4
20020801 20020831    62.2
20020901 20020930     0.0
20021001 20021031     2.8
20021101 20021130    24.2
20021201 20021231    77.0
20030101 20030131     2.2
20030201 20030228    41.4
20030301 20030331    27.0
20030401 20030430   174.0
20030501 20030531     8.0
20030601 20030630    82.6
20030701 20030731    22.5
20030801 20030831    37.6
20030901 20030930     0.0
20031001 20031031    39.0
20031101 20031130    47.2
20031201 20031231    48.2
20040101 20040131   215.2
20040201 20040229    69.6
20040301 20040331    64.0
20040401 20040430    72.0
20040501 20040531     9.2
20040601 20040630     0.0
20040701 20040731    16.8
20040801 20040831    18.4
20040901 20040930    26.6
20041001 20041031    38.4
20041101 20041130    80.8
20041201 20041231   171.8
20050101 20050131     6.6
20050201 20050228     0.0
20050301 20050331 99999.9
20050401 20050430 99999.9
20050501 20050531 99999.9
20050601 20050630 99999.9
20050701 20050731 99999.9
20050801 20050831 99999.9
20050901 20050930 99999.9
20051001 20051031 99999.9
20051101 20051130 99999.9
20051201 20051231 99999.9
20060101 20060131    25.0
20060201 20060228    23.4
20060301 20060331    45.4
20060401 20060430    36.2
20060501 20060531     0.0
20060601 20060630     9.4
20060701 20060731    10.6
20060801 20060831     4.8
20060901 20060930     9.4
20061001 20061031     2.0
20061101 20061130    87.4
20061201 20061231    24.8
20070101 20070131    83.0
20070201 20070228 99999.9
20070301 20070331 99999.9
20070401 20070430 99999.9
20070501 20070531 99999.9
20070601 20070630 99999.9
20070701 20070731 99999.9
20070801 20070831 99999.9
20070901 20070930 99999.9
20071001 20071031 99999.9
20071101 20071130 99999.9
20071201 20071231 99999.9
20080101 20080131 99999.9
20080201 20080229    93.4
20080301 20080331     2.8
20080401 20080430    23.6
20080501 20080531     7.2
20080601 20080630    72.0
20080701 20080731    55.0
20080801 20080831     0.8
20080901 20080930    32.6
20081001 20081031 99999.9
20081101 20081130 99999.9
20081201 20081231 99999.9
20090101 20090131 99999.9
20090201 20090228 99999.9
20090301 20090331 99999.9
20090401 20090430 99999.9
20090501 20090531 99999.9
20090601 20090630 99999.9
20090701 20090731 99999.9
20090801 20090831 99999.9
20090901 20090930 99999.9
20091001 20091031 99999.9
20091101 20091130 99999.9
20091201 20091231 99999.9
20100101 20100131 99999.9
20100201 20100228 99999.9
20100301 20100331 99999.9
20100401 20100430 99999.9
20100501 20100531 99999.9
20100601 20100630 99999.9
20100701 20100731    53.8
20100801 20100831    61.8
20100901 20100930   147.4
20101001 20101031    58.8
20101101 20101130   159.2
20101201 20101231   221.4
20110101 20110131    99.8
20110201 20110228 99999.9
20110301 20110331 99999.9
20110401 20110430 99999.9
20110501 20110531 99999.9
20110601 20110630 99999.9
20110701 20110731 99999.9
20110801 20110831 99999.9
20110901 20110930 99999.9
20111001 20111031 99999.9
20111101 20111130 99999.9
20111201 20111231   157.4
20120101 20120131   109.8
20120201 20120229   154.0
20120301 20120331    72.6
20120401 20120430    14.8
20120501 20120531    32.0
20120601 20120630    57.0
20120701 20120731 99999.9
20120801 20120831 99999.9
20120901 20120930 99999.9
20121001 20121031 99999.9
20121101 20121130    28.8
20121201 20121231    68.6
20130101 20130131 99999.9
20130201 20130228    44.0
20130301 20130331    88.4
20130401 20130430    11.6
20130501 20130531    41.8
20130601 20130630    12.6
20130701 20130731     7.4
20130801 20130831 99999.9
20130901 20130930     0.6
20131001 20131031    37.0
20131101 20131130   115.8
20131201 20131231    12.0
20140101 20140131    13.0
20140201 20140228    13.0
20140301 20140331   187.4
20140401 20140430     9.8
20140501 20140531     6.4
20140601 20140630    16.0
20140701 20140731     2.8
20140801 20140831     9.8
20140901 20140930    20.8
20141001 20141031    11.4
20141101 20141130    17.8
20141201 20141231   114.0
20150101 20150131    76.1
20150201 20150228    23.6
20150301 20150331    26.9
20150401 20150430    13.4
20150501 20150531    13.8
20150601 20150630    44.0
20150701 20150731    19.2
20150801 20150831    27.6
20150901 20150930     7.5
20151001 20151031    12.2
20151101 20151130    91.2
20151201 20151231    77.1
20160101 20160131    76.2
20160201 20160229    79.8
20160301 20160331    16.2
20160401 20160430     1.6
20160501 20160531    23.6
20160601 20160630    50.2
20160701 20160731    51.4
20160801 20160831    47.2
20160901 20160930   127.2
20161001 20161031    25.4
20161101 20161130     7.8
20161201 20161231    32.6
20170101 20170131    50.2
20170201 20170228    26.4
20170301 20170331   170.8
20170401 20170430     0.4
20170501 20170531    23.6
20170601 20170630     7.6
20170701 20170731    11.4
20170801 20170831     3.4
20170901 20170930     0.0
20171001 20171031   166.6
20171101 20171130    53.2
20171201 20171231    35.4
20180101 20180131    12.4
