PRCP       061071 18890501 20180131 missing_value=99999.9 STROUD POST OFFICE                        
18890501 18890531   221.2
18890601 18890630    33.5
18890701 18890731   293.9
18890801 18890831   135.7
18890901 18890930    78.7
18891001 18891031   145.1
18891101 18891130    96.7
18891201 18891231    17.4
18900101 18900131   156.8
18900201 18900228   448.0
18900301 18900331   350.7
18900401 18900430   197.7
18900501 18900531   182.5
18900601 18900630    90.9
18900701 18900731   173.9
18900801 18900831    34.8
18900901 18900930    49.3
18901001 18901031    21.4
18901101 18901130   139.6
18901201 18901231    54.6
18910101 18910131   127.6
18910201 18910228   216.3
18910301 18910331   141.7
18910401 18910430    67.5
18910501 18910531    66.6
18910601 18910630   216.8
18910701 18910731   116.5
18910801 18910831    65.6
18910901 18910930   161.5
18911001 18911031    54.4
18911101 18911130   139.7
18911201 18911231    93.3
18920101 18920131   142.8
18920201 18920229   196.9
18920301 18920331   421.0
18920401 18920430   258.3
18920501 18920531    41.4
18920601 18920630    27.2
18920701 18920731    39.3
18920801 18920831   111.0
18920901 18920930   105.7
18921001 18921031    99.6
18921101 18921130   120.0
18921201 18921231   168.0
18930101 18930131   168.0
18930201 18930228   198.7
18930301 18930331   493.3
18930401 18930430    34.2
18930501 18930531    38.3
18930601 18930630   221.2
18930701 18930731    92.4
18930801 18930831    90.7
18930901 18930930    47.9
18931001 18931031   235.6
18931101 18931130   122.4
18931201 18931231    75.7
18940101 18940131    94.9
18940201 18940228   114.9
18940301 18940331   429.5
18940401 18940430    82.0
18940501 18940531    62.1
18940601 18940630    27.0
18940701 18940731    29.8
18940801 18940831    22.0
18940901 18940930    82.9
18941001 18941031   118.8
18941101 18941130     9.2
18941201 18941231   158.0
18950101 18950131   538.3
18950201 18950228   157.8
18950301 18950331    47.6
18950401 18950430    42.3
18950501 18950531    65.4
18950601 18950630    15.3
18950701 18950731     6.9
18950801 18950831    12.2
18950901 18950930    52.3
18951001 18951031    15.2
18951101 18951130   168.0
18951201 18951231   178.6
18960101 18960131    74.2
18960201 18960229   235.5
18960301 18960331    91.1
18960401 18960430    14.2
18960501 18960531   130.8
18960601 18960630    61.4
18960701 18960731    62.5
18960801 18960831    48.7
18960901 18960930     8.2
18961001 18961031    57.7
18961101 18961130   118.6
18961201 18961231   125.4
18970101 18970131    14.8
18970201 18970228    26.2
18970301 18970331    23.1
18970401 18970430    87.4
18970501 18970531    41.0
18970601 18970630   155.5
18970701 18970731    79.0
18970801 18970831   131.0
18970901 18970930    14.0
18971001 18971031    28.9
18971101 18971130     5.1
18971201 18971231   274.7
18980101 18980131   139.9
18980201 18980228    61.9
18980301 18980331    77.4
18980401 18980430    70.0
18980501 18980531   131.6
18980601 18980630   159.1
18980701 18980731   106.0
18980801 18980831    96.1
18980901 18980930    98.3
18981001 18981031    29.4
18981101 18981130    26.1
18981201 18981231   110.9
18990101 18990131    42.4
18990201 18990228    34.6
18990301 18990331    11.2
18990401 18990430   181.5
18990501 18990531    66.2
18990601 18990630   110.0
18990701 18990731   213.1
18990801 18990831   494.3
18990901 18990930    59.2
18991001 18991031    55.5
18991101 18991130    74.9
18991201 18991231    50.3
19000101 19000131    14.2
19000201 19000228    11.6
19000301 19000331    59.9
19000401 19000430    55.9
19000501 19000531    96.9
19000601 19000630   214.0
19000701 19000731   149.1
19000801 19000831    13.5
19000901 19000930    86.6
19001001 19001031    73.9
19001101 19001130    90.5
19001201 19001231    59.3
19010101 19010131    76.8
19010201 19010228    17.9
19010301 19010331    49.0
19010401 19010430    49.1
19010501 19010531    73.6
19010601 19010630    22.4
19010701 19010731   104.4
19010801 19010831    32.7
19010901 19010930    16.4
19011001 19011031   140.8
19011101 19011130    27.7
19011201 19011231    13.2
19020101 19020131    47.1
19020201 19020228    15.2
19020301 19020331    41.7
19020401 19020430   186.7
19020501 19020531    11.5
19020601 19020630     8.4
19020701 19020731    87.6
19020801 19020831   101.7
19020901 19020930    24.9
19021001 19021031   197.9
19021101 19021130    43.2
19021201 19021231    41.2
19030101 19030131     1.8
19030201 19030228    71.8
19030301 19030331   195.3
19030401 19030430    26.7
19030501 19030531    54.6
19030601 19030630    38.6
19030701 19030731    61.2
19030801 19030831   110.8
19030901 19030930   151.5
19031001 19031031   178.9
19031101 19031130   127.3
19031201 19031231    68.2
19040101 19040131    31.8
19040201 19040229   131.8
19040301 19040331   116.3
19040401 19040430   205.2
19040501 19040531    13.5
19040601 19040630     0.0
19040701 19040731   226.7
19040801 19040831     6.6
19040901 19040930    21.6
19041001 19041031    34.4
19041101 19041130    43.1
19041201 19041231    50.3
19050101 19050131    64.3
19050201 19050228    38.1
19050301 19050331    92.5
19050401 19050430   112.5
19050501 19050531    35.5
19050601 19050630    11.7
19050701 19050731    10.6
19050801 19050831    43.8
19050901 19050930    45.9
19051001 19051031    44.7
19051101 19051130    78.7
19051201 19051231   107.2
19060101 19060131    39.4
19060201 19060228    13.7
19060301 19060331   133.3
19060401 19060430    47.0
19060501 19060531    71.9
19060601 19060630     7.7
19060701 19060731     2.8
19060801 19060831   190.2
19060901 19060930    42.6
19061001 19061031    45.7
19061101 19061130    69.5
19061201 19061231    35.6
19070101 19070131   142.8
19070201 19070228    43.2
19070301 19070331   229.2
19070401 19070430    20.9
19070501 19070531    53.4
19070601 19070630   171.3
19070701 19070731     3.8
19070801 19070831     6.9
19070901 19070930     0.0
19071001 19071031     2.4
19071101 19071130    68.1
19071201 19071231    79.1
19080101 19080131   101.5
19080201 19080229   511.7
19080301 19080331   128.2
19080401 19080430   136.0
19080501 19080531    40.8
19080601 19080630     5.1
19080701 19080731   177.2
19080801 19080831   190.0
19080901 19080930    57.7
19081001 19081031     9.9
19081101 19081130    45.2
19081201 19081231    30.1
19090101 19090131    35.8
19090201 19090228   136.1
19090301 19090331    15.0
19090401 19090430    49.2
19090501 19090531    29.6
19090601 19090630    90.4
19090701 19090731    23.7
19090801 19090831    59.8
19090901 19090930   243.6
19091001 19091031    50.5
19091101 19091130   111.6
19091201 19091231   208.2
19100101 19100131   195.9
19100201 19100228    40.4
19100301 19100331   226.0
19100401 19100430    88.7
19100501 19100531   130.1
19100601 19100630   147.7
19100701 19100731    42.5
19100801 19100831     6.1
19100901 19100930    24.8
19101001 19101031   112.9
19101101 19101130    37.9
19101201 19101231   130.8
19110101 19110131   238.0
19110201 19110228    92.0
19110301 19110331    75.3
19110401 19110430    83.8
19110501 19110531    59.0
19110601 19110630    18.3
19110701 19110731   250.1
19110801 19110831   213.9
19110901 19110930    69.3
19111001 19111031    35.1
19111101 19111130    78.8
19111201 19111231    42.6
19120101 19120131    78.3
19120201 19120229   242.9
19120301 19120331   184.5
19120401 19120430    99.0
19120501 19120531    54.4
19120601 19120630    69.5
19120701 19120731   260.9
19120801 19120831    43.9
19120901 19120930     2.5
19121001 19121031    27.4
19121101 19121130    55.4
19121201 19121231   278.1
19130101 19130131    50.6
19130201 19130228   158.5
19130301 19130331    83.4
19130401 19130430   302.8
19130501 19130531   320.0
19130601 19130630   222.6
19130701 19130731    69.4
19130801 19130831     6.8
19130901 19130930    82.6
19131001 19131031    50.4
19131101 19131130    20.9
19131201 19131231    23.1
19140101 19140131    54.9
19140201 19140228    75.7
19140301 19140331   148.7
19140401 19140430    18.6
19140501 19140531    20.5
19140601 19140630   142.2
19140701 19140731    76.3
19140801 19140831    41.3
19140901 19140930   187.2
19141001 19141031   230.9
19141101 19141130    66.5
19141201 19141231   224.4
19150101 19150131    46.5
19150201 19150228    51.3
19150301 19150331    16.1
19150401 19150430    65.0
19150501 19150531   285.0
19150601 19150630    41.1
19150701 19150731    59.5
19150801 19150831    38.2
19150901 19150930    25.4
19151001 19151031    18.8
19151101 19151130    11.9
19151201 19151231   153.1
19160101 19160131    46.5
19160201 19160229   144.7
19160301 19160331    82.5
19160401 19160430    91.1
19160501 19160531   194.3
19160601 19160630   136.5
19160701 19160731    50.4
19160801 19160831    42.1
19160901 19160930    36.8
19161001 19161031   190.8
19161101 19161130    56.7
19161201 19161231   148.3
19170101 19170131    82.9
19170201 19170228   134.4
19170301 19170331   115.7
19170401 19170430   138.6
19170501 19170531    63.1
19170601 19170630    65.8
19170701 19170731     5.0
19170801 19170831    29.0
19170901 19170930   206.4
19171001 19171031    70.4
19171101 19171130   225.8
19171201 19171231    68.2
19180101 19180131   152.3
19180201 19180228   205.4
19180301 19180331    95.0
19180401 19180430   104.3
19180501 19180531    26.8
19180601 19180630    27.9
19180701 19180731   101.2
19180801 19180831    55.9
19180901 19180930   115.1
19181001 19181031    37.8
19181101 19181130    22.3
19181201 19181231    53.1
19190101 19190131    50.6
19190201 19190228   116.7
19190301 19190331   191.8
19190401 19190430    95.6
19190501 19190531   346.3
19190601 19190630    49.2
19190701 19190731    97.8
19190801 19190831    10.7
19190901 19190930    42.7
19191001 19191031   114.9
19191101 19191130   101.0
19191201 19191231    83.2
19200101 19200131   189.3
19200201 19200229    72.3
19200301 19200331    53.9
19200401 19200430    38.2
19200501 19200531    39.9
19200601 19200630    60.9
19200701 19200731   125.5
19200801 19200831    30.5
19200901 19200930    53.5
19201001 19201031    17.9
19201101 19201130    71.4
19201201 19201231   285.9
19210101 19210131   187.4
19210201 19210228    75.3
19210301 19210331   126.4
19210401 19210430   157.5
19210501 19210531   238.4
19210601 19210630   148.1
19210701 19210731   204.6
19210801 19210831    33.6
19210901 19210930    79.3
19211001 19211031   106.9
19211101 19211130    57.1
19211201 19211231   141.4
19220101 19220131   194.0
19220201 19220228   187.2
19220301 19220331    25.4
19220401 19220430    36.0
19220501 19220531    46.6
19220601 19220630    58.0
19220701 19220731   248.6
19220801 19220831   136.6
19220901 19220930   184.5
19221001 19221031    29.0
19221101 19221130     4.9
19221201 19221231    87.2
19230101 19230131    52.2
19230201 19230228     5.1
19230301 19230331    25.9
19230401 19230430   168.9
19230501 19230531     9.6
19230601 19230630   107.6
19230701 19230731    63.1
19230801 19230831    95.4
19230901 19230930    45.6
19231001 19231031    28.0
19231101 19231130    42.9
19231201 19231231   104.0
19240101 19240131   115.1
19240201 19240229    83.1
19240301 19240331    46.3
19240401 19240430   156.0
19240501 19240531    52.0
19240601 19240630    52.9
19240701 19240731    74.7
19240801 19240831    48.5
19240901 19240930    77.7
19241001 19241031    27.2
19241101 19241130   150.2
19241201 19241231   162.8
19250101 19250131   172.7
19250201 19250228    81.9
19250301 19250331    81.7
19250401 19250430    35.7
19250501 19250531   169.1
19250601 19250630   133.0
19250701 19250731    18.1
19250801 19250831   103.2
19250901 19250930    32.5
19251001 19251031    36.5
19251101 19251130    65.0
19251201 19251231    61.2
19260101 19260131    66.6
19260201 19260228    11.0
19260301 19260331   225.8
19260401 19260430   127.7
19260501 19260531   155.1
19260601 19260630    61.9
19260701 19260731   138.2
19260801 19260831    29.9
19260901 19260930    31.8
19261001 19261031    16.9
19261101 19261130     5.9
19261201 19261231   214.6
19270101 19270131   139.7
19270201 19270228    88.3
19270301 19270331   191.5
19270401 19270430   537.8
19270501 19270531   122.7
19270601 19270630    41.5
19270701 19270731     5.8
19270801 19270831     1.8
19270901 19270930    42.3
19271001 19271031    32.3
19271101 19271130   172.6
19271201 19271231   160.5
19280101 19280131   101.1
19280201 19280229   230.0
19280301 19280331   167.0
19280401 19280430   104.6
19280501 19280531    56.0
19280601 19280630   262.0
19280701 19280731   103.4
19280801 19280831    19.6
19280901 19280930     0.0
19281001 19281031    33.4
19281101 19281130    36.1
19281201 19281231    31.5
19290101 19290131    27.8
19290201 19290228   442.6
19290301 19290331    63.2
19290401 19290430    71.9
19290501 19290531    33.1
19290601 19290630    35.3
19290701 19290731   111.3
19290801 19290831    63.8
19290901 19290930   141.9
19291001 19291031   259.9
19291101 19291130    87.4
19291201 19291231    14.4
19300101 19300131    60.9
19300201 19300228   131.6
19300301 19300331   263.4
19300401 19300430   129.7
19300501 19300531    78.0
19300601 19300630   328.5
19300701 19300731    26.3
19300801 19300831    14.6
19300901 19300930     3.8
19301001 19301031    82.9
19301101 19301130    32.4
19301201 19301231   207.4
19310101 19310131    64.0
19310201 19310228    50.1
19310301 19310331   156.4
19310401 19310430   430.5
19310501 19310531    92.1
19310601 19310630    39.9
19310701 19310731    84.5
19310801 19310831    17.4
19310901 19310930    44.8
19311001 19311031    26.9
19311101 19311130    64.2
19311201 19311231   167.3
19320101 19320131    18.9
19320201 19320229    78.7
19320301 19320331   102.6
19320401 19320430    67.5
19320501 19320531   128.8
19320601 19320630    53.7
19320701 19320731   167.8
19320801 19320831    56.7
19320901 19320930   245.0
19321001 19321031    29.8
19321101 19321130    86.5
19321201 19321231    59.7
19330101 19330131    75.5
19330201 19330228    21.7
19330301 19330331    61.4
19330401 19330430   107.7
19330501 19330531    60.7
19330601 19330630    57.0
19330701 19330731   210.6
19330801 19330831    10.4
19330901 19330930   129.2
19331001 19331031   133.5
19331101 19331130   104.9
19331201 19331231   106.7
19340101 19340131    67.1
19340201 19340228   185.3
19340301 19340331    37.6
19340401 19340430   125.2
19340501 19340531   120.2
19340601 19340630    35.8
19340701 19340731   111.1
19340801 19340831   121.2
19340901 19340930   114.9
19341001 19341031    50.3
19341101 19341130    92.6
19341201 19341231   107.8
19350101 19350131    90.8
19350201 19350228    84.8
19350301 19350331   101.7
19350401 19350430    27.7
19350501 19350531    19.8
19350601 19350630    25.3
19350701 19350731    46.5
19350801 19350831    12.4
19350901 19350930    83.8
19351001 19351031    55.0
19351101 19351130    17.9
19351201 19351231   102.1
19360101 19360131   137.7
19360201 19360229   106.7
19360301 19360331   153.4
19360401 19360430   111.5
19360501 19360531    61.5
19360601 19360630    57.3
19360701 19360731    28.1
19360801 19360831    32.5
19360901 19360930    36.9
19361001 19361031     8.9
19361101 19361130    12.0
19361201 19361231   144.8
19370101 19370131   108.4
19370201 19370228    49.9
19370301 19370331   122.8
19370401 19370430    75.2
19370501 19370531    14.3
19370601 19370630   228.7
19370701 19370731    83.6
19370801 19370831    56.1
19370901 19370930    14.3
19371001 19371031   104.2
19371101 19371130   165.3
19371201 19371231    92.2
19380101 19380131   177.8
19380201 19380228   115.8
19380301 19380331    44.7
19380401 19380430   100.7
19380501 19380531    87.7
19380601 19380630    53.3
19380701 19380731    42.0
19380801 19380831    93.5
19380901 19380930    82.5
19381001 19381031    50.8
19381101 19381130   115.9
19381201 19381231    25.4
19390101 19390131   120.3
19390201 19390228     0.0
19390301 19390331   476.3
19390401 19390430   104.9
19390501 19390531    64.8
19390601 19390630     9.6
19390701 19390731    46.2
19390801 19390831    44.6
19390901 19390930    90.4
19391001 19391031   198.6
19391101 19391130    31.5
19391201 19391231    23.8
19400101 19400131    27.7
19400201 19400229    16.8
19400301 19400331    59.4
19400401 19400430   127.0
19400501 19400531    59.6
19400601 19400630    21.4
19400701 19400731    23.5
19400801 19400831   140.6
19400901 19400930    75.2
19401001 19401031    51.1
19401101 19401130    70.7
19401201 19401231   206.5
19410101 19410131   152.2
19410201 19410228   117.7
19410301 19410331    40.1
19410401 19410430    58.3
19410501 19410531    28.0
19410601 19410630    73.1
19410701 19410731    51.3
19410801 19410831    36.6
19410901 19410930     8.9
19411001 19411031    87.8
19411101 19411130    22.3
19411201 19411231    29.8
19420101 19420131    18.7
19420201 19420228    81.6
19420301 19420331   390.4
19420401 19420430    24.9
19420501 19420531    25.4
19420601 19420630    63.0
19420701 19420731   157.4
19420801 19420831    27.9
19420901 19420930     6.6
19421001 19421031   355.9
19421101 19421130   143.5
19421201 19421231    63.5
19430101 19430131    98.4
19430201 19430228    18.8
19430301 19430331    41.6
19430401 19430430    43.8
19430501 19430531   301.5
19430601 19430630    22.5
19430701 19430731    13.5
19430801 19430831   159.3
19430901 19430930    73.9
19431001 19431031    62.2
19431101 19431130   151.4
19431201 19431231   118.9
19440101 19440131   108.3
19440201 19440229    84.9
19440301 19440331    45.3
19440401 19440430    58.3
19440501 19440531    56.7
19440601 19440630    28.7
19440701 19440731    91.1
19440801 19440831   138.8
19440901 19440930    55.6
19441001 19441031    15.8
19441101 19441130     4.6
19441201 19441231    23.7
19450101 19450131    58.9
19450201 19450228   143.7
19450301 19450331    33.5
19450401 19450430    85.0
19450501 19450531    85.2
19450601 19450630   341.6
19450701 19450731    96.0
19450801 19450831    37.3
19450901 19450930     6.1
19451001 19451031    61.3
19451101 19451130    73.3
19451201 19451231    78.5
19460101 19460131    27.7
19460201 19460228    61.6
19460301 19460331   452.4
19460401 19460430   520.3
19460501 19460531    28.2
19460601 19460630    81.7
19460701 19460731     1.5
19460801 19460831     3.1
19460901 19460930    56.9
19461001 19461031    14.9
19461101 19461130    88.7
19461201 19461231    71.3
19470101 19470131    61.0
19470201 19470228   256.6
19470301 19470331    79.2
19470401 19470430    90.1
19470501 19470531   123.6
19470601 19470630    59.5
19470701 19470731    15.6
19470801 19470831    16.6
19470901 19470930    31.6
19471001 19471031    75.2
19471101 19471130    93.7
19471201 19471231   198.5
19480101 19480131   121.9
19480201 19480229    72.3
19480301 19480331   167.3
19480401 19480430    40.7
19480501 19480531   120.9
19480601 19480630   106.3
19480701 19480731    17.2
19480801 19480831    33.3
19480901 19480930   147.1
19481001 19481031    26.3
19481101 19481130    27.1
19481201 19481231    79.0
19490101 19490131   177.5
19490201 19490228   216.9
19490301 19490331   253.2
19490401 19490430   130.1
19490501 19490531    43.3
19490601 19490630   278.0
19490701 19490731   158.1
19490801 19490831    87.8
19490901 19490930   145.0
19491001 19491031    58.1
19491101 19491130    89.3
19491201 19491231    54.4
19500101 19500131   133.7
19500201 19500228   200.9
19500301 19500331    44.9
19500401 19500430   143.5
19500501 19500531   120.7
19500601 19500630   521.0
19500701 19500731   129.2
19500801 19500831   115.5
19500901 19500930    44.3
19501001 19501031   132.8
19501101 19501130   170.9
19501201 19501231    58.0
19510101 19510131   509.0
19510201 19510228    47.6
19510301 19510331    83.3
19510401 19510430    30.8
19510501 19510531    20.2
19510601 19510630   279.7
19510701 19510731    29.4
19510801 19510831    33.7
19510901 19510930    27.8
19511001 19511031    22.4
19511101 19511130     5.8
19511201 19511231    42.4
19520101 19520131    26.5
19520201 19520229   190.8
19520301 19520331    72.5
19520401 19520430   115.4
19520501 19520531    55.1
19520601 19520630    80.5
19520701 19520731    92.7
19520801 19520831   338.0
19520901 19520930     2.3
19521001 19521031   105.9
19521101 19521130    38.1
19521201 19521231    60.1
19530101 19530131   118.2
19530201 19530228   180.3
19530301 19530331   144.2
19530401 19530430    29.5
19530501 19530531   163.0
19530601 19530630    11.9
19530701 19530731    61.1
19530801 19530831    70.6
19530901 19530930    21.5
19531001 19531031    73.3
19531101 19531130    21.8
19531201 19531231    25.1
19540101 19540131   155.0
19540201 19540228   348.2
19540301 19540331    59.0
19540401 19540430    25.6
19540501 19540531    54.8
19540601 19540630   101.1
19540701 19540731    61.7
19540801 19540831    55.4
19540901 19540930   153.0
19541001 19541031   121.6
19541101 19541130   113.6
19541201 19541231    87.4
19550101 19550131   138.7
19550201 19550228   366.5
19550301 19550331   223.8
19550401 19550430   158.1
19550501 19550531    85.6
19550601 19550630    70.3
19550701 19550731    39.4
19550801 19550831    11.2
19550901 19550930    29.4
19551001 19551031    63.8
19551101 19551130   105.6
19551201 19551231   112.7
19560101 19560131   170.1
19560201 19560229   349.4
19560301 19560331   488.5
19560401 19560430    13.2
19560501 19560531   146.4
19560601 19560630    92.2
19560701 19560731    35.8
19560801 19560831    48.7
19560901 19560930    22.6
19561001 19561031    58.5
19561101 19561130     8.4
19561201 19561231    59.1
19570101 19570131    30.3
19570201 19570228   278.3
19570301 19570331   164.0
19570401 19570430    32.9
19570501 19570531     1.3
19570601 19570630    26.0
19570701 19570731   110.7
19570801 19570831   154.8
19570901 19570930    27.7
19571001 19571031     4.3
19571101 19571130    14.5
19571201 19571231    34.6
19580101 19580131   133.1
19580201 19580228   148.8
19580301 19580331    37.6
19580401 19580430    82.2
19580501 19580531    22.3
19580601 19580630   134.2
19580701 19580731    25.5
19580801 19580831    41.6
19580901 19580930    79.1
19581001 19581031    63.2
19581101 19581130    20.1
19581201 19581231   175.3
19590101 19590131   177.3
19590201 19590228   130.8
19590301 19590331   237.3
19590401 19590430   104.0
19590501 19590531    79.4
19590601 19590630    84.3
19590701 19590731    94.1
19590801 19590831   144.5
19590901 19590930    54.7
19591001 19591031   265.5
19591101 19591130   112.8
19591201 19591231   119.1
19600101 19600131   119.4
19600201 19600229    83.9
19600301 19600331    85.1
19600401 19600430    36.2
19600501 19600531    55.9
19600601 19600630   280.5
19600701 19600731    27.7
19600801 19600831    11.7
19600901 19600930    43.0
19601001 19601031    71.4
19601101 19601130    84.3
19601201 19601231   153.2
19610101 19610131   118.7
19610201 19610228    85.6
19610301 19610331    70.4
19610401 19610430   109.7
19610501 19610531    53.6
19610601 19610630   150.1
19610701 19610731    14.8
19610801 19610831   105.5
19610901 19610930    30.5
19611001 19611031   107.4
19611101 19611130   101.7
19611201 19611231   222.4
19620101 19620131   176.6
19620201 19620228   158.0
19620301 19620331   115.6
19620401 19620430   202.7
19620501 19620531   259.0
19620601 19620630    13.2
19620701 19620731    37.9
19620801 19620831    46.1
19620901 19620930    64.8
19621001 19621031    63.5
19621101 19621130    28.9
19621201 19621231   242.5
19630101 19630131   125.6
19630201 19630228    46.7
19630301 19630331   527.0
19630401 19630430   225.5
19630501 19630531   195.9
19630601 19630630   120.9
19630701 19630731    65.1
19630801 19630831   137.7
19630901 19630930   121.6
19631001 19631031    65.3
19631101 19631130    97.5
19631201 19631231   101.8
19640101 19640131    63.2
19640201 19640229    82.6
19640301 19640331    78.2
19640401 19640430    77.7
19640501 19640531    87.5
19640601 19640630   136.7
19640701 19640731    15.5
19640801 19640831    31.0
19640901 19640930    19.9
19641001 19641031    46.2
19641101 19641130    28.2
19641201 19641231    24.8
19650101 19650131    49.6
19650201 19650228    22.1
19650301 19650331     4.4
19650401 19650430    53.4
19650501 19650531    24.2
19650601 19650630    60.0
19650701 19650731   120.9
19650801 19650831    20.8
19650901 19650930    59.4
19651001 19651031    96.6
19651101 19651130    18.1
19651201 19651231    97.7
19660101 19660131    62.0
19660201 19660228   131.6
19660301 19660331   258.9
19660401 19660430    72.9
19660501 19660531    42.2
19660601 19660630    74.2
19660701 19660731    19.0
19660801 19660831    75.2
19660901 19660930    24.2
19661001 19661031    68.1
19661101 19661130    89.4
19661201 19661231   124.8
19670101 19670131    97.1
19670201 19670228   118.2
19670301 19670331   198.2
19670401 19670430   131.0
19670501 19670531   132.5
19670601 19670630   275.8
19670701 19670731    53.4
19670801 19670831   183.5
19670901 19670930    82.5
19671001 19671031   263.6
19671101 19671130    41.9
19671201 19671231    61.1
19680101 19680131   376.3
19680201 19680229    43.2
19680301 19680331   216.0
19680401 19680430    15.0
19680501 19680531   118.3
19680601 19680630    21.6
19680701 19680731   105.0
19680801 19680831   102.5
19680901 19680930    17.4
19681001 19681031     1.1
19681101 19681130    29.7
19681201 19681231   111.0
19690101 19690131    10.9
19690201 19690228   129.3
19690301 19690331    75.7
19690401 19690430    44.9
19690501 19690531    82.0
19690601 19690630   257.2
19690701 19690731    32.9
19690801 19690831   131.3
19690901 19690930    25.3
19691001 19691031   101.9
19691101 19691130   163.1
19691201 19691231    53.7
19700101 19700131   226.7
19700201 19700228    99.9
19700301 19700331   132.8
19700401 19700430    31.0
19700501 19700531     8.9
19700601 19700630     9.6
19700701 19700731     1.0
19700801 19700831    22.9
19700901 19700930   122.7
19701001 19701031    61.6
19701101 19701130   100.1
19701201 19701231   219.9
19710101 19710131   437.3
19710201 19710228   215.7
19710301 19710331    69.2
19710401 19710430    29.4
19710501 19710531   100.1
19710601 19710630   148.4
19710701 19710731    48.1
19710801 19710831    35.1
19710901 19710930    47.9
19711001 19711031     5.0
19711101 19711130    67.2
19711201 19711231   233.4
19720101 19720131   449.3
19720201 19720229    28.0
19720301 19720331   200.2
19720401 19720430    96.6
19720501 19720531    71.4
19720601 19720630   167.2
19720701 19720731    11.2
19720801 19720831    46.3
19720901 19720930    54.6
19721001 19721031   198.6
19721101 19721130   117.0
19721201 19721231    90.1
19730101 19730131   105.4
19730201 19730228   213.2
19730301 19730331    52.0
19730401 19730430    21.4
19730501 19730531    14.7
19730601 19730630    24.5
19730701 19730731    92.0
19730801 19730831    43.0
19730901 19730930    56.9
19731001 19731031   121.9
19731101 19731130   124.4
19731201 19731231   122.8
19740101 19740131   242.6
19740201 19740228    34.6
19740301 19740331   159.1
19740401 19740430   103.0
19740501 19740531   174.0
19740601 19740630   180.4
19740701 19740731    14.0
19740801 19740831    60.4
19740901 19740930    38.0
19741001 19741031    49.3
19741101 19741130   122.0
19741201 19741231    27.0
19750101 19750131    35.4
19750201 19750228   124.0
19750301 19750331    67.2
19750401 19750430    63.6
19750501 19750531    10.4
19750601 19750630   189.1
19750701 19750731    13.3
19750801 19750831    17.0
19750901 19750930    96.8
19751001 19751031    38.2
19751101 19751130   103.2
19751201 19751231   105.6
19760101 19760131   162.8
19760201 19760229   148.4
19760301 19760331   402.6
19760401 19760430    99.2
19760501 19760531    46.6
19760601 19760630   145.0
19760701 19760731    84.4
19760801 19760831    18.2
19760901 19760930    23.8
19761001 19761031    83.5
19761101 19761130    47.4
19761201 19761231    22.2
19770101 19770131    77.2
19770201 19770228   156.8
19770301 19770331   247.0
19770401 19770430    31.4
19770501 19770531    47.7
19770601 19770630   118.0
19770701 19770731    25.2
19770801 19770831    20.6
19770901 19770930    47.6
19771001 19771031    17.6
19771101 19771130    28.0
19771201 19771231    43.4
19780101 19780131   253.6
19780201 19780228    19.6
19780301 19780331   426.0
19780401 19780430    86.0
19780501 19780531    56.2
19780601 19780630   161.4
19780701 19780731    15.8
19780801 19780831    73.0
19780901 19780930    55.6
19781001 19781031    92.2
19781101 19781130    87.4
19781201 19781231   140.6
19790101 19790131    71.6
19790201 19790228    12.2
19790301 19790331   142.6
19790401 19790430    22.6
19790501 19790531   160.2
19790601 19790630    95.8
19790701 19790731    32.2
19790801 19790831     2.4
19790901 19790930    25.2
19791001 19791031    28.0
19791101 19791130    48.2
19791201 19791231    27.6
19800101 19800131    29.6
19800201 19800229    48.8
19800301 19800331    50.2
19800401 19800430     8.4
19800501 19800531   121.6
19800601 19800630    84.6
19800701 19800731    28.0
19800801 19800831    12.8
19800901 19800930     3.0
19801001 19801031    51.0
19801101 19801130    11.4
19801201 19801231    91.6
19810101 19810131    25.6
19810201 19810228   216.8
19810301 19810331    31.8
19810401 19810430   142.4
19810501 19810531   121.0
19810601 19810630    59.2
19810701 19810731    27.6
19810801 19810831     6.4
19810901 19810930     9.6
19811001 19811031    88.4
19811101 19811130   146.4
19811201 19811231    83.4
19820101 19820131   116.2
19820201 19820228   116.6
19820301 19820331   265.8
19820401 19820430    32.6
19820501 19820531     2.4
19820601 19820630    72.6
19820701 19820731   112.6
19820801 19820831    17.6
19820901 19820930   156.8
19821001 19821031   155.4
19821101 19821130    16.4
19821201 19821231    50.4
19830101 19830131    65.8
19830201 19830228    45.6
19830301 19830331   106.4
19830401 19830430   129.0
19830501 19830531    91.8
19830601 19830630    41.4
19830701 19830731    40.6
19830801 19830831    30.4
19830901 19830930    35.2
19831001 19831031   123.0
19831101 19831130    34.4
19831201 19831231   128.2
19840101 19840131   162.4
19840201 19840229   134.6
19840301 19840331   126.6
19840401 19840430    97.6
19840501 19840531    40.6
19840601 19840630    63.0
19840701 19840731    99.8
19840801 19840831     9.8
19840901 19840930    28.2
19841001 19841031   144.8
19841101 19841130   192.8
19841201 19841231    80.0
19850101 19850131    12.8
19850201 19850228   261.8
19850301 19850331    58.4
19850401 19850430   164.0
19850501 19850531   169.2
19850601 19850630    82.4
19850701 19850731   154.4
19850801 19850831    42.6
19850901 19850930    80.4
19851001 19851031   312.4
19851101 19851130   115.8
19851201 19851231    49.6
19860101 19860131   164.6
19860201 19860228    57.8
19860301 19860331    15.2
19860401 19860430    33.4
19860501 19860531    27.8
19860601 19860630    95.6
19860701 19860731    25.2
19860801 19860831   140.4
19860901 19860930    99.6
19861001 19861031    23.2
19861101 19861130   132.2
19861201 19861231     6.0
19870101 19870131    75.8
19870201 19870228    31.8
19870301 19870331   154.4
19870401 19870430    63.3
19870501 19870531    84.0
19870601 19870630    39.4
19870701 19870731    43.4
19870801 19870831   190.5
19870901 19870930    14.2
19871001 19871031   147.8
19871101 19871130   255.6
19871201 19871231   128.2
19880101 19880131   127.4
19880201 19880229   200.2
19880301 19880331    68.8
19880401 19880430   309.4
19880501 19880531    59.2
19880601 19880630    76.4
19880701 19880731    67.0
19880801 19880831    33.3
19880901 19880930   163.0
19881001 19881031     7.1
19881101 19881130    94.8
19881201 19881231   134.0
19890101 19890131   164.8
19890201 19890228    24.0
19890301 19890331   178.6
19890401 19890430   254.8
19890501 19890531   145.0
19890601 19890630   168.2
19890701 19890731    60.0
19890801 19890831    11.2
19890901 19890930    14.6
19891001 19891031    42.4
19891101 19891130   120.8
19891201 19891231    82.4
19900101 19900131    93.8
19900201 19900228   365.8
19900301 19900331   141.6
19900401 19900430   165.8
19900501 19900531   169.8
19900601 19900630    84.8
19900701 19900731    44.8
19900801 19900831   104.4
19900901 19900930   113.2
19901001 19901031   103.0
19901101 19901130    71.6
19901201 19901231    27.6
19910101 19910131    55.0
19910201 19910228     7.0
19910301 19910331    25.2
19910401 19910430     5.2
19910501 19910531   116.8
19910601 19910630   160.0
19910701 19910731    38.6
19910801 19910831     5.8
19910901 19910930     5.8
19911001 19911031    22.6
19911101 19911130    60.0
19911201 19911231   188.8
19920101 19920131   114.2
19920201 19920229   232.4
19920301 19920331   152.9
19920401 19920430    88.4
19920501 19920531    40.0
19920601 19920630    68.4
19920701 19920731    21.2
19920801 19920831    35.2
19920901 19920930    15.0
19921001 19921031    21.0
19921101 19921130   139.4
19921201 19921231   301.9
19930101 19930131   100.7
19930201 19930228    62.7
19930301 19930331   164.8
19930401 19930430    42.8
19930501 19930531    51.1
19930601 19930630   111.6
19930701 19930731    83.3
19930801 19930831    64.7
19930901 19930930    41.3
19931001 19931031    65.3
19931101 19931130    73.2
19931201 19931231    66.7
19940101 19940131   112.2
19940201 19940228    75.4
19940301 19940331    89.0
19940401 19940430    63.4
19940501 19940531    65.2
19940601 19940630    64.5
19940701 19940731    43.4
19940801 19940831    47.4
19940901 19940930    15.4
19941001 19941031    51.6
19941101 19941130    52.2
19941201 19941231   119.8
19950101 19950131   184.6
19950201 19950228    70.4
19950301 19950331   272.6
19950401 19950430    12.4
19950501 19950531   135.6
19950601 19950630   104.4
19950701 19950731     4.6
19950801 19950831     1.0
19950901 19950930   109.8
19951001 19951031    41.2
19951101 19951130   127.0
19951201 19951231   156.2
19960101 19960131   160.6
19960201 19960229    68.0
19960301 19960331 99999.9
19960401 19960430     6.4
19960501 19960531   160.6
19960601 19960630    40.2
19960701 19960731    28.5
19960801 19960831    40.2
19960901 19960930    68.6
19961001 19961031    52.3
19961101 19961130   163.8
19961201 19961231   101.4
19970101 19970131   144.8
19970201 19970228   142.4
19970301 19970331   137.0
19970401 19970430    15.1
19970501 19970531   125.6
19970601 19970630   134.4
19970701 19970731   106.0
19970801 19970831    11.4
19970901 19970930    65.1
19971001 19971031    57.4
19971101 19971130    30.6
19971201 19971231    54.6
19980101 19980131    96.8
19980201 19980228    48.6
19980301 19980331    84.2
19980401 19980430   106.0
19980501 19980531   257.8
19980601 19980630   100.2
19980701 19980731    80.8
19980801 19980831   135.9
19980901 19980930   108.0
19981001 19981031    43.2
19981101 19981130   296.2
19981201 19981231    56.8
19990101 19990131   169.8
19990201 19990228   131.8
19990301 19990331    76.4
19990401 19990430   207.5
19990501 19990531    30.4
19990601 19990630   126.6
19990701 19990731   232.4
19990801 19990831    64.0
19990901 19990930    33.8
19991001 19991031   113.0
19991101 19991130   107.1
19991201 19991231   104.0
20000101 20000131    63.6
20000201 20000229    39.0
20000301 20000331   343.6
20000401 20000430   105.8
20000501 20000531    21.0
20000601 20000630    41.0
20000701 20000731    63.5
20000801 20000831    48.2
20000901 20000930    24.0
20001001 20001031    42.1
20001101 20001130    88.0
20001201 20001231    97.8
20010101 20010131    39.8
20010201 20010228   183.8
20010301 20010331   477.3
20010401 20010430    37.4
20010501 20010531   375.0
20010601 20010630     3.6
20010701 20010731    78.2
20010801 20010831    33.2
20010901 20010930    30.2
20011001 20011031    11.8
20011101 20011130   139.4
20011201 20011231    66.0
20020101 20020131    46.8
20020201 20020228   244.9
20020301 20020331    92.6
20020401 20020430    59.6
20020501 20020531    44.0
20020601 20020630    77.6
20020701 20020731    27.0
20020801 20020831    41.0
20020901 20020930    44.1
20021001 20021031     5.8
20021101 20021130    44.2
20021201 20021231   196.0
20030101 20030131    24.6
20030201 20030228    91.5
20030301 20030331    77.8
20030401 20030430   156.7
20030501 20030531   206.4
20030601 20030630    14.0
20030701 20030731    60.8
20030801 20030831    32.3
20030901 20030930     0.0
20031001 20031031    90.2
20031101 20031130   130.4
20031201 20031231     9.0
20040101 20040131   156.8
20040201 20040229   146.8
20040301 20040331   281.0
20040401 20040430    17.6
20040501 20040531    22.4
20040601 20040630    12.4
20040701 20040731    93.8
20040801 20040831    62.6
20040901 20040930    70.6
20041001 20041031   230.2
20041101 20041130    62.8
20041201 20041231   104.6
20050101 20050131    78.5
20050201 20050228   119.0
20050301 20050331   290.2
20050401 20050430    31.8
20050501 20050531   118.6
20050601 20050630 99999.9
20050701 20050731    31.1
20050801 20050831     0.0
20050901 20050930     4.2
20051001 20051031 99999.9
20051101 20051130 99999.9
20051201 20051231 99999.9
20060101 20060131 99999.9
20060201 20060228   108.0
20060301 20060331    60.4
20060401 20060430    67.6
20060501 20060531    40.0
20060601 20060630 99999.9
20060701 20060731    97.2
20060801 20060831    59.8
20060901 20060930   123.8
20061001 20061031    14.2
20061101 20061130   177.0
20061201 20061231    97.8
20070101 20070131    20.2
20070201 20070228    69.6
20070301 20070331   115.0
20070401 20070430    86.8
20070501 20070531    71.2
20070601 20070630   328.0
20070701 20070731    39.6
20070801 20070831   110.0
20070901 20070930    33.0
20071001 20071031    20.4
20071101 20071130   144.0
20071201 20071231   120.4
20080101 20080131   150.2
20080201 20080229   206.2
20080301 20080331    38.2
20080401 20080430   303.6
20080501 20080531    42.6
20080601 20080630   100.0
20080701 20080731    54.8
20080801 20080831    34.6
20080901 20080930   159.0
20081001 20081031    63.8
20081101 20081130    91.6
20081201 20081231    37.6
20090101 20090131    31.8
20090201 20090228   278.2
20090301 20090331   145.2
20090401 20090430   207.0
20090501 20090531   111.0
20090601 20090630    93.6
20090701 20090731    47.0
20090801 20090831     3.2
20090901 20090930    10.4
20091001 20091031   108.2
20091101 20091130   100.2
20091201 20091231   142.0
20100101 20100131    78.6
20100201 20100228    76.0
20100301 20100331   116.8
20100401 20100430    18.8
20100501 20100531    75.8
20100601 20100630   130.8
20100701 20100731    99.6
20100801 20100831    63.6
20100901 20100930    33.2
20101001 20101031    82.8
20101101 20101130   229.2
20101201 20101231    63.8
20110101 20110131    58.8
20110201 20110228    96.8
20110301 20110331    95.6
20110401 20110430   166.6
20110501 20110531   145.4
20110601 20110630   237.6
20110701 20110731   131.4
20110801 20110831    76.4
20110901 20110930   113.8
20111001 20111031    81.8
20111101 20111130   169.2
20111201 20111231   146.2
20120101 20120131    91.4
20120201 20120229   302.6
20120301 20120331    89.2
20120401 20120430    81.8
20120501 20120531    19.4
20120601 20120630   108.6
20120701 20120731    78.4
20120801 20120831    41.4
20120901 20120930    18.2
20121001 20121031    19.0
20121101 20121130    37.6
20121201 20121231    93.8
20130101 20130131   156.8
20130201 20130228   182.2
20130301 20130331   192.8
20130401 20130430   132.2
20130501 20130531    67.6
20130601 20130630   134.0
20130701 20130731    49.4
20130801 20130831     8.4
20130901 20130930    19.4
20131001 20131031    53.0
20131101 20131130   285.4
20131201 20131231    50.2
20140101 20140131    14.6
20140201 20140228    65.2
20140301 20140331    97.4
20140401 20140430    79.8
20140501 20140531    25.4
20140601 20140630    37.8
20140701 20140731    28.6
20140801 20140831   142.2
20140901 20140930    73.6
20141001 20141031    36.0
20141101 20141130    40.2
20141201 20141231   163.8
20150101 20150131   140.2
20150201 20150228    46.8
20150301 20150331   144.6
20150401 20150430   255.0
20150501 20150531   127.4
20150601 20150630    39.2
20150701 20150731    30.2
20150801 20150831    68.8
20150901 20150930    99.0
20151001 20151031    36.8
20151101 20151130   130.8
20151201 20151231    79.6
20160101 20160131   303.4
20160201 20160229    71.2
20160301 20160331    47.4
20160401 20160430    31.2
20160501 20160531    16.6
20160601 20160630   150.6
20160701 20160731    57.8
20160801 20160831    89.4
20160901 20160930    72.4
20161001 20161031    51.4
20161101 20161130    83.2
20161201 20161231    52.2
20170101 20170131    57.6
20170201 20170228   100.2
20170301 20170331   323.8
20170401 20170430    87.4
20170501 20170531    20.4
20170601 20170630   133.0
20170701 20170731    10.6
20170801 20170831    22.0
20170901 20170930     9.2
20171001 20171031    76.0
20171101 20171130    44.4
20171201 20171231    64.4
20180101 20180131    27.4
