PRCP       032018 19100101 20151231 missing_value=99999.9 GLENEAGLE                                 
19100101 19100131   288.0
19100201 19100228   164.0
19100301 19100331   482.9
19100401 19100430    68.6
19100501 19100531     1.0
19100601 19100630     0.0
19100701 19100731     0.0
19100801 19100831     7.2
19100901 19100930     6.9
19101001 19101031    30.6
19101101 19101130   115.3
19101201 19101231   179.4
19110101 19110131   266.2
19110201 19110228   165.3
19110301 19110331   225.4
19110401 19110430   157.8
19110501 19110531     0.0
19110601 19110630     0.0
19110701 19110731     0.0
19110801 19110831     0.0
19110901 19110930     0.0
19111001 19111031     0.0
19111101 19111130     1.9
19111201 19111231    79.9
19120101 19120131    36.8
19120201 19120229    35.6
19120301 19120331   136.0
19120401 19120430    12.8
19120501 19120531     9.0
19120601 19120630    39.1
19120701 19120731     0.5
19120801 19120831     5.3
19120901 19120930     5.0
19121001 19121031    60.2
19121101 19121130    29.8
19121201 19121231    20.5
19130101 19130131   360.9
19130201 19130228   308.2
19130301 19130331    90.2
19130401 19130430    85.2
19130501 19130531    17.6
19130601 19130630     5.7
19130701 19130731     0.0
19130801 19130831     0.0
19130901 19130930     0.0
19131001 19131031     2.6
19131101 19131130     3.5
19131201 19131231   113.7
19140101 19140131    51.1
19140201 19140228    47.4
19140301 19140331   216.6
19140401 19140430     0.0
19140501 19140531    14.1
19140601 19140630    37.7
19140701 19140731     1.6
19140801 19140831     0.5
19140901 19140930     2.4
19141001 19141031     0.8
19141101 19141130     4.0
19141201 19141231   135.5
19150101 19150131    65.0
19150201 19150228    46.1
19150301 19150331     7.5
19150401 19150430     9.1
19150501 19150531     6.9
19150601 19150630     3.7
19150701 19150731     1.4
19150801 19150831     0.0
19150901 19150930     0.0
19151001 19151031     0.8
19151101 19151130    27.1
19151201 19151231    91.6
19160101 19160131    55.6
19160201 19160229    92.6
19160301 19160331    25.8
19160401 19160430    34.9
19160501 19160531     6.5
19160601 19160630     5.3
19160701 19160731    18.7
19160801 19160831     6.1
19160901 19160930     1.6
19161001 19161031     4.3
19161101 19161130    85.8
19161201 19161231   296.0
19170101 19170131   179.4
19170201 19170228   191.4
19170301 19170331   178.8
19170401 19170430     6.1
19170501 19170531    66.9
19170601 19170630     0.0
19170701 19170731     1.0
19170801 19170831     5.9
19170901 19170930    17.3
19171001 19171031    25.9
19171101 19171130    58.5
19171201 19171231   161.7
19180101 19180131   390.4
19180201 19180228   182.2
19180301 19180331    95.4
19180401 19180430    21.6
19180501 19180531     0.0
19180601 19180630     0.0
19180701 19180731    16.8
19180801 19180831     0.0
19180901 19180930     0.0
19181001 19181031     1.0
19181101 19181130    86.0
19181201 19181231    79.4
19190101 19190131    75.5
19190201 19190228    33.5
19190301 19190331   101.2
19190401 19190430    21.9
19190501 19190531    33.9
19190601 19190630     3.5
19190701 19190731     5.6
19190801 19190831     4.0
19190901 19190930     5.3
19191001 19191031     0.0
19191101 19191130     0.0
19191201 19191231    16.2
19200101 19200131   310.7
19200201 19200229    93.0
19200301 19200331    23.7
19200401 19200430    63.6
19200501 19200531    95.6
19200601 19200630    33.2
19200701 19200731     5.4
19200801 19200831     4.7
19200901 19200930     0.5
19201001 19201031    11.0
19201101 19201130    11.3
19201201 19201231   174.1
19210101 19210131    78.0
19210201 19210228    39.4
19210301 19210331   177.0
19210401 19210430    66.5
19210501 19210531    63.3
19210601 19210630    42.9
19210701 19210731     6.9
19210801 19210831     0.0
19210901 19210930     8.8
19211001 19211031    66.3
19211101 19211130     5.3
19211201 19211231   245.1
19220101 19220131    50.6
19220201 19220228   333.4
19220301 19220331    31.5
19220401 19220430     0.0
19220501 19220531     7.4
19220601 19220630    12.3
19220701 19220731    14.1
19220801 19220831     0.0
19220901 19220930     0.0
19221001 19221031    18.9
19221101 19221130    21.6
19221201 19221231   116.1
19230101 19230131    78.2
19230201 19230228     0.0
19230301 19230331    27.9
19230401 19230430    16.8
19230501 19230531     6.9
19230601 19230630     6.2
19230701 19230731     0.3
19230801 19230831    11.4
19230901 19230930     0.0
19231001 19231031    10.4
19231101 19231130     4.0
19231201 19231231    44.1
19240101 19240131    55.3
19240201 19240229   196.1
19240301 19240331   108.6
19240401 19240430    40.5
19240501 19240531     7.5
19240601 19240630     2.6
19240701 19240731     1.6
19240801 19240831    36.2
19240901 19240930     3.1
19241001 19241031    79.9
19241101 19241130    58.1
19241201 19241231   121.3
19250101 19250131   228.4
19250201 19250228   146.5
19250301 19250331    69.9
19250401 19250430     5.2
19250501 19250531     0.0
19250601 19250630    20.0
19250701 19250731     0.0
19250801 19250831     0.0
19250901 19250930     0.0
19251001 19251031     0.0
19251101 19251130    16.8
19251201 19251231    99.5
19260101 19260131   128.9
19260201 19260228     9.5
19260301 19260331    36.5
19260401 19260430     3.7
19260501 19260531    39.9
19260601 19260630    11.2
19260701 19260731     0.0
19260801 19260831     0.0
19260901 19260930    33.4
19261001 19261031     5.0
19261101 19261130     2.1
19261201 19261231   109.2
19270101 19270131   331.7
19270201 19270228   266.8
19270301 19270331    71.8
19270401 19270430    45.9
19270501 19270531     0.0
19270601 19270630    79.3
19270701 19270731    48.2
19270801 19270831     1.4
19270901 19270930    24.2
19271001 19271031     8.0
19271101 19271130    23.2
19271201 19271231    57.2
19280101 19280131    79.6
19280201 19280229   112.6
19280301 19280331    92.5
19280401 19280430     0.0
19280501 19280531     0.0
19280601 19280630     0.0
19280701 19280731    16.8
19280801 19280831     0.0
19280901 19280930     0.0
19281001 19281031    33.2
19281101 19281130    74.9
19281201 19281231   181.8
19290101 19290131   199.1
19290201 19290228   196.8
19290301 19290331    90.1
19290401 19290430     2.1
19290501 19290531     2.1
19290601 19290630     2.6
19290701 19290731     1.0
19290801 19290831     0.0
19290901 19290930     1.4
19291001 19291031    13.8
19291101 19291130    99.6
19291201 19291231    45.3
19300101 19300131   468.7
19300201 19300228   192.5
19300301 19300331    16.8
19300401 19300430     5.3
19300501 19300531   108.2
19300601 19300630     0.0
19300701 19300731     8.3
19300801 19300831     0.0
19300901 19300930     2.9
19301001 19301031    75.0
19301101 19301130    30.2
19301201 19301231    40.7
19310101 19310131    37.8
19310201 19310228    63.7
19310301 19310331    25.9
19310401 19310430    25.6
19310501 19310531    13.0
19310601 19310630     0.0
19310701 19310731     2.9
19310801 19310831     0.8
19310901 19310930    39.2
19311001 19311031     5.6
19311101 19311130    65.8
19311201 19311231    63.9
19320101 19320131   181.3
19320201 19320229    86.3
19320301 19320331    52.6
19320401 19320430    21.0
19320501 19320531    55.1
19320601 19320630    10.6
19320701 19320731     9.1
19320801 19320831     5.6
19320901 19320930     0.0
19321001 19321031    23.9
19321101 19321130     0.8
19321201 19321231   152.1
19330101 19330131   138.4
19330201 19330228   344.6
19330301 19330331     8.8
19330401 19330430    52.6
19330501 19330531    28.3
19330601 19330630    30.9
19330701 19330731    34.8
19330801 19330831    37.7
19330901 19330930    16.3
19331001 19331031     6.6
19331101 19331130   118.9
19331201 19331231    93.2
19340101 19340131   362.1
19340201 19340228    99.0
19340301 19340331   177.0
19340401 19340430    36.8
19340501 19340531    55.6
19340601 19340630    77.0
19340701 19340731    14.0
19340801 19340831    29.5
19340901 19340930    24.1
19341001 19341031    14.7
19341101 19341130   134.5
19341201 19341231    18.3
19350101 19350131    83.0
19350201 19350228    93.7
19350301 19350331   155.3
19350401 19350430    15.8
19350501 19350531    67.0
19350601 19350630    30.0
19350701 19350731     2.0
19350801 19350831    27.7
19350901 19350930     0.0
19351001 19351031    87.8
19351101 19351130    31.8
19351201 19351231    36.1
19360101 19360131   136.6
19360201 19360229   174.5
19360301 19360331   167.0
19360401 19360430    59.6
19360501 19360531    15.5
19360601 19360630   108.9
19360701 19360731    11.2
19360801 19360831     0.0
19360901 19360930     0.0
19361001 19361031    22.8
19361101 19361130    38.1
19361201 19361231    99.7
19370101 19370131    80.8
19370201 19370228    96.3
19370301 19370331   149.5
19370401 19370430     0.0
19370501 19370531     7.9
19370601 19370630     3.6
19370701 19370731    25.4
19370801 19370831    11.3
19370901 19370930     4.8
19371001 19371031     0.0
19371101 19371130    89.7
19371201 19371231    52.8
19380101 19380131   260.4
19380201 19380228   317.4
19380301 19380331    48.6
19380401 19380430    11.4
19380501 19380531     4.8
19380601 19380630    21.0
19380701 19380731   113.8
19380801 19380831    21.8
19380901 19380930     7.6
19381001 19381031    45.0
19381101 19381130    32.2
19381201 19381231     6.6
19390101 19390131   192.1
19390201 19390228   201.0
19390301 19390331   122.7
19390401 19390430    33.4
19390501 19390531     7.1
19390601 19390630    73.2
19390701 19390731     5.3
19390801 19390831     7.1
19390901 19390930     0.0
19391001 19391031    18.8
19391101 19391130   130.1
19391201 19391231    27.4
19400101 19400131   245.7
19400201 19400229   354.1
19400301 19400331   376.5
19400401 19400430    14.5
19400501 19400531    30.2
19400601 19400630    27.6
19400701 19400731    12.4
19400801 19400831     5.8
19400901 19400930     4.8
19401001 19401031     0.0
19401101 19401130   119.0
19401201 19401231     3.8
19410101 19410131   264.2
19410201 19410228   102.8
19410301 19410331   264.5
19410401 19410430    71.0
19410501 19410531    95.1
19410601 19410630    10.9
19410701 19410731     3.8
19410801 19410831    11.4
19410901 19410930     0.0
19411001 19411031     9.9
19411101 19411130    13.9
19411201 19411231    30.7
19420101 19420131    13.5
19420201 19420228   470.7
19420301 19420331     6.9
19420401 19420430    28.5
19420501 19420531    21.9
19420601 19420630    49.2
19420701 19420731    46.7
19420801 19420831     0.0
19420901 19420930    28.2
19421001 19421031    39.6
19421101 19421130    24.3
19421201 19421231   198.8
19430101 19430131    59.2
19430201 19430228   444.5
19430301 19430331     0.0
19430401 19430430     0.0
19430501 19430531     0.0
19430601 19430630    37.9
19430701 19430731     0.0
19430801 19430831     0.0
19430901 19430930    37.6
19431001 19431031     8.1
19431101 19431130     0.0
19431201 19431231   120.9
19440101 19440131    79.4
19440201 19440229   122.4
19440301 19440331   100.8
19440401 19440430    28.4
19440501 19440531     3.6
19440601 19440630    52.9
19440701 19440731    51.7
19440801 19440831    18.1
19440901 19440930     9.5
19441001 19441031     0.0
19441101 19441130     2.0
19441201 19441231    83.7
19450101 19450131   213.9
19450201 19450228   191.7
19450301 19450331   241.7
19450401 19450430    47.6
19450501 19450531    21.6
19450601 19450630    12.4
19450701 19450731    21.8
19450801 19450831     6.4
19450901 19450930     0.0
19451001 19451031     4.3
19451101 19451130    21.0
19451201 19451231     6.8
19460101 19460131   314.2
19460201 19460228   185.9
19460301 19460331   187.9
19460401 19460430     0.0
19460501 19460531     8.9
19460601 19460630     0.0
19460701 19460731     2.5
19460801 19460831     0.0
19460901 19460930     0.0
19461001 19461031    14.0
19461101 19461130    62.0
19461201 19461231    92.3
19470101 19470131    48.8
19470201 19470228   284.9
19470301 19470331    80.0
19470401 19470430     7.1
19470501 19470531    25.4
19470601 19470630    13.5
19470701 19470731     7.4
19470801 19470831    34.3
19470901 19470930    54.9
19471001 19471031     0.0
19471101 19471130   149.4
19471201 19471231    31.3
19480101 19480131   256.2
19480201 19480229    30.1
19480301 19480331   331.7
19480401 19480430    11.4
19480501 19480531     6.4
19480601 19480630    26.8
19480701 19480731     9.6
19480801 19480831     8.9
19480901 19480930     0.0
19481001 19481031     0.0
19481101 19481130    23.1
19481201 19481231    35.6
19490101 19490131   118.5
19490201 19490228   282.6
19490301 19490331   232.4
19490401 19490430    52.6
19490501 19490531     7.1
19490601 19490630     3.8
19490701 19490731     0.0
19490801 19490831     5.1
19490901 19490930    14.2
19491001 19491031     5.1
19491101 19491130     0.0
19491201 19491231   132.1
19500101 19500131   206.8
19500201 19500228   133.5
19500301 19500331   228.7
19500401 19500430    84.2
19500501 19500531    16.5
19500601 19500630    44.5
19500701 19500731    49.8
19500801 19500831     3.3
19500901 19500930     7.3
19501001 19501031    48.6
19501101 19501130   130.3
19501201 19501231   192.9
19510101 19510131   253.7
19510201 19510228    86.8
19510301 19510331     8.4
19510401 19510430     0.0
19510501 19510531     0.0
19510601 19510630    14.5
19510701 19510731     0.0
19510801 19510831     0.0
19510901 19510930    10.4
19511001 19511031    33.0
19511101 19511130     0.0
19511201 19511231    30.5
19520101 19520131   154.3
19520201 19520229    45.4
19520301 19520331     9.9
19520401 19520430    27.0
19520501 19520531    10.7
19520601 19520630    26.4
19520701 19520731     6.9
19520801 19520831     9.7
19520901 19520930     0.0
19521001 19521031    40.4
19521101 19521130    85.3
19521201 19521231    71.2
19530101 19530131   239.4
19530201 19530228   336.2
19530301 19530331    41.6
19530401 19530430    12.8
19530501 19530531     4.0
19530601 19530630     8.9
19530701 19530731     7.6
19530801 19530831    36.6
19530901 19530930     7.9
19531001 19531031     1.5
19531101 19531130    36.0
19531201 19531231    63.5
19540101 19540131   147.9
19540201 19540228   172.7
19540301 19540331    87.0
19540401 19540430    99.0
19540501 19540531     3.1
19540601 19540630    22.9
19540701 19540731     4.6
19540801 19540831    20.3
19540901 19540930     0.0
19541001 19541031    48.3
19541101 19541130    30.2
19541201 19541231     2.0
19550101 19550131   114.2
19550201 19550228   260.8
19550301 19550331   324.4
19550401 19550430    50.8
19550501 19550531    54.3
19550601 19550630    43.7
19550701 19550731     6.9
19550801 19550831     0.0
19550901 19550930     7.2
19551001 19551031    14.2
19551101 19551130    14.5
19551201 19551231    78.1
19560101 19560131   247.7
19560201 19560229   483.8
19560301 19560331   435.5
19560401 19560430    87.2
19560501 19560531   143.0
19560601 19560630    89.9
19560701 19560731    14.0
19560801 19560831    40.8
19560901 19560930    43.2
19561001 19561031    30.1
19561101 19561130    79.5
19561201 19561231   146.9
19570101 19570131   362.5
19570201 19570228   111.6
19570301 19570331   138.2
19570401 19570430    16.5
19570501 19570531    18.9
19570601 19570630    45.4
19570701 19570731    25.2
19570801 19570831     0.0
19570901 19570930     0.0
19571001 19571031    47.0
19571101 19571130    37.6
19571201 19571231     0.0
19580101 19580131   232.4
19580201 19580228   180.3
19580301 19580331   131.8
19580401 19580430    86.7
19580501 19580531    15.2
19580601 19580630    10.9
19580701 19580731     0.0
19580801 19580831     0.0
19580901 19580930     0.0
19581001 19581031     0.0
19581101 19581130    26.7
19581201 19581231    87.2
19590101 19590131   203.8
19590201 19590228    52.1
19590301 19590331   152.0
19590401 19590430     9.1
19590501 19590531    31.4
19590601 19590630    25.9
19590701 19590731     8.0
19590801 19590831    24.0
19590901 19590930    14.8
19591001 19591031     2.0
19591101 19591130    70.5
19591201 19591231   324.2
19600101 19600131   114.6
19600201 19600229   143.0
19600301 19600331    61.7
19600401 19600430     4.9
19600501 19600531    66.1
19600601 19600630     9.6
19600701 19600731    23.1
19600801 19600831     0.0
19600901 19600930    11.7
19601001 19601031    36.7
19601101 19601130    97.5
19601201 19601231   116.3
19610101 19610131    95.7
19610201 19610228    28.9
19610301 19610331    67.3
19610401 19610430    33.9
19610501 19610531    29.5
19610601 19610630     1.5
19610701 19610731     0.0
19610801 19610831     0.0
19610901 19610930     0.0
19611001 19611031     0.0
19611101 19611130   119.8
19611201 19611231    88.8
19620101 19620131   121.5
19620201 19620228   259.3
19620301 19620331    18.0
19620401 19620430    56.5
19620501 19620531     0.0
19620601 19620630    28.9
19620701 19620731    10.4
19620801 19620831     0.0
19620901 19620930    25.9
19621001 19621031     4.3
19621101 19621130    69.8
19621201 19621231   113.5
19630101 19630131   352.7
19630201 19630228   342.8
19630301 19630331    60.9
19630401 19630430    40.9
19630501 19630531   100.6
19630601 19630630     1.3
19630701 19630731     3.3
19630801 19630831     4.6
19630901 19630930     0.0
19631001 19631031     6.9
19631101 19631130     5.1
19631201 19631231     5.8
19640101 19640131    25.6
19640201 19640229   140.6
19640301 19640331   145.3
19640401 19640430    15.2
19640501 19640531    51.0
19640601 19640630     5.6
19640701 19640731     4.3
19640801 19640831     0.0
19640901 19640930     0.0
19641001 19641031   132.0
19641101 19641130    95.6
19641201 19641231   104.2
19650101 19650131    69.1
19650201 19650228    23.6
19650301 19650331   115.3
19650401 19650430    27.6
19650501 19650531    22.4
19650601 19650630    23.3
19650701 19650731     3.0
19650801 19650831     0.0
19650901 19650930     0.0
19651001 19651031     0.0
19651101 19651130     3.3
19651201 19651231   145.4
19660101 19660131   173.4
19660201 19660228    76.8
19660301 19660331    33.7
19660401 19660430    14.5
19660501 19660531     7.1
19660601 19660630    14.5
19660701 19660731     0.0
19660801 19660831     7.6
19660901 19660930     0.0
19661001 19661031     3.8
19661101 19661130    37.0
19661201 19661231     2.5
19670101 19670131    96.7
19670201 19670228    64.2
19670301 19670331   714.6
19670401 19670430     0.0
19670501 19670531     6.1
19670601 19670630     0.0
19670701 19670731     0.0
19670801 19670831     0.0
19670901 19670930     0.0
19671001 19671031    59.3
19671101 19671130    14.5
19671201 19671231   126.9
19680101 19680131   200.6
19680201 19680229   286.8
19680301 19680331   108.3
19680401 19680430     0.0
19680501 19680531    38.4
19680601 19680630     0.0
19680701 19680731     0.0
19680801 19680831     0.0
19680901 19680930     5.3
19681001 19681031    22.8
19681101 19681130     4.8
19681201 19681231    87.6
19690101 19690131   171.7
19690201 19690228    71.9
19690301 19690331   115.9
19690401 19690430    16.7
19690501 19690531    13.5
19690601 19690630    28.7
19690701 19690731    23.6
19690801 19690831     0.0
19690901 19690930     0.0
19691001 19691031    38.6
19691101 19691130     0.0
19691201 19691231    98.0
19700101 19700131    55.2
19700201 19700228    78.1
19700301 19700331   146.2
19700401 19700430    52.8
19700501 19700531    12.9
19700601 19700630     0.0
19700701 19700731     0.0
19700801 19700831    74.4
19700901 19700930    22.1
19701001 19701031     9.4
19701101 19701130   190.9
19701201 19701231    91.9
19710101 19710131   153.5
19710201 19710228   308.3
19710301 19710331   172.1
19710401 19710430    70.7
19710501 19710531     5.8
19710601 19710630    46.2
19710701 19710731     7.1
19710801 19710831    18.1
19710901 19710930     0.0
19711001 19711031    15.5
19711101 19711130    85.9
19711201 19711231   104.7
19720101 19720131   338.4
19720201 19720229   181.2
19720301 19720331   453.1
19720401 19720430     7.6
19720501 19720531    46.3
19720601 19720630    20.4
19720701 19720731     0.0
19720801 19720831     2.3
19720901 19720930     0.0
19721001 19721031     0.0
19721101 19721130    25.6
19721201 19721231     0.0
19730101 19730131    67.0
19730201 19730228   258.9
19730301 19730331   176.5
19730401 19730430   102.5
19730501 19730531     3.8
19730601 19730630     0.0
19730701 19730731     0.0
19730801 19730831    39.4
19730901 19730930    39.9
19731001 19731031     5.1
19731101 19731130   161.1
19731201 19731231   108.6
19740101 19740131   485.9
19740201 19740228   361.2
19740301 19740331   315.2
19740401 19740430   102.4
19740501 19740531     2.6
19740601 19740630     0.0
19740701 19740731     0.0
19740801 19740831    30.0
19740901 19740930     0.0
19741001 19741031    20.2
19741101 19741130    51.2
19741201 19741231    96.0
19750101 19750131   214.9
19750201 19750228   147.2
19750301 19750331   111.4
19750401 19750430    78.4
19750501 19750531     0.3
19750601 19750630     9.4
19750701 19750731     0.0
19750801 19750831     0.0
19750901 19750930    90.0
19751001 19751031    40.4
19751101 19751130    33.0
19751201 19751231    89.6
19760101 19760131    84.6
19760201 19760229   195.8
19760301 19760331   212.8
19760401 19760430    27.2
19760501 19760531     0.0
19760601 19760630    13.0
19760701 19760731     0.0
19760801 19760831     0.0
19760901 19760930     0.0
19761001 19761031    65.5
19761101 19761130   125.8
19761201 19761231    79.4
19770101 19770131    63.8
19770201 19770228   325.6
19770301 19770331   364.4
19770401 19770430    20.0
19770501 19770531   105.0
19770601 19770630     0.0
19770701 19770731     0.0
19770801 19770831     0.0
19770901 19770930     0.0
19771001 19771031     0.0
19771101 19771130    20.4
19771201 19771231    41.4
19780101 19780131   144.2
19780201 19780228    87.6
19780301 19780331    28.2
19780401 19780430    29.0
19780501 19780531    27.2
19780601 19780630     0.0
19780701 19780731     4.0
19780801 19780831    30.4
19780901 19780930     5.6
19781001 19781031     9.6
19781101 19781130   118.0
19781201 19781231   187.5
19790101 19790131   484.3
19790201 19790228   214.6
19790301 19790331   276.4
19790401 19790430    54.0
19790501 19790531     0.0
19790601 19790630     0.0
19790701 19790731     0.0
19790801 19790831     0.0
19790901 19790930     0.0
19791001 19791031     0.0
19791101 19791130     0.0
19791201 19791231     0.0
19800101 19800131    32.0
19800201 19800229   112.6
19800301 19800331   231.2
19800401 19800430    71.0
19800501 19800531    36.0
19800601 19800630     0.0
19800701 19800731    18.8
19800801 19800831    33.8
19800901 19800930     0.0
19801001 19801031     0.0
19801101 19801130     0.0
19801201 19801231    15.6
19810101 19810131   446.6
19810201 19810228   258.4
19810301 19810331    16.4
19810401 19810430    55.0
19810501 19810531    73.6
19810601 19810630    19.0
19810701 19810731     6.0
19810801 19810831     0.0
19810901 19810930    31.4
19811001 19811031    12.0
19811101 19811130   245.6
19811201 19811231    58.2
19820101 19820131   112.0
19820201 19820228    82.0
19820301 19820331   121.6
19820401 19820430    96.6
19820501 19820531    16.6
19820601 19820630    21.0
19820701 19820731     0.0
19820801 19820831     0.0
19820901 19820930     0.0
19821001 19821031     0.0
19821101 19821130     4.0
19821201 19821231    64.0
19830101 19830131    16.0
19830201 19830228    23.4
19830301 19830331   109.8
19830401 19830430   138.0
19830501 19830531   138.0
19830601 19830630    22.0
19830701 19830731    15.0
19830801 19830831     9.0
19830901 19830930    14.6
19831001 19831031    99.2
19831101 19831130   128.2
19831201 19831231    34.8
19840101 19840131   234.0
19840201 19840229   174.4
19840301 19840331    40.4
19840401 19840430     8.0
19840501 19840531     0.0
19840601 19840630     0.0
19840701 19840731    11.0
19840801 19840831     0.0
19840901 19840930     0.0
19841001 19841031    11.4
19841101 19841130    28.6
19841201 19841231    55.2
19850101 19850131    55.7
19850201 19850228   125.2
19850301 19850331   111.8
19850401 19850430    73.6
19850501 19850531    27.8
19850601 19850630     3.0
19850701 19850731     0.0
19850801 19850831     0.0
19850901 19850930     0.0
19851001 19851031    76.6
19851101 19851130   112.0
19851201 19851231    96.8
19860101 19860131   210.6
19860201 19860228   272.0
19860301 19860331     0.0
19860401 19860430    47.2
19860501 19860531    25.4
19860601 19860630     6.9
19860701 19860731     0.0
19860801 19860831    19.4
19860901 19860930     0.0
19861001 19861031 99999.9
19861101 19861130 99999.9
19861201 19861231 99999.9
19870101 19870131 99999.9
19870201 19870228 99999.9
19870301 19870331 99999.9
19870401 19870430 99999.9
19870501 19870531 99999.9
19870601 19870630 99999.9
19870701 19870731 99999.9
19870801 19870831 99999.9
19870901 19870930 99999.9
19871001 19871031 99999.9
19871101 19871130    81.4
19871201 19871231   135.6
19880101 19880131     7.6
19880201 19880229   192.4
19880301 19880331    87.4
19880401 19880430    13.4
19880501 19880531    37.4
19880601 19880630    13.1
19880701 19880731    20.9
19880801 19880831    21.1
19880901 19880930     4.0
19881001 19881031    40.0
19881101 19881130   112.3
19881201 19881231   283.7
19890101 19890131   161.3
19890201 19890228   204.3
19890301 19890331   146.6
19890401 19890430    86.9
19890501 19890531    72.2
19890601 19890630    79.0
19890701 19890731    28.3
19890801 19890831     0.0
19890901 19890930     0.0
19891001 19891031    19.5
19891101 19891130   161.2
19891201 19891231   177.9
19900101 19900131    35.0
19900201 19900228    14.6
19900301 19900331   252.2
19900401 19900430    84.9
19900501 19900531    57.9
19900601 19900630   107.0
19900701 19900731     3.0
19900801 19900831     0.0
19900901 19900930     4.4
19901001 19901031     0.0
19901101 19901130     0.6
19901201 19901231    92.7
19910101 19910131   619.5
19910201 19910228   435.0
19910301 19910331     9.6
19910401 19910430    30.8
19910501 19910531     0.0
19910601 19910630     9.0
19910701 19910731     8.0
19910801 19910831     0.0
19910901 19910930     0.0
19911001 19911031     0.0
19911101 19911130    76.0
19911201 19911231   230.5
19920101 19920131   172.4
19920201 19920229   200.2
19920301 19920331    35.8
19920401 19920430    12.4
19920501 19920531    35.4
19920601 19920630     1.2
19920701 19920731     7.9
19920801 19920831     0.0
19920901 19920930    66.9
19921001 19921031     2.0
19921101 19921130    28.4
19921201 19921231    52.4
19930101 19930131    75.8
19930201 19930228    78.3
19930301 19930331    20.2
19930401 19930430    25.6
19930501 19930531    12.8
19930601 19930630    18.6
19930701 19930731    50.9
19930801 19930831     7.0
19930901 19930930    10.2
19931001 19931031    10.4
19931101 19931130    70.0
19931201 19931231    17.8
19940101 19940131   120.5
19940201 19940228    38.0
19940301 19940331    47.2
19940401 19940430    19.8
19940501 19940531     7.0
19940601 19940630     9.6
19940701 19940731 99999.9
19940801 19940831 99999.9
19940901 19940930 99999.9
19941001 19941031 99999.9
19941101 19941130 99999.9
19941201 19941231 99999.9
19950101 19950131 99999.9
19950201 19950228 99999.9
19950301 19950331 99999.9
19950401 19950430 99999.9
19950501 19950531 99999.9
19950601 19950630 99999.9
19950701 19950731 99999.9
19950801 19950831 99999.9
19950901 19950930 99999.9
19951001 19951031 99999.9
19951101 19951130 99999.9
19951201 19951231 99999.9
19960101 19960131 99999.9
19960201 19960229 99999.9
19960301 19960331 99999.9
19960401 19960430 99999.9
19960501 19960531 99999.9
19960601 19960630 99999.9
19960701 19960731 99999.9
19960801 19960831 99999.9
19960901 19960930 99999.9
19961001 19961031 99999.9
19961101 19961130 99999.9
19961201 19961231    74.0
19970101 19970131    47.7
19970201 19970228   129.4
19970301 19970331   335.0
19970401 19970430    32.0
19970501 19970531    44.4
19970601 19970630    15.8
19970701 19970731    11.4
19970801 19970831     6.0
19970901 19970930     6.7
19971001 19971031     4.4
19971101 19971130    23.0
19971201 19971231   249.3
19980101 19980131   361.1
19980201 19980228    84.0
19980301 19980331    98.2
19980401 19980430    30.4
19980501 19980531    55.6
19980601 19980630    22.2
19980701 19980731    27.8
19980801 19980831    14.0
19980901 19980930    40.9
19981001 19981031    54.2
19981101 19981130   155.0
19981201 19981231    78.8
19990101 19990131   235.5
19990201 19990228   369.2
19990301 19990331    91.3
19990401 19990430    80.4
19990501 19990531    17.0
19990601 19990630     2.7
19990701 19990731    10.0
19990801 19990831    15.6
19990901 19990930     2.5
19991001 19991031 99999.9
19991101 19991130   160.3
19991201 19991231   185.5
20000101 20000131   192.2
20000201 20000229   492.6
20000301 20000331    85.3
20000401 20000430    90.8
20000501 20000531    20.4
20000601 20000630    55.8
20000701 20000731     0.0
20000801 20000831     3.4
20000901 20000930     0.0
20001001 20001031    37.7
20001101 20001130   136.2
20001201 20001231   276.2
20010101 20010131   127.0
20010201 20010228   294.4
20010301 20010331    51.8
20010401 20010430    35.8
20010501 20010531     0.0
20010601 20010630    35.2
20010701 20010731     3.0
20010801 20010831     3.6
20010901 20010930     3.9
20011001 20011031    35.0
20011101 20011130    35.6
20011201 20011231    87.3
20020101 20020131   130.4
20020201 20020228   200.8
20020301 20020331    23.2
20020401 20020430    36.1
20020501 20020531    29.8
20020601 20020630     3.0
20020701 20020731     0.4
20020801 20020831    20.8
20020901 20020930     0.0
20021001 20021031     0.0
20021101 20021130     6.1
20021201 20021231    46.9
20030101 20030131    70.5
20030201 20030228   231.9
20030301 20030331    92.1
20030401 20030430    14.8
20030501 20030531    45.0
20030601 20030630     8.0
20030701 20030731    19.2
20030801 20030831     1.4
20030901 20030930     0.0
20031001 20031031     0.0
20031101 20031130     6.4
20031201 20031231    36.8
20040101 20040131   118.8
20040201 20040229   184.4
20040301 20040331    54.6
20040401 20040430    55.2
20040501 20040531    12.0
20040601 20040630     8.8
20040701 20040731     5.8
20040801 20040831     0.1
20040901 20040930     0.8
20041001 20041031    16.0
20041101 20041130    34.6
20041201 20041231   189.4
20050101 20050131   150.3
20050201 20050228    85.8
20050301 20050331    41.4
20050401 20050430    25.2
20050501 20050531     2.0
20050601 20050630     7.8
20050701 20050731    13.4
20050801 20050831    39.3
20050901 20050930     0.0
20051001 20051031   114.5
20051101 20051130    12.6
20051201 20051231    66.4
20060101 20060131 99999.9
20060201 20060228 99999.9
20060301 20060331 99999.9
20060401 20060430 99999.9
20060501 20060531 99999.9
20060601 20060630 99999.9
20060701 20060731 99999.9
20060801 20060831 99999.9
20060901 20060930 99999.9
20061001 20061031 99999.9
20061101 20061130 99999.9
20061201 20061231 99999.9
20070101 20070131 99999.9
20070201 20070228 99999.9
20070301 20070331 99999.9
20070401 20070430 99999.9
20070501 20070531 99999.9
20070601 20070630 99999.9
20070701 20070731 99999.9
20070801 20070831 99999.9
20070901 20070930 99999.9
20071001 20071031 99999.9
20071101 20071130 99999.9
20071201 20071231 99999.9
20080101 20080131 99999.9
20080201 20080229 99999.9
20080301 20080331 99999.9
20080401 20080430 99999.9
20080501 20080531 99999.9
20080601 20080630 99999.9
20080701 20080731 99999.9
20080801 20080831 99999.9
20080901 20080930 99999.9
20081001 20081031 99999.9
20081101 20081130 99999.9
20081201 20081231 99999.9
20090101 20090131 99999.9
20090201 20090228 99999.9
20090301 20090331 99999.9
20090401 20090430 99999.9
20090501 20090531 99999.9
20090601 20090630 99999.9
20090701 20090731 99999.9
20090801 20090831 99999.9
20090901 20090930 99999.9
20091001 20091031 99999.9
20091101 20091130 99999.9
20091201 20091231 99999.9
20100101 20100131 99999.9
20100201 20100228 99999.9
20100301 20100331 99999.9
20100401 20100430 99999.9
20100501 20100531 99999.9
20100601 20100630 99999.9
20100701 20100731 99999.9
20100801 20100831 99999.9
20100901 20100930 99999.9
20101001 20101031 99999.9
20101101 20101130 99999.9
20101201 20101231 99999.9
20110101 20110131 99999.9
20110201 20110228 99999.9
20110301 20110331 99999.9
20110401 20110430 99999.9
20110501 20110531 99999.9
20110601 20110630 99999.9
20110701 20110731 99999.9
20110801 20110831 99999.9
20110901 20110930 99999.9
20111001 20111031    58.0
20111101 20111130 99999.9
20111201 20111231   127.0
20120101 20120131   238.0
20120201 20120229   120.0
20120301 20120331   124.0
20120401 20120430 99999.9
20120501 20120531    51.0
20120601 20120630    21.0
20120701 20120731    22.0
20120801 20120831     0.0
20120901 20120930     0.0
20121001 20121031 99999.9
20121101 20121130 99999.9
20121201 20121231    14.0
20130101 20130131   264.0
20130201 20130228    46.0
20130301 20130331   120.0
20130401 20130430    63.0
20130501 20130531    18.0
20130601 20130630    22.0
20130701 20130731     0.0
20130801 20130831     8.0
20130901 20130930     0.0
20131001 20131031     7.0
20131101 20131130   196.0
20131201 20131231    22.0
20140101 20140131    29.0
20140201 20140228   215.0
20140301 20140331   110.0
20140401 20140430 99999.9
20140501 20140531 99999.9
20140601 20140630 99999.9
20140701 20140731 99999.9
20140801 20140831 99999.9
20140901 20140930 99999.9
20141001 20141031 99999.9
20141101 20141130 99999.9
20141201 20141231 99999.9
20150101 20150131   134.0
20150201 20150228    91.0
20150301 20150331 99999.9
20150401 20150430 99999.9
20150501 20150531    26.0
20150601 20150630    36.0
20150701 20150731 99999.9
20150801 20150831 99999.9
20150901 20150930 99999.9
20151001 20151031    19.0
20151101 20151130     0.0
20151201 20151231   149.0
