PRCP       052019 18940301 20171231 missing_value=99999.9 MOGIL MOGIL (BENIMORA)                    
18940301 18940331   203.8
18940401 18940430   101.0
18940501 18940531    26.7
18940601 18940630    65.5
18940701 18940731     4.3
18940801 18940831    20.0
18940901 18940930    15.7
18941001 18941031    59.3
18941101 18941130    26.0
18941201 18941231    50.4
18950101 18950131   214.1
18950201 18950228     7.2
18950301 18950331     1.3
18950401 18950430     3.0
18950501 18950531    12.7
18950601 18950630    15.5
18950701 18950731     3.3
18950801 18950831    19.8
18950901 18950930    69.6
18951001 18951031    70.8
18951101 18951130    53.4
18951201 18951231    78.0
18960101 18960131    16.2
18960201 18960229   111.8
18960301 18960331    32.5
18960401 18960430    25.7
18960501 18960531    35.6
18960601 18960630     9.7
18960701 18960731    25.7
18960801 18960831    22.0
18960901 18960930     3.0
18961001 18961031     6.6
18961101 18961130    60.9
18961201 18961231    64.0
18970101 18970131    62.2
18970201 18970228     2.3
18970301 18970331    51.3
18970401 18970430     0.0
18970501 18970531     3.6
18970601 18970630    71.6
18970701 18970731    76.6
18970801 18970831    13.7
18970901 18970930    51.5
18971001 18971031    49.8
18971101 18971130     0.0
18971201 18971231    49.3
18980101 18980131    46.2
18980201 18980228    74.4
18980301 18980331     2.5
18980401 18980430     0.0
18980501 18980531    27.2
18980601 18980630    39.9
18980701 18980731     0.0
18980801 18980831    12.4
18980901 18980930    40.4
18981001 18981031    18.0
18981101 18981130     4.9
18981201 18981231    30.7
18990101 18990131    19.8
18990201 18990228    30.6
18990301 18990331     3.0
18990401 18990430    27.4
18990501 18990531     0.3
18990601 18990630    40.5
18990701 18990731    47.7
18990801 18990831    50.8
18990901 18990930    50.8
18991001 18991031     8.9
18991101 18991130     6.3
18991201 18991231    11.7
19000101 19000131    38.6
19000201 19000228     2.5
19000301 19000331    24.3
19000401 19000430     5.8
19000501 19000531    38.0
19000601 19000630    45.8
19000701 19000731    39.1
19000801 19000831     1.3
19000901 19000930    35.6
19001001 19001031     3.8
19001101 19001130     5.9
19001201 19001231     9.3
19010101 19010131    10.1
19010201 19010228    18.5
19010301 19010331    37.7
19010401 19010430    54.4
19010501 19010531    61.5
19010601 19010630    24.7
19010701 19010731    42.4
19010801 19010831    65.4
19010901 19010930    10.2
19011001 19011031     9.9
19011101 19011130    23.9
19011201 19011231     3.8
19020101 19020131     5.3
19020201 19020228    30.0
19020301 19020331     0.0
19020401 19020430     6.1
19020501 19020531     0.0
19020601 19020630     2.3
19020701 19020731     3.0
19020801 19020831    59.3
19020901 19020930     2.0
19021001 19021031    67.3
19021101 19021130    27.4
19021201 19021231    62.2
19030101 19030131    49.9
19030201 19030228     0.0
19030301 19030331    90.4
19030401 19030430    31.6
19030501 19030531    68.0
19030601 19030630    35.8
19030701 19030731    92.7
19030801 19030831    23.5
19030901 19030930    69.3
19031001 19031031    45.2
19031101 19031130    59.5
19031201 19031231   164.1
19040101 19040131    51.3
19040201 19040229   145.9
19040301 19040331    59.3
19040401 19040430     5.9
19040501 19040531    52.0
19040601 19040630    13.2
19040701 19040731     8.7
19040801 19040831    19.6
19040901 19040930    33.9
19041001 19041031    51.2
19041101 19041130    13.0
19041201 19041231    72.7
19050101 19050131    23.5
19050201 19050228    88.9
19050301 19050331    26.2
19050401 19050430   117.5
19050501 19050531    34.8
19050601 19050630     5.7
19050701 19050731    12.0
19050801 19050831     9.1
19050901 19050930     0.0
19051001 19051031    48.4
19051101 19051130    71.4
19051201 19051231     5.5
19060101 19060131     4.8
19060201 19060228    66.8
19060301 19060331    45.8
19060401 19060430    11.9
19060501 19060531    28.7
19060601 19060630    48.0
19060701 19060731     8.9
19060801 19060831    52.5
19060901 19060930   166.7
19061001 19061031    43.0
19061101 19061130     8.1
19061201 19061231    15.5
19070101 19070131   194.2
19070201 19070228     4.1
19070301 19070331   137.2
19070401 19070430    34.0
19070501 19070531     9.7
19070601 19070630    29.0
19070701 19070731    40.2
19070801 19070831    36.3
19070901 19070930     1.8
19071001 19071031    13.0
19071101 19071130    64.9
19071201 19071231   117.6
19080101 19080131     8.4
19080201 19080229   164.7
19080301 19080331   181.3
19080401 19080430    68.4
19080501 19080531    10.9
19080601 19080630    18.8
19080701 19080731    14.3
19080801 19080831    69.6
19080901 19080930    20.3
19081001 19081031    21.8
19081101 19081130    26.7
19081201 19081231    56.7
19090101 19090131    38.4
19090201 19090228   127.3
19090301 19090331    33.4
19090401 19090430    23.1
19090501 19090531     8.4
19090601 19090630    66.8
19090701 19090731    15.2
19090801 19090831    70.1
19090901 19090930    10.2
19091001 19091031    23.6
19091101 19091130    49.5
19091201 19091231    45.6
19100101 19100131   132.5
19100201 19100228     8.4
19100301 19100331    93.8
19100401 19100430     5.8
19100501 19100531     9.9
19100601 19100630    64.1
19100701 19100731    24.4
19100801 19100831    13.7
19100901 19100930    10.4
19101001 19101031    44.0
19101101 19101130    50.0
19101201 19101231    44.9
19110101 19110131   154.6
19110201 19110228   106.5
19110301 19110331    23.1
19110401 19110430     1.5
19110501 19110531    25.2
19110601 19110630     2.3
19110701 19110731    18.7
19110801 19110831    14.3
19110901 19110930    13.4
19111001 19111031     9.9
19111101 19111130    47.3
19111201 19111231    59.2
19120101 19120131    67.5
19120201 19120229    20.3
19120301 19120331    61.3
19120401 19120430     0.0
19120501 19120531     0.0
19120601 19120630   141.5
19120701 19120731    32.5
19120801 19120831     8.1
19120901 19120930    24.9
19121001 19121031    54.2
19121101 19121130    22.1
19121201 19121231    40.9
19130101 19130131    27.4
19130201 19130228    36.8
19130301 19130331    84.3
19130401 19130430    72.4
19130501 19130531   119.0
19130601 19130630    69.3
19130701 19130731     8.4
19130801 19130831     0.0
19130901 19130930    14.0
19131001 19131031    11.4
19131101 19131130     5.6
19131201 19131231    67.8
19140101 19140131    36.6
19140201 19140228    62.6
19140301 19140331   104.3
19140401 19140430    31.8
19140501 19140531    47.5
19140601 19140630    46.0
19140701 19140731    19.8
19140801 19140831     0.0
19140901 19140930     5.4
19141001 19141031    55.7
19141101 19141130    78.8
19141201 19141231   118.4
19150101 19150131     4.1
19150201 19150228    13.2
19150301 19150331     0.0
19150401 19150430    27.9
19150501 19150531    69.1
19150601 19150630    18.0
19150701 19150731    31.3
19150801 19150831    25.0
19150901 19150930     6.3
19151001 19151031    32.0
19151101 19151130     0.8
19151201 19151231    56.9
19160101 19160131    15.5
19160201 19160229    18.6
19160301 19160331    17.9
19160401 19160430    28.4
19160501 19160531     0.0
19160601 19160630    48.6
19160701 19160731    86.4
19160801 19160831    26.4
19160901 19160930    16.4
19161001 19161031    54.9
19161101 19161130   127.7
19161201 19161231    93.4
19170101 19170131    53.2
19170201 19170228   119.2
19170301 19170331     3.0
19170401 19170430     0.0
19170501 19170531     3.0
19170601 19170630    43.7
19170701 19170731    11.0
19170801 19170831    11.5
19170901 19170930    39.8
19171001 19171031    35.2
19171101 19171130    59.4
19171201 19171231   122.7
19180101 19180131    62.4
19180201 19180228     1.3
19180301 19180331     1.3
19180401 19180430    38.9
19180501 19180531    11.9
19180601 19180630     7.1
19180701 19180731    16.8
19180801 19180831   133.3
19180901 19180930     0.0
19181001 19181031    33.1
19181101 19181130     0.0
19181201 19181231    16.5
19190101 19190131    37.4
19190201 19190228    38.9
19190301 19190331    11.4
19190401 19190430    40.9
19190501 19190531    59.5
19190601 19190630     0.0
19190701 19190731    10.6
19190801 19190831     5.1
19190901 19190930     1.5
19191001 19191031    10.7
19191101 19191130    17.5
19191201 19191231    36.4
19200101 19200131    42.6
19200201 19200229    20.8
19200301 19200331    30.0
19200401 19200430     7.4
19200501 19200531    37.6
19200601 19200630   108.0
19200701 19200731   113.0
19200801 19200831    32.1
19200901 19200930    67.3
19201001 19201031    35.0
19201101 19201130    54.6
19201201 19201231    45.3
19210101 19210131    19.3
19210201 19210228     3.0
19210301 19210331   122.4
19210401 19210430    36.4
19210501 19210531    84.6
19210601 19210630   102.7
19210701 19210731   125.8
19210801 19210831    13.6
19210901 19210930    39.4
19211001 19211031    34.6
19211101 19211130    90.7
19211201 19211231   130.4
19220101 19220131    45.8
19220201 19220228    21.4
19220301 19220331    11.2
19220401 19220430     8.6
19220501 19220531     0.0
19220601 19220630    39.2
19220701 19220731    41.3
19220801 19220831     0.0
19220901 19220930     3.9
19221001 19221031    38.7
19221101 19221130     6.6
19221201 19221231   116.8
19230101 19230131    16.2
19230201 19230228     1.3
19230301 19230331    16.0
19230401 19230430    32.2
19230501 19230531     4.9
19230601 19230630    35.1
19230701 19230731    28.1
19230801 19230831     4.1
19230901 19230930    11.4
19231001 19231031     9.4
19231101 19231130    16.3
19231201 19231231    74.4
19240101 19240131    31.5
19240201 19240229   137.3
19240301 19240331    17.1
19240401 19240430    17.3
19240501 19240531     6.6
19240601 19240630    30.4
19240701 19240731    32.3
19240801 19240831    39.2
19240901 19240930    21.0
19241001 19241031    34.5
19241101 19241130   154.9
19241201 19241231    31.3
19250101 19250131    28.1
19250201 19250228    17.8
19250301 19250331    20.1
19250401 19250430     0.0
19250501 19250531    17.2
19250601 19250630   113.0
19250701 19250731    16.2
19250801 19250831    54.1
19250901 19250930     3.3
19251001 19251031     3.0
19251101 19251130    84.9
19251201 19251231   170.7
19260101 19260131   117.9
19260201 19260228     0.0
19260301 19260331    70.9
19260401 19260430    46.0
19260501 19260531   115.4
19260601 19260630    19.6
19260701 19260731    21.9
19260801 19260831     8.9
19260901 19260930    67.8
19261001 19261031     9.4
19261101 19261130     0.0
19261201 19261231    61.7
19270101 19270131    95.0
19270201 19270228     1.5
19270301 19270331    34.8
19270401 19270430    44.1
19270501 19270531     7.9
19270601 19270630    28.0
19270701 19270731     0.0
19270801 19270831     1.3
19270901 19270930     4.3
19271001 19271031    35.9
19271101 19271130    73.1
19271201 19271231   111.0
19280101 19280131    17.9
19280201 19280229    71.2
19280301 19280331    59.9
19280401 19280430    39.4
19280501 19280531    15.7
19280601 19280630    28.9
19280701 19280731    53.9
19280801 19280831     2.0
19280901 19280930     0.8
19281001 19281031    14.3
19281101 19281130    14.7
19281201 19281231    19.8
19290101 19290131     6.4
19290201 19290228    30.0
19290301 19290331    24.4
19290401 19290430   119.4
19290501 19290531     0.0
19290601 19290630    35.3
19290701 19290731     6.4
19290801 19290831     9.9
19290901 19290930    22.9
19291001 19291031    15.3
19291101 19291130    49.8
19291201 19291231     9.2
19300101 19300131    49.3
19300201 19300228     2.6
19300301 19300331    34.6
19300401 19300430    27.2
19300501 19300531    12.5
19300601 19300630   118.9
19300701 19300731    47.7
19300801 19300831    44.5
19300901 19300930    13.7
19301001 19301031    57.9
19301101 19301130    14.9
19301201 19301231    16.9
19310101 19310131    10.4
19310201 19310228    22.6
19310301 19310331   141.2
19310401 19310430    56.2
19310501 19310531    91.6
19310601 19310630    87.5
19310701 19310731    22.7
19310801 19310831     3.3
19310901 19310930    15.7
19311001 19311031     3.8
19311101 19311130    50.1
19311201 19311231    33.6
19320101 19320131     3.1
19320201 19320229    13.2
19320301 19320331    26.1
19320401 19320430    52.1
19320501 19320531    75.3
19320601 19320630    28.3
19320701 19320731    27.0
19320801 19320831     5.1
19320901 19320930    47.5
19321001 19321031     0.8
19321101 19321130    73.4
19321201 19321231     7.0
19330101 19330131   122.4
19330201 19330228    29.9
19330301 19330331     0.5
19330401 19330430    19.1
19330501 19330531    31.7
19330601 19330630    37.3
19330701 19330731    94.9
19330801 19330831    10.0
19330901 19330930    51.8
19331001 19331031    34.7
19331101 19331130    74.2
19331201 19331231    51.4
19340101 19340131    31.0
19340201 19340228   183.0
19340301 19340331     2.0
19340401 19340430     3.0
19340501 19340531     2.5
19340601 19340630    22.4
19340701 19340731    51.9
19340801 19340831    15.6
19340901 19340930    31.3
19341001 19341031   126.5
19341101 19341130    45.8
19341201 19341231    25.9
19350101 19350131    96.6
19350201 19350228     0.0
19350301 19350331     0.0
19350401 19350430    11.9
19350501 19350531     2.5
19350601 19350630     5.6
19350701 19350731    53.6
19350801 19350831    14.5
19350901 19350930    55.9
19351001 19351031    19.4
19351101 19351130     5.1
19351201 19351231    40.8
19360101 19360131   108.4
19360201 19360229    40.7
19360301 19360331    42.7
19360401 19360430     5.1
19360501 19360531    20.4
19360601 19360630    17.8
19360701 19360731    53.4
19360801 19360831    21.1
19360901 19360930    21.4
19361001 19361031     0.0
19361101 19361130     1.3
19361201 19361231    35.1
19370101 19370131    33.0
19370201 19370228    83.4
19370301 19370331   128.6
19370401 19370430     0.8
19370501 19370531     1.3
19370601 19370630    29.7
19370701 19370731    17.3
19370801 19370831     5.6
19370901 19370930    26.7
19371001 19371031    21.9
19371101 19371130    87.9
19371201 19371231    16.0
19380101 19380131    32.7
19380201 19380228    14.3
19380301 19380331     3.3
19380401 19380430     9.9
19380501 19380531    76.8
19380601 19380630    28.2
19380701 19380731    22.9
19380801 19380831    48.2
19380901 19380930    10.7
19381001 19381031    56.2
19381101 19381130    30.7
19381201 19381231     0.0
19390101 19390131    77.0
19390201 19390228     9.7
19390301 19390331   155.4
19390401 19390430    36.1
19390501 19390531     9.7
19390601 19390630    42.0
19390701 19390731    40.4
19390801 19390831    74.9
19390901 19390930    29.4
19391001 19391031    25.4
19391101 19391130    26.5
19391201 19391231     7.6
19400101 19400131    17.2
19400201 19400229     5.3
19400301 19400331    91.9
19400401 19400430    28.5
19400501 19400531    10.6
19400601 19400630     7.6
19400701 19400731     3.0
19400801 19400831     7.9
19400901 19400930    35.0
19401001 19401031     8.4
19401101 19401130    14.5
19401201 19401231    44.3
19410101 19410131   197.1
19410201 19410228     3.6
19410301 19410331   116.1
19410401 19410430     1.8
19410501 19410531    11.2
19410601 19410630    34.8
19410701 19410731     5.4
19410801 19410831    15.0
19410901 19410930     7.8
19411001 19411031     9.4
19411101 19411130    28.6
19411201 19411231    15.7
19420101 19420131     3.8
19420201 19420228    46.7
19420301 19420331    52.1
19420401 19420430     0.0
19420501 19420531    18.8
19420601 19420630    55.6
19420701 19420731   127.5
19420801 19420831     4.1
19420901 19420930     4.3
19421001 19421031    26.7
19421101 19421130   208.5
19421201 19421231   201.5
19430101 19430131   149.9
19430201 19430228     3.0
19430301 19430331     0.0
19430401 19430430    60.7
19430501 19430531    14.2
19430601 19430630    27.0
19430701 19430731     8.1
19430801 19430831    35.7
19430901 19430930    29.3
19431001 19431031    15.4
19431101 19431130    27.5
19431201 19431231    24.4
19440101 19440131    29.0
19440201 19440229    10.2
19440301 19440331     4.6
19440401 19440430     1.3
19440501 19440531     5.1
19440601 19440630     8.9
19440701 19440731    23.1
19440801 19440831    44.2
19440901 19440930    10.2
19441001 19441031     0.0
19441101 19441130     1.5
19441201 19441231     9.2
19450101 19450131    35.3
19450201 19450228   130.6
19450301 19450331    10.7
19450401 19450430     7.1
19450501 19450531    93.3
19450601 19450630    60.2
19450701 19450731    36.5
19450801 19450831    27.3
19450901 19450930     3.8
19451001 19451031     9.4
19451101 19451130     6.4
19451201 19451231    21.6
19460101 19460131   134.8
19460201 19460228     0.0
19460301 19460331    11.7
19460401 19460430     5.1
19460501 19460531     0.0
19460601 19460630     5.8
19460701 19460731     2.0
19460801 19460831     0.0
19460901 19460930    83.0
19461001 19461031     6.1
19461101 19461130    30.9
19461201 19461231    17.6
19470101 19470131     2.0
19470201 19470228   291.5
19470301 19470331   144.2
19470401 19470430     7.9
19470501 19470531    29.2
19470601 19470630    16.2
19470701 19470731    12.6
19470801 19470831    35.6
19470901 19470930    36.0
19471001 19471031    52.0
19471101 19471130    85.8
19471201 19471231    44.7
19480101 19480131    51.3
19480201 19480229    26.7
19480301 19480331    58.8
19480401 19480430    24.1
19480501 19480531    75.2
19480601 19480630   120.4
19480701 19480731    27.6
19480801 19480831     8.6
19480901 19480930    27.4
19481001 19481031    10.2
19481101 19481130     7.1
19481201 19481231    96.8
19490101 19490131    37.1
19490201 19490228   145.0
19490301 19490331    83.1
19490401 19490430    40.6
19490501 19490531     9.5
19490601 19490630    51.2
19490701 19490731    17.0
19490801 19490831     3.1
19490901 19490930    62.4
19491001 19491031   104.9
19491101 19491130    63.3
19491201 19491231     8.1
19500101 19500131    83.5
19500201 19500228   154.2
19500301 19500331    53.8
19500401 19500430   159.6
19500501 19500531    25.6
19500601 19500630    81.7
19500701 19500731   166.0
19500801 19500831    17.5
19500901 19500930    15.5
19501001 19501031   134.2
19501101 19501130   111.7
19501201 19501231    15.3
19510101 19510131   103.3
19510201 19510228    40.4
19510301 19510331    70.0
19510401 19510430     0.0
19510501 19510531    30.3
19510601 19510630    31.7
19510701 19510731     0.1
19510801 19510831    23.6
19510901 19510930    32.2
19511001 19511031     2.5
19511101 19511130     7.6
19511201 19511231     8.0
19520101 19520131     6.4
19520201 19520229    54.1
19520301 19520331    35.6
19520401 19520430    31.8
19520501 19520531    27.2
19520601 19520630    39.6
19520701 19520731    30.4
19520801 19520831    37.3
19520901 19520930    27.5
19521001 19521031    28.7
19521101 19521130    16.3
19521201 19521231    36.8
19530101 19530131    39.7
19530201 19530228   150.5
19530301 19530331    16.8
19530401 19530430    29.7
19530501 19530531   155.4
19530601 19530630     0.0
19530701 19530731     6.1
19530801 19530831    40.8
19530901 19530930     8.9
19531001 19531031    27.6
19531101 19531130    21.2
19531201 19531231     1.8
19540101 19540131   117.1
19540201 19540228   130.7
19540301 19540331     3.0
19540401 19540430     0.0
19540501 19540531     0.0
19540601 19540630    16.5
19540701 19540731    76.7
19540801 19540831    21.8
19540901 19540930    12.2
19541001 19541031   110.4
19541101 19541130    37.2
19541201 19541231    30.2
19550101 19550131   176.6
19550201 19550228    88.8
19550301 19550331    15.0
19550401 19550430    84.8
19550501 19550531    49.8
19550601 19550630    25.6
19550701 19550731    31.0
19550801 19550831    46.3
19550901 19550930     6.9
19551001 19551031    79.8
19551101 19551130    23.6
19551201 19551231    26.2
19560101 19560131   184.6
19560201 19560229   219.7
19560301 19560331   155.5
19560401 19560430    48.3
19560501 19560531    53.8
19560601 19560630    55.6
19560701 19560731    49.5
19560801 19560831     3.0
19560901 19560930    32.7
19561001 19561031    39.8
19561101 19561130    17.2
19561201 19561231    28.7
19570101 19570131    12.2
19570201 19570228    58.3
19570301 19570331    33.3
19570401 19570430    14.2
19570501 19570531     0.5
19570601 19570630    44.2
19570701 19570731     3.0
19570801 19570831     1.3
19570901 19570930     0.0
19571001 19571031    13.0
19571101 19571130     1.5
19571201 19571231    27.9
19580101 19580131   199.7
19580201 19580228    31.5
19580301 19580331    44.4
19580401 19580430    33.1
19580501 19580531    30.7
19580601 19580630    83.5
19580701 19580731     1.5
19580801 19580831    10.1
19580901 19580930    30.2
19581001 19581031    29.0
19581101 19581130     3.8
19581201 19581231    41.4
19590101 19590131   135.6
19590201 19590228   145.0
19590301 19590331   111.2
19590401 19590430   135.4
19590501 19590531    26.7
19590601 19590630    13.5
19590701 19590731    57.0
19590801 19590831     0.0
19590901 19590930    19.1
19591001 19591031    28.7
19591101 19591130    19.6
19591201 19591231    34.0
19600101 19600131     7.7
19600201 19600229     5.6
19600301 19600331    35.1
19600401 19600430    12.5
19600501 19600531    18.8
19600601 19600630    18.5
19600701 19600731    37.8
19600801 19600831    14.8
19600901 19600930    23.9
19601001 19601031    26.0
19601101 19601130    40.4
19601201 19601231    28.9
19610101 19610131    69.7
19610201 19610228    78.5
19610301 19610331    44.4
19610401 19610430    36.2
19610501 19610531    38.7
19610601 19610630     8.1
19610701 19610731    37.1
19610801 19610831    11.5
19610901 19610930     0.0
19611001 19611031    35.7
19611101 19611130    86.3
19611201 19611231    48.9
19620101 19620131    75.3
19620201 19620228    70.1
19620301 19620331   166.4
19620401 19620430    18.3
19620501 19620531    10.0
19620601 19620630    11.4
19620701 19620731    37.4
19620801 19620831    76.6
19620901 19620930    20.7
19621001 19621031    12.2
19621101 19621130    16.0
19621201 19621231    70.6
19630101 19630131   188.3
19630201 19630228    14.7
19630301 19630331   146.0
19630401 19630430     4.1
19630501 19630531    42.3
19630601 19630630    18.4
19630701 19630731     0.5
19630801 19630831    18.8
19630901 19630930    20.8
19631001 19631031    13.8
19631101 19631130    46.2
19631201 19631231    20.7
19640101 19640131   145.0
19640201 19640229     7.8
19640301 19640331    25.6
19640401 19640430    51.5
19640501 19640531    59.1
19640601 19640630    15.5
19640701 19640731    30.7
19640801 19640831    22.6
19640901 19640930    79.5
19641001 19641031    80.0
19641101 19641130    31.0
19641201 19641231     4.3
19650101 19650131    27.7
19650201 19650228    13.2
19650301 19650331     2.0
19650401 19650430     5.1
19650501 19650531     1.0
19650601 19650630     5.9
19650701 19650731     7.1
19650801 19650831    18.0
19650901 19650930    10.7
19651001 19651031    31.3
19651101 19651130    18.6
19651201 19651231   103.2
19660101 19660131    42.9
19660201 19660228     1.3
19660301 19660331     7.9
19660401 19660430     0.0
19660501 19660531     2.3
19660601 19660630    54.0
19660701 19660731    20.3
19660801 19660831   140.3
19660901 19660930     5.8
19661001 19661031    18.9
19661101 19661130    81.3
19661201 19661231    17.0
19670101 19670131    35.8
19670201 19670228    15.2
19670301 19670331   125.5
19670401 19670430     0.0
19670501 19670531    12.2
19670601 19670630    37.4
19670701 19670731    11.0
19670801 19670831    19.2
19670901 19670930     0.0
19671001 19671031    16.0
19671101 19671130     0.0
19671201 19671231     6.9
19680101 19680131   121.7
19680201 19680229    60.9
19680301 19680331    64.0
19680401 19680430    26.6
19680501 19680531    66.0
19680601 19680630     5.1
19680701 19680731    24.2
19680801 19680831    52.5
19680901 19680930    10.2
19681001 19681031     5.0
19681101 19681130    19.3
19681201 19681231    70.4
19690101 19690131    25.1
19690201 19690228     9.6
19690301 19690331    61.3
19690401 19690430    34.8
19690501 19690531    43.3
19690601 19690630    31.7
19690701 19690731    36.9
19690801 19690831    34.1
19690901 19690930    49.2
19691001 19691031   117.9
19691101 19691130    46.8
19691201 19691231    46.0
19700101 19700131    78.9
19700201 19700228    20.0
19700301 19700331    10.4
19700401 19700430    27.9
19700501 19700531     3.8
19700601 19700630     4.4
19700701 19700731     0.0
19700801 19700831    14.2
19700901 19700930    95.4
19701001 19701031    15.3
19701101 19701130    39.2
19701201 19701231   122.7
19710101 19710131   158.0
19710201 19710228   173.1
19710301 19710331     8.9
19710401 19710430     7.4
19710501 19710531    11.5
19710601 19710630     1.5
19710701 19710731    78.5
19710801 19710831    51.4
19710901 19710930    55.1
19711001 19711031    13.0
19711101 19711130     7.7
19711201 19711231    31.0
19720101 19720131    63.6
19720201 19720229    20.5
19720301 19720331     8.9
19720401 19720430    18.5
19720501 19720531     3.8
19720601 19720630     4.0
19720701 19720731     0.8
19720801 19720831    32.3
19720901 19720930    36.8
19721001 19721031    51.5
19721101 19721130    74.1
19721201 19721231    12.5
19730101 19730131    86.3
19730201 19730228   109.3
19730301 19730331     8.2
19730401 19730430     7.1
19730501 19730531    15.2
19730601 19730630    16.3
19730701 19730731    62.8
19730801 19730831    20.1
19730901 19730930    45.0
19731001 19731031    84.6
19731101 19731130    64.9
19731201 19731231   125.2
19740101 19740131   423.8
19740201 19740228    14.6
19740301 19740331     6.1
19740401 19740430   100.2
19740501 19740531     9.0
19740601 19740630     5.5
19740701 19740731     9.2
19740801 19740831    46.2
19740901 19740930    11.2
19741001 19741031    61.6
19741101 19741130    52.8
19741201 19741231     0.0
19750101 19750131    21.9
19750201 19750228    98.7
19750301 19750331    70.8
19750401 19750430    20.0
19750501 19750531     0.0
19750601 19750630    27.0
19750701 19750731    29.8
19750801 19750831    17.6
19750901 19750930    12.8
19751001 19751031    87.0
19751101 19751130     8.0
19751201 19751231    52.5
19760101 19760131   257.1
19760201 19760229   321.8
19760301 19760331    46.8
19760401 19760430     0.0
19760501 19760531    38.2
19760601 19760630    26.5
19760701 19760731    56.7
19760801 19760831     5.9
19760901 19760930    19.5
19761001 19761031    61.3
19761101 19761130    41.3
19761201 19761231    23.6
19770101 19770131    70.8
19770201 19770228   149.8
19770301 19770331    74.0
19770401 19770430    52.5
19770501 19770531    88.5
19770601 19770630     5.6
19770701 19770731     0.0
19770801 19770831    14.2
19770901 19770930    10.0
19771001 19771031    17.3
19771101 19771130     9.0
19771201 19771231    12.1
19780101 19780131   177.6
19780201 19780228     5.6
19780301 19780331    28.5
19780401 19780430     2.8
19780501 19780531    65.0
19780601 19780630    72.5
19780701 19780731    32.8
19780801 19780831    49.9
19780901 19780930    78.1
19781001 19781031     8.4
19781101 19781130   112.2
19781201 19781231   102.8
19790101 19790131    52.8
19790201 19790228     9.4
19790301 19790331    37.0
19790401 19790430     4.2
19790501 19790531    38.4
19790601 19790630    75.4
19790701 19790731     4.6
19790801 19790831    17.8
19790901 19790930    59.2
19791001 19791031   110.2
19791101 19791130    39.8
19791201 19791231     4.0
19800101 19800131    74.8
19800201 19800229    11.2
19800301 19800331    14.0
19800401 19800430     2.2
19800501 19800531    34.3
19800601 19800630     6.6
19800701 19800731    15.7
19800801 19800831     8.2
19800901 19800930     0.0
19801001 19801031    16.0
19801101 19801130     0.0
19801201 19801231   127.3
19810101 19810131     2.4
19810201 19810228    45.7
19810301 19810331     0.0
19810401 19810430    22.8
19810501 19810531    51.0
19810601 19810630    46.6
19810701 19810731    53.7
19810801 19810831     2.4
19810901 19810930    16.0
19811001 19811031    65.0
19811101 19811130    48.9
19811201 19811231    11.6
19820101 19820131   127.8
19820201 19820228    15.8
19820301 19820331   148.8
19820401 19820430     0.0
19820501 19820531    11.0
19820601 19820630     3.4
19820701 19820731     7.6
19820801 19820831     0.0
19820901 19820930    13.0
19821001 19821031    53.0
19821101 19821130     0.0
19821201 19821231    70.6
19830101 19830131    46.6
19830201 19830228    25.4
19830301 19830331    82.6
19830401 19830430   110.0
19830501 19830531   287.4
19830601 19830630    65.6
19830701 19830731    17.2
19830801 19830831    36.6
19830901 19830930    45.8
19831001 19831031    29.0
19831101 19831130   136.0
19831201 19831231    36.4
19840101 19840131   221.6
19840201 19840229    63.7
19840301 19840331     5.4
19840401 19840430   205.4
19840501 19840531     0.0
19840601 19840630    34.4
19840701 19840731   146.0
19840801 19840831    19.2
19840901 19840930    34.8
19841001 19841031    38.8
19841101 19841130    56.5
19841201 19841231    16.6
19850101 19850131     6.4
19850201 19850228    37.8
19850301 19850331     8.0
19850401 19850430    17.2
19850501 19850531     1.2
19850601 19850630     7.4
19850701 19850731    85.6
19850801 19850831    78.6
19850901 19850930     4.2
19851001 19851031    49.6
19851101 19851130    97.3
19851201 19851231    67.6
19860101 19860131    54.1
19860201 19860228     0.0
19860301 19860331     0.0
19860401 19860430    23.2
19860501 19860531    31.0
19860601 19860630     0.0
19860701 19860731    77.2
19860801 19860831    36.2
19860901 19860930    29.4
19861001 19861031    69.6
19861101 19861130    43.2
19861201 19861231    18.2
19870101 19870131   118.8
19870201 19870228    63.4
19870301 19870331    16.4
19870401 19870430     0.0
19870501 19870531    83.4
19870601 19870630    37.6
19870701 19870731    24.0
19870801 19870831   105.2
19870901 19870930     0.0
19871001 19871031    41.2
19871101 19871130    42.0
19871201 19871231    49.8
19880101 19880131    31.4
19880201 19880229    37.0
19880301 19880331     6.0
19880401 19880430   192.4
19880501 19880531    25.4
19880601 19880630     9.6
19880701 19880731    79.6
19880801 19880831    51.8
19880901 19880930    28.4
19881001 19881031     3.1
19881101 19881130    15.0
19881201 19881231    53.4
19890101 19890131    44.2
19890201 19890228    14.0
19890301 19890331    71.2
19890401 19890430   122.8
19890501 19890531    88.9
19890601 19890630    71.8
19890701 19890731    34.1
19890801 19890831    10.8
19890901 19890930     0.0
19891001 19891031    10.6
19891101 19891130    45.0
19891201 19891231    32.4
19900101 19900131    24.8
19900201 19900228    20.4
19900301 19900331    97.2
19900401 19900430   367.6
19900501 19900531    33.0
19900601 19900630    18.6
19900701 19900731    82.9
19900801 19900831     9.1
19900901 19900930    19.6
19901001 19901031    13.8
19901101 19901130     0.0
19901201 19901231    13.0
19910101 19910131    80.8
19910201 19910228    83.4
19910301 19910331     4.8
19910401 19910430     0.0
19910501 19910531   101.6
19910601 19910630    20.0
19910701 19910731    28.8
19910801 19910831     0.0
19910901 19910930     4.2
19911001 19911031    10.2
19911101 19911130    74.3
19911201 19911231   178.8
19920101 19920131    24.2
19920201 19920229   117.6
19920301 19920331     4.7
19920401 19920430    23.6
19920501 19920531    21.2
19920601 19920630     2.4
19920701 19920731    27.8
19920801 19920831    54.0
19920901 19920930     6.6
19921001 19921031    17.0
19921101 19921130    94.8
19921201 19921231    52.0
19930101 19930131    37.6
19930201 19930228    51.4
19930301 19930331    56.4
19930401 19930430     0.0
19930501 19930531     7.2
19930601 19930630    33.6
19930701 19930731   100.8
19930801 19930831    29.2
19930901 19930930    67.8
19931001 19931031    54.6
19931101 19931130    39.6
19931201 19931231    38.6
19940101 19940131    21.6
19940201 19940228    72.5
19940301 19940331    56.4
19940401 19940430     0.0
19940501 19940531     0.0
19940601 19940630     5.4
19940701 19940731     1.4
19940801 19940831     4.0
19940901 19940930     2.6
19941001 19941031    11.8
19941101 19941130    48.4
19941201 19941231    26.1
19950101 19950131   196.6
19950201 19950228    16.2
19950301 19950331     0.0
19950401 19950430     0.0
19950501 19950531    71.0
19950601 19950630    24.7
19950701 19950731     3.0
19950801 19950831     0.0
19950901 19950930    25.4
19951001 19951031    29.2
19951101 19951130    71.6
19951201 19951231    56.6
19960101 19960131   106.6
19960201 19960229    33.0
19960301 19960331     0.0
19960401 19960430    20.6
19960501 19960531   105.4
19960601 19960630    33.8
19960701 19960731    60.4
19960801 19960831    66.6
19960901 19960930    24.0
19961001 19961031    19.8
19961101 19961130    23.6
19961201 19961231   115.2
19970101 19970131    98.2
19970201 19970228    93.2
19970301 19970331    57.6
19970401 19970430     0.0
19970501 19970531    62.6
19970601 19970630    14.0
19970701 19970731     6.8
19970801 19970831     2.8
19970901 19970930    12.4
19971001 19971031    41.2
19971101 19971130    17.2
19971201 19971231   110.0
19980101 19980131    51.3
19980201 19980228    50.4
19980301 19980331     0.0
19980401 19980430    31.8
19980501 19980531    76.0
19980601 19980630    47.0
19980701 19980731   110.2
19980801 19980831    73.0
19980901 19980930    95.6
19981001 19981031    74.6
19981101 19981130    32.2
19981201 19981231     8.2
19990101 19990131   171.0
19990201 19990228    37.2
19990301 19990331    93.0
19990401 19990430    75.2
19990501 19990531    14.2
19990601 19990630    47.4
19990701 19990731    36.6
19990801 19990831    32.4
19990901 19990930    48.6
19991001 19991031   102.6
19991101 19991130    90.6
19991201 19991231    37.0
20000101 20000131    39.8
20000201 20000229    43.6
20000301 20000331   273.2
20000401 20000430    16.0
20000501 20000531    58.6
20000601 20000630    27.6
20000701 20000731    15.2
20000801 20000831    10.8
20000901 20000930     4.2
20001001 20001031   121.2
20001101 20001130   256.6
20001201 20001231     1.6
20010101 20010131 99999.9
20010201 20010228    45.6
20010301 20010331    33.2
20010401 20010430     6.2
20010501 20010531    35.5
20010601 20010630    44.8
20010701 20010731    49.2
20010801 20010831     4.3
20010901 20010930    32.6
20011001 20011031    58.3
20011101 20011130    56.6
20011201 20011231    21.6
20020101 20020131     2.0
20020201 20020228    37.0
20020301 20020331    35.3
20020401 20020430    23.4
20020501 20020531     1.4
20020601 20020630    20.0
20020701 20020731     0.0
20020801 20020831    21.8
20020901 20020930    10.6
20021001 20021031     6.4
20021101 20021130     5.8
20021201 20021231    32.4
20030101 20030131     6.2
20030201 20030228    58.0
20030301 20030331    37.8
20030401 20030430    67.2
20030501 20030531     1.2
20030601 20030630     8.8
20030701 20030731    20.2
20030801 20030831    50.8
20030901 20030930     0.0
20031001 20031031    39.6
20031101 20031130    34.4
20031201 20031231    39.4
20040101 20040131   109.0
20040201 20040229    26.0
20040301 20040331   218.8
20040401 20040430    34.0
20040501 20040531    33.4
20040601 20040630    12.0
20040701 20040731    24.6
20040801 20040831    30.8
20040901 20040930 99999.9
20041001 20041031    19.6
20041101 20041130    84.4
20041201 20041231   162.2
20050101 20050131    65.0
20050201 20050228    21.4
20050301 20050331     4.2
20050401 20050430     0.0
20050501 20050531    41.6
20050601 20050630   200.4
20050701 20050731    10.2
20050801 20050831    17.8
20050901 20050930    25.2
20051001 20051031    65.0
20051101 20051130    71.6
20051201 20051231    31.1
20060101 20060131    22.0
20060201 20060228 99999.9
20060301 20060331 99999.9
20060401 20060430    11.0
20060501 20060531     0.0
20060601 20060630    52.4
20060701 20060731    61.6
20060801 20060831     2.4
20060901 20060930    10.0
20061001 20061031     1.0
20061101 20061130    67.0
20061201 20061231    27.7
20070101 20070131    26.1
20070201 20070228    66.0
20070301 20070331    18.0
20070401 20070430    23.0
20070501 20070531    50.8
20070601 20070630    60.8
20070701 20070731     0.0
20070801 20070831    18.9
20070901 20070930    10.5
20071001 20071031    52.2
20071101 20071130    43.3
20071201 20071231   121.8
20080101 20080131    73.0
20080201 20080229    95.5
20080301 20080331 99999.9
20080401 20080430     0.0
20080501 20080531     7.1
20080601 20080630    62.3
20080701 20080731    33.5
20080801 20080831    37.0
20080901 20080930    92.0
20081001 20081031    43.0
20081101 20081130    81.0
20081201 20081231    54.5
20090101 20090131    90.0
20090201 20090228    92.0
20090301 20090331     1.0
20090401 20090430    46.5
20090501 20090531    77.4
20090601 20090630    16.0
20090701 20090731     6.5
20090801 20090831 99999.9
20090901 20090930    24.3
20091001 20091031    28.0
20091101 20091130     1.6
20091201 20091231   122.0
20100101 20100131    57.5
20100201 20100228   104.5
20100301 20100331 99999.9
20100401 20100430    18.5
20100501 20100531    41.5
20100601 20100630     7.0
20100701 20100731    77.0
20100801 20100831    59.0
20100901 20100930    37.0
20101001 20101031    60.0
20101101 20101130   101.4
20101201 20101231    92.1
20110101 20110131     6.0
20110201 20110228    49.5
20110301 20110331    35.2
20110401 20110430    16.5
20110501 20110531    21.7
20110601 20110630    33.5
20110701 20110731    16.1
20110801 20110831    27.6
20110901 20110930    63.5
20111001 20111031    14.0
20111101 20111130   156.9
20111201 20111231   106.5
20120101 20120131    83.7
20120201 20120229   125.9
20120301 20120331     3.5
20120401 20120430    21.4
20120501 20120531 99999.9
20120601 20120630    26.0
20120701 20120731    83.0
20120801 20120831     4.0
20120901 20120930     0.0
20121001 20121031     2.0
20121101 20121130    10.0
20121201 20121231    36.3
20130101 20130131    53.8
20130201 20130228    43.9
20130301 20130331    74.4
20130401 20130430     0.0
20130501 20130531    44.4
20130601 20130630    13.1
20130701 20130731    11.1
20130801 20130831     5.0
20130901 20130930 99999.9
20131001 20131031    25.3
20131101 20131130     9.0
20131201 20131231     2.2
20140101 20140131     8.0
20140201 20140228    12.2
20140301 20140331   184.3
20140401 20140430 99999.9
20140501 20140531     8.6
20140601 20140630    15.5
20140701 20140731    10.1
20140801 20140831    35.4
20140901 20140930    16.3
20141001 20141031     0.0
20141101 20141130    17.2
20141201 20141231    15.3
20150101 20150131    67.5
20150201 20150228 99999.9
20150301 20150331    34.2
20150401 20150430 99999.9
20150501 20150531    17.7
20150601 20150630    46.3
20150701 20150731 99999.9
20150801 20150831 99999.9
20150901 20150930 99999.9
20151001 20151031 99999.9
20151101 20151130    58.0
20151201 20151231    36.0
20160101 20160131 99999.9
20160201 20160229     0.0
20160301 20160331     2.9
20160401 20160430     9.0
20160501 20160531 99999.9
20160601 20160630   116.7
20160701 20160731    22.8
20160801 20160831 99999.9
20160901 20160930 99999.9
20161001 20161031 99999.9
20161101 20161130 99999.9
20161201 20161231    54.2
20170101 20170131 99999.9
20170201 20170228 99999.9
20170301 20170331 99999.9
20170401 20170430 99999.9
20170501 20170531 99999.9
20170601 20170630 99999.9
20170701 20170731 99999.9
20170801 20170831 99999.9
20170901 20170930 99999.9
20171001 20171031 99999.9
20171101 20171130 99999.9
20171201 20171231    85.6
