PRCP       025004 19100101 20171231 missing_value=99999.9 GALGA                                     
19100101 19100131    17.1
19100201 19100228     3.1
19100301 19100331   106.1
19100401 19100430     3.7
19100501 19100531    56.9
19100601 19100630    57.9
19100701 19100731    41.4
19100801 19100831    16.5
19100901 19100930    77.3
19101001 19101031    26.2
19101101 19101130    12.8
19101201 19101231     8.8
19110101 19110131    19.7
19110201 19110228   119.9
19110301 19110331    22.7
19110401 19110430     0.0
19110501 19110531    25.2
19110601 19110630    13.5
19110701 19110731    23.9
19110801 19110831    22.3
19110901 19110930    47.0
19111001 19111031     6.0
19111101 19111130    10.1
19111201 19111231    37.7
19120101 19120131     0.0
19120201 19120229     3.7
19120301 19120331    13.3
19120401 19120430     3.4
19120501 19120531     0.8
19120601 19120630   101.0
19120701 19120731    21.6
19120801 19120831    45.8
19120901 19120930    31.4
19121001 19121031     9.1
19121101 19121130    42.5
19121201 19121231    16.5
19130101 19130131     0.0
19130201 19130228    40.0
19130301 19130331    83.6
19130401 19130430     3.9
19130501 19130531    30.1
19130601 19130630     0.0
19130701 19130731    15.7
19130801 19130831    17.2
19130901 19130930    67.3
19131001 19131031    30.6
19131101 19131130    11.4
19131201 19131231    16.8
19140101 19140131     6.2
19140201 19140228    20.4
19140301 19140331    11.9
19140401 19140430    14.8
19140501 19140531     5.7
19140601 19140630     5.7
19140701 19140731     6.5
19140801 19140831     1.0
19140901 19140930     3.1
19141001 19141031     0.3
19141101 19141130    27.8
19141201 19141231    20.4
19150101 19150131    13.2
19150201 19150228     1.5
19150301 19150331     0.0
19150401 19150430    11.4
19150501 19150531    33.9
19150601 19150630    39.4
19150701 19150731    11.7
19150801 19150831    29.3
19150901 19150930    44.2
19151001 19151031    17.4
19151101 19151130     3.9
19151201 19151231     1.8
19160101 19160131     6.2
19160201 19160229     0.0
19160301 19160331     8.6
19160401 19160430     6.2
19160501 19160531    21.0
19160601 19160630    39.7
19160701 19160731    59.2
19160801 19160831    78.7
19160901 19160930    61.0
19161001 19161031    41.1
19161101 19161130    35.3
19161201 19161231    30.4
19170101 19170131    10.9
19170201 19170228    34.0
19170301 19170331    16.3
19170401 19170430     7.9
19170501 19170531    19.9
19170601 19170630    21.5
19170701 19170731    29.9
19170801 19170831    38.9
19170901 19170930    42.1
19171001 19171031    64.8
19171101 19171130    38.6
19171201 19171231    32.0
19180101 19180131     3.8
19180201 19180228     4.6
19180301 19180331    12.8
19180401 19180430    27.4
19180501 19180531    29.9
19180601 19180630    17.2
19180701 19180731    35.0
19180801 19180831    51.9
19180901 19180930     5.6
19181001 19181031    22.6
19181101 19181130     1.0
19181201 19181231     0.3
19190101 19190131     3.7
19190201 19190228   140.1
19190301 19190331     5.9
19190401 19190430     3.6
19190501 19190531    44.4
19190601 19190630    10.2
19190701 19190731     9.8
19190801 19190831    12.8
19190901 19190930    19.0
19191001 19191031    10.7
19191101 19191130    15.5
19191201 19191231    49.6
19200101 19200131     5.8
19200201 19200229     1.0
19200301 19200331     6.0
19200401 19200430     7.9
19200501 19200531    11.6
19200601 19200630    64.7
19200701 19200731    19.5
19200801 19200831    58.1
19200901 19200930    72.5
19201001 19201031    88.2
19201101 19201130    38.2
19201201 19201231    34.7
19210101 19210131    44.1
19210201 19210228    40.9
19210301 19210331    22.1
19210401 19210430     1.6
19210501 19210531    53.4
19210601 19210630    18.7
19210701 19210731    23.9
19210801 19210831    30.5
19210901 19210930    45.1
19211001 19211031    11.1
19211101 19211130    26.6
19211201 19211231     8.8
19220101 19220131    18.7
19220201 19220228     4.2
19220301 19220331     0.8
19220401 19220430    16.6
19220501 19220531    61.2
19220601 19220630    29.1
19220701 19220731    17.9
19220801 19220831    19.5
19220901 19220930    21.7
19221001 19221031    14.8
19221101 19221130     2.7
19221201 19221231    22.7
19230101 19230131     1.3
19230201 19230228     1.5
19230301 19230331     0.0
19230401 19230430     0.0
19230501 19230531    35.6
19230601 19230630    69.2
19230701 19230731    58.6
19230801 19230831    34.4
19230901 19230930    51.4
19231001 19231031    14.2
19231101 19231130     2.6
19231201 19231231    29.4
19240101 19240131    37.9
19240201 19240229    34.7
19240301 19240331    16.0
19240401 19240430     5.4
19240501 19240531    19.8
19240601 19240630    35.2
19240701 19240731     4.1
19240801 19240831    23.6
19240901 19240930    49.7
19241001 19241031    58.1
19241101 19241130    22.0
19241201 19241231    28.8
19250101 19250131    18.5
19250201 19250228    22.8
19250301 19250331    13.0
19250401 19250430     6.2
19250501 19250531    58.0
19250601 19250630    13.2
19250701 19250731    28.4
19250801 19250831    16.4
19250901 19250930    44.2
19251001 19251031     2.3
19251101 19251130    10.6
19251201 19251231     1.8
19260101 19260131     1.3
19260201 19260228     4.2
19260301 19260331     4.2
19260401 19260430    37.7
19260501 19260531    56.5
19260601 19260630    20.8
19260701 19260731    20.3
19260801 19260831    56.9
19260901 19260930    52.7
19261001 19261031    18.5
19261101 19261130     0.0
19261201 19261231    17.6
19270101 19270131    17.5
19270201 19270228    13.7
19270301 19270331     8.4
19270401 19270430     1.8
19270501 19270531    21.6
19270601 19270630    13.9
19270701 19270731    23.2
19270801 19270831    37.7
19270901 19270930    20.6
19271001 19271031     9.4
19271101 19271130    12.7
19271201 19271231     7.9
19280101 19280131    24.1
19280201 19280229    56.2
19280301 19280331    20.6
19280401 19280430     2.8
19280501 19280531    13.1
19280601 19280630    28.4
19280701 19280731    20.9
19280801 19280831     7.1
19280901 19280930    38.2
19281001 19281031    36.5
19281101 19281130     0.0
19281201 19281231     6.1
19290101 19290131     2.5
19290201 19290228     7.9
19290301 19290331     2.0
19290401 19290430     0.0
19290501 19290531    15.8
19290601 19290630    16.6
19290701 19290731    12.7
19290801 19290831    13.4
19290901 19290930    33.6
19291001 19291031     4.3
19291101 19291130    20.1
19291201 19291231    42.2
19300101 19300131     7.6
19300201 19300228     1.0
19300301 19300331     0.0
19300401 19300430     4.6
19300501 19300531    22.7
19300601 19300630    16.3
19300701 19300731    31.3
19300801 19300831    43.8
19300901 19300930    13.7
19301001 19301031    60.1
19301101 19301130     8.4
19301201 19301231    21.3
19310101 19310131     3.0
19310201 19310228     0.0
19310301 19310331    13.0
19310401 19310430    22.1
19310501 19310531    30.8
19310601 19310630    42.3
19310701 19310731    17.8
19310801 19310831    29.3
19310901 19310930    28.5
19311001 19311031     9.2
19311101 19311130     3.8
19311201 19311231     0.0
19320101 19320131     2.5
19320201 19320229    41.2
19320301 19320331    26.9
19320401 19320430    53.6
19320501 19320531    14.2
19320601 19320630    55.1
19320701 19320731    22.1
19320801 19320831    49.3
19320901 19320930    21.8
19321001 19321031    24.9
19321101 19321130     1.0
19321201 19321231    19.1
19330101 19330131    83.9
19330201 19330228     0.0
19330301 19330331    21.6
19330401 19330430     2.8
19330501 19330531    38.8
19330601 19330630     4.9
19330701 19330731    11.9
19330801 19330831    40.6
19330901 19330930    35.1
19331001 19331031     7.3
19331101 19331130     5.8
19331201 19331231    12.4
19340101 19340131    17.6
19340201 19340228    19.6
19340301 19340331     7.6
19340401 19340430    33.0
19340501 19340531     0.0
19340601 19340630    26.1
19340701 19340731    19.0
19340801 19340831    29.0
19340901 19340930    26.4
19341001 19341031    84.1
19341101 19341130    32.2
19341201 19341231     0.0
19350101 19350131     8.8
19350201 19350228     1.5
19350301 19350331    15.9
19350401 19350430    22.6
19350501 19350531    15.0
19350601 19350630    20.4
19350701 19350731    24.9
19350801 19350831    33.3
19350901 19350930    35.0
19351001 19351031    26.4
19351101 19351130     0.0
19351201 19351231     6.6
19360101 19360131    92.7
19360201 19360229     8.4
19360301 19360331     8.2
19360401 19360430     6.0
19360501 19360531    27.5
19360601 19360630    15.0
19360701 19360731    54.3
19360801 19360831    12.4
19360901 19360930     4.5
19361001 19361031    22.7
19361101 19361130     0.0
19361201 19361231    34.6
19370101 19370131    35.6
19370201 19370228     8.9
19370301 19370331     0.0
19370401 19370430     7.6
19370501 19370531    24.3
19370601 19370630    50.6
19370701 19370731    13.2
19370801 19370831    53.3
19370901 19370930    15.0
19371001 19371031    10.5
19371101 19371130    11.9
19371201 19371231    66.5
19380101 19380131    16.2
19380201 19380228    21.3
19380301 19380331     0.0
19380401 19380430    39.7
19380501 19380531    12.7
19380601 19380630    10.4
19380701 19380731    43.9
19380801 19380831    22.2
19380901 19380930     0.0
19381001 19381031     3.0
19381101 19381130     8.6
19381201 19381231     0.0
19390101 19390131    10.1
19390201 19390228    42.2
19390301 19390331     0.0
19390401 19390430    13.7
19390501 19390531    26.9
19390601 19390630    33.4
19390701 19390731    20.5
19390801 19390831    24.7
19390901 19390930     3.8
19391001 19391031     8.9
19391101 19391130    57.6
19391201 19391231     0.0
19400101 19400131    12.2
19400201 19400229     4.3
19400301 19400331     6.4
19400401 19400430    32.4
19400501 19400531     6.0
19400601 19400630     2.3
19400701 19400731    19.3
19400801 19400831     8.6
19400901 19400930    17.0
19401001 19401031     9.4
19401101 19401130     7.1
19401201 19401231     8.9
19410101 19410131    53.6
19410201 19410228     9.6
19410301 19410331    49.8
19410401 19410430     8.4
19410501 19410531     3.8
19410601 19410630    43.2
19410701 19410731    46.7
19410801 19410831    29.0
19410901 19410930    35.3
19411001 19411031    55.4
19411101 19411130    24.9
19411201 19411231     2.5
19420101 19420131    33.8
19420201 19420228     1.5
19420301 19420331     0.0
19420401 19420430    45.8
19420501 19420531    61.2
19420601 19420630    20.7
19420701 19420731    25.6
19420801 19420831    28.4
19420901 19420930    50.9
19421001 19421031    15.3
19421101 19421130    26.4
19421201 19421231     7.6
19430101 19430131     5.8
19430201 19430228    17.0
19430301 19430331     3.6
19430401 19430430    15.7
19430501 19430531     3.0
19430601 19430630    11.5
19430701 19430731    12.1
19430801 19430831    15.0
19430901 19430930    14.3
19431001 19431031     7.9
19431101 19431130    17.8
19431201 19431231    28.2
19440101 19440131     0.0
19440201 19440229    14.0
19440301 19440331     0.0
19440401 19440430     8.2
19440501 19440531    26.1
19440601 19440630     2.3
19440701 19440731    13.2
19440801 19440831     5.1
19440901 19440930     4.9
19441001 19441031     8.8
19441101 19441130    23.6
19441201 19441231    24.6
19450101 19450131     5.1
19450201 19450228     0.0
19450301 19450331     0.0
19450401 19450430     0.0
19450501 19450531    18.5
19450601 19450630    45.2
19450701 19450731     9.4
19450801 19450831    20.3
19450901 19450930    11.9
19451001 19451031    35.0
19451101 19451130    35.6
19451201 19451231    26.2
19460101 19460131    19.0
19460201 19460228    54.8
19460301 19460331    34.3
19460401 19460430     7.6
19460501 19460531    27.2
19460601 19460630    23.9
19460701 19460731    31.6
19460801 19460831    19.7
19460901 19460930     5.9
19461001 19461031    10.7
19461101 19461130    14.2
19461201 19461231    61.7
19470101 19470131     1.0
19470201 19470228    22.2
19470301 19470331    60.3
19470401 19470430    23.7
19470501 19470531     2.8
19470601 19470630    27.3
19470701 19470731    48.0
19470801 19470831    25.4
19470901 19470930    57.7
19471001 19471031    38.6
19471101 19471130    14.6
19471201 19471231    18.1
19480101 19480131     2.0
19480201 19480229     7.3
19480301 19480331     2.3
19480401 19480430    47.0
19480501 19480531     9.9
19480601 19480630    14.4
19480701 19480731    10.2
19480801 19480831    23.6
19480901 19480930     6.6
19481001 19481031    47.1
19481101 19481130    57.3
19481201 19481231    33.5
19490101 19490131     7.6
19490201 19490228    30.3
19490301 19490331     0.0
19490401 19490430     1.0
19490501 19490531    57.9
19490601 19490630    13.3
19490701 19490731    23.1
19490801 19490831    11.1
19490901 19490930    16.5
19491001 19491031    42.9
19491101 19491130    17.3
19491201 19491231     1.0
19500101 19500131     0.0
19500201 19500228    76.9
19500301 19500331    27.2
19500401 19500430     9.9
19500501 19500531    49.8
19500601 19500630    22.1
19500701 19500731     9.8
19500801 19500831    32.0
19500901 19500930    24.7
19501001 19501031    22.3
19501101 19501130    12.4
19501201 19501231     9.7
19510101 19510131     4.1
19510201 19510228     2.8
19510301 19510331    20.6
19510401 19510430    16.8
19510501 19510531    33.2
19510601 19510630    49.5
19510701 19510731    38.3
19510801 19510831    54.8
19510901 19510930     4.8
19511001 19511031    58.9
19511101 19511130     3.8
19511201 19511231     8.4
19520101 19520131    50.6
19520201 19520229     5.3
19520301 19520331     0.0
19520401 19520430    13.0
19520501 19520531    37.4
19520601 19520630    27.4
19520701 19520731    23.0
19520801 19520831    25.4
19520901 19520930    18.9
19521001 19521031    43.7
19521101 19521130    25.4
19521201 19521231     8.1
19530101 19530131    24.2
19530201 19530228     0.0
19530301 19530331     1.8
19530401 19530430     5.6
19530501 19530531     8.9
19530601 19530630    37.7
19530701 19530731    29.6
19530801 19530831    34.8
19530901 19530930    22.8
19531001 19531031    33.6
19531101 19531130    13.2
19531201 19531231    33.5
19540101 19540131    37.7
19540201 19540228     0.0
19540301 19540331     0.8
19540401 19540430    76.5
19540501 19540531     2.8
19540601 19540630    27.0
19540701 19540731    30.9
19540801 19540831    18.5
19540901 19540930     5.3
19541001 19541031    19.8
19541101 19541130    21.5
19541201 19541231    30.7
19550101 19550131     0.0
19550201 19550228    39.3
19550301 19550331    13.2
19550401 19550430    15.7
19550501 19550531    58.9
19550601 19550630    81.2
19550701 19550731    10.6
19550801 19550831    23.6
19550901 19550930    18.5
19551001 19551031    15.7
19551101 19551130    17.2
19551201 19551231    14.7
19560101 19560131     4.6
19560201 19560229     0.0
19560301 19560331    33.9
19560401 19560430    38.3
19560501 19560531    44.7
19560601 19560630    37.5
19560701 19560731    34.0
19560801 19560831    18.0
19560901 19560930    28.4
19561001 19561031    25.9
19561101 19561130    10.6
19561201 19561231     3.8
19570101 19570131     0.0
19570201 19570228     4.1
19570301 19570331     1.8
19570401 19570430     5.8
19570501 19570531    13.9
19570601 19570630    23.4
19570701 19570731    25.1
19570801 19570831     4.3
19570901 19570930    11.9
19571001 19571031    22.6
19571101 19571130     5.1
19571201 19571231     7.1
19580101 19580131     1.5
19580201 19580228     2.6
19580301 19580331    16.8
19580401 19580430    13.5
19580501 19580531    36.6
19580601 19580630     0.5
19580701 19580731    35.0
19580801 19580831    41.4
19580901 19580930    47.6
19581001 19581031    37.5
19581101 19581130    20.7
19581201 19581231     5.1
19590101 19590131     0.0
19590201 19590228    26.0
19590301 19590331    23.4
19590401 19590430     5.3
19590501 19590531     5.8
19590601 19590630     5.9
19590701 19590731    19.1
19590801 19590831    15.5
19590901 19590930    18.9
19591001 19591031    48.8
19591101 19591130    10.1
19591201 19591231    11.2
19600101 19600131     7.4
19600201 19600229    41.4
19600301 19600331    10.2
19600401 19600430    29.5
19600501 19600531    46.2
19600601 19600630    12.1
19600701 19600731    42.1
19600801 19600831    14.1
19600901 19600930    48.5
19601001 19601031     5.1
19601101 19601130    38.8
19601201 19601231     2.3
19610101 19610131    14.0
19610201 19610228     1.5
19610301 19610331     0.5
19610401 19610430    88.4
19610501 19610531    18.9
19610601 19610630    11.5
19610701 19610731    35.6
19610801 19610831     9.6
19610901 19610930    29.9
19611001 19611031     3.6
19611101 19611130    41.2
19611201 19611231    11.7
19620101 19620131    29.3
19620201 19620228     5.6
19620301 19620331    35.8
19620401 19620430     4.1
19620501 19620531    21.6
19620601 19620630    25.9
19620701 19620731     7.1
19620801 19620831    25.6
19620901 19620930    10.5
19621001 19621031    46.7
19621101 19621130     2.8
19621201 19621231    28.7
19630101 19630131    33.5
19630201 19630228     5.1
19630301 19630331     6.7
19630401 19630430    52.2
19630501 19630531    64.8
19630601 19630630    40.4
19630701 19630731    30.3
19630801 19630831    41.8
19630901 19630930    10.2
19631001 19631031    22.4
19631101 19631130     8.4
19631201 19631231     3.8
19640101 19640131    16.5
19640201 19640229     6.4
19640301 19640331     3.0
19640401 19640430    30.5
19640501 19640531    12.7
19640601 19640630    12.7
19640701 19640731    27.0
19640801 19640831    28.2
19640901 19640930    76.1
19641001 19641031    32.7
19641101 19641130    37.0
19641201 19641231    56.4
19650101 19650131     0.0
19650201 19650228     0.0
19650301 19650331     3.8
19650401 19650430    14.7
19650501 19650531    34.0
19650601 19650630    29.5
19650701 19650731    38.5
19650801 19650831    60.3
19650901 19650930    29.0
19651001 19651031     2.8
19651101 19651130    15.2
19651201 19651231     6.9
19660101 19660131     0.0
19660201 19660228    20.3
19660301 19660331    11.2
19660401 19660430     4.9
19660501 19660531    16.2
19660601 19660630    33.9
19660701 19660731    42.7
19660801 19660831    14.0
19660901 19660930    20.8
19661001 19661031    31.0
19661101 19661130     3.5
19661201 19661231    63.5
19670101 19670131     2.5
19670201 19670228    14.6
19670301 19670331     3.5
19670401 19670430     3.6
19670501 19670531    37.0
19670601 19670630    14.2
19670701 19670731    20.1
19670801 19670831    33.5
19670901 19670930     7.1
19671001 19671031     9.8
19671101 19671130     0.0
19671201 19671231     8.6
19680101 19680131    18.8
19680201 19680229    17.3
19680301 19680331    37.9
19680401 19680430    28.9
19680501 19680531    38.8
19680601 19680630    31.9
19680701 19680731    38.4
19680801 19680831    38.8
19680901 19680930     8.8
19681001 19681031    20.3
19681101 19681130    27.0
19681201 19681231    22.9
19690101 19690131     2.3
19690201 19690228    77.2
19690301 19690331    57.7
19690401 19690430    26.9
19690501 19690531    37.0
19690601 19690630     8.4
19690701 19690731    51.1
19690801 19690831    14.9
19690901 19690930    37.1
19691001 19691031     1.0
19691101 19691130     8.2
19691201 19691231    30.9
19700101 19700131     7.4
19700201 19700228     0.0
19700301 19700331     9.9
19700401 19700430    47.0
19700501 19700531    14.4
19700601 19700630    16.9
19700701 19700731    10.4
19700801 19700831    48.0
19700901 19700930    54.4
19701001 19701031     7.2
19701101 19701130    48.5
19701201 19701231    16.3
19710101 19710131     0.5
19710201 19710228     9.9
19710301 19710331    18.3
19710401 19710430    32.8
19710501 19710531    27.1
19710601 19710630    44.6
19710701 19710731    22.9
19710801 19710831    29.4
19710901 19710930    37.8
19711001 19711031     3.8
19711101 19711130    32.7
19711201 19711231     8.7
19720101 19720131    26.4
19720201 19720229    29.3
19720301 19720331     0.0
19720401 19720430    13.2
19720501 19720531     8.1
19720601 19720630    10.1
19720701 19720731    20.7
19720801 19720831    42.3
19720901 19720930     7.7
19721001 19721031    10.0
19721101 19721130    16.9
19721201 19721231    13.0
19730101 19730131     9.2
19730201 19730228   105.3
19730301 19730331    17.3
19730401 19730430    32.5
19730501 19730531    32.0
19730601 19730630    34.1
19730701 19730731    60.8
19730801 19730831    38.1
19730901 19730930    23.0
19731001 19731031    95.0
19731101 19731130    47.0
19731201 19731231    30.0
19740101 19740131    71.6
19740201 19740228    22.2
19740301 19740331    64.8
19740401 19740430    70.6
19740501 19740531    72.4
19740601 19740630    23.4
19740701 19740731    47.6
19740801 19740831    30.4
19740901 19740930    50.6
19741001 19741031    94.3
19741101 19741130     9.8
19741201 19741231     0.8
19750101 19750131    21.9
19750201 19750228     0.0
19750301 19750331    41.3
19750401 19750430     7.7
19750501 19750531    21.2
19750601 19750630     3.6
19750701 19750731    35.9
19750801 19750831     9.2
19750901 19750930    48.1
19751001 19751031    85.2
19751101 19751130     7.4
19751201 19751231     6.7
19760101 19760131     4.0
19760201 19760229    71.6
19760301 19760331     6.2
19760401 19760430     3.4
19760501 19760531     3.6
19760601 19760630    24.2
19760701 19760731     9.0
19760801 19760831    18.3
19760901 19760930    35.8
19761001 19761031    75.9
19761101 19761130    20.8
19761201 19761231    12.2
19770101 19770131    14.2
19770201 19770228     8.0
19770301 19770331    16.2
19770401 19770430     6.1
19770501 19770531    28.9
19770601 19770630    27.6
19770701 19770731     7.9
19770801 19770831     5.0
19770901 19770930    18.6
19771001 19771031    17.3
19771101 19771130    52.3
19771201 19771231     9.9
19780101 19780131    22.2
19780201 19780228     5.9
19780301 19780331    11.0
19780401 19780430    10.4
19780501 19780531    19.2
19780601 19780630    51.8
19780701 19780731    51.2
19780801 19780831    34.4
19780901 19780930    34.4
19781001 19781031    18.8
19781101 19781130    37.3
19781201 19781231     5.6
19790101 19790131    31.4
19790201 19790228    40.0
19790301 19790331     2.6
19790401 19790430    16.8
19790501 19790531    29.6
19790601 19790630    11.8
19790701 19790731    13.2
19790801 19790831    28.2
19790901 19790930    67.9
19791001 19791031    53.8
19791101 19791130    54.4
19791201 19791231     0.0
19800101 19800131     0.0
19800201 19800229     0.0
19800301 19800331    10.1
19800401 19800430    32.2
19800501 19800531    29.6
19800601 19800630    52.1
19800701 19800731    31.0
19800801 19800831     8.7
19800901 19800930     7.2
19801001 19801031    72.7
19801101 19801130     8.3
19801201 19801231     4.4
19810101 19810131    22.5
19810201 19810228     9.0
19810301 19810331     7.7
19810401 19810430     7.9
19810501 19810531    41.5
19810601 19810630    43.7
19810701 19810731    46.8
19810801 19810831    49.8
19810901 19810930    10.9
19811001 19811031    14.7
19811101 19811130    20.8
19811201 19811231     1.0
19820101 19820131    24.3
19820201 19820228     5.2
19820301 19820331    17.9
19820401 19820430    27.8
19820501 19820531    15.2
19820601 19820630    14.1
19820701 19820731     4.5
19820801 19820831     6.9
19820901 19820930     9.1
19821001 19821031     7.0
19821101 19821130     0.0
19821201 19821231     1.4
19830101 19830131     2.4
19830201 19830228     2.5
19830301 19830331    90.0
19830401 19830430    35.5
19830501 19830531    21.9
19830601 19830630    11.1
19830701 19830731    60.6
19830801 19830831    33.0
19830901 19830930    46.8
19831001 19831031    43.7
19831101 19831130    24.3
19831201 19831231    40.3
19840101 19840131    49.6
19840201 19840229     1.8
19840301 19840331    10.9
19840401 19840430     8.0
19840501 19840531    12.8
19840601 19840630     8.9
19840701 19840731    46.6
19840801 19840831    48.2
19840901 19840930    21.6
19841001 19841031    13.0
19841101 19841130    19.7
19841201 19841231     0.0
19850101 19850131     2.1
19850201 19850228     0.0
19850301 19850331    16.4
19850401 19850430    38.6
19850501 19850531    34.8
19850601 19850630    22.0
19850701 19850731     6.8
19850801 19850831    82.7
19850901 19850930    20.6
19851001 19851031    23.9
19851101 19851130     9.1
19851201 19851231    12.7
19860101 19860131     3.0
19860201 19860228     1.2
19860301 19860331     0.0
19860401 19860430    15.9
19860501 19860531    15.3
19860601 19860630    12.0
19860701 19860731    54.7
19860801 19860831    62.9
19860901 19860930    49.4
19861001 19861031    54.2
19861101 19861130    22.6
19861201 19861231    28.6
19870101 19870131    23.4
19870201 19870228    17.4
19870301 19870331    13.9
19870401 19870430    10.7
19870501 19870531    63.8
19870601 19870630    45.1
19870701 19870731    39.0
19870801 19870831    21.2
19870901 19870930     7.4
19871001 19871031    26.3
19871101 19871130     0.0
19871201 19871231    39.3
19880101 19880131    23.9
19880201 19880229    12.5
19880301 19880331     5.4
19880401 19880430    33.4
19880501 19880531    37.6
19880601 19880630    41.3
19880701 19880731    21.9
19880801 19880831    10.2
19880901 19880930    43.8
19881001 19881031    18.4
19881101 19881130    46.2
19881201 19881231    26.8
19890101 19890131     0.8
19890201 19890228     4.9
19890301 19890331    22.9
19890401 19890430     3.1
19890501 19890531    37.9
19890601 19890630    37.3
19890701 19890731    42.4
19890801 19890831    34.4
19890901 19890930    31.4
19891001 19891031     5.9
19891101 19891130    18.3
19891201 19891231    16.0
19900101 19900131     8.8
19900201 19900228     5.0
19900301 19900331    21.6
19900401 19900430    15.1
19900501 19900531    15.5
19900601 19900630    36.4
19900701 19900731    57.4
19900801 19900831    43.2
19900901 19900930    24.6
19901001 19901031    18.4
19901101 19901130    13.3
19901201 19901231    14.8
19910101 19910131    10.3
19910201 19910228     0.0
19910301 19910331     9.5
19910401 19910430    14.9
19910501 19910531     5.0
19910601 19910630    64.4
19910701 19910731    47.7
19910801 19910831    27.9
19910901 19910930    17.4
19911001 19911031     0.3
19911101 19911130    24.6
19911201 19911231     0.1
19920101 19920131     3.0
19920201 19920229    10.0
19920301 19920331    18.7
19920401 19920430    67.6
19920501 19920531    54.2
19920601 19920630    24.1
19920701 19920731    19.8
19920801 19920831    75.8
19920901 19920930    76.5
19921001 19921031    57.0
19921101 19921130    61.0
19921201 19921231   104.2
19930101 19930131    21.5
19930201 19930228     1.7
19930301 19930331     7.4
19930401 19930430     2.8
19930501 19930531    23.3
19930601 19930630    15.9
19930701 19930731    41.4
19930801 19930831    24.3
19930901 19930930    50.8
19931001 19931031    41.5
19931101 19931130    38.9
19931201 19931231    27.3
19940101 19940131    18.4
19940201 19940228    17.2
19940301 19940331     0.0
19940401 19940430     0.7
19940501 19940531     3.4
19940601 19940630    66.2
19940701 19940731    13.0
19940801 19940831     4.6
19940901 19940930    11.4
19941001 19941031    19.8
19941101 19941130    26.7
19941201 19941231     5.8
19950101 19950131    40.0
19950201 19950228    20.4
19950301 19950331     4.6
19950401 19950430    34.4
19950501 19950531    25.1
19950601 19950630    53.8
19950701 19950731    44.4
19950801 19950831     8.7
19950901 19950930    22.4
19951001 19951031    76.9
19951101 19951130     4.4
19951201 19951231     7.2
19960101 19960131    28.8
19960201 19960229    13.8
19960301 19960331    55.8
19960401 19960430     5.8
19960501 19960531    16.7
19960601 19960630    54.0
19960701 19960731    41.6
19960801 19960831    44.2
19960901 19960930    55.6
19961001 19961031    15.4
19961101 19961130    12.1
19961201 19961231    10.0
19970101 19970131    21.8
19970201 19970228    32.5
19970301 19970331     0.9
19970401 19970430     1.3
19970501 19970531    40.0
19970601 19970630    10.0
19970701 19970731     4.9
19970801 19970831    38.6
19970901 19970930    56.6
19971001 19971031    33.2
19971101 19971130    19.4
19971201 19971231    27.8
19980101 19980131    19.8
19980201 19980228    27.8
19980301 19980331     5.1
19980401 19980430    41.4
19980501 19980531    17.6
19980601 19980630    36.8
19980701 19980731    27.8
19980801 19980831    32.0
19980901 19980930    21.6
19981001 19981031    29.2
19981101 19981130    57.8
19981201 19981231    13.8
19990101 19990131     6.6
19990201 19990228    21.0
19990301 19990331    33.4
19990401 19990430     1.2
19990501 19990531    27.8
19990601 19990630    10.8
19990701 19990731    40.8
19990801 19990831    42.4
19990901 19990930    28.4
19991001 19991031    66.8
19991101 19991130    29.2
19991201 19991231    22.8
20000101 20000131     2.0
20000201 20000229    72.8
20000301 20000331    27.0
20000401 20000430    52.2
20000501 20000531    24.0
20000601 20000630    30.0
20000701 20000731    21.0
20000801 20000831    19.0
20000901 20000930    38.3
20001001 20001031    19.8
20001101 20001130     5.4
20001201 20001231     8.4
20010101 20010131    37.2
20010201 20010228    13.6
20010301 20010331    14.0
20010401 20010430    10.2
20010501 20010531    23.0
20010601 20010630    21.8
20010701 20010731    36.2
20010801 20010831    31.6
20010901 20010930    58.4
20011001 20011031    55.6
20011101 20011130    37.0
20011201 20011231 99999.9
20020101 20020131 99999.9
20020201 20020228 99999.9
20020301 20020331 99999.9
20020401 20020430 99999.9
20020501 20020531 99999.9
20020601 20020630 99999.9
20020701 20020731 99999.9
20020801 20020831 99999.9
20020901 20020930 99999.9
20021001 20021031 99999.9
20021101 20021130 99999.9
20021201 20021231 99999.9
20030101 20030131 99999.9
20030201 20030228 99999.9
20030301 20030331 99999.9
20030401 20030430 99999.9
20030501 20030531 99999.9
20030601 20030630    26.5
20030701 20030731    15.2
20030801 20030831    56.5
20030901 20030930    19.0
20031001 20031031    43.1
20031101 20031130    19.0
20031201 20031231 99999.9
20040101 20040131     5.0
20040201 20040229     3.4
20040301 20040331    14.1
20040401 20040430     2.3
20040501 20040531    22.3
20040601 20040630    35.4
20040701 20040731    24.3
20040801 20040831    43.3
20040901 20040930    25.8
20041001 20041031    12.4
20041101 20041130 99999.9
20041201 20041231 99999.9
20050101 20050131 99999.9
20050201 20050228 99999.9
20050301 20050331 99999.9
20050401 20050430 99999.9
20050501 20050531 99999.9
20050601 20050630 99999.9
20050701 20050731 99999.9
20050801 20050831 99999.9
20050901 20050930 99999.9
20051001 20051031 99999.9
20051101 20051130 99999.9
20051201 20051231 99999.9
20060101 20060131 99999.9
20060201 20060228 99999.9
20060301 20060331 99999.9
20060401 20060430 99999.9
20060501 20060531 99999.9
20060601 20060630 99999.9
20060701 20060731 99999.9
20060801 20060831 99999.9
20060901 20060930 99999.9
20061001 20061031 99999.9
20061101 20061130 99999.9
20061201 20061231 99999.9
20070101 20070131 99999.9
20070201 20070228 99999.9
20070301 20070331 99999.9
20070401 20070430 99999.9
20070501 20070531 99999.9
20070601 20070630 99999.9
20070701 20070731 99999.9
20070801 20070831 99999.9
20070901 20070930 99999.9
20071001 20071031 99999.9
20071101 20071130 99999.9
20071201 20071231 99999.9
20080101 20080131 99999.9
20080201 20080229 99999.9
20080301 20080331 99999.9
20080401 20080430 99999.9
20080501 20080531 99999.9
20080601 20080630 99999.9
20080701 20080731 99999.9
20080801 20080831 99999.9
20080901 20080930 99999.9
20081001 20081031 99999.9
20081101 20081130 99999.9
20081201 20081231 99999.9
20090101 20090131 99999.9
20090201 20090228 99999.9
20090301 20090331 99999.9
20090401 20090430 99999.9
20090501 20090531 99999.9
20090601 20090630 99999.9
20090701 20090731 99999.9
20090801 20090831 99999.9
20090901 20090930 99999.9
20091001 20091031 99999.9
20091101 20091130 99999.9
20091201 20091231 99999.9
20100101 20100131 99999.9
20100201 20100228 99999.9
20100301 20100331 99999.9
20100401 20100430     8.9
20100501 20100531    39.5
20100601 20100630    15.7
20100701 20100731    20.4
20100801 20100831    39.6
20100901 20100930    47.8
20101001 20101031    36.6
20101101 20101130    30.6
20101201 20101231   146.4
20110101 20110131    13.5
20110201 20110228   100.6
20110301 20110331    82.4
20110401 20110430     4.0
20110501 20110531    19.1
20110601 20110630    19.8
20110701 20110731    26.4
20110801 20110831    45.1
20110901 20110930    18.6
20111001 20111031    29.6
20111101 20111130    41.6
20111201 20111231    47.6
20120101 20120131    27.8
20120201 20120229    11.2
20120301 20120331    53.7
20120401 20120430     7.9
20120501 20120531    36.3
20120601 20120630    29.4
20120701 20120731    39.0
20120801 20120831    19.6
20120901 20120930     7.8
20121001 20121031    10.8
20121101 20121130     3.2
20121201 20121231    15.3
20130101 20130131     4.4
20130201 20130228    25.0
20130301 20130331    10.2
20130401 20130430    26.3
20130501 20130531    17.5
20130601 20130630    38.9
20130701 20130731    44.7
20130801 20130831    14.7
20130901 20130930    30.2
20131001 20131031    18.1
20131101 20131130     3.6
20131201 20131231    32.8
20140101 20140131     2.3
20140201 20140228   128.5
20140301 20140331     8.2
20140401 20140430    75.0
20140501 20140531    29.9
20140601 20140630    32.6
20140701 20140731    19.1
20140801 20140831    12.6
20140901 20140930    26.4
20141001 20141031     1.2
20141101 20141130    21.6
20141201 20141231    10.8
20150101 20150131    68.5
20150201 20150228     0.6
20150301 20150331     2.9
20150401 20150430    37.0
20150501 20150531    20.2
20150601 20150630    10.5
20150701 20150731    28.4
20150801 20150831    32.6
20150901 20150930    18.8
20151001 20151031     6.6
20151101 20151130    49.8
20151201 20151231     3.2
20160101 20160131    43.6
20160201 20160229     6.4
20160301 20160331    23.6
20160401 20160430     8.0
20160501 20160531    48.2
20160601 20160630    28.2
20160701 20160731    43.4
20160801 20160831    46.4
20160901 20160930    93.4
20161001 20161031    28.2
20161101 20161130    11.4
20161201 20161231    47.6
20170101 20170131    42.0
20170201 20170228    45.2
20170301 20170331     4.3
20170401 20170430    22.8
20170501 20170531    20.1
20170601 20170630     8.7
20170701 20170731    20.8
20170801 20170831    35.3
20170901 20170930     8.6
20171001 20171031    17.0
20171101 20171130    39.6
20171201 20171231    16.8
