PRCP       010032 19070301 20180131 missing_value=99999.9 COWCOWING                                 
19070301 19070331    22.9
19070401 19070430     4.6
19070501 19070531    27.2
19070601 19070630    43.4
19070701 19070731   132.6
19070801 19070831    15.5
19070901 19070930 99999.9
19071001 19071031 99999.9
19071101 19071130 99999.9
19071201 19071231 99999.9
19080101 19080131     0.0
19080201 19080229    27.7
19080301 19080331    30.7
19080401 19080430    27.0
19080501 19080531    95.7
19080601 19080630    37.5
19080701 19080731    20.5
19080801 19080831    16.6
19080901 19080930     7.8
19081001 19081031     3.6
19081101 19081130    16.5
19081201 19081231     5.8
19090101 19090131     8.5
19090201 19090228     6.3
19090301 19090331     3.0
19090401 19090430    88.6
19090501 19090531    30.8
19090601 19090630    64.2
19090701 19090731    33.0
19090801 19090831    71.5
19090901 19090930    37.5
19091001 19091031    25.2
19091101 19091130     6.3
19091201 19091231     1.3
19100101 19100131     0.0
19100201 19100228    33.0
19100301 19100331     0.0
19100401 19100430     7.6
19100501 19100531    57.8
19100601 19100630    91.7
19100701 19100731    82.8
19100801 19100831    32.7
19100901 19100930    26.4
19101001 19101031    15.5
19101101 19101130     8.4
19101201 19101231     0.0
19110101 19110131     7.6
19110201 19110228     1.3
19110301 19110331     8.9
19110401 19110430     6.7
19110501 19110531    27.4
19110601 19110630     9.4
19110701 19110731    31.8
19110801 19110831    18.8
19110901 19110930     7.4
19111001 19111031     6.3
19111101 19111130     0.0
19111201 19111231    12.4
19120101 19120131    32.5
19120201 19120229    13.5
19120301 19120331     0.0
19120401 19120430     2.3
19120501 19120531    28.3
19120601 19120630    10.9
19120701 19120731    87.4
19120801 19120831    15.7
19120901 19120930    34.0
19121001 19121031    26.3
19121101 19121130     6.6
19121201 19121231     2.8
19130101 19130131     1.3
19130201 19130228     4.6
19130301 19130331     1.8
19130401 19130430     9.7
19130501 19130531     0.8
19130601 19130630    70.4
19130701 19130731    26.8
19130801 19130831    63.6
19130901 19130930    54.9
19131001 19131031    22.2
19131101 19131130     4.6
19131201 19131231    27.2
19140101 19140131     0.0
19140201 19140228     0.0
19140301 19140331     0.0
19140401 19140430     6.1
19140501 19140531     4.4
19140601 19140630    27.6
19140701 19140731    44.9
19140801 19140831    13.8
19140901 19140930     0.8
19141001 19141031    14.3
19141101 19141130    14.8
19141201 19141231     8.2
19150101 19150131    41.2
19150201 19150228    85.9
19150301 19150331     9.1
19150401 19150430    18.7
19150501 19150531    33.8
19150601 19150630    78.1
19150701 19150731    76.9
19150801 19150831    46.5
19150901 19150930    37.2
19151001 19151031    18.9
19151101 19151130     0.3
19151201 19151231     6.3
19160101 19160131    49.8
19160201 19160229     8.7
19160301 19160331     4.6
19160401 19160430     0.0
19160501 19160531    22.0
19160601 19160630    45.8
19160701 19160731    65.3
19160801 19160831    45.8
19160901 19160930     4.3
19161001 19161031    37.9
19161101 19161130    11.2
19161201 19161231     0.3
19170101 19170131     0.0
19170201 19170228     1.3
19170301 19170331   136.9
19170401 19170430     8.7
19170501 19170531    40.9
19170601 19170630    91.9
19170701 19170731   102.0
19170801 19170831    49.0
19170901 19170930    51.3
19171001 19171031    17.8
19171101 19171130     5.1
19171201 19171231    10.7
19180101 19180131    23.0
19180201 19180228    44.7
19180301 19180331    18.6
19180401 19180430    28.7
19180501 19180531    54.2
19180601 19180630    88.4
19180701 19180731    30.5
19180801 19180831    27.7
19180901 19180930    49.9
19181001 19181031    45.6
19181101 19181130    10.4
19181201 19181231     0.0
19190101 19190131     0.5
19190201 19190228     0.0
19190301 19190331     0.3
19190401 19190430    65.1
19190501 19190531    17.0
19190601 19190630    43.5
19190701 19190731    61.1
19190801 19190831    45.3
19190901 19190930    10.6
19191001 19191031    29.4
19191101 19191130    11.7
19191201 19191231     3.0
19200101 19200131     1.0
19200201 19200229     0.5
19200301 19200331    50.4
19200401 19200430     7.9
19200501 19200531    24.6
19200601 19200630    66.7
19200701 19200731    32.7
19200801 19200831    71.5
19200901 19200930    35.1
19201001 19201031     4.6
19201101 19201130     8.3
19201201 19201231     0.0
19210101 19210131     1.5
19210201 19210228     7.9
19210301 19210331    14.0
19210401 19210430     0.5
19210501 19210531   117.7
19210601 19210630    56.5
19210701 19210731    29.5
19210801 19210831    38.2
19210901 19210930    24.8
19211001 19211031    18.9
19211101 19211130     1.9
19211201 19211231    27.6
19220101 19220131     0.0
19220201 19220228    20.3
19220301 19220331    25.9
19220401 19220430    23.9
19220501 19220531    27.8
19220601 19220630    24.9
19220701 19220731    66.7
19220801 19220831    13.3
19220901 19220930    15.7
19221001 19221031     3.8
19221101 19221130     1.5
19221201 19221231     2.3
19230101 19230131     7.4
19230201 19230228     5.0
19230301 19230331     0.0
19230401 19230430    60.4
19230501 19230531    21.0
19230601 19230630   159.5
19230701 19230731    24.0
19230801 19230831    16.3
19230901 19230930    44.6
19231001 19231031     7.4
19231101 19231130     0.0
19231201 19231231    24.4
19240101 19240131     0.0
19240201 19240229     2.0
19240301 19240331     5.8
19240401 19240430     0.0
19240501 19240531    53.1
19240601 19240630    56.6
19240701 19240731    32.4
19240801 19240831    51.3
19240901 19240930    10.9
19241001 19241031    43.6
19241101 19241130     4.1
19241201 19241231     0.0
19250101 19250131    82.2
19250201 19250228    23.7
19250301 19250331    20.5
19250401 19250430     1.6
19250501 19250531    44.6
19250601 19250630    53.4
19250701 19250731    39.1
19250801 19250831     1.8
19250901 19250930    27.5
19251001 19251031    13.0
19251101 19251130     3.5
19251201 19251231    28.5
19260101 19260131    13.2
19260201 19260228     7.6
19260301 19260331    58.0
19260401 19260430    20.1
19260501 19260531    39.2
19260601 19260630    35.6
19260701 19260731    92.8
19260801 19260831    23.1
19260901 19260930    19.3
19261001 19261031    24.1
19261101 19261130    18.1
19261201 19261231     2.5
19270101 19270131     0.0
19270201 19270228     0.0
19270301 19270331   170.4
19270401 19270430     3.3
19270501 19270531    22.1
19270601 19270630    53.3
19270701 19270731    54.1
19270801 19270831    27.2
19270901 19270930    28.7
19271001 19271031    24.1
19271101 19271130     0.8
19271201 19271231     2.6
19280101 19280131    13.5
19280201 19280229     0.0
19280301 19280331    10.8
19280401 19280430    10.7
19280501 19280531    29.5
19280601 19280630    18.9
19280701 19280731    66.5
19280801 19280831    39.6
19280901 19280930    24.0
19281001 19281031     3.0
19281101 19281130     0.8
19281201 19281231    37.9
19290101 19290131     3.3
19290201 19290228    46.5
19290301 19290331    18.0
19290401 19290430     0.0
19290501 19290531    93.0
19290601 19290630    75.9
19290701 19290731    31.7
19290801 19290831    30.5
19290901 19290930     2.1
19291001 19291031    12.9
19291101 19291130    37.3
19291201 19291231     0.5
19300101 19300131     0.0
19300201 19300228     0.0
19300301 19300331    38.4
19300401 19300430    40.7
19300501 19300531    11.9
19300601 19300630   100.4
19300701 19300731    49.8
19300801 19300831    34.7
19300901 19300930    11.2
19301001 19301031     9.2
19301101 19301130     1.8
19301201 19301231    20.3
19310101 19310131     0.0
19310201 19310228     3.3
19310301 19310331     4.1
19310401 19310430    45.9
19310501 19310531    60.6
19310601 19310630    37.4
19310701 19310731    41.4
19310801 19310831    57.0
19310901 19310930    37.2
19311001 19311031    16.5
19311101 19311130     0.8
19311201 19311231     3.3
19320101 19320131    18.2
19320201 19320229     2.3
19320301 19320331    19.8
19320401 19320430    43.6
19320501 19320531    44.0
19320601 19320630    22.6
19320701 19320731    66.0
19320801 19320831    86.7
19320901 19320930    16.8
19321001 19321031    41.2
19321101 19321130     0.3
19321201 19321231     2.0
19330101 19330131     2.8
19330201 19330228     9.4
19330301 19330331    13.5
19330401 19330430     2.3
19330501 19330531    51.4
19330601 19330630    82.8
19330701 19330731    30.2
19330801 19330831    33.4
19330901 19330930    12.1
19331001 19331031    20.3
19331101 19331130    29.2
19331201 19331231    25.9
19340101 19340131    32.8
19340201 19340228     8.4
19340301 19340331    31.8
19340401 19340430   102.2
19340501 19340531    14.3
19340601 19340630    33.6
19340701 19340731    48.1
19340801 19340831    34.9
19340901 19340930    11.3
19341001 19341031     3.2
19341101 19341130    19.1
19341201 19341231     1.1
19350101 19350131    12.7
19350201 19350228    61.0
19350301 19350331     2.6
19350401 19350430    22.3
19350501 19350531    27.3
19350601 19350630    14.2
19350701 19350731    41.9
19350801 19350831    50.4
19350901 19350930    15.9
19351001 19351031     3.5
19351101 19351130     0.0
19351201 19351231     0.5
19360101 19360131     3.3
19360201 19360229     0.0
19360301 19360331    14.8
19360401 19360430     3.1
19360501 19360531    25.2
19360601 19360630    64.0
19360701 19360731    21.7
19360801 19360831    31.6
19360901 19360930    12.5
19361001 19361031    10.5
19361101 19361130     3.6
19361201 19361231    46.0
19370101 19370131     5.6
19370201 19370228     3.8
19370301 19370331     0.8
19370401 19370430     8.9
19370501 19370531    62.6
19370601 19370630    44.5
19370701 19370731     7.6
19370801 19370831    48.5
19370901 19370930    14.1
19371001 19371031     2.8
19371101 19371130    17.9
19371201 19371231     0.0
19380101 19380131     5.8
19380201 19380228     1.3
19380301 19380331    30.3
19380401 19380430    26.6
19380501 19380531     8.2
19380601 19380630    35.7
19380701 19380731    45.8
19380801 19380831    24.9
19380901 19380930    12.3
19381001 19381031     8.6
19381101 19381130    14.8
19381201 19381231     1.3
19390101 19390131     8.5
19390201 19390228    77.2
19390301 19390331     0.0
19390401 19390430    16.3
19390501 19390531    78.4
19390601 19390630    70.1
19390701 19390731    62.6
19390801 19390831    38.7
19390901 19390930     1.8
19391001 19391031    49.8
19391101 19391130    32.3
19391201 19391231     1.0
19400101 19400131     1.8
19400201 19400229     0.5
19400301 19400331     0.8
19400401 19400430     4.8
19400501 19400531     9.1
19400601 19400630    40.2
19400701 19400731    40.8
19400801 19400831     6.2
19400901 19400930    12.5
19401001 19401031    14.0
19401101 19401130     4.1
19401201 19401231    24.6
19410101 19410131     0.8
19410201 19410228    20.1
19410301 19410331     2.8
19410401 19410430    39.5
19410501 19410531    42.9
19410601 19410630    77.1
19410701 19410731    30.9
19410801 19410831    21.2
19410901 19410930    17.3
19411001 19411031    14.8
19411101 19411130     5.1
19411201 19411231    18.9
19420101 19420131     4.6
19420201 19420228     0.0
19420301 19420331    17.1
19420401 19420430    14.4
19420501 19420531    40.8
19420601 19420630    28.4
19420701 19420731    34.1
19420801 19420831    41.1
19420901 19420930    15.7
19421001 19421031     5.0
19421101 19421130     0.3
19421201 19421231    28.5
19430101 19430131    12.2
19430201 19430228    67.2
19430301 19430331    49.9
19430401 19430430    56.9
19430501 19430531    19.1
19430601 19430630    61.7
19430701 19430731    25.2
19430801 19430831    28.0
19430901 19430930    28.4
19431001 19431031     8.4
19431101 19431130     0.0
19431201 19431231    13.7
19440101 19440131     5.1
19440201 19440229     0.0
19440301 19440331     9.4
19440401 19440430     1.3
19440501 19440531    54.2
19440601 19440630    17.4
19440701 19440731    65.8
19440801 19440831    32.1
19440901 19440930    10.7
19441001 19441031     3.8
19441101 19441130     1.5
19441201 19441231     4.0
19450101 19450131     0.0
19450201 19450228     4.3
19450301 19450331    19.9
19450401 19450430    23.4
19450501 19450531    30.0
19450601 19450630   123.0
19450701 19450731    34.9
19450801 19450831    98.2
19450901 19450930    22.4
19451001 19451031     3.9
19451101 19451130     7.1
19451201 19451231     3.8
19460101 19460131     0.0
19460201 19460228     6.6
19460301 19460331     0.5
19460401 19460430    23.8
19460501 19460531    47.6
19460601 19460630    74.2
19460701 19460731    81.9
19460801 19460831    38.3
19460901 19460930     6.4
19461001 19461031     0.8
19461101 19461130    16.3
19461201 19461231     3.0
19470101 19470131    13.2
19470201 19470228     6.4
19470301 19470331     7.2
19470401 19470430    27.7
19470501 19470531    51.5
19470601 19470630    58.3
19470701 19470731    41.6
19470801 19470831    13.1
19470901 19470930    19.5
19471001 19471031    48.9
19471101 19471130    23.3
19471201 19471231     0.0
19480101 19480131     3.8
19480201 19480229     0.0
19480301 19480331    33.6
19480401 19480430    36.9
19480501 19480531     0.0
19480601 19480630    28.8
19480701 19480731    47.5
19480801 19480831    52.9
19480901 19480930    20.7
19481001 19481031     5.7
19481101 19481130     9.9
19481201 19481231    13.5
19490101 19490131     2.0
19490201 19490228     9.2
19490301 19490331     4.1
19490401 19490430     5.6
19490501 19490531     4.6
19490601 19490630    41.6
19490701 19490731    80.1
19490801 19490831    40.6
19490901 19490930    24.1
19491001 19491031    11.2
19491101 19491130    20.8
19491201 19491231     8.1
19500101 19500131     7.3
19500201 19500228     0.0
19500301 19500331     0.0
19500401 19500430     0.0
19500501 19500531    31.3
19500601 19500630    21.0
19500701 19500731    33.5
19500801 19500831    23.8
19500901 19500930    26.5
19501001 19501031    14.3
19501101 19501130     0.5
19501201 19501231     0.8
19510101 19510131    35.3
19510201 19510228    32.3
19510301 19510331     3.6
19510401 19510430    62.5
19510501 19510531    22.8
19510601 19510630    73.5
19510701 19510731    46.0
19510801 19510831    21.8
19510901 19510930    11.8
19511001 19511031     4.6
19511101 19511130     9.9
19511201 19511231    11.5
19520101 19520131    20.1
19520201 19520229     3.5
19520301 19520331     6.2
19520401 19520430     4.9
19520501 19520531    39.2
19520601 19520630    17.8
19520701 19520731    52.4
19520801 19520831    14.0
19520901 19520930    13.1
19521001 19521031    18.7
19521101 19521130     0.5
19521201 19521231    23.3
19530101 19530131     4.6
19530201 19530228    19.0
19530301 19530331    85.1
19530401 19530430    40.1
19530501 19530531    79.2
19530601 19530630    56.7
19530701 19530731    43.8
19530801 19530831    29.2
19530901 19530930     7.1
19531001 19531031     7.6
19531101 19531130     7.2
19531201 19531231     1.5
19540101 19540131     5.8
19540201 19540228     0.0
19540301 19540331     0.0
19540401 19540430     3.3
19540501 19540531    62.7
19540601 19540630    23.4
19540701 19540731    33.3
19540801 19540831    64.8
19540901 19540930    25.7
19541001 19541031     4.8
19541101 19541130     4.3
19541201 19541231     7.6
19550101 19550131     5.6
19550201 19550228    76.0
19550301 19550331     5.9
19550401 19550430    14.4
19550501 19550531    31.3
19550601 19550630    17.7
19550701 19550731    37.9
19550801 19550831    73.5
19550901 19550930    36.0
19551001 19551031    17.7
19551101 19551130     0.0
19551201 19551231     0.0
19560101 19560131     0.0
19560201 19560229     0.0
19560301 19560331     0.0
19560401 19560430     5.3
19560501 19560531    71.0
19560601 19560630    60.7
19560701 19560731    75.0
19560801 19560831     3.4
19560901 19560930     3.4
19561001 19561031    15.9
19561101 19561130    21.3
19561201 19561231     4.8
19570101 19570131    36.3
19570201 19570228     1.0
19570301 19570331    22.5
19570401 19570430    10.1
19570501 19570531    41.6
19570601 19570630   120.4
19570701 19570731    17.1
19570801 19570831    30.7
19570901 19570930     4.3
19571001 19571031     5.0
19571101 19571130     0.0
19571201 19571231     2.3
19580101 19580131     2.3
19580201 19580228     0.0
19580301 19580331    10.7
19580401 19580430     2.5
19580501 19580531    72.3
19580601 19580630    40.8
19580701 19580731   104.1
19580801 19580831    38.0
19580901 19580930    60.7
19581001 19581031     7.4
19581101 19581130     6.4
19581201 19581231    22.4
19590101 19590131     2.6
19590201 19590228    21.1
19590301 19590331    15.3
19590401 19590430     4.6
19590501 19590531     6.8
19590601 19590630    73.5
19590701 19590731    27.6
19590801 19590831    80.0
19590901 19590930    14.7
19591001 19591031    15.2
19591101 19591130    21.3
19591201 19591231     0.8
19600101 19600131    17.2
19600201 19600229    14.3
19600301 19600331    19.4
19600401 19600430     9.4
19600501 19600531    53.9
19600601 19600630    21.8
19600701 19600731    97.1
19600801 19600831     6.5
19600901 19600930    38.3
19601001 19601031     1.3
19601101 19601130     6.4
19601201 19601231     1.0
19610101 19610131    49.2
19610201 19610228     6.6
19610301 19610331    19.5
19610401 19610430    71.6
19610501 19610531    19.3
19610601 19610630    77.5
19610701 19610731    39.2
19610801 19610831    23.4
19610901 19610930     6.4
19611001 19611031     5.9
19611101 19611130     0.0
19611201 19611231     5.1
19620101 19620131    18.0
19620201 19620228     0.8
19620301 19620331     7.9
19620401 19620430     5.4
19620501 19620531    76.4
19620601 19620630    64.8
19620701 19620731    58.4
19620801 19620831    20.4
19620901 19620930    24.8
19621001 19621031    24.2
19621101 19621130     6.6
19621201 19621231    29.8
19630101 19630131    32.7
19630201 19630228    38.9
19630301 19630331    18.0
19630401 19630430    26.9
19630501 19630531    92.3
19630601 19630630    76.2
19630701 19630731    91.2
19630801 19630831    95.0
19630901 19630930    12.9
19631001 19631031     4.6
19631101 19631130    11.2
19631201 19631231    11.6
19640101 19640131     2.8
19640201 19640229    19.0
19640301 19640331     4.3
19640401 19640430    10.5
19640501 19640531     1.6
19640601 19640630    87.5
19640701 19640731    75.7
19640801 19640831    39.7
19640901 19640930     9.2
19641001 19641031    14.3
19641101 19641130    14.8
19641201 19641231     5.9
19650101 19650131     2.1
19650201 19650228     0.0
19650301 19650331     3.3
19650401 19650430    23.4
19650501 19650531    54.3
19650601 19650630    83.5
19650701 19650731    78.9
19650801 19650831    48.2
19650901 19650930    12.7
19651001 19651031    30.6
19651101 19651130    41.1
19651201 19651231     8.5
19660101 19660131    14.5
19660201 19660228     0.0
19660301 19660331     0.0
19660401 19660430   115.0
19660501 19660531     8.4
19660601 19660630    74.8
19660701 19660731    57.6
19660801 19660831    22.1
19660901 19660930    27.8
19661001 19661031    26.5
19661101 19661130    13.0
19661201 19661231     2.3
19670101 19670131    21.8
19670201 19670228     1.0
19670301 19670331     0.0
19670401 19670430    12.1
19670501 19670531    56.2
19670601 19670630    45.5
19670701 19670731    58.4
19670801 19670831    27.6
19670901 19670930     4.9
19671001 19671031     8.3
19671101 19671130     5.3
19671201 19671231     5.1
19680101 19680131    72.8
19680201 19680229    23.7
19680301 19680331    49.9
19680401 19680430    26.0
19680501 19680531    18.0
19680601 19680630   117.1
19680701 19680731    31.6
19680801 19680831    25.1
19680901 19680930    21.4
19681001 19681031    10.7
19681101 19681130     0.8
19681201 19681231     0.0
19690101 19690131     1.5
19690201 19690228     1.5
19690301 19690331     1.3
19690401 19690430    23.6
19690501 19690531    22.4
19690601 19690630    34.9
19690701 19690731    25.1
19690801 19690831    12.9
19690901 19690930    14.0
19691001 19691031     2.0
19691101 19691130     4.4
19691201 19691231     2.0
19700101 19700131     1.3
19700201 19700228    83.8
19700301 19700331     1.3
19700401 19700430    28.1
19700501 19700531    24.2
19700601 19700630    61.6
19700701 19700731    23.0
19700801 19700831    17.9
19700901 19700930    52.9
19701001 19701031    13.5
19701101 19701130    10.4
19701201 19701231    11.7
19710101 19710131    12.7
19710201 19710228    16.3
19710301 19710331   123.6
19710401 19710430     9.4
19710501 19710531    15.5
19710601 19710630    31.0
19710701 19710731    30.0
19710801 19710831    36.8
19710901 19710930    33.0
19711001 19711031    27.1
19711101 19711130    17.5
19711201 19711231     1.5
19720101 19720131     0.0
19720201 19720229     7.1
19720301 19720331    31.0
19720401 19720430     8.9
19720501 19720531    29.7
19720601 19720630    94.0
19720701 19720731    50.3
19720801 19720831    51.1
19720901 19720930    12.9
19721001 19721031     6.1
19721101 19721130     0.8
19721201 19721231     0.0
19730101 19730131     9.9
19730201 19730228    12.7
19730301 19730331     1.0
19730401 19730430     6.3
19730501 19730531    20.9
19730601 19730630    53.4
19730701 19730731    69.9
19730801 19730831    55.4
19730901 19730930    72.7
19731001 19731031    17.4
19731101 19731130    10.7
19731201 19731231     2.6
19740101 19740131     0.0
19740201 19740228     1.6
19740301 19740331    29.0
19740401 19740430    92.6
19740501 19740531    90.6
19740601 19740630    42.6
19740701 19740731    55.2
19740801 19740831    54.2
19740901 19740930    14.6
19741001 19741031    27.2
19741101 19741130     4.2
19741201 19741231     0.2
19750101 19750131     0.0
19750201 19750228     6.6
19750301 19750331    20.3
19750401 19750430    34.4
19750501 19750531    28.8
19750601 19750630    35.5
19750701 19750731    64.8
19750801 19750831    26.0
19750901 19750930    30.9
19751001 19751031    47.8
19751101 19751130     2.2
19751201 19751231    12.2
19760101 19760131     8.0
19760201 19760229    28.4
19760301 19760331     0.0
19760401 19760430    20.6
19760501 19760531    33.0
19760601 19760630    17.4
19760701 19760731    16.2
19760801 19760831    48.5
19760901 19760930    25.0
19761001 19761031    20.5
19761101 19761130    22.8
19761201 19761231     0.2
19770101 19770131     2.2
19770201 19770228     2.2
19770301 19770331     3.0
19770401 19770430    15.4
19770501 19770531    32.8
19770601 19770630    29.6
19770701 19770731    10.2
19770801 19770831    39.4
19770901 19770930     2.6
19771001 19771031    26.6
19771101 19771130     4.6
19771201 19771231    14.0
19780101 19780131    34.2
19780201 19780228    64.6
19780301 19780331     0.4
19780401 19780430    13.8
19780501 19780531    22.8
19780601 19780630    29.4
19780701 19780731    58.4
19780801 19780831    14.0
19780901 19780930    26.0
19781001 19781031    18.4
19781101 19781130    12.2
19781201 19781231    46.2
19790101 19790131     2.2
19790201 19790228    37.4
19790301 19790331    26.0
19790401 19790430    13.8
19790501 19790531    22.0
19790601 19790630    48.8
19790701 19790731    24.0
19790801 19790831    55.2
19790901 19790930    10.6
19791001 19791031     1.0
19791101 19791130    14.2
19791201 19791231     0.0
19800101 19800131     0.2
19800201 19800229     8.4
19800301 19800331     0.2
19800401 19800430    29.0
19800501 19800531    20.6
19800601 19800630    22.0
19800701 19800731    37.6
19800801 19800831    20.4
19800901 19800930     6.4
19801001 19801031    12.4
19801101 19801130     2.0
19801201 19801231     1.4
19810101 19810131     7.6
19810201 19810228    17.6
19810301 19810331     2.0
19810401 19810430     3.2
19810501 19810531    89.6
19810601 19810630    38.2
19810701 19810731    40.4
19810801 19810831    42.6
19810901 19810930    12.4
19811001 19811031    12.0
19811101 19811130    43.2
19811201 19811231    28.6
19820101 19820131    72.8
19820201 19820228     0.0
19820301 19820331     2.2
19820401 19820430     2.5
19820501 19820531    18.5
19820601 19820630    58.4
19820701 19820731    25.2
19820801 19820831    55.4
19820901 19820930    27.1
19821001 19821031    10.4
19821101 19821130     7.5
19821201 19821231     3.0
19830101 19830131     0.8
19830201 19830228     0.6
19830301 19830331    63.0
19830401 19830430    10.8
19830501 19830531    12.6
19830601 19830630    63.6
19830701 19830731    67.0
19830801 19830831    31.6
19830901 19830930    25.0
19831001 19831031     2.6
19831101 19831130    64.0
19831201 19831231    17.2
19840101 19840131     0.0
19840201 19840229     8.2
19840301 19840331    68.0
19840401 19840430    47.0
19840501 19840531   110.0
19840601 19840630    17.6
19840701 19840731    40.0
19840801 19840831    18.8
19840901 19840930    19.0
19841001 19841031     4.4
19841101 19841130     7.4
19841201 19841231     3.0
19850101 19850131     5.0
19850201 19850228    16.6
19850301 19850331    34.6
19850401 19850430     6.2
19850501 19850531    32.2
19850601 19850630    18.8
19850701 19850731    65.0
19850801 19850831    37.2
19850901 19850930    40.4
19851001 19851031     4.6
19851101 19851130     9.6
19851201 19851231     4.2
19860101 19860131     5.4
19860201 19860228    36.6
19860301 19860331     6.8
19860401 19860430    17.2
19860501 19860531    35.0
19860601 19860630    76.8
19860701 19860731    35.0
19860801 19860831    34.4
19860901 19860930    11.4
19861001 19861031    11.8
19861101 19861130    24.6
19861201 19861231     1.0
19870101 19870131     0.0
19870201 19870228     0.0
19870301 19870331     3.4
19870401 19870430    17.2
19870501 19870531    47.8
19870601 19870630    41.6
19870701 19870731    42.4
19870801 19870831    26.4
19870901 19870930    13.6
19871001 19871031    15.8
19871101 19871130    49.6
19871201 19871231    26.8
19880101 19880131     0.0
19880201 19880229     0.0
19880301 19880331    29.6
19880401 19880430    34.0
19880501 19880531    57.0
19880601 19880630    53.4
19880701 19880731    47.6
19880801 19880831    51.8
19880901 19880930    18.6
19881001 19881031    12.4
19881101 19881130     3.6
19881201 19881231    18.4
19890101 19890131     6.4
19890201 19890228    16.2
19890301 19890331     8.0
19890401 19890430    34.0
19890501 19890531    40.8
19890601 19890630    85.2
19890701 19890731    38.4
19890801 19890831    10.4
19890901 19890930     4.8
19891001 19891031    11.0
19891101 19891130     2.4
19891201 19891231     0.6
19900101 19900131    71.5
19900201 19900228    20.2
19900301 19900331    37.4
19900401 19900430    14.8
19900501 19900531     8.0
19900601 19900630    36.2
19900701 19900731    62.0
19900801 19900831    33.6
19900901 19900930    23.4
19901001 19901031    43.4
19901101 19901130     1.2
19901201 19901231     0.6
19910101 19910131     7.8
19910201 19910228     0.0
19910301 19910331     8.2
19910401 19910430    10.8
19910501 19910531    31.8
19910601 19910630    58.0
19910701 19910731    53.8
19910801 19910831    22.0
19910901 19910930    16.6
19911001 19911031    16.8
19911101 19911130    25.6
19911201 19911231    62.6
19920101 19920131     0.0
19920201 19920229    50.2
19920301 19920331    31.8
19920401 19920430    79.0
19920501 19920531    10.6
19920601 19920630    58.6
19920701 19920731    33.0
19920801 19920831    73.8
19920901 19920930    54.6
19921001 19921031    13.4
19921101 19921130     7.2
19921201 19921231     6.2
19930101 19930131     0.0
19930201 19930228     0.8
19930301 19930331     5.6
19930401 19930430    17.6
19930501 19930531   106.2
19930601 19930630    64.7
19930701 19930731    27.8
19930801 19930831    43.6
19930901 19930930    19.6
19931001 19931031    14.0
19931101 19931130    23.4
19931201 19931231     0.2
19940101 19940131     0.0
19940201 19940228    11.6
19940301 19940331     0.4
19940401 19940430     0.0
19940501 19940531    35.0
19940601 19940630    31.4
19940701 19940731    26.2
19940801 19940831    49.6
19940901 19940930    17.0
19941001 19941031     0.0
19941101 19941130     0.2
19941201 19941231    24.6
19950101 19950131     8.0
19950201 19950228    25.2
19950301 19950331     9.4
19950401 19950430    10.4
19950501 19950531    57.6
19950601 19950630    46.4
19950701 19950731   113.8
19950801 19950831    20.4
19950901 19950930    27.8
19951001 19951031    23.2
19951101 19951130     4.6
19951201 19951231    20.4
19960101 19960131     0.0
19960201 19960229     4.6
19960301 19960331     3.2
19960401 19960430    26.0
19960501 19960531    21.4
19960601 19960630    48.4
19960701 19960731    74.0
19960801 19960831    41.6
19960901 19960930    41.4
19961001 19961031    24.4
19961101 19961130    15.0
19961201 19961231     1.0
19970101 19970131     0.0
19970201 19970228    17.8
19970301 19970331     2.0
19970401 19970430    33.8
19970501 19970531    23.8
19970601 19970630    22.2
19970701 19970731    53.6
19970801 19970831    34.8
19970901 19970930    29.4
19971001 19971031     6.9
19971101 19971130    21.2
19971201 19971231     2.0
19980101 19980131     0.0
19980201 19980228     0.0
19980301 19980331     1.4
19980401 19980430    40.2
19980501 19980531    40.4
19980601 19980630    85.4
19980701 19980731    47.0
19980801 19980831    45.0
19980901 19980930    21.4
19981001 19981031     1.6
19981101 19981130     0.6
19981201 19981231     5.2
19990101 19990131    13.6
19990201 19990228     0.0
19990301 19990331   131.8
19990401 19990430     9.6
19990501 19990531   101.8
19990601 19990630    49.0
19990701 19990731    50.0
19990801 19990831    43.0
19990901 19990930    47.0
19991001 19991031    28.4
19991101 19991130     3.8
19991201 19991231    15.2
20000101 20000131   104.4
20000201 20000229     0.0
20000301 20000331   111.6
20000401 20000430    14.6
20000501 20000531     7.8
20000601 20000630    17.4
20000701 20000731    46.0
20000801 20000831    27.8
20000901 20000930    10.8
20001001 20001031     0.4
20001101 20001130     2.4
20001201 20001231     0.0
20010101 20010131    35.6
20010201 20010228    16.0
20010301 20010331     0.0
20010401 20010430     1.8
20010501 20010531    49.8
20010601 20010630    11.6
20010701 20010731    57.4
20010801 20010831    24.6
20010901 20010930    35.2
20011001 20011031    10.8
20011101 20011130    13.0
20011201 20011231     0.6
20020101 20020131     3.6
20020201 20020228     0.0
20020301 20020331     1.0
20020401 20020430    23.8
20020501 20020531     6.6
20020601 20020630    23.6
20020701 20020731    34.8
20020801 20020831    26.0
20020901 20020930    13.6
20021001 20021031     9.0
20021101 20021130     3.6
20021201 20021231    36.2
20030101 20030131     2.2
20030201 20030228    41.4
20030301 20030331    22.2
20030401 20030430    24.2
20030501 20030531    50.4
20030601 20030630    20.0
20030701 20030731    29.4
20030801 20030831    80.6
20030901 20030930    24.2
20031001 20031031     8.2
20031101 20031130    24.5
20031201 20031231     8.0
20040101 20040131    34.6
20040201 20040229     8.8
20040301 20040331     9.2
20040401 20040430     6.0
20040501 20040531    53.2
20040601 20040630    79.4
20040701 20040731    28.8
20040801 20040831    37.2
20040901 20040930    11.0
20041001 20041031     9.4
20041101 20041130    11.2
20041201 20041231     0.0
20050101 20050131     2.2
20050201 20050228     1.8
20050301 20050331    47.4
20050401 20050430    13.2
20050501 20050531    84.4
20050601 20050630    62.4
20050701 20050731    17.6
20050801 20050831    39.4
20050901 20050930    22.6
20051001 20051031     3.2
20051101 20051130     3.4
20051201 20051231     2.0
20060101 20060131    77.0
20060201 20060228    40.4
20060301 20060331     7.6
20060401 20060430    16.6
20060501 20060531    14.6
20060601 20060630    11.8
20060701 20060731    23.0
20060801 20060831    20.2
20060901 20060930    34.8
20061001 20061031    23.2
20061101 20061130    16.0
20061201 20061231    10.6
20070101 20070131    41.2
20070201 20070228    12.6
20070301 20070331     0.2
20070401 20070430    15.0
20070501 20070531    19.0
20070601 20070630    21.8
20070701 20070731    32.4
20070801 20070831    30.6
20070901 20070930    20.4
20071001 20071031    22.2
20071101 20071130     0.0
20071201 20071231    36.6
20080101 20080131     1.4
20080201 20080229    10.8
20080301 20080331     3.6
20080401 20080430    23.4
20080501 20080531     5.0
20080601 20080630    30.0
20080701 20080731    71.2
20080801 20080831    18.0
20080901 20080930    38.6
20081001 20081031    29.4
20081101 20081130    10.4
20081201 20081231     2.2
20090101 20090131     2.0
20090201 20090228    42.0
20090301 20090331    26.0
20090401 20090430    23.6
20090501 20090531    17.2
20090601 20090630    33.8
20090701 20090731    51.4
20090801 20090831    33.6
20090901 20090930    25.9
20091001 20091031    14.6
20091101 20091130    31.3
20091201 20091231     4.6
20100101 20100131     0.0
20100201 20100228     4.0
20100301 20100331    30.5
20100401 20100430     0.0
20100501 20100531    28.2
20100601 20100630    14.5
20100701 20100731    37.4
20100801 20100831    22.0
20100901 20100930     4.3
20101001 20101031     0.1
20101101 20101130    12.4
20101201 20101231     9.2
20110101 20110131    20.6
20110201 20110228    17.6
20110301 20110331     0.2
20110401 20110430     4.0
20110501 20110531    37.0
20110601 20110630    31.0
20110701 20110731    55.8
20110801 20110831    33.8
20110901 20110930    28.2
20111001 20111031    48.4
20111101 20111130    15.8
20111201 20111231    20.0
20120101 20120131     9.4
20120201 20120229     6.8
20120301 20120331    13.4
20120401 20120430     0.4
20120501 20120531    11.7
20120601 20120630    65.6
20120701 20120731    13.6
20120801 20120831    28.5
20120901 20120930    31.8
20121001 20121031     1.0
20121101 20121130    83.2
20121201 20121231    22.8
20130101 20130131    55.2
20130201 20130228    25.0
20130301 20130331    41.0
20130401 20130430     7.8
20130501 20130531    32.4
20130601 20130630     2.0
20130701 20130731    25.6
20130801 20130831    40.6
20130901 20130930    38.2
20131001 20131031    21.0
20131101 20131130     2.4
20131201 20131231     0.0
20140101 20140131    16.5
20140201 20140228     7.0
20140301 20140331     2.0
20140401 20140430    26.0
20140501 20140531    39.4
20140601 20140630    16.8
20140701 20140731    54.1
20140801 20140831    16.4
20140901 20140930    26.6
20141001 20141031     8.6
20141101 20141130    11.4
20141201 20141231    13.8
20150101 20150131     7.8
20150201 20150228     5.2
20150301 20150331    46.7
20150401 20150430    17.0
20150501 20150531    16.4
20150601 20150630    49.2
20150701 20150731    80.1
20150801 20150831    60.0
20150901 20150930     4.2
20151001 20151031    12.0
20151101 20151130    26.4
20151201 20151231     4.8
20160101 20160131    51.6
20160201 20160229     2.2
20160301 20160331    45.4
20160401 20160430    62.2
20160501 20160531    60.0
20160601 20160630    33.0
20160701 20160731    29.2
20160801 20160831    25.8
20160901 20160930    29.8
20161001 20161031    13.2
20161101 20161130     0.2
20161201 20161231    14.4
20170101 20170131   111.8
20170201 20170228    29.0
20170301 20170331    12.8
20170401 20170430     0.4
20170501 20170531    21.4
20170601 20170630     2.6
20170701 20170731    29.4
20170801 20170831    49.0
20170901 20170930    22.0
20171001 20171031    22.6
20171101 20171130    20.4
20171201 20171231     9.8
20180101 20180131    22.0
