PRCP       010582 18850101 20180131 missing_value=99999.9 KOJONUP                                   
18850101 18850131     0.0
18850201 18850228     0.0
18850301 18850331     0.0
18850401 18850430    43.9
18850501 18850531   125.5
18850601 18850630    53.1
18850701 18850731    57.9
18850801 18850831   101.9
18850901 18850930    35.1
18851001 18851031    38.6
18851101 18851130     8.1
18851201 18851231    18.5
18860101 18860131     1.3
18860201 18860228    31.0
18860301 18860331    10.7
18860401 18860430    25.9
18860501 18860531    50.8
18860601 18860630    35.8
18860701 18860731   104.9
18860801 18860831   137.2
18860901 18860930    65.3
18861001 18861031    23.4
18861101 18861130    38.9
18861201 18861231     1.0
18870101 18870131     4.6
18870201 18870228    17.0
18870301 18870331    38.1
18870401 18870430    36.6
18870501 18870531    58.9
18870601 18870630    85.6
18870701 18870731    90.9
18870801 18870831    91.7
18870901 18870930    63.2
18871001 18871031    29.2
18871101 18871130    27.2
18871201 18871231     8.4
18880101 18880131     0.8
18880201 18880229     2.5
18880301 18880331     7.9
18880401 18880430    29.5
18880501 18880531    54.1
18880601 18880630    86.9
18880701 18880731    57.2
18880801 18880831    87.1
18880901 18880930   101.9
18881001 18881031    43.4
18881101 18881130    92.7
18881201 18881231    51.1
18890101 18890131     4.6
18890201 18890228    12.7
18890301 18890331    12.4
18890401 18890430    62.2
18890501 18890531    57.2
18890601 18890630    62.7
18890701 18890731    36.3
18890801 18890831    51.8
18890901 18890930    43.7
18891001 18891031    57.2
18891101 18891130    22.1
18891201 18891231     8.6
18900101 18900131     1.8
18900201 18900228    23.4
18900301 18900331     0.8
18900401 18900430     0.0
18900501 18900531    94.0
18900601 18900630    65.3
18900701 18900731    46.7
18900801 18900831    61.0
18900901 18900930    76.7
18901001 18901031    83.8
18901101 18901130    21.8
18901201 18901231    38.6
18910101 18910131     0.0
18910201 18910228     0.0
18910301 18910331    30.7
18910401 18910430     5.3
18910501 18910531    68.6
18910601 18910630    70.9
18910701 18910731    49.5
18910801 18910831    72.1
18910901 18910930    54.1
18911001 18911031    33.0
18911101 18911130     0.0
18911201 18911231     9.9
18920101 18920131     8.9
18920201 18920229     8.1
18920301 18920331    57.4
18920401 18920430    35.8
18920501 18920531    48.0
18920601 18920630    65.3
18920701 18920731    51.6
18920801 18920831    86.9
18920901 18920930    58.7
18921001 18921031    35.1
18921101 18921130    19.8
18921201 18921231     0.0
18930101 18930131     4.8
18930201 18930228     2.3
18930301 18930331    34.5
18930401 18930430    48.3
18930501 18930531    78.0
18930601 18930630    35.6
18930701 18930731    68.8
18930801 18930831    88.9
18930901 18930930    84.1
18931001 18931031    53.3
18931101 18931130    14.7
18931201 18931231    18.5
18940101 18940131     0.0
18940201 18940228     7.1
18940301 18940331    18.5
18940401 18940430     1.8
18940501 18940531    57.4
18940601 18940630    87.4
18940701 18940731    61.2
18940801 18940831    65.0
18940901 18940930    33.0
18941001 18941031    24.6
18941101 18941130     6.9
18941201 18941231    16.0
18950101 18950131     0.0
18950201 18950228    54.6
18950301 18950331     1.5
18950401 18950430    36.3
18950501 18950531    32.0
18950601 18950630   150.4
18950701 18950731    91.2
18950801 18950831   117.9
18950901 18950930    96.3
18951001 18951031    18.5
18951101 18951130    68.8
18951201 18951231    22.1
18960101 18960131     2.3
18960201 18960229     4.3
18960301 18960331    80.3
18960401 18960430     9.1
18960501 18960531    25.9
18960601 18960630    69.3
18960701 18960731   111.5
18960801 18960831    61.7
18960901 18960930    12.2
18961001 18961031    24.9
18961101 18961130     6.9
18961201 18961231    49.0
18970101 18970131     0.5
18970201 18970228    31.2
18970301 18970331    24.6
18970401 18970430    25.7
18970501 18970531    65.0
18970601 18970630    96.5
18970701 18970731    65.8
18970801 18970831    55.1
18970901 18970930    47.5
18971001 18971031    29.5
18971101 18971130    25.4
18971201 18971231     4.1
18980101 18980131    39.9
18980201 18980228     9.4
18980301 18980331     4.1
18980401 18980430    10.9
18980501 18980531    33.3
18980601 18980630    72.1
18980701 18980731   133.9
18980801 18980831    94.2
18980901 18980930    47.5
18981001 18981031    82.8
18981101 18981130    39.9
18981201 18981231     1.0
18990101 18990131     3.0
18990201 18990228    56.1
18990301 18990331     7.9
18990401 18990430    43.4
18990501 18990531    45.2
18990601 18990630    80.0
18990701 18990731    73.2
18990801 18990831    70.1
18990901 18990930    53.3
18991001 18991031    72.1
18991101 18991130    25.9
18991201 18991231     1.8
19000101 19000131    31.5
19000201 19000228     1.3
19000301 19000331     3.8
19000401 19000430    23.9
19000501 19000531    42.9
19000601 19000630   135.9
19000701 19000731    74.2
19000801 19000831   103.9
19000901 19000930    60.2
19001001 19001031    65.0
19001101 19001130     5.3
19001201 19001231    16.8
19010101 19010131     4.1
19010201 19010228     0.0
19010301 19010331    24.4
19010401 19010430    10.4
19010501 19010531    91.9
19010601 19010630    67.8
19010701 19010731    59.2
19010801 19010831    90.7
19010901 19010930    27.9
19011001 19011031    29.0
19011101 19011130     7.6
19011201 19011231    17.3
19020101 19020131     0.3
19020201 19020228     1.5
19020301 19020331     3.3
19020401 19020430     1.5
19020501 19020531    74.9
19020601 19020630    52.6
19020701 19020731   118.9
19020801 19020831    50.5
19020901 19020930   117.3
19021001 19021031    78.5
19021101 19021130     8.9
19021201 19021231     8.6
19030101 19030131     4.1
19030201 19030228     0.0
19030301 19030331     9.1
19030401 19030430   128.0
19030501 19030531    43.7
19030601 19030630   169.2
19030701 19030731   136.1
19030801 19030831   109.2
19030901 19030930   140.7
19031001 19031031   117.3
19031101 19031130    16.8
19031201 19031231    26.7
19040101 19040131     0.8
19040201 19040229     3.0
19040301 19040331    56.1
19040401 19040430    37.6
19040501 19040531    70.6
19040601 19040630   132.1
19040701 19040731   121.4
19040801 19040831    78.7
19040901 19040930    69.9
19041001 19041031    98.6
19041101 19041130    12.7
19041201 19041231    24.1
19050101 19050131     3.6
19050201 19050228     3.8
19050301 19050331     5.6
19050401 19050430    85.6
19050501 19050531   191.0
19050601 19050630   101.1
19050701 19050731   110.5
19050801 19050831    61.2
19050901 19050930   157.0
19051001 19051031   113.5
19051101 19051130    17.5
19051201 19051231    14.7
19060101 19060131    14.2
19060201 19060228    35.3
19060301 19060331     5.3
19060401 19060430    15.7
19060501 19060531    72.9
19060601 19060630   136.7
19060701 19060731   100.3
19060801 19060831    66.0
19060901 19060930    71.4
19061001 19061031    29.2
19061101 19061130     5.6
19061201 19061231     5.1
19070101 19070131    10.2
19070201 19070228    11.4
19070301 19070331    28.7
19070401 19070430     3.8
19070501 19070531   118.4
19070601 19070630    69.4
19070701 19070731   188.5
19070801 19070831   141.0
19070901 19070930    74.5
19071001 19071031    36.6
19071101 19071130    12.7
19071201 19071231     0.0
19080101 19080131     0.0
19080201 19080229     7.9
19080301 19080331    19.5
19080401 19080430    22.9
19080501 19080531   122.7
19080601 19080630    97.1
19080701 19080731   130.4
19080801 19080831    45.6
19080901 19080930    19.3
19081001 19081031    37.0
19081101 19081130    24.9
19081201 19081231    11.1
19090101 19090131    15.4
19090201 19090228    45.5
19090301 19090331    25.1
19090401 19090430    56.7
19090501 19090531    70.7
19090601 19090630   110.5
19090701 19090731    63.7
19090801 19090831   105.5
19090901 19090930    68.6
19091001 19091031    36.5
19091101 19091130    10.1
19091201 19091231     2.3
19100101 19100131    11.4
19100201 19100228     6.6
19100301 19100331     0.5
19100401 19100430    49.3
19100501 19100531   117.6
19100601 19100630   122.3
19100701 19100731   124.4
19100801 19100831    61.8
19100901 19100930    44.4
19101001 19101031    46.2
19101101 19101130    47.2
19101201 19101231     2.1
19110101 19110131     9.6
19110201 19110228     1.1
19110301 19110331    31.4
19110401 19110430    34.0
19110501 19110531    28.5
19110601 19110630    43.2
19110701 19110731    93.8
19110801 19110831    47.4
19110901 19110930    43.2
19111001 19111031    38.4
19111101 19111130     0.0
19111201 19111231     9.9
19120101 19120131     1.6
19120201 19120229     3.6
19120301 19120331    11.7
19120401 19120430    11.2
19120501 19120531    53.5
19120601 19120630    40.6
19120701 19120731   127.6
19120801 19120831    37.7
19120901 19120930    97.6
19121001 19121031    26.9
19121101 19121130    22.1
19121201 19121231     7.8
19130101 19130131     1.8
19130201 19130228     0.0
19130301 19130331    23.6
19130401 19130430   105.6
19130501 19130531    26.5
19130601 19130630   102.5
19130701 19130731   115.7
19130801 19130831   139.4
19130901 19130930    46.1
19131001 19131031    32.2
19131101 19131130    16.2
19131201 19131231    51.9
19140101 19140131    30.2
19140201 19140228    65.0
19140301 19140331     9.3
19140401 19140430    16.2
19140501 19140531    37.4
19140601 19140630    59.3
19140701 19140731    73.0
19140801 19140831    27.9
19140901 19140930    12.5
19141001 19141031    27.8
19141101 19141130    98.7
19141201 19141231    69.6
19150101 19150131     9.4
19150201 19150228    69.2
19150301 19150331    33.1
19150401 19150430    22.6
19150501 19150531    55.1
19150601 19150630    87.9
19150701 19150731    66.3
19150801 19150831    98.5
19150901 19150930    67.9
19151001 19151031    53.7
19151101 19151130    13.0
19151201 19151231     0.0
19160101 19160131    19.0
19160201 19160229    39.6
19160301 19160331    32.6
19160401 19160430     9.7
19160501 19160531    42.8
19160601 19160630    85.0
19160701 19160731   114.9
19160801 19160831    95.1
19160901 19160930     4.4
19161001 19161031    51.0
19161101 19161130    64.5
19161201 19161231     2.4
19170101 19170131     5.9
19170201 19170228    24.6
19170301 19170331    27.6
19170401 19170430    51.5
19170501 19170531   101.3
19170601 19170630   195.5
19170701 19170731   120.9
19170801 19170831    86.4
19170901 19170930   104.5
19171001 19171031    39.5
19171101 19171130     0.3
19171201 19171231    24.6
19180101 19180131    78.8
19180201 19180228    27.2
19180301 19180331    34.8
19180401 19180430    38.5
19180501 19180531    93.6
19180601 19180630   101.6
19180701 19180731    30.1
19180801 19180831    78.7
19180901 19180930    61.6
19181001 19181031    39.3
19181101 19181130     4.9
19181201 19181231     2.5
19190101 19190131     7.1
19190201 19190228     1.5
19190301 19190331    17.4
19190401 19190430    62.7
19190501 19190531    29.8
19190601 19190630    63.8
19190701 19190731   110.1
19190801 19190831    70.6
19190901 19190930    34.9
19191001 19191031    46.7
19191101 19191130    12.8
19191201 19191231     2.7
19200101 19200131     1.1
19200201 19200229    29.5
19200301 19200331    15.3
19200401 19200430    18.9
19200501 19200531    84.1
19200601 19200630   124.5
19200701 19200731    73.2
19200801 19200831   142.3
19200901 19200930    50.4
19201001 19201031    18.3
19201101 19201130     5.2
19201201 19201231     2.4
19210101 19210131    14.9
19210201 19210228    50.1
19210301 19210331     7.4
19210401 19210430    17.9
19210501 19210531   133.8
19210601 19210630    69.0
19210701 19210731    79.9
19210801 19210831    42.6
19210901 19210930    74.0
19211001 19211031    52.9
19211101 19211130    25.5
19211201 19211231    48.3
19220101 19220131     3.1
19220201 19220228    13.3
19220301 19220331    27.7
19220401 19220430    24.4
19220501 19220531    64.0
19220601 19220630    44.3
19220701 19220731   118.3
19220801 19220831    99.7
19220901 19220930    39.6
19221001 19221031    26.5
19221101 19221130    21.3
19221201 19221231    26.5
19230101 19230131    22.6
19230201 19230228     1.1
19230301 19230331    50.1
19230401 19230430    37.9
19230501 19230531   146.7
19230601 19230630   188.7
19230701 19230731    89.7
19230801 19230831    67.0
19230901 19230930   121.6
19231001 19231031    39.0
19231101 19231130     2.4
19231201 19231231    28.0
19240101 19240131     5.8
19240201 19240229     2.3
19240301 19240331     1.8
19240401 19240430     9.0
19240501 19240531   112.3
19240601 19240630    73.3
19240701 19240731    79.0
19240801 19240831    95.5
19240901 19240930    49.1
19241001 19241031    74.7
19241101 19241130    45.6
19241201 19241231     0.0
19250101 19250131    49.1
19250201 19250228    14.1
19250301 19250331    49.2
19250401 19250430    19.8
19250501 19250531    67.4
19250601 19250630    75.8
19250701 19250731    85.6
19250801 19250831    24.7
19250901 19250930    51.7
19251001 19251031    67.3
19251101 19251130     3.9
19251201 19251231    25.8
19260101 19260131     3.0
19260201 19260228    19.9
19260301 19260331    75.6
19260401 19260430    94.8
19260501 19260531    68.3
19260601 19260630    65.5
19260701 19260731   207.4
19260801 19260831    39.5
19260901 19260930    68.6
19261001 19261031    75.6
19261101 19261130    36.0
19261201 19261231    14.8
19270101 19270131     7.1
19270201 19270228     4.3
19270301 19270331    69.9
19270401 19270430    30.1
19270501 19270531    49.2
19270601 19270630   139.0
19270701 19270731    73.0
19270801 19270831    49.2
19270901 19270930    78.5
19271001 19271031    46.4
19271101 19271130    10.9
19271201 19271231     7.6
19280101 19280131    31.7
19280201 19280229     0.0
19280301 19280331     2.1
19280401 19280430    71.0
19280501 19280531    51.0
19280601 19280630    45.6
19280701 19280731   101.0
19280801 19280831    94.6
19280901 19280930    69.5
19281001 19281031    44.3
19281101 19281130     4.4
19281201 19281231     6.6
19290101 19290131     1.3
19290201 19290228    30.7
19290301 19290331     3.0
19290401 19290430    23.8
19290501 19290531    79.9
19290601 19290630   126.6
19290701 19290731    48.1
19290801 19290831    40.7
19290901 19290930    30.3
19291001 19291031    24.9
19291101 19291130    46.7
19291201 19291231     9.4
19300101 19300131     0.0
19300201 19300228     3.6
19300301 19300331    13.4
19300401 19300430    18.8
19300501 19300531    63.8
19300601 19300630   157.8
19300701 19300731   108.1
19300801 19300831    47.8
19300901 19300930    47.3
19301001 19301031    18.2
19301101 19301130    15.6
19301201 19301231    21.4
19310101 19310131     1.4
19310201 19310228     2.1
19310301 19310331    40.4
19310401 19310430    33.1
19310501 19310531    63.2
19310601 19310630    56.3
19310701 19310731    61.3
19310801 19310831   105.0
19310901 19310930    84.9
19311001 19311031    20.2
19311101 19311130    10.0
19311201 19311231    15.5
19320101 19320131    14.3
19320201 19320229     6.1
19320301 19320331    15.1
19320401 19320430    26.5
19320501 19320531    85.0
19320601 19320630    85.2
19320701 19320731   116.2
19320801 19320831    60.9
19320901 19320930    31.0
19321001 19321031    43.9
19321101 19321130     5.8
19321201 19321231     3.5
19330101 19330131    16.0
19330201 19330228     2.1
19330301 19330331    18.0
19330401 19330430    15.9
19330501 19330531    60.7
19330601 19330630   165.7
19330701 19330731    58.7
19330801 19330831   103.3
19330901 19330930    57.9
19331001 19331031    65.2
19331101 19331130    15.5
19331201 19331231     9.5
19340101 19340131     7.6
19340201 19340228     5.3
19340301 19340331    85.5
19340401 19340430    16.1
19340501 19340531    77.1
19340601 19340630   106.4
19340701 19340731   104.5
19340801 19340831    78.0
19340901 19340930    53.9
19341001 19341031    36.3
19341101 19341130    15.3
19341201 19341231    29.5
19350101 19350131     4.9
19350201 19350228    20.6
19350301 19350331     1.9
19350401 19350430    47.3
19350501 19350531    42.3
19350601 19350630    74.5
19350701 19350731   134.3
19350801 19350831    66.5
19350901 19350930    56.7
19351001 19351031    74.4
19351101 19351130     6.3
19351201 19351231     6.2
19360101 19360131    19.7
19360201 19360229     0.5
19360301 19360331     1.8
19360401 19360430    24.8
19360501 19360531    50.3
19360601 19360630   105.0
19360701 19360731    46.8
19360801 19360831    91.5
19360901 19360930    42.3
19361001 19361031    14.5
19361101 19361130    17.0
19361201 19361231    36.1
19370101 19370131     0.6
19370201 19370228     0.8
19370301 19370331    72.3
19370401 19370430    63.7
19370501 19370531   130.2
19370601 19370630    85.2
19370701 19370731    41.9
19370801 19370831    93.1
19370901 19370930    26.5
19371001 19371031    38.6
19371101 19371130    10.7
19371201 19371231     2.6
19380101 19380131     4.9
19380201 19380228     1.6
19380301 19380331    67.4
19380401 19380430    27.3
19380501 19380531    70.9
19380601 19380630    55.9
19380701 19380731    91.4
19380801 19380831    74.1
19380901 19380930    59.8
19381001 19381031    26.7
19381101 19381130    17.3
19381201 19381231     7.5
19390101 19390131   138.4
19390201 19390228    35.9
19390301 19390331     3.4
19390401 19390430     8.7
19390501 19390531    77.3
19390601 19390630    82.8
19390701 19390731   134.8
19390801 19390831    95.2
19390901 19390930    14.8
19391001 19391031   118.7
19391101 19391130    52.5
19391201 19391231     1.0
19400101 19400131    21.1
19400201 19400229     2.4
19400301 19400331     0.8
19400401 19400430    10.5
19400501 19400531    33.2
19400601 19400630    35.4
19400701 19400731    54.7
19400801 19400831    36.5
19400901 19400930    27.5
19401001 19401031    26.4
19401101 19401130     8.1
19401201 19401231    26.7
19410101 19410131     0.8
19410201 19410228     7.1
19410301 19410331    24.6
19410401 19410430    61.3
19410501 19410531    48.6
19410601 19410630   133.6
19410701 19410731   102.9
19410801 19410831    59.1
19410901 19410930    87.4
19411001 19411031    32.1
19411101 19411130    23.2
19411201 19411231     8.7
19420101 19420131     8.8
19420201 19420228     4.6
19420301 19420331    70.7
19420401 19420430    30.9
19420501 19420531    87.7
19420601 19420630   104.6
19420701 19420731   100.6
19420801 19420831   114.9
19420901 19420930    73.7
19421001 19421031    46.5
19421101 19421130     8.1
19421201 19421231    35.8
19430101 19430131    55.9
19430201 19430228    26.0
19430301 19430331   100.0
19430401 19430430    71.1
19430501 19430531    54.2
19430601 19430630    87.7
19430701 19430731    67.3
19430801 19430831    78.6
19430901 19430930    57.5
19431001 19431031    22.8
19431101 19431130     4.3
19431201 19431231    16.1
19440101 19440131     6.1
19440201 19440229     0.5
19440301 19440331     3.2
19440401 19440430    14.1
19440501 19440531   105.1
19440601 19440630    47.0
19440701 19440731   126.1
19440801 19440831    70.7
19440901 19440930    33.6
19441001 19441031    10.2
19441101 19441130     8.9
19441201 19441231    37.2
19450101 19450131     1.0
19450201 19450228     2.6
19450301 19450331    27.0
19450401 19450430    13.4
19450501 19450531    81.1
19450601 19450630   235.2
19450701 19450731   111.1
19450801 19450831   126.1
19450901 19450930    57.8
19451001 19451031     6.3
19451101 19451130    34.1
19451201 19451231     8.5
19460101 19460131     9.9
19460201 19460228     1.3
19460301 19460331     9.3
19460401 19460430    28.0
19460501 19460531    99.6
19460601 19460630   120.0
19460701 19460731   181.4
19460801 19460831    54.7
19460901 19460930    23.1
19461001 19461031     6.8
19461101 19461130    39.5
19461201 19461231    21.2
19470101 19470131     1.8
19470201 19470228     4.2
19470301 19470331     6.9
19470401 19470430    67.2
19470501 19470531   128.1
19470601 19470630   159.5
19470701 19470731    45.9
19470801 19470831    32.6
19470901 19470930    33.3
19471001 19471031   103.6
19471101 19471130     8.5
19471201 19471231     6.3
19480101 19480131     0.6
19480201 19480229     0.3
19480301 19480331    10.9
19480401 19480430    21.7
19480501 19480531     6.4
19480601 19480630    71.8
19480701 19480731   105.7
19480801 19480831    93.5
19480901 19480930    76.1
19481001 19481031    26.9
19481101 19481130    37.1
19481201 19481231    30.1
19490101 19490131     4.0
19490201 19490228     0.3
19490301 19490331    18.1
19490401 19490430    25.5
19490501 19490531    16.9
19490601 19490630    75.4
19490701 19490731    91.5
19490801 19490831   131.1
19490901 19490930    30.7
19491001 19491031    83.1
19491101 19491130    42.6
19491201 19491231     0.0
19500101 19500131     3.3
19500201 19500228     0.0
19500301 19500331     0.0
19500401 19500430     3.0
19500501 19500531    62.9
19500601 19500630    77.8
19500701 19500731    83.1
19500801 19500831    59.0
19500901 19500930    50.7
19501001 19501031    42.0
19501101 19501130    40.7
19501201 19501231     7.7
19510101 19510131    27.5
19510201 19510228    29.6
19510301 19510331     5.1
19510401 19510430    40.7
19510501 19510531    41.0
19510601 19510630   134.5
19510701 19510731    43.7
19510801 19510831    71.1
19510901 19510930    21.5
19511001 19511031    28.6
19511101 19511130    38.2
19511201 19511231    60.6
19520101 19520131     6.9
19520201 19520229     9.2
19520301 19520331    20.5
19520401 19520430    12.7
19520501 19520531    85.8
19520601 19520630   109.1
19520701 19520731    69.7
19520801 19520831    55.0
19520901 19520930    34.1
19521001 19521031    40.2
19521101 19521130    42.5
19521201 19521231    12.0
19530101 19530131     0.8
19530201 19530228    17.3
19530301 19530331     4.4
19530401 19530430    19.5
19530501 19530531    59.7
19530601 19530630   115.2
19530701 19530731    68.6
19530801 19530831    34.8
19530901 19530930    61.3
19531001 19531031    92.9
19531101 19531130    21.7
19531201 19531231     1.3
19540101 19540131    24.0
19540201 19540228     0.8
19540301 19540331     3.8
19540401 19540430    16.2
19540501 19540531    98.2
19540601 19540630    59.7
19540701 19540731    85.4
19540801 19540831    42.0
19540901 19540930    27.6
19541001 19541031    15.6
19541101 19541130    24.7
19541201 19541231     0.8
19550101 19550131     7.7
19550201 19550228   156.1
19550301 19550331     7.4
19550401 19550430    62.9
19550501 19550531    68.6
19550601 19550630    41.8
19550701 19550731    80.1
19550801 19550831   185.3
19550901 19550930    63.5
19551001 19551031    62.7
19551101 19551130     3.9
19551201 19551231    12.5
19560101 19560131     0.0
19560201 19560229     2.3
19560301 19560331    78.3
19560401 19560430    18.2
19560501 19560531   119.0
19560601 19560630    81.5
19560701 19560731   100.1
19560801 19560831    25.0
19560901 19560930    37.6
19561001 19561031    18.8
19561101 19561130    19.1
19561201 19561231     8.9
19570101 19570131     3.3
19570201 19570228     4.8
19570301 19570331     4.1
19570401 19570430    51.4
19570501 19570531    81.8
19570601 19570630   154.7
19570701 19570731    33.5
19570801 19570831    63.0
19570901 19570930    22.3
19571001 19571031    27.0
19571101 19571130     0.5
19571201 19571231     4.1
19580101 19580131     9.7
19580201 19580228     7.4
19580301 19580331     0.8
19580401 19580430    13.1
19580501 19580531    82.0
19580601 19580630    39.5
19580701 19580731   184.3
19580801 19580831    65.9
19580901 19580930    47.8
19581001 19581031    14.6
19581101 19581130     9.2
19581201 19581231    18.3
19590101 19590131     4.6
19590201 19590228    32.0
19590301 19590331     8.1
19590401 19590430    22.2
19590501 19590531    30.1
19590601 19590630   114.0
19590701 19590731    32.8
19590801 19590831    81.5
19590901 19590930    51.3
19591001 19591031    31.4
19591101 19591130    23.6
19591201 19591231    40.0
19600101 19600131    18.8
19600201 19600229     9.4
19600301 19600331    66.7
19600401 19600430    18.4
19600501 19600531    63.5
19600601 19600630    41.5
19600701 19600731   113.5
19600801 19600831    24.6
19600901 19600930    42.0
19601001 19601031     8.0
19601101 19601130     6.5
19601201 19601231    16.8
19610101 19610131    23.9
19610201 19610228     4.4
19610301 19610331    12.4
19610401 19610430    69.3
19610501 19610531    14.8
19610601 19610630   109.6
19610701 19610731   105.2
19610801 19610831    50.2
19610901 19610930    35.9
19611001 19611031    16.7
19611101 19611130     4.6
19611201 19611231    21.8
19620101 19620131     3.7
19620201 19620228     7.6
19620301 19620331     1.0
19620401 19620430     2.6
19620501 19620531    57.5
19620601 19620630    77.0
19620701 19620731    39.2
19620801 19620831    81.2
19620901 19620930    24.0
19621001 19621031    40.4
19621101 19621130    23.2
19621201 19621231     7.4
19630101 19630131    13.2
19630201 19630228     4.9
19630301 19630331    42.7
19630401 19630430    14.0
19630501 19630531   104.9
19630601 19630630   108.1
19630701 19630731   119.1
19630801 19630831   129.1
19630901 19630930    66.0
19631001 19631031    34.7
19631101 19631130     3.8
19631201 19631231     2.8
19640101 19640131     0.3
19640201 19640229     4.3
19640301 19640331     1.3
19640401 19640430    25.6
19640501 19640531    12.1
19640601 19640630   150.3
19640701 19640731   128.0
19640801 19640831   101.6
19640901 19640930    19.0
19641001 19641031    52.3
19641101 19641130     7.6
19641201 19641231    18.8
19650101 19650131     2.2
19650201 19650228    11.5
19650301 19650331    22.9
19650401 19650430    11.2
19650501 19650531    62.3
19650601 19650630    65.9
19650701 19650731    59.1
19650801 19650831    79.3
19650901 19650930    36.1
19651001 19651031    63.9
19651101 19651130    78.1
19651201 19651231    28.7
19660101 19660131     9.0
19660201 19660228    10.0
19660301 19660331     1.6
19660401 19660430    31.7
19660501 19660531    32.6
19660601 19660630   111.6
19660701 19660731    94.0
19660801 19660831    47.6
19660901 19660930    50.0
19661001 19661031    46.9
19661101 19661130     6.2
19661201 19661231    10.9
19670101 19670131     0.5
19670201 19670228    47.0
19670301 19670331    14.0
19670401 19670430    32.6
19670501 19670531    91.9
19670601 19670630   115.8
19670701 19670731    89.1
19670801 19670831    76.5
19670901 19670930    13.8
19671001 19671031    29.3
19671101 19671130    12.2
19671201 19671231    16.3
19680101 19680131    39.2
19680201 19680229     5.1
19680301 19680331    73.7
19680401 19680430    41.8
19680501 19680531    49.1
19680601 19680630   140.1
19680701 19680731    81.0
19680801 19680831    47.2
19680901 19680930    83.0
19681001 19681031    34.1
19681101 19681130     5.6
19681201 19681231     8.0
19690101 19690131     4.3
19690201 19690228     0.3
19690301 19690331    15.7
19690401 19690430    63.3
19690501 19690531    37.8
19690601 19690630    99.4
19690701 19690731    51.1
19690801 19690831    35.2
19690901 19690930    14.1
19691001 19691031     3.5
19691101 19691130    34.1
19691201 19691231    10.7
19700101 19700131     1.3
19700201 19700228    34.3
19700301 19700331     3.2
19700401 19700430    41.2
19700501 19700531    45.4
19700601 19700630   135.7
19700701 19700731    74.7
19700801 19700831    40.1
19700901 19700930    52.0
19701001 19701031    47.0
19701101 19701130    18.1
19701201 19701231    16.6
19710101 19710131    23.7
19710201 19710228    15.1
19710301 19710331    98.3
19710401 19710430    11.2
19710501 19710531    90.8
19710601 19710630    49.5
19710701 19710731    54.9
19710801 19710831    64.0
19710901 19710930    92.4
19711001 19711031    65.9
19711101 19711130    68.6
19711201 19711231    12.3
19720101 19720131     1.6
19720201 19720229     1.6
19720301 19720331     3.6
19720401 19720430    21.6
19720501 19720531    48.2
19720601 19720630    41.4
19720701 19720731    78.6
19720801 19720831    92.8
19720901 19720930    18.6
19721001 19721031    23.2
19721101 19721130     6.1
19721201 19721231     3.1
19730101 19730131    25.1
19730201 19730228     0.0
19730301 19730331     1.1
19730401 19730430    57.6
19730501 19730531    61.1
19730601 19730630    68.8
19730701 19730731   114.5
19730801 19730831    64.9
19730901 19730930    69.5
19731001 19731031    30.4
19731101 19731130    21.5
19731201 19731231     1.4
19740101 19740131     3.2
19740201 19740228    18.9
19740301 19740331     1.0
19740401 19740430    35.8
19740501 19740531   141.4
19740601 19740630    72.6
19740701 19740731   144.0
19740801 19740831    72.4
19740901 19740930    25.2
19741001 19741031    49.6
19741101 19741130    35.0
19741201 19741231     0.6
19750101 19750131     2.4
19750201 19750228     1.0
19750301 19750331    20.4
19750401 19750430    49.3
19750501 19750531    70.9
19750601 19750630    93.8
19750701 19750731   104.8
19750801 19750831    61.0
19750901 19750930    48.3
19751001 19751031    51.9
19751101 19751130    33.3
19751201 19751231     3.8
19760101 19760131    44.0
19760201 19760229    28.7
19760301 19760331    34.6
19760401 19760430    67.0
19760501 19760531    69.0
19760601 19760630    37.0
19760701 19760731    39.2
19760801 19760831    84.2
19760901 19760930    19.1
19761001 19761031    33.6
19761101 19761130    26.4
19761201 19761231     2.7
19770101 19770131     8.2
19770201 19770228     2.6
19770301 19770331     3.2
19770401 19770430     9.8
19770501 19770531    73.7
19770601 19770630    58.2
19770701 19770731    53.0
19770801 19770831    88.8
19770901 19770930    25.8
19771001 19771031    89.4
19771101 19771130    20.8
19771201 19771231     1.2
19780101 19780131    20.6
19780201 19780228    21.2
19780301 19780331     5.3
19780401 19780430    12.4
19780501 19780531    73.8
19780601 19780630   106.4
19780701 19780731   101.3
19780801 19780831    28.6
19780901 19780930    49.9
19781001 19781031    35.8
19781101 19781130    20.4
19781201 19781231    20.0
19790101 19790131    17.0
19790201 19790228    13.6
19790301 19790331     9.6
19790401 19790430    15.6
19790501 19790531    46.2
19790601 19790630    54.2
19790701 19790731    78.0
19790801 19790831    49.2
19790901 19790930    54.2
19791001 19791031    30.4
19791101 19791130    38.6
19791201 19791231     1.8
19800101 19800131     0.8
19800201 19800229    57.6
19800301 19800331     2.4
19800401 19800430    58.8
19800501 19800531    46.6
19800601 19800630    94.0
19800701 19800731    52.9
19800801 19800831    67.0
19800901 19800930    38.6
19801001 19801031    80.8
19801101 19801130    10.0
19801201 19801231    30.8
19810101 19810131     5.0
19810201 19810228     8.0
19810301 19810331     5.6
19810401 19810430    19.0
19810501 19810531    70.0
19810601 19810630    87.2
19810701 19810731    82.8
19810801 19810831    85.0
19810901 19810930    32.2
19811001 19811031    20.4
19811101 19811130    45.3
19811201 19811231     9.6
19820101 19820131   228.4
19820201 19820228     6.8
19820301 19820331    13.6
19820401 19820430     1.4
19820501 19820531    21.2
19820601 19820630    47.8
19820701 19820731    57.2
19820801 19820831    77.4
19820901 19820930    44.3
19821001 19821031    28.8
19821101 19821130    23.6
19821201 19821231     9.2
19830101 19830131     1.4
19830201 19830228    41.4
19830301 19830331     6.4
19830401 19830430    26.6
19830501 19830531    45.8
19830601 19830630   160.4
19830701 19830731    88.7
19830801 19830831    98.1
19830901 19830930    94.7
19831001 19831031    13.0
19831101 19831130    30.4
19831201 19831231    30.3
19840101 19840131     0.6
19840201 19840229     3.4
19840301 19840331    17.0
19840401 19840430    29.8
19840501 19840531   116.8
19840601 19840630    67.2
19840701 19840731    49.2
19840801 19840831    82.0
19840901 19840930    77.0
19841001 19841031    23.0
19841101 19841130    91.4
19841201 19841231    15.0
19850101 19850131     4.8
19850201 19850228    12.8
19850301 19850331     3.4
19850401 19850430    67.4
19850501 19850531    35.2
19850601 19850630    59.5
19850701 19850731    79.4
19850801 19850831    96.9
19850901 19850930    20.9
19851001 19851031    20.4
19851101 19851130    37.9
19851201 19851231     7.7
19860101 19860131     1.4
19860201 19860228    61.0
19860301 19860331    14.4
19860401 19860430     3.2
19860501 19860531    36.2
19860601 19860630    76.9
19860701 19860731    72.1
19860801 19860831    46.8
19860901 19860930    37.8
19861001 19861031    23.4
19861101 19861130    10.3
19861201 19861231     1.3
19870101 19870131     1.6
19870201 19870228     0.6
19870301 19870331    24.8
19870401 19870430    51.2
19870501 19870531    31.6
19870601 19870630    50.0
19870701 19870731    65.8
19870801 19870831    24.6
19870901 19870930    21.9
19871001 19871031    12.2
19871101 19871130    40.6
19871201 19871231    23.2
19880101 19880131     4.1
19880201 19880229     0.0
19880301 19880331    23.0
19880401 19880430    12.4
19880501 19880531   104.0
19880601 19880630   127.6
19880701 19880731    91.1
19880801 19880831    66.2
19880901 19880930    58.3
19881001 19881031    29.0
19881101 19881130    15.6
19881201 19881231     8.2
19890101 19890131    74.9
19890201 19890228    23.8
19890301 19890331     7.2
19890401 19890430    48.2
19890501 19890531    60.5
19890601 19890630    46.0
19890701 19890731    95.3
19890801 19890831    55.3
19890901 19890930    38.2
19891001 19891031    42.5
19891101 19891130     4.8
19891201 19891231    10.4
19900101 19900131    40.8
19900201 19900228    10.8
19900301 19900331    24.7
19900401 19900430    42.4
19900501 19900531    37.0
19900601 19900630    53.7
19900701 19900731   142.2
19900801 19900831    44.2
19900901 19900930    44.5
19901001 19901031    39.6
19901101 19901130     8.2
19901201 19901231     5.8
19910101 19910131     2.6
19910201 19910228    20.6
19910301 19910331     3.0
19910401 19910430    25.2
19910501 19910531    63.8
19910601 19910630    72.4
19910701 19910731   112.6
19910801 19910831    84.8
19910901 19910930    65.4
19911001 19911031    18.6
19911101 19911130    29.6
19911201 19911231    21.2
19920101 19920131     1.0
19920201 19920229    20.0
19920301 19920331    29.0
19920401 19920430    18.8
19920501 19920531    59.8
19920601 19920630   117.0
19920701 19920731    55.8
19920801 19920831    93.6
19920901 19920930    80.0
19921001 19921031    27.8
19921101 19921130    58.2
19921201 19921231    11.3
19930101 19930131     1.4
19930201 19930228     3.4
19930301 19930331    88.0
19930401 19930430     9.6
19930501 19930531    64.0
19930601 19930630    46.2
19930701 19930731    88.0
19930801 19930831    69.8
19930901 19930930    52.0
19931001 19931031    36.8
19931101 19931130    46.8
19931201 19931231     4.0
19940101 19940131     0.0
19940201 19940228     2.0
19940301 19940331     1.6
19940401 19940430     6.0
19940501 19940531    83.8
19940601 19940630    47.8
19940701 19940731    67.8
19940801 19940831    71.0
19940901 19940930    42.2
19941001 19941031    29.4
19941101 19941130     7.2
19941201 19941231     0.0
19950101 19950131     8.2
19950201 19950228     9.0
19950301 19950331     5.8
19950401 19950430     7.6
19950501 19950531    77.4
19950601 19950630    78.4
19950701 19950731    98.6
19950801 19950831    53.2
19950901 19950930    46.9
19951001 19951031    39.2
19951101 19951130    34.8
19951201 19951231    21.0
19960101 19960131     3.2
19960201 19960229     0.2
19960301 19960331     3.0
19960401 19960430     0.0
19960501 19960531    41.0
19960601 19960630    95.4
19960701 19960731   137.2
19960801 19960831    45.6
19960901 19960930 99999.9
19961001 19961031 99999.9
19961101 19961130    36.5
19961201 19961231 99999.9
19970101 19970131     0.0
19970201 19970228    27.0
19970301 19970331    16.0
19970401 19970430   138.8
19970501 19970531 99999.9
19970601 19970630 99999.9
19970701 19970731 99999.9
19970801 19970831 99999.9
19970901 19970930    45.5
19971001 19971031    15.5
19971101 19971130     9.0
19971201 19971231     0.0
19980101 19980131     0.0
19980201 19980228     0.0
19980301 19980331    78.4
19980401 19980430    38.8
19980501 19980531    37.4
19980601 19980630   101.0
19980701 19980731    45.8
19980801 19980831   119.8
19980901 19980930    61.8
19981001 19981031    23.8
19981101 19981130    28.7
19981201 19981231     2.5
19990101 19990131     4.4
19990201 19990228     0.0
19990301 19990331    25.4
19990401 19990430     3.2
19990501 19990531    86.4
19990601 19990630    86.0
19990701 19990731    66.4
19990801 19990831    52.0
19990901 19990930 99999.9
19991001 19991031    63.0
19991101 19991130    21.0
19991201 19991231    59.9
20000101 20000131    66.0
20000201 20000229     6.0
20000301 20000331    19.4
20000401 20000430    10.2
20000501 20000531    12.0
20000601 20000630    42.0
20000701 20000731    98.6
20000801 20000831    77.0
20000901 20000930    29.4
20001001 20001031     7.0
20001101 20001130    13.4
20001201 20001231     1.4
20010101 20010131     0.0
20010201 20010228     0.4
20010301 20010331     2.8
20010401 20010430     1.0
20010501 20010531    76.0
20010601 20010630    16.4
20010701 20010731    41.6
20010801 20010831    76.5
20010901 20010930    55.6
20011001 20011031    19.4
20011101 20011130    58.0
20011201 20011231    44.8
20020101 20020131     4.2
20020201 20020228     0.6
20020301 20020331    22.2
20020401 20020430    59.0
20020501 20020531    35.0
20020601 20020630    65.2
20020701 20020731    57.6
20020801 20020831    49.6
20020901 20020930    51.6
20021001 20021031    44.6
20021101 20021130    19.6
20021201 20021231     7.4
20030101 20030131     0.0
20030201 20030228    11.8
20030301 20030331    38.0
20030401 20030430    31.2
20030501 20030531    83.0
20030601 20030630    55.8
20030701 20030731    69.6
20030801 20030831    99.2
20030901 20030930    66.2
20031001 20031031    13.6
20031101 20031130    28.8
20031201 20031231    11.2
20040101 20040131    15.6
20040201 20040229     1.4
20040301 20040331    13.2
20040401 20040430     5.2
20040501 20040531    58.8
20040601 20040630    88.0
20040701 20040731    59.4
20040801 20040831    73.4
20040901 20040930    20.8
20041001 20041031    23.2
20041101 20041130    19.0
20041201 20041231     0.0
20050101 20050131    15.6
20050201 20050228     7.0
20050301 20050331    39.6
20050401 20050430   103.3
20050501 20050531   141.0
20050601 20050630    72.0
20050701 20050731    29.0
20050801 20050831    79.2
20050901 20050930    53.0
20051001 20051031    35.7
20051101 20051130    20.8
20051201 20051231    10.0
20060101 20060131    44.8
20060201 20060228     1.2
20060301 20060331     4.4
20060401 20060430    23.6
20060501 20060531    14.6
20060601 20060630    19.4
20060701 20060731    61.8
20060801 20060831   102.0
20060901 20060930    20.7
20061001 20061031    19.2
20061101 20061130     6.6
20061201 20061231     7.4
20070101 20070131    13.2
20070201 20070228     9.2
20070301 20070331     4.0
20070401 20070430    48.4
20070501 20070531    22.0
20070601 20070630    59.8
20070701 20070731   110.2
20070801 20070831    61.7
20070901 20070930    57.0
20071001 20071031    46.2
20071101 20071130     3.8
20071201 20071231    36.0
20080101 20080131     2.0
20080201 20080229     3.2
20080301 20080331     4.2
20080401 20080430    90.6
20080501 20080531    61.8
20080601 20080630    59.8
20080701 20080731   111.2
20080801 20080831    12.4
20080901 20080930    41.6
20081001 20081031    35.8
20081101 20081130    68.4
20081201 20081231    19.6
20090101 20090131     9.8
20090201 20090228    19.4
20090301 20090331    19.2
20090401 20090430     1.6
20090501 20090531    29.2
20090601 20090630   153.2
20090701 20090731   102.6
20090801 20090831    58.6
20090901 20090930    71.2
20091001 20091031     9.8
20091101 20091130    30.4
20091201 20091231     1.4
20100101 20100131     2.4
20100201 20100228    15.8
20100301 20100331    41.8
20100401 20100430    16.2
20100501 20100531    41.6
20100601 20100630    35.4
20100701 20100731    62.6
20100801 20100831    42.0
20100901 20100930    16.6
20101001 20101031    20.4
20101101 20101130    40.4
20101201 20101231    12.8
20110101 20110131    76.5
20110201 20110228     7.2
20110301 20110331    24.6
20110401 20110430    40.2
20110501 20110531    41.6
20110601 20110630    89.6
20110701 20110731   105.6
20110801 20110831    76.4
20110901 20110930    67.0
20111001 20111031    44.6
20111101 20111130    65.9
20111201 20111231    52.0
20120101 20120131    17.0
20120201 20120229    10.6
20120301 20120331     1.2
20120401 20120430    22.2
20120501 20120531    60.4
20120601 20120630    96.6
20120701 20120731    23.2
20120801 20120831    58.2
20120901 20120930    77.8
20121001 20121031    11.8
20121101 20121130    37.0
20121201 20121231    31.8
20130101 20130131     2.4
20130201 20130228     1.2
20130301 20130331    42.7
20130401 20130430     7.8
20130501 20130531    63.8
20130601 20130630    33.4
20130701 20130731    72.8
20130801 20130831   115.6
20130901 20130930   119.4
20131001 20131031    24.2
20131101 20131130    14.4
20131201 20131231    11.6
20140101 20140131     1.0
20140201 20140228     3.4
20140301 20140331     2.8
20140401 20140430    12.2
20140501 20140531   131.7
20140601 20140630    43.0
20140701 20140731   109.0
20140801 20140831    55.9
20140901 20140930    54.4
20141001 20141031    63.0
20141101 20141130    12.5
20141201 20141231     2.2
20150101 20150131     1.6
20150201 20150228    10.2
20150301 20150331    23.8
20150401 20150430    73.2
20150501 20150531    25.0
20150601 20150630    43.8
20150701 20150731    69.0
20150801 20150831    56.8
20150901 20150930    48.0
20151001 20151031    29.0
20151101 20151130     3.4
20151201 20151231    45.8
20160101 20160131   113.8
20160201 20160229    10.2
20160301 20160331    76.4
20160401 20160430    50.4
20160501 20160531    75.4
20160601 20160630    67.8
20160701 20160731    54.0
20160801 20160831    96.2
20160901 20160930    44.8
20161001 20161031    51.8
20161101 20161130     8.2
20161201 20161231    60.6
20170101 20170131     1.0
20170201 20170228    73.8
20170301 20170331    29.6
20170401 20170430     1.8
20170501 20170531    36.2
20170601 20170630     7.0
20170701 20170731   125.2
20170801 20170831    80.6
20170901 20170930    90.2
20171001 20171031    27.0
20171101 20171130    16.6
20171201 20171231    42.2
20180101 20180131    40.2
