PRCP       010541 19070101 20180131 missing_value=99999.9 NYERILUP                                  
19070101 19070131    12.4
19070201 19070228    15.4
19070301 19070331    35.9
19070401 19070430     2.3
19070501 19070531    57.5
19070601 19070630    54.7
19070701 19070731    70.5
19070801 19070831    36.5
19070901 19070930    68.9
19071001 19071031     0.0
19071101 19071130     5.1
19071201 19071231     0.8
19080101 19080131     0.0
19080201 19080229     0.0
19080301 19080331    16.0
19080401 19080430    63.5
19080501 19080531    75.2
19080601 19080630    95.3
19080701 19080731    44.5
19080801 19080831    35.0
19080901 19080930    12.0
19081001 19081031     9.0
19081101 19081130    11.4
19081201 19081231     0.0
19090101 19090131     0.0
19090201 19090228    15.2
19090301 19090331    13.5
19090401 19090430    39.3
19090501 19090531    46.4
19090601 19090630    32.6
19090701 19090731     9.2
19090801 19090831    85.6
19090901 19090930    33.6
19091001 19091031    19.9
19091101 19091130    15.7
19091201 19091231     0.0
19100101 19100131     5.2
19100201 19100228     8.2
19100301 19100331     3.4
19100401 19100430    38.2
19100501 19100531    75.9
19100601 19100630    35.6
19100701 19100731    68.6
19100801 19100831    48.3
19100901 19100930    15.2
19101001 19101031    51.6
19101101 19101130     7.6
19101201 19101231     0.0
19110101 19110131     0.0
19110201 19110228    12.7
19110301 19110331     0.0
19110401 19110430    22.9
19110501 19110531    47.3
19110601 19110630    24.6
19110701 19110731    65.5
19110801 19110831    25.9
19110901 19110930    29.2
19111001 19111031    56.6
19111101 19111130     0.0
19111201 19111231     7.4
19120101 19120131     0.0
19120201 19120229    13.7
19120301 19120331     6.4
19120401 19120430    28.4
19120501 19120531    22.3
19120601 19120630     5.6
19120701 19120731   144.7
19120801 19120831    10.6
19120901 19120930    23.9
19121001 19121031    25.4
19121101 19121130    24.1
19121201 19121231    11.9
19130101 19130131    10.2
19130201 19130228     5.1
19130301 19130331     8.9
19130401 19130430    74.3
19130501 19130531    15.2
19130601 19130630     8.7
19130701 19130731    73.0
19130801 19130831    50.6
19130901 19130930    51.9
19131001 19131031    14.2
19131101 19131130    10.2
19131201 19131231    88.4
19140101 19140131     0.0
19140201 19140228    21.1
19140301 19140331     9.7
19140401 19140430    24.3
19140501 19140531    16.0
19140601 19140630     4.8
19140701 19140731    62.6
19140801 19140831    10.1
19140901 19140930     0.0
19141001 19141031    75.9
19141101 19141130    47.5
19141201 19141231    32.2
19150101 19150131    24.9
19150201 19150228    55.9
19150301 19150331     0.0
19150401 19150430     5.8
19150501 19150531    56.9
19150601 19150630    39.6
19150701 19150731    47.8
19150801 19150831    42.1
19150901 19150930    62.2
19151001 19151031    20.8
19151101 19151130     2.0
19151201 19151231     1.3
19160101 19160131    20.7
19160201 19160229    13.4
19160301 19160331    52.6
19160401 19160430     5.1
19160501 19160531    36.0
19160601 19160630    31.8
19160701 19160731    72.2
19160801 19160831    63.8
19160901 19160930     2.8
19161001 19161031    60.3
19161101 19161130    47.1
19161201 19161231     1.3
19170101 19170131    34.4
19170201 19170228    18.3
19170301 19170331    47.0
19170401 19170430    46.8
19170501 19170531    78.4
19170601 19170630    84.2
19170701 19170731    47.6
19170801 19170831    50.5
19170901 19170930    46.9
19171001 19171031    24.1
19171101 19171130     0.6
19171201 19171231     4.7
19180101 19180131    45.6
19180201 19180228    62.7
19180301 19180331    19.6
19180401 19180430    45.1
19180501 19180531    61.3
19180601 19180630    33.4
19180701 19180731    15.3
19180801 19180831    63.0
19180901 19180930    25.7
19181001 19181031    20.3
19181101 19181130    24.9
19181201 19181231     0.5
19190101 19190131     5.1
19190201 19190228     1.9
19190301 19190331    16.0
19190401 19190430   166.9
19190501 19190531    13.4
19190601 19190630    24.2
19190701 19190731    58.5
19190801 19190831    44.7
19190901 19190930    22.2
19191001 19191031    28.8
19191101 19191130    23.9
19191201 19191231    11.2
19200101 19200131     1.1
19200201 19200229    14.2
19200301 19200331    91.6
19200401 19200430    19.1
19200501 19200531    55.0
19200601 19200630    67.8
19200701 19200731    55.0
19200801 19200831    69.8
19200901 19200930    27.0
19201001 19201031    19.0
19201101 19201130    11.3
19201201 19201231     1.5
19210101 19210131    13.0
19210201 19210228    23.2
19210301 19210331    12.7
19210401 19210430     5.9
19210501 19210531    87.7
19210601 19210630    36.7
19210701 19210731    60.3
19210801 19210831    19.2
19210901 19210930    50.0
19211001 19211031    59.5
19211101 19211130    13.8
19211201 19211231    34.8
19220101 19220131     0.0
19220201 19220228    12.5
19220301 19220331    19.0
19220401 19220430    44.8
19220501 19220531    55.1
19220601 19220630    41.0
19220701 19220731    54.9
19220801 19220831    51.1
19220901 19220930    25.7
19221001 19221031    12.4
19221101 19221130    14.2
19221201 19221231    11.5
19230101 19230131     6.9
19230201 19230228    12.5
19230301 19230331    14.6
19230401 19230430    24.4
19230501 19230531    56.2
19230601 19230630   106.0
19230701 19230731    22.6
19230801 19230831    18.8
19230901 19230930    50.8
19231001 19231031     6.9
19231101 19231130     0.0
19231201 19231231    15.7
19240101 19240131     0.0
19240201 19240229     7.3
19240301 19240331     0.8
19240401 19240430    22.9
19240501 19240531    94.1
19240601 19240630    31.9
19240701 19240731    22.8
19240801 19240831    50.4
19240901 19240930    40.3
19241001 19241031    68.5
19241101 19241130    27.5
19241201 19241231     7.3
19250101 19250131    25.6
19250201 19250228    52.2
19250301 19250331    63.5
19250401 19250430    25.7
19250501 19250531    56.6
19250601 19250630    47.8
19250701 19250731    42.5
19250801 19250831    12.3
19250901 19250930    38.8
19251001 19251031    46.2
19251101 19251130     3.0
19251201 19251231    43.2
19260101 19260131     0.6
19260201 19260228    23.8
19260301 19260331   114.2
19260401 19260430    44.5
19260501 19260531    33.7
19260601 19260630    29.9
19260701 19260731    98.0
19260801 19260831    34.9
19260901 19260930    32.3
19261001 19261031    26.2
19261101 19261130    20.8
19261201 19261231    35.9
19270101 19270131    10.4
19270201 19270228     1.8
19270301 19270331    45.8
19270401 19270430    16.5
19270501 19270531    26.6
19270601 19270630    51.7
19270701 19270731    34.5
19270801 19270831    22.6
19270901 19270930    68.4
19271001 19271031    85.0
19271101 19271130     4.1
19271201 19271231    30.7
19280101 19280131    48.1
19280201 19280229     0.3
19280301 19280331     5.6
19280401 19280430    13.0
19280501 19280531    38.2
19280601 19280630    23.9
19280701 19280731    79.0
19280801 19280831    44.2
19280901 19280930    49.3
19281001 19281031    26.7
19281101 19281130     3.6
19281201 19281231     7.2
19290101 19290131     5.1
19290201 19290228     9.7
19290301 19290331     7.5
19290401 19290430     5.0
19290501 19290531    58.3
19290601 19290630    77.5
19290701 19290731    24.8
19290801 19290831    29.0
19290901 19290930    27.3
19291001 19291031    33.4
19291101 19291130   102.9
19291201 19291231     7.8
19300101 19300131     0.0
19300201 19300228     3.9
19300301 19300331    60.5
19300401 19300430    29.7
19300501 19300531    69.0
19300601 19300630    58.5
19300701 19300731    74.1
19300801 19300831    13.3
19300901 19300930    20.6
19301001 19301031     9.4
19301101 19301130     3.8
19301201 19301231    23.9
19310101 19310131     0.5
19310201 19310228     3.3
19310301 19310331    26.6
19310401 19310430    27.8
19310501 19310531    40.2
19310601 19310630    25.7
19310701 19310731    58.7
19310801 19310831    84.6
19310901 19310930    85.6
19311001 19311031    13.3
19311101 19311130    22.4
19311201 19311231    12.2
19320101 19320131    37.7
19320201 19320229    15.3
19320301 19320331    16.3
19320401 19320430    47.6
19320501 19320531    53.8
19320601 19320630    34.4
19320701 19320731    66.7
19320801 19320831    85.2
19320901 19320930    44.2
19321001 19321031    87.2
19321101 19321130     5.4
19321201 19321231     4.6
19330101 19330131    24.4
19330201 19330228     0.0
19330301 19330331    23.2
19330401 19330430     4.1
19330501 19330531    52.1
19330601 19330630    75.9
19330701 19330731    25.4
19330801 19330831    31.2
19330901 19330930    20.2
19331001 19331031    53.9
19331101 19331130     8.4
19331201 19331231    13.2
19340101 19340131     7.4
19340201 19340228     2.1
19340301 19340331   129.0
19340401 19340430    35.3
19340501 19340531    35.4
19340601 19340630    44.6
19340701 19340731    99.0
19340801 19340831    49.6
19340901 19340930    33.9
19341001 19341031    33.7
19341101 19341130    36.4
19341201 19341231    13.4
19350101 19350131    11.7
19350201 19350228     8.4
19350301 19350331     1.8
19350401 19350430    32.0
19350501 19350531    14.9
19350601 19350630    37.3
19350701 19350731    68.2
19350801 19350831    82.1
19350901 19350930    31.7
19351001 19351031    84.1
19351101 19351130     1.8
19351201 19351231     7.6
19360101 19360131    34.6
19360201 19360229     1.3
19360301 19360331     7.6
19360401 19360430    11.6
19360501 19360531    55.5
19360601 19360630    66.0
19360701 19360731    46.3
19360801 19360831    23.7
19360901 19360930    12.5
19361001 19361031     6.9
19361101 19361130    10.2
19361201 19361231    21.1
19370101 19370131     1.1
19370201 19370228     0.0
19370301 19370331    67.9
19370401 19370430    19.4
19370501 19370531    92.4
19370601 19370630    41.8
19370701 19370731    10.3
19370801 19370831    68.0
19370901 19370930    19.1
19371001 19371031    12.7
19371101 19371130    18.8
19371201 19371231     4.4
19380101 19380131    33.6
19380201 19380228     2.6
19380301 19380331    35.3
19380401 19380430    12.8
19380501 19380531    21.1
19380601 19380630    78.3
19380701 19380731    46.3
19380801 19380831    35.8
19380901 19380930    21.9
19381001 19381031    12.7
19381101 19381130     9.1
19381201 19381231    10.2
19390101 19390131   104.1
19390201 19390228    39.3
19390301 19390331     3.0
19390401 19390430    13.0
19390501 19390531    52.2
19390601 19390630    27.0
19390701 19390731   113.8
19390801 19390831    51.3
19390901 19390930    13.4
19391001 19391031    46.9
19391101 19391130    42.5
19391201 19391231     0.0
19400101 19400131     7.7
19400201 19400229     0.0
19400301 19400331     2.1
19400401 19400430     7.9
19400501 19400531    29.8
19400601 19400630    29.1
19400701 19400731    40.9
19400801 19400831    16.4
19400901 19400930    37.1
19401001 19401031    15.6
19401101 19401130    16.1
19401201 19401231    29.6
19410101 19410131    22.1
19410201 19410228     4.5
19410301 19410331    37.4
19410401 19410430    16.6
19410501 19410531    12.4
19410601 19410630    45.9
19410701 19410731    37.4
19410801 19410831    44.8
19410901 19410930    43.0
19411001 19411031    38.7
19411101 19411130    13.3
19411201 19411231    17.8
19420101 19420131     5.9
19420201 19420228     4.6
19420301 19420331    58.4
19420401 19420430    13.9
19420501 19420531   131.1
19420601 19420630    29.5
19420701 19420731    54.1
19420801 19420831    62.8
19420901 19420930    23.8
19421001 19421031    23.1
19421101 19421130     6.1
19421201 19421231    68.4
19430101 19430131    48.8
19430201 19430228    41.5
19430301 19430331    31.3
19430401 19430430    55.3
19430501 19430531    29.8
19430601 19430630    46.0
19430701 19430731    28.5
19430801 19430831    42.8
19430901 19430930    35.5
19431001 19431031     9.7
19431101 19431130    11.9
19431201 19431231    14.8
19440101 19440131    12.0
19440201 19440229     0.6
19440301 19440331     7.1
19440401 19440430    19.9
19440501 19440531    48.0
19440601 19440630    21.2
19440701 19440731    52.7
19440801 19440831    60.9
19440901 19440930    26.1
19441001 19441031     2.1
19441101 19441130     4.3
19441201 19441231    14.0
19450101 19450131     1.5
19450201 19450228     1.5
19450301 19450331    32.2
19450401 19450430     7.4
19450501 19450531    44.0
19450601 19450630   142.6
19450701 19450731    73.4
19450801 19450831    90.6
19450901 19450930    27.2
19451001 19451031    14.0
19451101 19451130     4.6
19451201 19451231    12.9
19460101 19460131     3.8
19460201 19460228     4.1
19460301 19460331     4.1
19460401 19460430     9.3
19460501 19460531    46.8
19460601 19460630   108.7
19460701 19460731    92.6
19460801 19460831    21.4
19460901 19460930    34.5
19461001 19461031    16.5
19461101 19461130    43.7
19461201 19461231     7.4
19470101 19470131     1.3
19470201 19470228    22.9
19470301 19470331     6.8
19470401 19470430    52.0
19470501 19470531    24.1
19470601 19470630    74.2
19470701 19470731    26.3
19470801 19470831    18.1
19470901 19470930    45.4
19471001 19471031    69.5
19471101 19471130    25.0
19471201 19471231     2.6
19480101 19480131     0.0
19480201 19480229     6.6
19480301 19480331    16.7
19480401 19480430    13.1
19480501 19480531    12.0
19480601 19480630    33.3
19480701 19480731    49.3
19480801 19480831    43.6
19480901 19480930    47.9
19481001 19481031    17.5
19481101 19481130    28.8
19481201 19481231    15.5
19490101 19490131     1.3
19490201 19490228    12.9
19490301 19490331     9.9
19490401 19490430    13.0
19490501 19490531    31.7
19490601 19490630    39.1
19490701 19490731    76.2
19490801 19490831    59.0
19490901 19490930    27.1
19491001 19491031    63.0
19491101 19491130    33.8
19491201 19491231     5.8
19500101 19500131     6.3
19500201 19500228     0.0
19500301 19500331     0.0
19500401 19500430     1.1
19500501 19500531    60.0
19500601 19500630    34.9
19500701 19500731    37.1
19500801 19500831    18.1
19500901 19500930    34.7
19501001 19501031    18.8
19501101 19501130     6.3
19501201 19501231     4.0
19510101 19510131    33.5
19510201 19510228    36.5
19510301 19510331     9.2
19510401 19510430    56.0
19510501 19510531    19.0
19510601 19510630    98.5
19510701 19510731    29.6
19510801 19510831    39.6
19510901 19510930    75.4
19511001 19511031    17.9
19511101 19511130     5.4
19511201 19511231    39.2
19520101 19520131    31.3
19520201 19520229     9.4
19520301 19520331    13.4
19520401 19520430    20.4
19520501 19520531    46.3
19520601 19520630    75.1
19520701 19520731    31.3
19520801 19520831    29.9
19520901 19520930    33.7
19521001 19521031    46.5
19521101 19521130    20.1
19521201 19521231    47.8
19530101 19530131    12.7
19530201 19530228    25.4
19530301 19530331     9.3
19530401 19530430    17.8
19530501 19530531    75.5
19530601 19530630    53.9
19530701 19530731    38.7
19530801 19530831    35.4
19530901 19530930    37.0
19531001 19531031    48.4
19531101 19531130    22.6
19531201 19531231     1.3
19540101 19540131    36.1
19540201 19540228     1.0
19540301 19540331     0.8
19540401 19540430     4.9
19540501 19540531    49.8
19540601 19540630    13.5
19540701 19540731    38.0
19540801 19540831    22.9
19540901 19540930    14.8
19541001 19541031    17.3
19541101 19541130    18.6
19541201 19541231     5.3
19550101 19550131     0.0
19550201 19550228   232.7
19550301 19550331     5.3
19550401 19550430   105.7
19550501 19550531    39.0
19550601 19550630    47.7
19550701 19550731    41.8
19550801 19550831    83.4
19550901 19550930    27.9
19551001 19551031    36.7
19551101 19551130     0.0
19551201 19551231    10.5
19560101 19560131     1.6
19560201 19560229     2.5
19560301 19560331    16.5
19560401 19560430     7.1
19560501 19560531    49.9
19560601 19560630    50.5
19560701 19560731    66.7
19560801 19560831     9.2
19560901 19560930    24.2
19561001 19561031    21.2
19561101 19561130    20.6
19561201 19561231     0.0
19570101 19570131    38.4
19570201 19570228     8.7
19570301 19570331    13.2
19570401 19570430    14.0
19570501 19570531    34.8
19570601 19570630    76.8
19570701 19570731    15.0
19570801 19570831    30.6
19570901 19570930    13.7
19571001 19571031    26.2
19571101 19571130     0.0
19571201 19571231     0.0
19580101 19580131     0.0
19580201 19580228    14.5
19580301 19580331     5.3
19580401 19580430     7.8
19580501 19580531    56.4
19580601 19580630    20.3
19580701 19580731   101.9
19580801 19580831    55.4
19580901 19580930    78.7
19581001 19581031    32.5
19581101 19581130    11.0
19581201 19581231    18.3
19590101 19590131    19.9
19590201 19590228    21.4
19590301 19590331    19.4
19590401 19590430     5.4
19590501 19590531     4.9
19590601 19590630    92.5
19590701 19590731    18.7
19590801 19590831    28.6
19590901 19590930   150.9
19591001 19591031    32.3
19591101 19591130   132.1
19591201 19591231    29.7
19600101 19600131    57.1
19600201 19600229     0.0
19600301 19600331    34.0
19600401 19600430    17.3
19600501 19600531    75.4
19600601 19600630    29.9
19600701 19600731   112.8
19600801 19600831    23.9
19600901 19600930    24.3
19601001 19601031     2.8
19601101 19601130    16.9
19601201 19601231    38.4
19610101 19610131    25.4
19610201 19610228    10.2
19610301 19610331    19.6
19610401 19610430    77.7
19610501 19610531    10.4
19610601 19610630    78.6
19610701 19610731    85.5
19610801 19610831    57.2
19610901 19610930    32.3
19611001 19611031    11.0
19611101 19611130     0.0
19611201 19611231    21.4
19620101 19620131     3.6
19620201 19620228     7.1
19620301 19620331    24.6
19620401 19620430     0.8
19620501 19620531    72.5
19620601 19620630    68.7
19620701 19620731    41.6
19620801 19620831    53.5
19620901 19620930    15.8
19621001 19621031    33.8
19621101 19621130     3.8
19621201 19621231    17.9
19630101 19630131     4.6
19630201 19630228    13.3
19630301 19630331    44.2
19630401 19630430    30.1
19630501 19630531    61.8
19630601 19630630    57.5
19630701 19630731    60.7
19630801 19630831    40.5
19630901 19630930    89.2
19631001 19631031    26.5
19631101 19631130     8.9
19631201 19631231    16.3
19640101 19640131    15.0
19640201 19640229    15.3
19640301 19640331     5.6
19640401 19640430    81.3
19640501 19640531     8.8
19640601 19640630    87.5
19640701 19640731    92.1
19640801 19640831    45.7
19640901 19640930    31.7
19641001 19641031    60.0
19641101 19641130     6.8
19641201 19641231     5.6
19650101 19650131     2.6
19650201 19650228     0.0
19650301 19650331     7.1
19650401 19650430     4.7
19650501 19650531    61.7
19650601 19650630    35.6
19650701 19650731    32.6
19650801 19650831    60.5
19650901 19650930    22.4
19651001 19651031    89.1
19651101 19651130   115.7
19651201 19651231    38.8
19660101 19660131    39.7
19660201 19660228    23.6
19660301 19660331     0.0
19660401 19660430    11.9
19660501 19660531     9.8
19660601 19660630   113.9
19660701 19660731    64.4
19660801 19660831    18.2
19660901 19660930    36.6
19661001 19661031    46.8
19661101 19661130     0.8
19661201 19661231    11.2
19670101 19670131    15.2
19670201 19670228     6.6
19670301 19670331    19.0
19670401 19670430    12.7
19670501 19670531    77.8
19670601 19670630    68.0
19670701 19670731    52.1
19670801 19670831    39.8
19670901 19670930    58.2
19671001 19671031    20.5
19671101 19671130     4.0
19671201 19671231     7.4
19680101 19680131    39.7
19680201 19680229    39.9
19680301 19680331    84.4
19680401 19680430    39.7
19680501 19680531    27.4
19680601 19680630   101.0
19680701 19680731    39.6
19680801 19680831    19.5
19680901 19680930    33.7
19681001 19681031    23.4
19681101 19681130     6.8
19681201 19681231     5.5
19690101 19690131     1.3
19690201 19690228     0.6
19690301 19690331    20.9
19690401 19690430    24.3
19690501 19690531    11.5
19690601 19690630    37.3
19690701 19690731    17.5
19690801 19690831    20.8
19690901 19690930    22.7
19691001 19691031     6.9
19691101 19691130    14.5
19691201 19691231    11.4
19700101 19700131     3.8
19700201 19700228    17.8
19700301 19700331     3.4
19700401 19700430    34.3
19700501 19700531    16.5
19700601 19700630    66.8
19700701 19700731    24.1
19700801 19700831    13.8
19700901 19700930    63.3
19701001 19701031    21.7
19701101 19701130    23.1
19701201 19701231     2.5
19710101 19710131    17.5
19710201 19710228     8.6
19710301 19710331    70.1
19710401 19710430     4.2
19710501 19710531    48.9
19710601 19710630    15.3
19710701 19710731    13.2
19710801 19710831    36.9
19710901 19710930    44.0
19711001 19711031    20.8
19711101 19711130   122.1
19711201 19711231     1.8
19720101 19720131     7.1
19720201 19720229    14.7
19720301 19720331    13.2
19720401 19720430     6.4
19720501 19720531    16.7
19720601 19720630    41.2
19720701 19720731    40.9
19720801 19720831    38.1
19720901 19720930     5.6
19721001 19721031    12.7
19721101 19721130     0.8
19721201 19721231     5.7
19730101 19730131     6.4
19730201 19730228     1.0
19730301 19730331     1.0
19730401 19730430    42.1
19730501 19730531    24.4
19730601 19730630    53.6
19730701 19730731    56.4
19730801 19730831    23.7
19730901 19730930    36.5
19731001 19731031    57.2
19731101 19731130    45.7
19731201 19731231     0.8
19740101 19740131     2.8
19740201 19740228     2.4
19740301 19740331    29.8
19740401 19740430    33.1
19740501 19740531    84.5
19740601 19740630    21.6
19740701 19740731    36.8
19740801 19740831    35.8
19740901 19740930    12.2
19741001 19741031    40.7
19741101 19741130    30.0
19741201 19741231     2.2
19750101 19750131     0.0
19750201 19750228    14.2
19750301 19750331     8.6
19750401 19750430    93.8
19750501 19750531    41.1
19750601 19750630    27.6
19750701 19750731    49.8
19750801 19750831    47.6
19750901 19750930    17.1
19751001 19751031    30.2
19751101 19751130    55.0
19751201 19751231    11.6
19760101 19760131    41.6
19760201 19760229    72.9
19760301 19760331     1.2
19760401 19760430    34.2
19760501 19760531    35.5
19760601 19760630    20.0
19760701 19760731    26.6
19760801 19760831    77.6
19760901 19760930    46.4
19761001 19761031    44.4
19761101 19761130    45.4
19761201 19761231     2.8
19770101 19770131     5.2
19770201 19770228    32.2
19770301 19770331     0.6
19770401 19770430    26.2
19770501 19770531    73.0
19770601 19770630    27.8
19770701 19770731    18.0
19770801 19770831    60.0
19770901 19770930    65.4
19771001 19771031    82.0
19771101 19771130    13.0
19771201 19771231    12.6
19780101 19780131    23.8
19780201 19780228    40.2
19780301 19780331     6.2
19780401 19780430    16.2
19780501 19780531    17.4
19780601 19780630    74.0
19780701 19780731   109.5
19780801 19780831    21.2
19780901 19780930    32.8
19781001 19781031    22.4
19781101 19781130    19.6
19781201 19781231     6.8
19790101 19790131    10.6
19790201 19790228    37.8
19790301 19790331    16.0
19790401 19790430     2.8
19790501 19790531    48.7
19790601 19790630    32.4
19790701 19790731    38.2
19790801 19790831    35.8
19790901 19790930    34.8
19791001 19791031    12.4
19791101 19791130    37.2
19791201 19791231     3.0
19800101 19800131    25.8
19800201 19800229    28.2
19800301 19800331     5.2
19800401 19800430    35.6
19800501 19800531    24.6
19800601 19800630    34.8
19800701 19800731    30.0
19800801 19800831    24.4
19800901 19800930    14.7
19801001 19801031    35.4
19801101 19801130    42.2
19801201 19801231    42.0
19810101 19810131    22.0
19810201 19810228    21.0
19810301 19810331     2.0
19810401 19810430     8.6
19810501 19810531    50.5
19810601 19810630    28.2
19810701 19810731    51.8
19810801 19810831    27.8
19810901 19810930    20.3
19811001 19811031     6.6
19811101 19811130    15.6
19811201 19811231     8.0
19820101 19820131   114.8
19820201 19820228    14.8
19820301 19820331    30.2
19820401 19820430     5.6
19820501 19820531    15.0
19820601 19820630    33.0
19820701 19820731    16.8
19820801 19820831    64.0
19820901 19820930    34.2
19821001 19821031     5.6
19821101 19821130    30.2
19821201 19821231     3.0
19830101 19830131     5.6
19830201 19830228    37.4
19830301 19830331     3.0
19830401 19830430    18.0
19830501 19830531     9.0
19830601 19830630    85.0
19830701 19830731    48.4
19830801 19830831    31.2
19830901 19830930    50.4
19831001 19831031    22.2
19831101 19831130    60.2
19831201 19831231   107.0
19840101 19840131     0.0
19840201 19840229     6.4
19840301 19840331    15.4
19840401 19840430    17.0
19840501 19840531    57.2
19840601 19840630    31.0
19840701 19840731    35.4
19840801 19840831    62.5
19840901 19840930    71.0
19841001 19841031    19.0
19841101 19841130     9.4
19841201 19841231     1.2
19850101 19850131    10.2
19850201 19850228    15.0
19850301 19850331    11.8
19850401 19850430    21.0
19850501 19850531    39.2
19850601 19850630    43.2
19850701 19850731    74.0
19850801 19850831    49.0
19850901 19850930    48.0
19851001 19851031    25.2
19851101 19851130    34.2
19851201 19851231     0.4
19860101 19860131     0.0
19860201 19860228    66.8
19860301 19860331     8.8
19860401 19860430     1.2
19860501 19860531    45.6
19860601 19860630    48.0
19860701 19860731    59.4
19860801 19860831    36.8
19860901 19860930    44.4
19861001 19861031    12.8
19861101 19861130    13.6
19861201 19861231    15.0
19870101 19870131     0.0
19870201 19870228     0.2
19870301 19870331    10.8
19870401 19870430    48.6
19870501 19870531    26.4
19870601 19870630    22.4
19870701 19870731    57.4
19870801 19870831    17.0
19870901 19870930    26.2
19871001 19871031    14.6
19871101 19871130    43.0
19871201 19871231    36.4
19880101 19880131     5.8
19880201 19880229     0.0
19880301 19880331    55.4
19880401 19880430    24.6
19880501 19880531   194.2
19880601 19880630    80.8
19880701 19880731    74.6
19880801 19880831    33.4
19880901 19880930    44.2
19881001 19881031     6.6
19881101 19881130     2.2
19881201 19881231    10.4
19890101 19890131    33.0
19890201 19890228    28.4
19890301 19890331     9.2
19890401 19890430    39.2
19890501 19890531    60.0
19890601 19890630    38.4
19890701 19890731    45.6
19890801 19890831    24.8
19890901 19890930    22.2
19891001 19891031    81.0
19891101 19891130    19.6
19891201 19891231     0.0
19900101 19900131   116.6
19900201 19900228     8.6
19900301 19900331    12.2
19900401 19900430    24.0
19900501 19900531    48.4
19900601 19900630    65.9
19900701 19900731    74.2
19900801 19900831    23.8
19900901 19900930    30.2
19901001 19901031    26.4
19901101 19901130    17.8
19901201 19901231     2.2
19910101 19910131     5.6
19910201 19910228    37.4
19910301 19910331     1.2
19910401 19910430    29.8
19910501 19910531    25.2
19910601 19910630    33.8
19910701 19910731    83.6
19910801 19910831    29.4
19910901 19910930    48.4
19911001 19911031    22.6
19911101 19911130    33.4
19911201 19911231    22.4
19920101 19920131     0.0
19920201 19920229    41.2
19920301 19920331    34.2
19920401 19920430    32.6
19920501 19920531    32.2
19920601 19920630    64.4
19920701 19920731    36.8
19920801 19920831    86.6
19920901 19920930    71.0
19921001 19921031    38.2
19921101 19921130    32.4
19921201 19921231    21.0
19930101 19930131     0.0
19930201 19930228    62.2
19930301 19930331   108.4
19930401 19930430     5.0
19930501 19930531   116.5
19930601 19930630    40.0
19930701 19930731    41.2
19930801 19930831    85.8
19930901 19930930    19.6
19931001 19931031    32.0
19931101 19931130    35.6
19931201 19931231     8.0
19940101 19940131     0.0
19940201 19940228     1.0
19940301 19940331     0.0
19940401 19940430     0.8
19940501 19940531    56.8
19940601 19940630    13.4
19940701 19940731    13.8
19940801 19940831    36.2
19940901 19940930    20.4
19941001 19941031    33.6
19941101 19941130    17.0
19941201 19941231     6.2
19950101 19950131    21.4
19950201 19950228    26.8
19950301 19950331     5.0
19950401 19950430     3.0
19950501 19950531    38.6
19950601 19950630    46.2
19950701 19950731    63.0
19950801 19950831    21.2
19950901 19950930    65.6
19951001 19951031    39.8
19951101 19951130     5.6
19951201 19951231    41.3
19960101 19960131     1.0
19960201 19960229     4.9
19960301 19960331     3.2
19960401 19960430     8.8
19960501 19960531    14.6
19960601 19960630    42.0
19960701 19960731    78.6
19960801 19960831    33.2
19960901 19960930    41.8
19961001 19961031    22.2
19961101 19961130    32.2
19961201 19961231     0.2
19970101 19970131     0.0
19970201 19970228    50.8
19970301 19970331    66.2
19970401 19970430    63.6
19970501 19970531    50.4
19970601 19970630    30.8
19970701 19970731    33.6
19970801 19970831    49.4
19970901 19970930    41.4
19971001 19971031    15.8
19971101 19971130    30.8
19971201 19971231    14.8
19980101 19980131     0.0
19980201 19980228     0.0
19980301 19980331    45.2
19980401 19980430    67.2
19980501 19980531    27.8
19980601 19980630    88.0
19980701 19980731    24.0
19980801 19980831    87.8
19980901 19980930    22.4
19981001 19981031    23.0
19981101 19981130    21.6
19981201 19981231    18.4
19990101 19990131    27.0
19990201 19990228    14.8
19990301 19990331    24.5
19990401 19990430     2.4
19990501 19990531    43.8
19990601 19990630    37.2
19990701 19990731    36.2
19990801 19990831    33.4
19990901 19990930    30.4
19991001 19991031    38.2
19991101 19991130    26.8
19991201 19991231    26.6
20000101 20000131   101.2
20000201 20000229    16.8
20000301 20000331    15.8
20000401 20000430    17.4
20000501 20000531    11.4
20000601 20000630    33.8
20000701 20000731    38.8
20000801 20000831    39.5
20000901 20000930    11.0
20001001 20001031    11.0
20001101 20001130     6.0
20001201 20001231     1.8
20010101 20010131    17.6
20010201 20010228     7.4
20010301 20010331     5.8
20010401 20010430    21.4
20010501 20010531    28.0
20010601 20010630    29.0
20010701 20010731    63.4
20010801 20010831    66.0
20010901 20010930    39.2
20011001 20011031    25.6
20011101 20011130    44.0
20011201 20011231   102.6
20020101 20020131     3.8
20020201 20020228     3.0
20020301 20020331    10.0
20020401 20020430    35.0
20020501 20020531     9.4
20020601 20020630    21.8
20020701 20020731    39.2
20020801 20020831    28.2
20020901 20020930    18.8
20021001 20021031    30.6
20021101 20021130    12.6
20021201 20021231    14.4
20030101 20030131     0.0
20030201 20030228    68.6
20030301 20030331    48.2
20030401 20030430    42.2
20030501 20030531    43.2
20030601 20030630    24.4
20030701 20030731    40.8
20030801 20030831    79.6
20030901 20030930    73.9
20031001 20031031    68.2
20031101 20031130     8.0
20031201 20031231     5.6
20040101 20040131    50.6
20040201 20040229    31.0
20040301 20040331    15.6
20040401 20040430     8.0
20040501 20040531    16.0
20040601 20040630    63.0
20040701 20040731    31.4
20040801 20040831    44.4
20040901 20040930    23.8
20041001 20041031    20.8
20041101 20041130    17.8
20041201 20041231     4.0
20050101 20050131     0.0
20050201 20050228     8.0
20050301 20050331    33.4
20050401 20050430    44.4
20050501 20050531    80.5
20050601 20050630    50.8
20050701 20050731    15.6
20050801 20050831    57.5
20050901 20050930    45.6
20051001 20051031    45.4
20051101 20051130    35.8
20051201 20051231     8.8
20060101 20060131    93.0
20060201 20060228     9.6
20060301 20060331    23.6
20060401 20060430    47.8
20060501 20060531    13.8
20060601 20060630    17.3
20060701 20060731    39.5
20060801 20060831    58.8
20060901 20060930    19.8
20061001 20061031    10.0
20061101 20061130    30.6
20061201 20061231     1.2
20070101 20070131    26.0
20070201 20070228     0.0
20070301 20070331     4.6
20070401 20070430    66.8
20070501 20070531    12.8
20070601 20070630    27.2
20070701 20070731    68.0
20070801 20070831    35.8
20070901 20070930    42.6
20071001 20071031    44.2
20071101 20071130     0.0
20071201 20071231    50.8
20080101 20080131    10.6
20080201 20080229     3.0
20080301 20080331     2.2
20080401 20080430    62.8
20080501 20080531    19.4
20080601 20080630    39.0
20080701 20080731    69.6
20080801 20080831     9.0
20080901 20080930    52.6
20081001 20081031    48.0
20081101 20081130    85.0
20081201 20081231    34.6
20090101 20090131    11.6
20090201 20090228     8.8
20090301 20090331    22.8
20090401 20090430     9.6
20090501 20090531     6.6
20090601 20090630    70.4
20090701 20090731    31.2
20090801 20090831    39.6
20090901 20090930    51.6
20091001 20091031     8.8
20091101 20091130    27.6
20091201 20091231     3.4
20100101 20100131     6.8
20100201 20100228    10.0
20100301 20100331    40.2
20100401 20100430    16.6
20100501 20100531    44.6
20100601 20100630    38.6
20100701 20100731    40.4
20100801 20100831    25.2
20100901 20100930    16.6
20101001 20101031    10.5
20101101 20101130    15.6
20101201 20101231     8.0
20110101 20110131    44.2
20110201 20110228     9.6
20110301 20110331     4.4
20110401 20110430    24.6
20110501 20110531    53.0
20110601 20110630    42.0
20110701 20110731    44.0
20110801 20110831    42.8
20110901 20110930    28.2
20111001 20111031    65.4
20111101 20111130    58.8
20111201 20111231    98.6
20120101 20120131    10.5
20120201 20120229     9.4
20120301 20120331    10.2
20120401 20120430     5.8
20120501 20120531    19.0
20120601 20120630    43.8
20120701 20120731    25.6
20120801 20120831    39.4
20120901 20120930    36.4
20121001 20121031     7.6
20121101 20121130    26.6
20121201 20121231    68.2
20130101 20130131     7.0
20130201 20130228     2.8
20130301 20130331    46.6
20130401 20130430    12.0
20130501 20130531    58.4
20130601 20130630    18.4
20130701 20130731    41.2
20130801 20130831    47.6
20130901 20130930    88.4
20131001 20131031    26.2
20131101 20131130     9.4
20131201 20131231     1.4
20140101 20140131     0.6
20140201 20140228    12.0
20140301 20140331     9.4
20140401 20140430    26.8
20140501 20140531    64.4
20140601 20140630    27.0
20140701 20140731    77.0
20140801 20140831    49.8
20140901 20140930    36.8
20141001 20141031    42.0
20141101 20141130    32.0
20141201 20141231    12.4
20150101 20150131     0.0
20150201 20150228     5.6
20150301 20150331    25.2
20150401 20150430    25.2
20150501 20150531    27.2
20150601 20150630    30.8
20150701 20150731    36.4
20150801 20150831    43.8
20150901 20150930    16.8
20151001 20151031    23.0
20151101 20151130    20.8
20151201 20151231    33.2
20160101 20160131   102.4
20160201 20160229     9.6
20160301 20160331    52.2
20160401 20160430    49.4
20160501 20160531    37.0
20160601 20160630    53.8
20160701 20160731    28.4
20160801 20160831    78.2
20160901 20160930    45.0
20161001 20161031    17.4
20161101 20161130     9.0
20161201 20161231    38.0
20170101 20170131     2.6
20170201 20170228    89.6
20170301 20170331    41.4
20170401 20170430    13.8
20170501 20170531    17.6
20170601 20170630    37.6
20170701 20170731    40.3
20170801 20170831    47.0
20170901 20170930    52.4
20171001 20171031    23.2
20171101 20171130    22.8
20171201 20171231    19.2
20180101 20180131    20.0
