PRCP       044002 18890301 20170731 missing_value=99999.9 AUGATHELLA POST OFFICE                    
18890301 18890331    36.6
18890401 18890430   111.5
18890501 18890531    85.0
18890601 18890630    36.7
18890701 18890731    34.5
18890801 18890831    52.9
18890901 18890930    22.6
18891001 18891031    50.1
18891101 18891130   130.8
18891201 18891231    28.6
18900101 18900131    96.5
18900201 18900228   233.1
18900301 18900331   330.5
18900401 18900430    60.7
18900501 18900531   183.8
18900601 18900630   117.1
18900701 18900731    22.9
18900801 18900831     0.0
18900901 18900930    59.4
18901001 18901031    89.5
18901101 18901130    12.2
18901201 18901231    69.7
18910101 18910131   314.2
18910201 18910228    29.7
18910301 18910331    79.8
18910401 18910430   170.8
18910501 18910531    61.2
18910601 18910630    48.5
18910701 18910731    17.0
18910801 18910831    19.6
18910901 18910930     5.6
18911001 18911031     5.3
18911101 18911130    53.9
18911201 18911231    42.2
18920101 18920131   109.1
18920201 18920229    36.8
18920301 18920331    11.4
18920401 18920430     0.5
18920501 18920531   116.0
18920601 18920630    10.0
18920701 18920731    19.4
18920801 18920831     0.6
18920901 18920930    25.5
18921001 18921031   152.4
18921101 18921130    38.0
18921201 18921231    18.1
18930101 18930131    63.5
18930201 18930228     1.5
18930301 18930331    81.8
18930401 18930430    16.5
18930501 18930531   105.7
18930601 18930630    37.8
18930701 18930731    20.0
18930801 18930831    57.4
18930901 18930930     1.8
18931001 18931031     9.7
18931101 18931130    33.0
18931201 18931231    29.3
18940101 18940131    72.7
18940201 18940228   166.7
18940301 18940331   213.6
18940401 18940430   107.0
18940501 18940531    71.4
18940601 18940630   102.4
18940701 18940731     7.4
18940801 18940831    14.5
18940901 18940930    31.8
18941001 18941031   125.0
18941101 18941130    24.6
18941201 18941231    70.8
18950101 18950131   123.2
18950201 18950228    37.6
18950301 18950331    13.9
18950401 18950430    18.8
18950501 18950531    69.6
18950601 18950630     0.0
18950701 18950731    45.2
18950801 18950831     0.0
18950901 18950930    27.5
18951001 18951031    34.8
18951101 18951130   103.2
18951201 18951231    63.4
18960101 18960131    15.0
18960201 18960229   292.4
18960301 18960331    24.8
18960401 18960430    15.3
18960501 18960531    38.6
18960601 18960630     0.0
18960701 18960731    74.1
18960801 18960831     7.6
18960901 18960930     9.9
18961001 18961031     6.3
18961101 18961130    18.5
18961201 18961231    73.3
18970101 18970131    14.7
18970201 18970228    25.9
18970301 18970331    43.7
18970401 18970430     0.0
18970501 18970531     3.0
18970601 18970630    45.6
18970701 18970731    19.8
18970801 18970831     2.8
18970901 18970930    30.9
18971001 18971031    32.3
18971101 18971130     3.8
18971201 18971231    78.8
18980101 18980131    88.5
18980201 18980228   176.3
18980301 18980331     0.0
18980401 18980430     0.0
18980501 18980531     0.0
18980601 18980630    24.6
18980701 18980731     2.5
18980801 18980831     4.6
18980901 18980930    57.0
18981001 18981031    41.9
18981101 18981130     9.4
18981201 18981231    16.5
18990101 18990131   100.7
18990201 18990228    53.8
18990301 18990331    14.5
18990401 18990430    27.7
18990501 18990531     4.8
18990601 18990630    10.3
18990701 18990731    20.1
18990801 18990831    33.2
18990901 18990930    33.7
18991001 18991031    21.1
18991101 18991130     3.8
18991201 18991231    11.5
19000101 19000131    25.2
19000201 19000228    19.0
19000301 19000331     9.7
19000401 19000430     2.0
19000501 19000531    49.0
19000601 19000630    38.6
19000701 19000731    48.5
19000801 19000831    15.8
19000901 19000930     9.7
19001001 19001031     0.0
19001101 19001130     9.7
19001201 19001231    25.1
19010101 19010131     7.1
19010201 19010228    22.3
19010301 19010331    50.8
19010401 19010430   119.1
19010501 19010531    61.2
19010601 19010630    57.9
19010701 19010731    42.5
19010801 19010831    20.2
19010901 19010930    29.3
19011001 19011031     4.1
19011101 19011130    21.6
19011201 19011231     0.0
19020101 19020131    57.7
19020201 19020228     8.9
19020301 19020331    19.8
19020401 19020430     0.0
19020501 19020531     0.0
19020601 19020630     0.0
19020701 19020731     0.0
19020801 19020831    17.3
19020901 19020930     2.5
19021001 19021031    19.5
19021101 19021130    54.1
19021201 19021231   117.8
19030101 19030131    54.4
19030201 19030228     3.8
19030301 19030331   167.4
19030401 19030430    16.5
19030501 19030531    58.4
19030601 19030630     7.6
19030701 19030731    41.9
19030801 19030831    17.1
19030901 19030930   135.1
19031001 19031031    38.9
19031101 19031130    64.3
19031201 19031231    59.8
19040101 19040131    52.8
19040201 19040229    66.0
19040301 19040331     2.5
19040401 19040430   115.3
19040501 19040531   130.8
19040601 19040630    11.4
19040701 19040731    15.2
19040801 19040831    10.2
19040901 19040930     5.3
19041001 19041031    56.5
19041101 19041130    12.7
19041201 19041231   112.2
19050101 19050131   137.1
19050201 19050228    10.2
19050301 19050331    73.7
19050401 19050430   130.8
19050501 19050531    29.2
19050601 19050630     0.0
19050701 19050731    22.9
19050801 19050831     0.0
19050901 19050930     6.4
19051001 19051031    20.3
19051101 19051130    12.7
19051201 19051231    12.2
19060101 19060131   104.1
19060201 19060228   277.4
19060301 19060331   166.6
19060401 19060430     0.0
19060501 19060531    11.4
19060601 19060630     0.0
19060701 19060731    34.4
19060801 19060831     0.0
19060901 19060930   130.6
19061001 19061031    78.3
19061101 19061130    27.9
19061201 19061231    99.1
19070101 19070131     5.1
19070201 19070228    38.9
19070301 19070331    64.9
19070401 19070430    66.1
19070501 19070531     0.0
19070601 19070630    12.9
19070701 19070731    30.5
19070801 19070831    21.6
19070901 19070930     0.0
19071001 19071031    31.0
19071101 19071130   121.7
19071201 19071231   100.9
19080101 19080131    35.6
19080201 19080229    59.7
19080301 19080331    50.8
19080401 19080430    12.7
19080501 19080531     0.0
19080601 19080630     6.4
19080701 19080731    36.9
19080801 19080831    33.0
19080901 19080930    11.0
19081001 19081031    80.6
19081101 19081130    47.8
19081201 19081231    26.7
19090101 19090131    97.8
19090201 19090228    82.0
19090301 19090331    30.5
19090401 19090430    56.1
19090501 19090531    28.0
19090601 19090630    66.0
19090701 19090731     0.0
19090801 19090831    56.1
19090901 19090930    15.2
19091001 19091031    23.1
19091101 19091130    16.0
19091201 19091231    97.9
19100101 19100131   142.2
19100201 19100228   111.3
19100301 19100331   388.2
19100401 19100430     0.0
19100501 19100531     0.0
19100601 19100630    92.1
19100701 19100731    16.8
19100801 19100831     7.9
19100901 19100930    21.3
19101001 19101031    57.4
19101101 19101130    64.5
19101201 19101231    77.2
19110101 19110131   188.0
19110201 19110228   111.0
19110301 19110331    14.9
19110401 19110430     0.0
19110501 19110531     6.9
19110601 19110630     0.0
19110701 19110731    12.2
19110801 19110831     6.5
19110901 19110930    11.8
19111001 19111031     1.8
19111101 19111130    16.3
19111201 19111231    72.8
19120101 19120131     2.6
19120201 19120229    26.4
19120301 19120331    70.4
19120401 19120430     0.0
19120501 19120531     0.0
19120601 19120630   148.3
19120701 19120731   137.4
19120801 19120831     0.8
19120901 19120930     0.0
19121001 19121031    50.8
19121101 19121130    47.7
19121201 19121231    13.4
19130101 19130131   138.9
19130201 19130228   146.3
19130301 19130331    53.3
19130401 19130430    87.1
19130501 19130531    52.4
19130601 19130630    66.5
19130701 19130731    13.5
19130801 19130831     0.0
19130901 19130930    16.0
19131001 19131031    31.5
19131101 19131130     1.6
19131201 19131231   112.3
19140101 19140131    69.0
19140201 19140228    56.6
19140301 19140331   106.2
19140401 19140430     7.8
19140501 19140531    27.4
19140601 19140630    71.9
19140701 19140731    21.9
19140801 19140831     0.0
19140901 19140930     4.3
19141001 19141031    18.6
19141101 19141130   105.5
19141201 19141231   101.3
19150101 19150131    14.2
19150201 19150228    17.0
19150301 19150331    16.0
19150401 19150430    10.2
19150501 19150531    14.0
19150601 19150630     1.5
19150701 19150731    21.0
19150801 19150831    42.9
19150901 19150930    28.0
19151001 19151031     4.3
19151101 19151130    20.9
19151201 19151231    73.7
19160101 19160131    45.5
19160201 19160229    33.9
19160301 19160331    36.9
19160401 19160430    42.4
19160501 19160531     0.0
19160601 19160630   117.6
19160701 19160731    83.9
19160801 19160831    25.2
19160901 19160930     4.5
19161001 19161031    39.1
19161101 19161130   163.4
19161201 19161231   193.7
19170101 19170131   170.2
19170201 19170228   134.0
19170301 19170331   127.0
19170401 19170430    34.5
19170501 19170531     0.0
19170601 19170630    15.3
19170701 19170731    10.2
19170801 19170831    24.7
19170901 19170930   139.8
19171001 19171031    31.5
19171101 19171130    74.6
19171201 19171231    31.5
19180101 19180131   269.2
19180201 19180228     1.3
19180301 19180331     0.0
19180401 19180430    93.2
19180501 19180531     0.0
19180601 19180630    16.0
19180701 19180731    10.6
19180801 19180831    85.6
19180901 19180930     0.0
19181001 19181031    13.5
19181101 19181130    28.2
19181201 19181231    21.3
19190101 19190131    23.7
19190201 19190228   128.8
19190301 19190331    38.3
19190401 19190430    19.3
19190501 19190531    41.7
19190601 19190630     0.0
19190701 19190731     0.0
19190801 19190831    15.2
19190901 19190930     0.0
19191001 19191031     3.6
19191101 19191130     8.9
19191201 19191231    25.2
19200101 19200131     3.8
19200201 19200229   103.7
19200301 19200331    18.2
19200401 19200430    42.9
19200501 19200531     3.6
19200601 19200630   119.5
19200701 19200731   119.3
19200801 19200831    34.3
19200901 19200930    25.4
19201001 19201031    84.1
19201101 19201130    10.9
19201201 19201231   108.5
19210101 19210131    49.0
19210201 19210228     9.4
19210301 19210331   124.5
19210401 19210430     5.3
19210501 19210531    61.1
19210601 19210630   238.0
19210701 19210731    90.4
19210801 19210831    68.2
19210901 19210930    83.6
19211001 19211031    26.9
19211101 19211130    35.1
19211201 19211231    71.6
19220101 19220131    26.5
19220201 19220228     0.0
19220301 19220331     7.6
19220401 19220430     0.0
19220501 19220531     0.0
19220601 19220630    25.4
19220701 19220731     7.4
19220801 19220831     0.0
19220901 19220930     0.0
19221001 19221031    18.8
19221101 19221130    23.4
19221201 19221231   136.4
19230101 19230131    11.2
19230201 19230228     0.0
19230301 19230331    42.2
19230401 19230430    35.0
19230501 19230531    23.1
19230601 19230630    94.5
19230701 19230731     7.6
19230801 19230831    13.2
19230901 19230930    27.5
19231001 19231031    27.7
19231101 19231130    27.9
19231201 19231231    82.7
19240101 19240131    72.4
19240201 19240229   123.1
19240301 19240331   195.5
19240401 19240430    18.0
19240501 19240531     5.6
19240601 19240630    10.4
19240701 19240731     4.9
19240801 19240831    95.7
19240901 19240930    53.4
19241001 19241031   100.6
19241101 19241130   241.8
19241201 19241231    64.0
19250101 19250131   138.2
19250201 19250228    31.5
19250301 19250331   115.7
19250401 19250430     0.0
19250501 19250531    26.3
19250601 19250630     2.3
19250701 19250731    16.8
19250801 19250831    52.0
19250901 19250930     1.3
19251001 19251031     4.6
19251101 19251130    79.5
19251201 19251231   148.8
19260101 19260131    72.8
19260201 19260228    40.8
19260301 19260331    51.8
19260401 19260430    36.8
19260501 19260531    38.3
19260601 19260630     0.0
19260701 19260731     7.0
19260801 19260831     3.1
19260901 19260930    73.3
19261001 19261031     1.3
19261101 19261130    25.4
19261201 19261231    64.5
19270101 19270131    82.0
19270201 19270228     4.1
19270301 19270331   114.3
19270401 19270430     0.0
19270501 19270531     4.8
19270601 19270630    33.0
19270701 19270731     0.0
19270801 19270831     1.0
19270901 19270930     1.8
19271001 19271031    61.7
19271101 19271130    23.8
19271201 19271231   214.2
19280101 19280131    91.4
19280201 19280229   184.2
19280301 19280331    38.6
19280401 19280430   131.1
19280501 19280531    10.9
19280601 19280630    37.6
19280701 19280731    10.4
19280801 19280831     0.0
19280901 19280930     0.0
19281001 19281031     8.6
19281101 19281130    32.5
19281201 19281231    54.2
19290101 19290131     0.0
19290201 19290228    58.3
19290301 19290331    56.3
19290401 19290430    61.9
19290501 19290531     0.0
19290601 19290630    12.7
19290701 19290731     3.0
19290801 19290831     3.1
19290901 19290930     1.8
19291001 19291031     7.7
19291101 19291130    31.6
19291201 19291231    77.7
19300101 19300131   134.1
19300201 19300228    20.8
19300301 19300331    23.1
19300401 19300430    27.2
19300501 19300531    22.1
19300601 19300630    26.6
19300701 19300731    25.2
19300801 19300831    41.2
19300901 19300930     2.1
19301001 19301031    47.3
19301101 19301130    21.6
19301201 19301231    15.5
19310101 19310131    36.1
19310201 19310228    11.2
19310301 19310331   152.4
19310401 19310430    55.1
19310501 19310531    27.5
19310601 19310630    52.4
19310701 19310731    21.2
19310801 19310831     1.5
19310901 19310930     3.9
19311001 19311031    38.3
19311101 19311130    83.6
19311201 19311231   110.2
19320101 19320131     8.4
19320201 19320229    29.7
19320301 19320331    20.1
19320401 19320430    23.3
19320501 19320531    47.7
19320601 19320630    21.7
19320701 19320731    10.9
19320801 19320831     0.0
19320901 19320930     6.2
19321001 19321031    10.4
19321101 19321130    73.9
19321201 19321231    14.5
19330101 19330131    42.8
19330201 19330228    30.5
19330301 19330331     4.1
19330401 19330430    10.4
19330501 19330531    10.7
19330601 19330630    47.0
19330701 19330731   144.8
19330801 19330831    32.2
19330901 19330930    33.0
19331001 19331031   106.7
19331101 19331130   219.1
19331201 19331231    50.6
19340101 19340131    69.8
19340201 19340228    49.1
19340301 19340331     0.0
19340401 19340430    26.2
19340501 19340531     0.0
19340601 19340630    19.6
19340701 19340731    35.7
19340801 19340831     0.0
19340901 19340930     5.3
19341001 19341031    40.6
19341101 19341130    63.5
19341201 19341231    15.0
19350101 19350131     0.0
19350201 19350228    28.4
19350301 19350331     0.0
19350401 19350430    15.0
19350501 19350531     0.0
19350601 19350630    36.3
19350701 19350731    27.0
19350801 19350831    14.7
19350901 19350930    34.0
19351001 19351031    24.6
19351101 19351130     7.6
19351201 19351231    11.9
19360101 19360131    33.5
19360201 19360229    83.4
19360301 19360331   229.5
19360401 19360430     0.0
19360501 19360531    10.9
19360601 19360630    32.5
19360701 19360731    61.0
19360801 19360831    14.2
19360901 19360930    11.4
19361001 19361031     0.0
19361101 19361130    29.8
19361201 19361231   127.5
19370101 19370131    38.3
19370201 19370228   129.7
19370301 19370331    96.0
19370401 19370430     3.0
19370501 19370531     0.0
19370601 19370630    26.2
19370701 19370731    25.4
19370801 19370831     9.4
19370901 19370930     0.0
19371001 19371031     2.5
19371101 19371130    25.4
19371201 19371231     8.4
19380101 19380131   127.5
19380201 19380228    71.2
19380301 19380331     2.0
19380401 19380430     2.8
19380501 19380531    46.3
19380601 19380630    19.8
19380701 19380731    31.2
19380801 19380831    20.3
19380901 19380930     9.8
19381001 19381031    34.6
19381101 19381130    90.0
19381201 19381231     1.5
19390101 19390131   122.9
19390201 19390228   131.8
19390301 19390331   137.7
19390401 19390430    51.2
19390501 19390531     9.6
19390601 19390630    29.2
19390701 19390731    72.4
19390801 19390831    31.8
19390901 19390930     0.0
19391001 19391031    22.6
19391101 19391130    12.5
19391201 19391231    19.6
19400101 19400131    28.2
19400201 19400229   141.2
19400301 19400331    14.7
19400401 19400430     9.4
19400501 19400531    17.2
19400601 19400630     8.4
19400701 19400731     0.0
19400801 19400831    32.7
19400901 19400930    11.2
19401001 19401031     4.6
19401101 19401130     7.3
19401201 19401231   103.4
19410101 19410131   255.2
19410201 19410228    57.2
19410301 19410331    98.4
19410401 19410430    82.0
19410501 19410531    36.4
19410601 19410630    36.6
19410701 19410731     4.8
19410801 19410831     0.0
19410901 19410930     0.0
19411001 19411031    30.2
19411101 19411130    73.3
19411201 19411231    49.6
19420101 19420131    30.1
19420201 19420228    26.9
19420301 19420331     2.6
19420401 19420430    20.6
19420501 19420531    57.9
19420601 19420630    16.3
19420701 19420731    24.9
19420801 19420831     0.0
19420901 19420930     3.1
19421001 19421031    19.6
19421101 19421130    43.4
19421201 19421231   104.8
19430101 19430131    51.5
19430201 19430228    22.6
19430301 19430331    34.8
19430401 19430430    18.3
19430501 19430531     2.6
19430601 19430630    29.8
19430701 19430731     0.0
19430801 19430831    12.2
19430901 19430930    81.3
19431001 19431031    34.7
19431101 19431130    71.9
19431201 19431231    16.8
19440101 19440131    25.9
19440201 19440229    83.1
19440301 19440331    16.8
19440401 19440430    11.7
19440501 19440531    14.0
19440601 19440630     4.8
19440701 19440731    52.4
19440801 19440831    31.3
19440901 19440930     7.1
19441001 19441031    15.5
19441101 19441130     5.1
19441201 19441231    29.0
19450101 19450131    16.5
19450201 19450228    70.5
19450301 19450331     1.8
19450401 19450430    25.1
19450501 19450531    37.4
19450601 19450630    46.8
19450701 19450731    41.4
19450801 19450831    23.1
19450901 19450930     0.0
19451001 19451031    46.5
19451101 19451130    15.5
19451201 19451231    22.6
19460101 19460131    83.2
19460201 19460228    50.8
19460301 19460331     7.6
19460401 19460430     0.0
19460501 19460531     0.0
19460601 19460630     3.3
19460701 19460731     0.0
19460801 19460831     0.0
19460901 19460930     5.8
19461001 19461031     2.0
19461101 19461130     4.9
19461201 19461231    43.2
19470101 19470131     7.4
19470201 19470228   124.9
19470301 19470331    74.0
19470401 19470430     0.0
19470501 19470531    35.3
19470601 19470630    10.9
19470701 19470731     0.0
19470801 19470831    44.9
19470901 19470930    54.9
19471001 19471031    15.3
19471101 19471130    45.7
19471201 19471231    41.5
19480101 19480131    67.3
19480201 19480229    29.8
19480301 19480331    25.4
19480401 19480430     2.5
19480501 19480531    16.3
19480601 19480630    22.6
19480701 19480731    36.6
19480801 19480831     0.0
19480901 19480930    40.7
19481001 19481031     0.0
19481101 19481130     8.9
19481201 19481231    80.9
19490101 19490131    50.5
19490201 19490228    52.4
19490301 19490331   188.2
19490401 19490430     3.8
19490501 19490531    28.7
19490601 19490630    11.7
19490701 19490731     0.0
19490801 19490831     0.0
19490901 19490930    55.1
19491001 19491031   242.7
19491101 19491130    44.4
19491201 19491231     0.0
19500101 19500131   102.6
19500201 19500228    78.0
19500301 19500331    78.1
19500401 19500430    76.7
19500501 19500531    28.9
19500601 19500630    38.3
19500701 19500731   204.5
19500801 19500831     0.0
19500901 19500930     6.6
19501001 19501031   165.3
19501101 19501130    77.2
19501201 19501231    32.3
19510101 19510131    92.5
19510201 19510228     0.0
19510301 19510331     0.0
19510401 19510430     0.0
19510501 19510531     0.0
19510601 19510630    33.8
19510701 19510731    30.2
19510801 19510831     8.4
19510901 19510930    23.4
19511001 19511031    21.0
19511101 19511130    22.1
19511201 19511231    36.1
19520101 19520131     5.6
19520201 19520229    69.1
19520301 19520331    62.9
19520401 19520430    41.2
19520501 19520531    25.3
19520601 19520630    10.9
19520701 19520731     8.9
19520801 19520831    31.4
19520901 19520930     1.8
19521001 19521031    50.3
19521101 19521130    30.5
19521201 19521231    17.3
19530101 19530131    90.3
19530201 19530228   113.3
19530301 19530331     6.1
19530401 19530430    22.5
19530501 19530531     6.9
19530601 19530630     0.0
19530701 19530731     0.3
19530801 19530831    23.4
19530901 19530930     0.0
19531001 19531031    82.9
19531101 19531130    19.3
19531201 19531231     2.0
19540101 19540131   145.1
19540201 19540228   167.5
19540301 19540331     3.6
19540401 19540430     9.6
19540501 19540531     4.8
19540601 19540630    26.2
19540701 19540731    38.3
19540801 19540831    88.7
19540901 19540930    25.0
19541001 19541031   129.8
19541101 19541130    34.3
19541201 19541231    35.6
19550101 19550131   134.3
19550201 19550228   142.8
19550301 19550331   111.4
19550401 19550430   205.8
19550501 19550531    82.3
19550601 19550630     4.9
19550701 19550731    56.3
19550801 19550831     9.2
19550901 19550930     0.0
19551001 19551031    92.7
19551101 19551130     7.4
19551201 19551231    22.9
19560101 19560131   171.6
19560201 19560229   203.6
19560301 19560331   340.0
19560401 19560430    64.2
19560501 19560531    57.4
19560601 19560630    45.2
19560701 19560731    73.2
19560801 19560831     4.6
19560901 19560930    16.0
19561001 19561031    11.2
19561101 19561130    49.2
19561201 19561231    93.7
19570101 19570131    19.5
19570201 19570228    15.8
19570301 19570331    52.4
19570401 19570430    43.3
19570501 19570531     8.1
19570601 19570630    48.8
19570701 19570731    47.7
19570801 19570831    16.0
19570901 19570930     0.0
19571001 19571031    26.9
19571101 19571130    24.9
19571201 19571231    67.0
19580101 19580131    89.6
19580201 19580228    57.7
19580301 19580331    28.6
19580401 19580430    23.9
19580501 19580531     1.5
19580601 19580630    52.6
19580701 19580731     2.5
19580801 19580831    17.0
19580901 19580930    12.2
19581001 19581031    27.4
19581101 19581130    50.7
19581201 19581231    90.5
19590101 19590131   138.7
19590201 19590228    38.1
19590301 19590331    41.2
19590401 19590430    84.1
19590501 19590531    43.6
19590601 19590630     0.0
19590701 19590731    11.2
19590801 19590831     0.0
19590901 19590930     1.5
19591001 19591031    40.4
19591101 19591130     8.7
19591201 19591231    57.7
19600101 19600131    70.7
19600201 19600229    63.4
19600301 19600331     4.8
19600401 19600430    38.7
19600501 19600531    68.7
19600601 19600630    21.9
19600701 19600731    21.6
19600801 19600831    24.7
19600901 19600930    20.9
19601001 19601031    40.4
19601101 19601130    62.8
19601201 19601231    72.2
19610101 19610131    46.0
19610201 19610228   194.9
19610301 19610331    31.2
19610401 19610430   110.8
19610501 19610531    10.2
19610601 19610630     8.4
19610701 19610731    30.5
19610801 19610831     3.3
19610901 19610930     1.0
19611001 19611031    44.2
19611101 19611130    84.0
19611201 19611231    69.1
19620101 19620131   144.2
19620201 19620228    38.8
19620301 19620331   165.0
19620401 19620430    11.9
19620501 19620531     3.3
19620601 19620630    36.3
19620701 19620731    28.5
19620801 19620831     9.7
19620901 19620930    12.9
19621001 19621031    92.1
19621101 19621130     6.1
19621201 19621231    54.9
19630101 19630131   134.7
19630201 19630228     8.9
19630301 19630331   148.8
19630401 19630430    27.1
19630501 19630531     8.6
19630601 19630630    36.0
19630701 19630731     0.0
19630801 19630831    36.2
19630901 19630930    13.4
19631001 19631031    14.9
19631101 19631130    99.3
19631201 19631231    52.3
19640101 19640131    31.7
19640201 19640229    22.6
19640301 19640331    26.1
19640401 19640430    30.2
19640501 19640531    30.5
19640601 19640630    16.7
19640701 19640731     0.0
19640801 19640831     3.0
19640901 19640930   154.2
19641001 19641031    22.7
19641101 19641130   103.2
19641201 19641231    54.7
19650101 19650131    10.4
19650201 19650228     2.6
19650301 19650331     7.9
19650401 19650430    39.2
19650501 19650531     3.6
19650601 19650630     2.8
19650701 19650731     6.3
19650801 19650831     4.6
19650901 19650930    32.0
19651001 19651031    23.8
19651101 19651130    10.4
19651201 19651231    85.4
19660101 19660131   116.0
19660201 19660228    52.6
19660301 19660331     0.8
19660401 19660430     0.3
19660501 19660531     3.3
19660601 19660630    44.4
19660701 19660731    12.2
19660801 19660831   120.3
19660901 19660930    36.8
19661001 19661031     8.9
19661101 19661130     6.7
19661201 19661231     3.3
19670101 19670131    21.0
19670201 19670228    65.7
19670301 19670331    84.9
19670401 19670430     0.0
19670501 19670531    14.0
19670601 19670630    74.8
19670701 19670731     5.3
19670801 19670831     8.9
19670901 19670930     0.0
19671001 19671031    36.1
19671101 19671130    21.4
19671201 19671231    90.2
19680101 19680131    61.5
19680201 19680229    99.1
19680301 19680331    38.0
19680401 19680430    72.9
19680501 19680531    41.1
19680601 19680630     4.1
19680701 19680731    43.7
19680801 19680831    13.7
19680901 19680930    14.0
19681001 19681031     5.8
19681101 19681130     0.0
19681201 19681231    34.3
19690101 19690131    62.6
19690201 19690228     0.0
19690301 19690331   136.0
19690401 19690430     0.0
19690501 19690531    35.3
19690601 19690630    25.9
19690701 19690731    13.7
19690801 19690831    10.2
19690901 19690930     3.0
19691001 19691031    39.6
19691101 19691130    35.3
19691201 19691231   106.7
19700101 19700131   105.4
19700201 19700228    34.3
19700301 19700331    40.9
19700401 19700430    15.0
19700501 19700531     0.0
19700601 19700630     0.8
19700701 19700731     0.0
19700801 19700831     4.1
19700901 19700930    40.9
19701001 19701031    13.7
19701101 19701130    23.7
19701201 19701231    67.1
19710101 19710131    88.6
19710201 19710228    44.9
19710301 19710331    51.5
19710401 19710430    34.0
19710501 19710531     3.3
19710601 19710630     1.3
19710701 19710731    24.9
19710801 19710831    24.6
19710901 19710930    60.2
19711001 19711031    11.8
19711101 19711130    26.1
19711201 19711231   237.2
19720101 19720131    79.6
19720201 19720229    11.7
19720301 19720331    19.8
19720401 19720430     0.5
19720501 19720531    25.1
19720601 19720630     0.0
19720701 19720731     0.0
19720801 19720831    11.4
19720901 19720930     9.7
19721001 19721031    13.2
19721101 19721130    95.7
19721201 19721231    45.7
19730101 19730131    40.3
19730201 19730228   229.7
19730301 19730331    24.2
19730401 19730430    42.8
19730501 19730531     7.4
19730601 19730630     8.1
19730701 19730731    51.8
19730801 19730831    35.0
19730901 19730930   144.8
19731001 19731031    15.8
19731101 19731130    77.2
19731201 19731231    11.9
19740101 19740131   297.0
19740201 19740228     6.2
19740301 19740331    23.0
19740401 19740430    72.6
19740501 19740531    17.4
19740601 19740630     4.8
19740701 19740731     0.0
19740801 19740831    68.8
19740901 19740930    27.0
19741001 19741031    34.6
19741101 19741130    59.0
19741201 19741231    21.4
19750101 19750131    69.0
19750201 19750228    59.8
19750301 19750331   128.0
19750401 19750430     0.0
19750501 19750531     0.0
19750601 19750630    34.6
19750701 19750731    30.6
19750801 19750831    21.8
19750901 19750930    35.8
19751001 19751031    61.0
19751101 19751130     2.0
19751201 19751231   141.0
19760101 19760131    97.2
19760201 19760229   151.8
19760301 19760331    46.0
19760401 19760430     0.0
19760501 19760531    35.0
19760601 19760630    17.0
19760701 19760731    25.6
19760801 19760831     0.3
19760901 19760930    75.8
19761001 19761031    27.2
19761101 19761130    39.4
19761201 19761231    42.8
19770101 19770131   114.0
19770201 19770228   133.6
19770301 19770331   153.2
19770401 19770430    92.2
19770501 19770531    77.4
19770601 19770630     1.6
19770701 19770731    14.0
19770801 19770831     7.0
19770901 19770930    11.0
19771001 19771031    23.8
19771101 19771130    47.0
19771201 19771231    15.0
19780101 19780131   102.0
19780201 19780228     6.4
19780301 19780331    21.4
19780401 19780430    11.4
19780501 19780531    96.0
19780601 19780630    51.0
19780701 19780731   137.0
19780801 19780831    88.8
19780901 19780930    61.0
19781001 19781031   112.8
19781101 19781130    34.6
19781201 19781231   123.0
19790101 19790131    23.2
19790201 19790228   130.6
19790301 19790331    70.0
19790401 19790430    18.8
19790501 19790531    41.6
19790601 19790630    12.8
19790701 19790731     5.2
19790801 19790831    13.0
19790901 19790930    15.2
19791001 19791031    16.6
19791101 19791130    17.8
19791201 19791231    39.2
19800101 19800131    40.8
19800201 19800229   149.8
19800301 19800331     7.2
19800401 19800430    10.0
19800501 19800531    33.6
19800601 19800630     1.2
19800701 19800731    43.2
19800801 19800831    15.2
19800901 19800930     0.0
19801001 19801031    96.4
19801101 19801130    14.6
19801201 19801231    43.2
19810101 19810131    86.6
19810201 19810228   128.2
19810301 19810331   128.6
19810401 19810430    67.0
19810501 19810531   104.2
19810601 19810630    88.4
19810701 19810731    42.6
19810801 19810831     0.0
19810901 19810930     0.0
19811001 19811031    47.4
19811101 19811130   153.8
19811201 19811231    55.0
19820101 19820131    47.4
19820201 19820228     3.2
19820301 19820331   148.4
19820401 19820430    18.4
19820501 19820531    37.4
19820601 19820630     5.0
19820701 19820731     4.0
19820801 19820831     0.0
19820901 19820930     6.0
19821001 19821031     6.0
19821101 19821130     0.0
19821201 19821231    21.2
19830101 19830131    27.8
19830201 19830228    45.6
19830301 19830331    34.4
19830401 19830430   123.0
19830501 19830531   276.0
19830601 19830630    59.4
19830701 19830731    14.4
19830801 19830831    31.2
19830901 19830930     9.3
19831001 19831031     4.4
19831101 19831130   117.0
19831201 19831231    29.6
19840101 19840131   145.4
19840201 19840229    38.4
19840301 19840331    38.2
19840401 19840430    48.0
19840501 19840531    11.2
19840601 19840630    18.0
19840701 19840731   117.4
19840801 19840831    16.8
19840901 19840930     6.0
19841001 19841031    25.0
19841101 19841130    21.0
19841201 19841231   109.2
19850101 19850131     7.0
19850201 19850228    24.0
19850301 19850331    27.4
19850401 19850430     0.0
19850501 19850531     8.0
19850601 19850630    46.0
19850701 19850731    36.8
19850801 19850831    21.6
19850901 19850930     9.0
19851001 19851031    31.0
19851101 19851130   118.5
19851201 19851231   109.0
19860101 19860131    13.0
19860201 19860228    85.0
19860301 19860331     0.0
19860401 19860430     8.2
19860501 19860531    31.0
19860601 19860630     0.0
19860701 19860731    52.6
19860801 19860831    40.2
19860901 19860930    17.0
19861001 19861031    27.0
19861101 19861130    55.2
19861201 19861231    40.4
19870101 19870131    90.4
19870201 19870228    86.2
19870301 19870331    43.2
19870401 19870430    21.4
19870501 19870531     7.0
19870601 19870630    54.0
19870701 19870731    10.0
19870801 19870831    44.6
19870901 19870930     3.0
19871001 19871031    68.0
19871101 19871130   108.0
19871201 19871231    61.0
19880101 19880131    31.0
19880201 19880229    16.8
19880301 19880331    22.0
19880401 19880430    17.0
19880501 19880531    25.0
19880601 19880630     8.0
19880701 19880731    63.0
19880801 19880831    37.0
19880901 19880930    27.0
19881001 19881031     7.0
19881101 19881130    53.8
19881201 19881231    88.0
19890101 19890131    42.0
19890201 19890228    46.0
19890301 19890331    76.6
19890401 19890430    75.6
19890501 19890531   116.3
19890601 19890630    49.1
19890701 19890731    12.2
19890801 19890831     2.2
19890901 19890930     0.0
19891001 19891031    14.2
19891101 19891130    50.6
19891201 19891231    78.4
19900101 19900131    26.1
19900201 19900228     8.4
19900301 19900331   154.5
19900401 19900430   307.3
19900501 19900531    40.0
19900601 19900630    11.1
19900701 19900731     4.0
19900801 19900831     6.4
19900901 19900930     1.2
19901001 19901031    11.8
19901101 19901130     0.6
19901201 19901231    18.0
19910101 19910131   101.2
19910201 19910228    31.4
19910301 19910331     0.0
19910401 19910430     5.8
19910501 19910531    29.3
19910601 19910630     0.0
19910701 19910731    48.2
19910801 19910831     0.0
19910901 19910930     0.0
19911001 19911031     7.6
19911101 19911130    47.6
19911201 19911231    18.8
19920101 19920131    13.8
19920201 19920229    85.4
19920301 19920331     8.0
19920401 19920430     5.0
19920501 19920531    51.4
19920601 19920630     5.0
19920701 19920731     7.5
19920801 19920831    36.8
19920901 19920930    27.6
19921001 19921031     9.6
19921101 19921130    37.7
19921201 19921231   104.0
19930101 19930131    27.2
19930201 19930228    10.0
19930301 19930331     5.8
19930401 19930430    34.0
19930501 19930531     0.0
19930601 19930630    40.0
19930701 19930731    83.4
19930801 19930831    64.0
19930901 19930930    48.2
19931001 19931031    39.4
19931101 19931130    44.4
19931201 19931231    76.8
19940101 19940131    25.0
19940201 19940228   194.4
19940301 19940331    67.7
19940401 19940430    10.2
19940501 19940531    18.8
19940601 19940630    20.2
19940701 19940731     2.4
19940801 19940831     1.0
19940901 19940930     1.8
19941001 19941031    41.8
19941101 19941130    66.4
19941201 19941231    13.8
19950101 19950131   105.6
19950201 19950228    23.6
19950301 19950331     8.2
19950401 19950430    14.0
19950501 19950531     9.6
19950601 19950630    13.8
19950701 19950731     1.4
19950801 19950831     0.0
19950901 19950930    28.2
19951001 19951031    33.8
19951101 19951130    94.6
19951201 19951231    42.0
19960101 19960131   148.2
19960201 19960229    39.0
19960301 19960331    32.0
19960401 19960430    23.2
19960501 19960531    39.6
19960601 19960630    14.8
19960701 19960731    34.6
19960801 19960831    33.8
19960901 19960930    39.0
19961001 19961031    75.0
19961101 19961130    26.8
19961201 19961231    44.0
19970101 19970131   216.7
19970201 19970228   264.4
19970301 19970331    32.0
19970401 19970430     4.2
19970501 19970531    38.2
19970601 19970630     0.8
19970701 19970731     0.0
19970801 19970831     3.8
19970901 19970930    46.6
19971001 19971031    46.0
19971101 19971130    74.2
19971201 19971231    86.5
19980101 19980131    80.4
19980201 19980228   111.6
19980301 19980331     0.0
19980401 19980430    76.3
19980501 19980531    45.1
19980601 19980630    36.4
19980701 19980731    65.6
19980801 19980831    26.0
19980901 19980930    73.7
19981001 19981031    56.4
19981101 19981130    29.0
19981201 19981231    26.6
19990101 19990131   206.2
19990201 19990228    16.8
19990301 19990331   112.4
19990401 19990430    20.8
19990501 19990531    57.6
19990601 19990630    38.0
19990701 19990731     2.2
19990801 19990831    16.3
19990901 19990930     6.6
19991001 19991031    90.1
19991101 19991130   110.4
19991201 19991231   111.6
20000101 20000131    22.8
20000201 20000229    85.0
20000301 20000331    33.0
20000401 20000430   103.0
20000501 20000531    51.0
20000601 20000630    18.0
20000701 20000731     2.0
20000801 20000831    38.6
20000901 20000930     1.2
20001001 20001031    95.3
20001101 20001130   218.2
20001201 20001231    46.7
20010101 20010131    22.4
20010201 20010228    33.0
20010301 20010331    43.8
20010401 20010430    12.8
20010501 20010531    22.2
20010601 20010630    39.8
20010701 20010731    49.8
20010801 20010831     0.0
20010901 20010930    31.4
20011001 20011031    30.0
20011101 20011130    74.9
20011201 20011231    23.2
20020101 20020131    94.8
20020201 20020228   130.4
20020301 20020331     0.0
20020401 20020430     4.2
20020501 20020531     8.2
20020601 20020630     4.6
20020701 20020731     0.0
20020801 20020831    20.6
20020901 20020930     2.5
20021001 20021031    11.0
20021101 20021130     1.4
20021201 20021231     5.4
20030101 20030131    19.0
20030201 20030228   220.9
20030301 20030331    30.4
20030401 20030430    14.4
20030501 20030531    17.6
20030601 20030630    20.8
20030701 20030731    23.6
20030801 20030831    52.8
20030901 20030930     0.0
20031001 20031031    33.6
20031101 20031130    73.8
20031201 20031231    35.6
20040101 20040131   220.8
20040201 20040229    32.0
20040301 20040331    24.4
20040401 20040430    43.8
20040501 20040531    18.8
20040601 20040630     0.0
20040701 20040731     3.2
20040801 20040831    12.4
20040901 20040930    26.0
20041001 20041031    13.4
20041101 20041130    71.5
20041201 20041231   164.2
20050101 20050131    55.8
20050201 20050228     4.0
20050301 20050331    17.0
20050401 20050430     0.0
20050501 20050531   106.6
20050601 20050630   103.2
20050701 20050731     0.4
20050801 20050831     7.8
20050901 20050930    14.2
20051001 20051031    36.1
20051101 20051130    17.9
20051201 20051231    22.9
20060101 20060131     8.6
20060201 20060228    49.0
20060301 20060331    15.5
20060401 20060430    89.2
20060501 20060531     4.1
20060601 20060630    61.8
20060701 20060731    37.2
20060801 20060831     6.6
20060901 20060930    13.2
20061001 20061031     2.0
20061101 20061130    27.4
20061201 20061231    63.6
20070101 20070131    66.4
20070201 20070228    28.4
20070301 20070331    35.6
20070401 20070430     8.6
20070501 20070531     8.3
20070601 20070630    48.0
20070701 20070731     0.0
20070801 20070831    60.2
20070901 20070930     3.2
20071001 20071031 99999.9
20071101 20071130   189.8
20071201 20071231   118.5
20080101 20080131   157.9
20080201 20080229    77.0
20080301 20080331     1.2
20080401 20080430 99999.9
20080501 20080531 99999.9
20080601 20080630    56.2
20080701 20080731    19.0
20080801 20080831 99999.9
20080901 20080930    68.2
20081001 20081031     9.8
20081101 20081130   103.0
20081201 20081231    93.4
20090101 20090131    28.6
20090201 20090228    14.0
20090301 20090331     0.6
20090401 20090430    77.4
20090501 20090531    11.8
20090601 20090630    32.2
20090701 20090731     1.0
20090801 20090831     1.0
20090901 20090930 99999.9
20091001 20091031    13.0
20091101 20091130     9.2
20091201 20091231   123.4
20100101 20100131    65.0
20100201 20100228   179.0
20100301 20100331   138.0
20100401 20100430    27.5
20100501 20100531    31.0
20100601 20100630     3.4
20100701 20100731    53.5
20100801 20100831    64.4
20100901 20100930   134.2
20101001 20101031    72.0
20101101 20101130   198.6
20101201 20101231   145.3
20110101 20110131    21.6
20110201 20110228    63.7
20110301 20110331   118.8
20110401 20110430     4.4
20110501 20110531    24.5
20110601 20110630    21.3
20110701 20110731    10.2
20110801 20110831    13.8
20110901 20110930    30.4
20111001 20111031    18.2
20111101 20111130    47.3
20111201 20111231   159.8
20120101 20120131   236.0
20120201 20120229   145.3
20120301 20120331     9.7
20120401 20120430     2.0
20120501 20120531    44.4
20120601 20120630    82.6
20120701 20120731    42.6
20120801 20120831     2.4
20120901 20120930    11.8
20121001 20121031    26.8
20121101 20121130    35.0
20121201 20121231   132.2
20130101 20130131     8.8
20130201 20130228    48.5
20130301 20130331    55.8
20130401 20130430     6.0
20130501 20130531    52.2
20130601 20130630    15.8
20130701 20130731     8.8
20130801 20130831 99999.9
20130901 20130930     5.8
20131001 20131031    12.3
20131101 20131130    36.2
20131201 20131231     1.4
20140101 20140131    19.6
20140201 20140228   229.0
20140301 20140331    52.6
20140401 20140430 99999.9
20140501 20140531 99999.9
20140601 20140630    18.6
20140701 20140731     2.0
20140801 20140831    35.4
20140901 20140930    20.1
20141001 20141031    87.6
20141101 20141130    33.0
20141201 20141231   190.6
20150101 20150131    59.0
20150201 20150228    29.6
20150301 20150331    14.7
20150401 20150430    16.8
20150501 20150531    18.6
20150601 20150630    37.8
20150701 20150731     7.0
20150801 20150831     9.4
20150901 20150930     0.1
20151001 20151031     9.5
20151101 20151130    13.8
20151201 20151231    68.6
20160101 20160131   126.4
20160201 20160229    79.1
20160301 20160331     3.4
20160401 20160430    15.6
20160501 20160531     5.4
20160601 20160630   105.8
20160701 20160731    49.4
20160801 20160831    64.4
20160901 20160930    88.8
20161001 20161031    33.6
20161101 20161130    22.8
20161201 20161231    63.2
20170101 20170131    63.5
20170201 20170228    17.0
20170301 20170331    36.6
20170401 20170430     1.8
20170501 20170531    22.4
20170601 20170630    14.2
20170701 20170731    26.8
