PRCP       078078 18830101 20180131 missing_value=99999.9 KANIVA                                    
18830101 18830131     2.5
18830201 18830228    49.6
18830301 18830331    32.3
18830401 18830430    28.1
18830501 18830531   110.2
18830601 18830630    96.8
18830701 18830731    74.1
18830801 18830831    80.2
18830901 18830930    46.2
18831001 18831031    54.1
18831101 18831130    47.4
18831201 18831231    35.4
18840101 18840131    56.0
18840201 18840229     5.6
18840301 18840331    76.7
18840401 18840430    26.4
18840501 18840531    75.5
18840601 18840630    90.9
18840701 18840731    13.5
18840801 18840831    59.5
18840901 18840930   103.7
18841001 18841031    28.7
18841101 18841130    20.8
18841201 18841231    53.3
18850101 18850131    18.2
18850201 18850228    33.5
18850301 18850331    16.0
18850401 18850430    31.5
18850501 18850531    34.5
18850601 18850630    84.8
18850701 18850731    53.0
18850801 18850831    54.9
18850901 18850930    81.1
18851001 18851031    15.5
18851101 18851130     1.8
18851201 18851231    61.1
18860101 18860131    85.9
18860201 18860228    12.7
18860301 18860331     0.0
18860401 18860430    15.2
18860501 18860531    14.2
18860601 18860630    10.9
18860701 18860731    83.0
18860801 18860831   120.7
18860901 18860930    54.6
18861001 18861031    62.5
18861101 18861130    46.2
18861201 18861231    11.4
18870101 18870131     2.5
18870201 18870228    44.5
18870301 18870331     5.8
18870401 18870430    79.3
18870501 18870531    41.8
18870601 18870630    78.7
18870701 18870731    74.0
18870801 18870831    40.7
18870901 18870930    48.2
18871001 18871031    26.7
18871101 18871130   138.0
18871201 18871231    49.3
18880101 18880131    13.9
18880201 18880229     1.3
18880301 18880331    11.7
18880401 18880430    10.7
18880501 18880531    32.5
18880601 18880630    93.9
18880701 18880731    95.7
18880801 18880831    29.5
18880901 18880930    37.3
18881001 18881031    17.3
18881101 18881130    22.8
18881201 18881231    13.2
18890101 18890131    42.7
18890201 18890228    17.2
18890301 18890331    17.5
18890401 18890430   206.7
18890501 18890531    92.7
18890601 18890630    90.5
18890701 18890731    27.4
18890801 18890831    78.1
18890901 18890930    45.0
18891001 18891031   100.1
18891101 18891130    66.3
18891201 18891231     4.8
18900101 18900131    55.1
18900201 18900228     0.0
18900301 18900331    50.3
18900401 18900430    50.8
18900501 18900531   113.8
18900601 18900630    83.1
18900701 18900731    75.5
18900801 18900831    57.8
18900901 18900930    52.2
18901001 18901031    40.7
18901101 18901130    43.2
18901201 18901231    17.2
18910101 18910131     8.4
18910201 18910228     0.0
18910301 18910331    22.0
18910401 18910430    47.6
18910501 18910531    11.9
18910601 18910630    61.6
18910701 18910731    32.0
18910801 18910831    25.9
18910901 18910930    25.9
18911001 18911031    89.1
18911101 18911130    24.4
18911201 18911231    46.8
18920101 18920131    12.7
18920201 18920229     2.5
18920301 18920331    16.8
18920401 18920430    19.8
18920501 18920531    35.3
18920601 18920630    62.3
18920701 18920731    59.9
18920801 18920831    61.4
18920901 18920930    47.3
18921001 18921031    64.3
18921101 18921130    58.5
18921201 18921231    21.6
18930101 18930131     0.0
18930201 18930228     0.0
18930301 18930331    12.7
18930401 18930430    50.7
18930501 18930531   123.6
18930601 18930630    47.9
18930701 18930731    47.9
18930801 18930831    55.6
18930901 18930930    65.8
18931001 18931031    58.5
18931101 18931130    40.2
18931201 18931231     0.0
18940101 18940131     0.0
18940201 18940228     0.0
18940301 18940331    25.7
18940401 18940430    10.7
18940501 18940531    26.0
18940601 18940630    50.3
18940701 18940731    82.2
18940801 18940831    72.5
18940901 18940930    35.3
18941001 18941031    80.0
18941101 18941130     0.0
18941201 18941231   105.7
18950101 18950131    23.9
18950201 18950228     0.0
18950301 18950331     8.9
18950401 18950430    52.1
18950501 18950531     0.0
18950601 18950630    50.2
18950701 18950731    53.6
18950801 18950831    76.5
18950901 18950930    37.4
18951001 18951031    46.9
18951101 18951130    18.3
18951201 18951231    21.9
18960101 18960131    29.9
18960201 18960229     0.0
18960301 18960331    29.2
18960401 18960430    94.7
18960501 18960531    45.0
18960601 18960630    21.6
18960701 18960731    31.8
18960801 18960831    23.3
18960901 18960930    20.8
18961001 18961031    10.0
18961101 18961130    43.4
18961201 18961231    22.9
18970101 18970131     8.9
18970201 18970228    39.1
18970301 18970331    10.2
18970401 18970430     6.4
18970501 18970531    20.2
18970601 18970630    22.1
18970701 18970731    26.9
18970801 18970831    58.9
18970901 18970930    56.1
18971001 18971031     9.1
18971101 18971130    12.0
18971201 18971231     0.0
18980101 18980131     0.0
18980201 18980228    28.0
18980301 18980331     0.0
18980401 18980430    38.4
18980501 18980531    53.4
18980601 18980630    78.5
18980701 18980731    83.4
18980801 18980831    22.4
18980901 18980930    35.9
18981001 18981031    30.8
18981101 18981130     7.4
18981201 18981231     8.6
18990101 18990131    30.0
18990201 18990228    42.5
18990301 18990331    22.1
18990401 18990430    26.2
18990501 18990531    42.1
18990601 18990630    67.4
18990701 18990731    12.7
18990801 18990831    10.2
18990901 18990930    31.5
18991001 18991031    27.2
18991101 18991130    32.8
18991201 18991231     0.0
19000101 19000131     0.0
19000201 19000228     0.0
19000301 19000331    61.4
19000401 19000430    63.1
19000501 19000531    71.0
19000601 19000630    83.2
19000701 19000731    17.0
19000801 19000831   107.7
19000901 19000930    32.4
19001001 19001031    11.5
19001101 19001130    10.9
19001201 19001231    14.2
19010101 19010131    15.2
19010201 19010228    13.7
19010301 19010331    10.4
19010401 19010430    17.8
19010501 19010531    17.3
19010601 19010630    86.7
19010701 19010731    25.6
19010801 19010831    13.0
19010901 19010930    82.2
19011001 19011031    46.5
19011101 19011130     8.1
19011201 19011231    36.1
19020101 19020131     8.5
19020201 19020228     8.7
19020301 19020331    28.7
19020401 19020430     0.0
19020501 19020531    20.3
19020601 19020630    34.4
19020701 19020731    16.7
19020801 19020831    30.7
19020901 19020930    10.7
19021001 19021031    54.1
19021101 19021130     0.0
19021201 19021231   114.1
19030101 19030131    12.2
19030201 19030228    21.6
19030301 19030331    18.2
19030401 19030430    67.1
19030501 19030531    36.3
19030601 19030630    40.1
19030701 19030731    45.8
19030801 19030831    15.3
19030901 19030930    59.8
19031001 19031031    17.8
19031101 19031130    68.1
19031201 19031231     3.3
19040101 19040131    30.0
19040201 19040229    11.7
19040301 19040331     0.0
19040401 19040430    17.8
19040501 19040531    42.3
19040601 19040630    28.4
19040701 19040731    54.0
19040801 19040831    33.0
19040901 19040930     6.4
19041001 19041031    51.3
19041101 19041130    18.0
19041201 19041231     0.0
19050101 19050131    21.9
19050201 19050228     5.1
19050301 19050331     0.0
19050401 19050430    83.9
19050501 19050531    30.3
19050601 19050630    73.9
19050701 19050731    36.1
19050801 19050831    20.8
19050901 19050930    42.6
19051001 19051031    59.8
19051101 19051130    18.6
19051201 19051231     3.8
19060101 19060131     0.0
19060201 19060228     7.1
19060301 19060331     4.6
19060401 19060430     4.6
19060501 19060531    66.1
19060601 19060630   105.7
19060701 19060731    74.6
19060801 19060831    42.9
19060901 19060930    57.7
19061001 19061031    31.3
19061101 19061130    59.7
19061201 19061231    10.2
19070101 19070131    37.3
19070201 19070228    20.6
19070301 19070331     0.0
19070401 19070430    83.8
19070501 19070531    47.3
19070601 19070630    27.8
19070701 19070731    48.8
19070801 19070831    75.9
19070901 19070930    10.1
19071001 19071031    17.2
19071101 19071130    41.7
19071201 19071231    19.1
19080101 19080131     9.4
19080201 19080229    11.5
19080301 19080331    11.5
19080401 19080430     3.8
19080501 19080531    76.7
19080601 19080630    53.6
19080701 19080731    23.1
19080801 19080831    26.5
19080901 19080930    84.6
19081001 19081031    57.5
19081101 19081130    31.5
19081201 19081231    25.4
19090101 19090131    12.7
19090201 19090228     5.6
19090301 19090331    10.4
19090401 19090430    38.9
19090501 19090531    58.6
19090601 19090630    62.0
19090701 19090731    76.5
19090801 19090831    85.8
19090901 19090930    38.3
19091001 19091031    50.5
19091101 19091130    19.8
19091201 19091231     7.9
19100101 19100131     0.0
19100201 19100228     0.0
19100301 19100331   158.8
19100401 19100430     3.6
19100501 19100531    70.1
19100601 19100630    51.7
19100701 19100731    69.9
19100801 19100831    34.0
19100901 19100930    75.0
19101001 19101031    23.6
19101101 19101130    39.7
19101201 19101231    23.4
19110101 19110131     0.0
19110201 19110228    85.5
19110301 19110331     0.0
19110401 19110430    20.6
19110501 19110531    24.9
19110601 19110630    54.8
19110701 19110731    42.3
19110801 19110831    19.8
19110901 19110930    55.4
19111001 19111031     9.7
19111101 19111130     0.0
19111201 19111231    37.6
19120101 19120131     0.0
19120201 19120229     4.3
19120301 19120331     7.6
19120401 19120430    16.7
19120501 19120531     7.6
19120601 19120630    63.6
19120701 19120731    43.3
19120801 19120831    51.9
19120901 19120930   108.6
19121001 19121031    16.7
19121101 19121130    41.5
19121201 19121231    20.9
19130101 19130131     0.0
19130201 19130228    25.6
19130301 19130331    27.6
19130401 19130430    22.9
19130501 19130531    17.3
19130601 19130630     2.3
19130701 19130731    27.6
19130801 19130831    60.5
19130901 19130930   115.6
19131001 19131031    50.0
19131101 19131130    30.7
19131201 19131231    16.5
19140101 19140131     4.8
19140201 19140228    24.9
19140301 19140331    17.5
19140401 19140430    40.9
19140501 19140531    20.7
19140601 19140630    11.9
19140701 19140731    19.7
19140801 19140831     5.3
19140901 19140930     5.9
19141001 19141031     3.8
19141101 19141130    47.3
19141201 19141231    27.5
19150101 19150131     8.9
19150201 19150228     2.3
19150301 19150331     4.3
19150401 19150430    22.7
19150501 19150531    56.2
19150601 19150630   112.2
19150701 19150731    33.1
19150801 19150831    74.3
19150901 19150930   106.2
19151001 19151031    28.4
19151101 19151130    12.0
19151201 19151231     0.5
19160101 19160131    35.1
19160201 19160229     5.0
19160301 19160331     0.5
19160401 19160430    14.8
19160501 19160531    21.0
19160601 19160630   110.4
19160701 19160731    59.1
19160801 19160831   107.8
19160901 19160930    80.3
19161001 19161031    50.4
19161101 19161130    76.9
19161201 19161231    30.1
19170101 19170131     9.7
19170201 19170228    27.9
19170301 19170331    31.0
19170401 19170430    20.4
19170501 19170531    81.3
19170601 19170630    30.9
19170701 19170731    99.7
19170801 19170831    52.2
19170901 19170930    82.3
19171001 19171031    79.7
19171101 19171130    15.5
19171201 19171231    23.4
19180101 19180131    21.1
19180201 19180228    19.5
19180301 19180331     9.9
19180401 19180430    35.7
19180501 19180531    85.2
19180601 19180630    80.4
19180701 19180731    47.6
19180801 19180831    55.4
19180901 19180930     5.1
19181001 19181031    54.3
19181101 19181130     8.6
19181201 19181231     8.9
19190101 19190131     4.3
19190201 19190228    90.4
19190301 19190331    31.8
19190401 19190430     5.3
19190501 19190531    40.0
19190601 19190630    29.9
19190701 19190731    46.4
19190801 19190831    44.2
19190901 19190930    46.6
19191001 19191031    37.9
19191101 19191130     4.5
19191201 19191231    24.2
19200101 19200131     1.8
19200201 19200229     0.0
19200301 19200331    16.3
19200401 19200430     2.3
19200501 19200531    45.7
19200601 19200630    71.4
19200701 19200731    34.7
19200801 19200831   138.2
19200901 19200930    54.4
19201001 19201031    53.3
19201101 19201130    36.7
19201201 19201231    13.7
19210101 19210131    33.3
19210201 19210228    34.6
19210301 19210331    17.9
19210401 19210430    10.9
19210501 19210531    54.0
19210601 19210630    55.6
19210701 19210731    81.5
19210801 19210831    53.4
19210901 19210930    51.3
19211001 19211031    27.7
19211101 19211130    68.5
19211201 19211231    24.7
19220101 19220131    16.2
19220201 19220228    11.4
19220301 19220331     1.0
19220401 19220430    32.6
19220501 19220531    63.5
19220601 19220630    68.3
19220701 19220731    56.0
19220801 19220831    55.8
19220901 19220930    43.0
19221001 19221031    58.4
19221101 19221130     4.8
19221201 19221231    72.4
19230101 19230131     4.1
19230201 19230228     2.8
19230301 19230331     0.0
19230401 19230430     0.0
19230501 19230531   122.4
19230601 19230630   102.2
19230701 19230731    85.1
19230801 19230831    37.7
19230901 19230930    76.4
19231001 19231031    48.2
19231101 19231130    21.1
19231201 19231231    43.6
19240101 19240131    10.6
19240201 19240229    83.2
19240301 19240331    29.1
19240401 19240430    17.4
19240501 19240531    31.4
19240601 19240630    47.9
19240701 19240731    16.8
19240801 19240831    41.0
19240901 19240930    55.3
19241001 19241031    51.1
19241101 19241130    71.5
19241201 19241231     3.6
19250101 19250131    11.9
19250201 19250228    28.5
19250301 19250331     9.4
19250401 19250430    14.7
19250501 19250531    72.3
19250601 19250630    48.6
19250701 19250731    44.1
19250801 19250831    45.7
19250901 19250930    69.6
19251001 19251031    11.8
19251101 19251130    13.5
19251201 19251231     3.3
19260101 19260131     0.0
19260201 19260228     7.1
19260301 19260331     1.8
19260401 19260430    55.5
19260501 19260531   100.1
19260601 19260630    36.5
19260701 19260731    53.8
19260801 19260831    67.2
19260901 19260930    39.4
19261001 19261031    33.4
19261101 19261130    11.4
19261201 19261231     8.1
19270101 19270131     8.9
19270201 19270228    20.3
19270301 19270331    12.7
19270401 19270430     2.5
19270501 19270531    73.9
19270601 19270630    22.2
19270701 19270731    69.9
19270801 19270831   103.1
19270901 19270930    22.3
19271001 19271031     9.3
19271101 19271130    34.9
19271201 19271231    26.8
19280101 19280131    32.8
19280201 19280229    60.7
19280301 19280331    20.9
19280401 19280430    24.5
19280501 19280531    34.1
19280601 19280630    34.0
19280701 19280731    61.8
19280801 19280831     9.9
19280901 19280930    57.6
19281001 19281031    86.1
19281101 19281130     7.3
19281201 19281231     3.8
19290101 19290131    20.6
19290201 19290228     8.8
19290301 19290331    24.6
19290401 19290430    35.6
19290501 19290531    40.5
19290601 19290630    65.1
19290701 19290731    42.6
19290801 19290831    53.8
19290901 19290930    38.1
19291001 19291031    21.3
19291101 19291130     8.9
19291201 19291231    69.1
19300101 19300131     0.0
19300201 19300228    27.7
19300301 19300331     5.5
19300401 19300430    33.7
19300501 19300531    22.9
19300601 19300630     8.5
19300701 19300731    76.4
19300801 19300831    72.3
19300901 19300930    58.1
19301001 19301031    42.2
19301101 19301130    30.2
19301201 19301231   107.7
19310101 19310131     7.6
19310201 19310228     1.0
19310301 19310331    18.9
19310401 19310430    38.3
19310501 19310531    37.4
19310601 19310630    93.5
19310701 19310731    48.9
19310801 19310831    58.2
19310901 19310930    40.3
19311001 19311031     6.0
19311101 19311130    11.8
19311201 19311231    23.4
19320101 19320131     0.0
19320201 19320229    54.7
19320301 19320331    31.8
19320401 19320430    68.3
19320501 19320531    32.6
19320601 19320630    63.7
19320701 19320731    59.1
19320801 19320831    56.6
19320901 19320930    29.0
19321001 19321031    41.8
19321101 19321130    12.2
19321201 19321231    18.7
19330101 19330131    50.0
19330201 19330228     2.0
19330301 19330331    19.9
19330401 19330430    27.9
19330501 19330531    88.8
19330601 19330630    26.0
19330701 19330731    13.5
19330801 19330831    44.6
19330901 19330930    57.9
19331001 19331031    20.3
19331101 19331130    43.2
19331201 19331231    22.6
19340101 19340131    17.0
19340201 19340228    11.0
19340301 19340331     9.7
19340401 19340430    45.2
19340501 19340531     0.0
19340601 19340630     8.2
19340701 19340731    31.4
19340801 19340831    48.5
19340901 19340930    61.0
19341001 19341031   114.9
19341101 19341130    73.9
19341201 19341231     7.8
19350101 19350131    20.5
19350201 19350228     0.8
19350301 19350331    40.1
19350401 19350430    29.6
19350501 19350531    47.7
19350601 19350630    85.0
19350701 19350731    75.8
19350801 19350831    66.1
19350901 19350930    59.2
19351001 19351031    23.7
19351101 19351130    29.4
19351201 19351231    18.8
19360101 19360131    34.2
19360201 19360229     7.9
19360301 19360331     7.9
19360401 19360430     6.1
19360501 19360531    35.5
19360601 19360630    69.0
19360701 19360731   117.9
19360801 19360831    61.6
19360901 19360930    24.5
19361001 19361031    71.9
19361101 19361130     5.4
19361201 19361231   141.3
19370101 19370131    61.8
19370201 19370228    14.1
19370301 19370331    30.0
19370401 19370430     9.7
19370501 19370531    48.7
19370601 19370630    16.8
19370701 19370731    32.5
19370801 19370831    66.3
19370901 19370930    54.1
19371001 19371031    51.2
19371101 19371130    10.9
19371201 19371231    71.9
19380101 19380131     8.0
19380201 19380228    41.6
19380301 19380331     5.1
19380401 19380430    61.0
19380501 19380531     6.4
19380601 19380630    53.9
19380701 19380731    51.7
19380801 19380831    21.6
19380901 19380930    25.0
19381001 19381031     3.5
19381101 19381130    22.1
19381201 19381231     4.6
19390101 19390131    52.5
19390201 19390228    25.5
19390301 19390331     9.7
19390401 19390430    35.1
19390501 19390531    49.5
19390601 19390630    47.6
19390701 19390731    25.9
19390801 19390831   102.0
19390901 19390930    23.8
19391001 19391031    24.2
19391101 19391130    68.2
19391201 19391231    14.7
19400101 19400131    22.8
19400201 19400229     1.8
19400301 19400331    10.4
19400401 19400430    71.9
19400501 19400531    28.2
19400601 19400630    16.4
19400701 19400731    41.9
19400801 19400831    20.6
19400901 19400930    34.6
19401001 19401031    28.0
19401101 19401130    46.9
19401201 19401231    40.4
19410101 19410131   104.9
19410201 19410228     9.1
19410301 19410331    60.8
19410401 19410430    46.2
19410501 19410531    13.7
19410601 19410630    44.6
19410701 19410731    84.6
19410801 19410831    29.7
19410901 19410930    85.0
19411001 19411031    37.3
19411101 19411130    21.1
19411201 19411231     9.8
19420101 19420131    24.2
19420201 19420228    16.7
19420301 19420331    10.5
19420401 19420430    21.1
19420501 19420531    77.3
19420601 19420630    72.4
19420701 19420731    67.1
19420801 19420831    72.4
19420901 19420930    65.5
19421001 19421031    54.1
19421101 19421130    44.8
19421201 19421231    29.2
19430101 19430131    16.0
19430201 19430228    28.2
19430301 19430331     5.1
19430401 19430430    40.2
19430501 19430531    19.4
19430601 19430630    48.2
19430701 19430731    64.6
19430801 19430831    64.3
19430901 19430930    65.8
19431001 19431031    30.9
19431101 19431130    35.5
19431201 19431231    18.1
19440101 19440131    15.7
19440201 19440229    10.1
19440301 19440331     7.5
19440401 19440430    35.9
19440501 19440531    47.2
19440601 19440630     6.6
19440701 19440731    26.5
19440801 19440831     4.5
19440901 19440930    11.7
19441001 19441031    42.9
19441101 19441130    17.9
19441201 19441231    25.6
19450101 19450131    14.3
19450201 19450228    50.9
19450301 19450331     4.4
19450401 19450430     2.6
19450501 19450531    34.1
19450601 19450630    33.7
19450701 19450731    25.0
19450801 19450831    69.8
19450901 19450930    32.7
19451001 19451031    45.5
19451101 19451130    31.7
19451201 19451231    33.8
19460101 19460131    43.4
19460201 19460228   134.6
19460301 19460331    72.4
19460401 19460430    11.2
19460501 19460531    31.4
19460601 19460630    54.3
19460701 19460731   118.5
19460801 19460831    39.5
19460901 19460930    28.5
19461001 19461031    22.4
19461101 19461130    16.5
19461201 19461231    43.9
19470101 19470131     9.4
19470201 19470228    25.9
19470301 19470331    81.0
19470401 19470430    34.2
19470501 19470531    18.1
19470601 19470630    73.0
19470701 19470731    97.4
19470801 19470831    62.4
19470901 19470930    59.7
19471001 19471031    65.2
19471101 19471130    58.9
19471201 19471231    87.0
19480101 19480131     0.8
19480201 19480229    30.2
19480301 19480331     6.9
19480401 19480430    98.7
19480501 19480531    41.1
19480601 19480630    46.2
19480701 19480731    39.1
19480801 19480831    51.3
19480901 19480930    30.9
19481001 19481031    80.1
19481101 19481130    65.1
19481201 19481231    38.4
19490101 19490131    22.7
19490201 19490228   117.6
19490301 19490331     4.6
19490401 19490430     2.4
19490501 19490531    59.8
19490601 19490630    13.7
19490701 19490731    32.6
19490801 19490831    10.9
19490901 19490930    30.5
19491001 19491031    59.9
19491101 19491130    31.2
19491201 19491231     1.0
19500101 19500131     0.0
19500201 19500228    56.6
19500301 19500331    63.3
19500401 19500430    17.0
19500501 19500531    81.2
19500601 19500630    23.9
19500701 19500731    24.8
19500801 19500831    46.0
19500901 19500930    57.7
19501001 19501031    23.9
19501101 19501130    15.2
19501201 19501231    12.7
19510101 19510131    24.9
19510201 19510228    29.0
19510301 19510331     8.3
19510401 19510430    35.5
19510501 19510531    99.6
19510601 19510630    53.0
19510701 19510731    70.3
19510801 19510831    74.4
19510901 19510930    11.8
19511001 19511031    82.1
19511101 19511130    14.1
19511201 19511231    28.4
19520101 19520131    96.5
19520201 19520229    32.6
19520301 19520331     7.6
19520401 19520430    28.7
19520501 19520531    53.8
19520601 19520630    90.8
19520701 19520731    45.5
19520801 19520831    37.5
19520901 19520930    37.4
19521001 19521031    37.0
19521101 19521130    53.6
19521201 19521231    14.8
19530101 19530131    17.2
19530201 19530228     0.0
19530301 19530331     4.8
19530401 19530430    24.3
19530501 19530531    29.2
19530601 19530630    89.0
19530701 19530731    79.4
19530801 19530831    64.6
19530901 19530930    70.5
19531001 19531031    53.8
19531101 19531130    43.7
19531201 19531231    36.5
19540101 19540131    24.0
19540201 19540228     0.8
19540301 19540331     5.9
19540401 19540430    86.7
19540501 19540531    11.9
19540601 19540630    45.1
19540701 19540731    47.5
19540801 19540831    21.6
19540901 19540930    23.1
19541001 19541031    41.9
19541101 19541130    30.8
19541201 19541231    48.1
19550101 19550131     2.4
19550201 19550228    37.3
19550301 19550331    28.0
19550401 19550430    25.9
19550501 19550531    71.4
19550601 19550630   103.4
19550701 19550731    33.5
19550801 19550831   146.0
19550901 19550930    29.0
19551001 19551031    52.8
19551101 19551130    54.6
19551201 19551231    16.5
19560101 19560131    13.7
19560201 19560229     1.6
19560301 19560331    54.1
19560401 19560430    70.9
19560501 19560531    65.3
19560601 19560630    86.4
19560701 19560731    64.2
19560801 19560831    71.1
19560901 19560930    51.4
19561001 19561031    63.0
19561101 19561130    14.0
19561201 19561231    13.5
19570101 19570131     1.5
19570201 19570228    40.0
19570301 19570331    21.9
19570401 19570430    17.3
19570501 19570531    28.7
19570601 19570630    35.3
19570701 19570731    46.1
19570801 19570831    46.3
19570901 19570930    35.6
19571001 19571031    46.3
19571101 19571130    33.4
19571201 19571231    11.3
19580101 19580131     0.0
19580201 19580228     0.8
19580301 19580331    11.0
19580401 19580430     9.1
19580501 19580531   114.9
19580601 19580630    10.0
19580701 19580731    75.1
19580801 19580831    82.1
19580901 19580930    46.1
19581001 19581031   100.5
19581101 19581130    36.1
19581201 19581231     2.6
19590101 19590131     3.1
19590201 19590228    31.3
19590301 19590331    34.0
19590401 19590430     1.6
19590501 19590531    38.2
19590601 19590630    14.3
19590701 19590731    25.0
19590801 19590831    74.1
19590901 19590930    28.8
19591001 19591031    25.5
19591101 19591130    18.8
19591201 19591231    18.8
19600101 19600131    35.1
19600201 19600229    48.1
19600301 19600331    20.4
19600401 19600430    64.7
19600501 19600531   137.8
19600601 19600630    29.5
19600701 19600731    39.6
19600801 19600831    39.0
19600901 19600930    92.0
19601001 19601031    24.6
19601101 19601130    30.0
19601201 19601231    28.8
19610101 19610131     2.3
19610201 19610228    15.0
19610301 19610331     6.8
19610401 19610430    88.0
19610501 19610531    15.0
19610601 19610630    43.2
19610701 19610731    62.6
19610801 19610831    28.6
19610901 19610930    46.3
19611001 19611031    18.1
19611101 19611130    24.9
19611201 19611231   103.4
19620101 19620131    10.2
19620201 19620228    21.8
19620301 19620331    16.8
19620401 19620430     9.1
19620501 19620531    77.6
19620601 19620630    84.3
19620701 19620731    29.5
19620801 19620831    50.4
19620901 19620930    82.5
19621001 19621031    67.0
19621101 19621130    15.8
19621201 19621231    27.9
19630101 19630131    87.1
19630201 19630228     7.6
19630301 19630331     8.9
19630401 19630430    10.4
19630501 19630531    49.0
19630601 19630630    63.4
19630701 19630731    57.5
19630801 19630831    49.3
19630901 19630930    56.9
19631001 19631031    19.0
19631101 19631130     2.1
19631201 19631231     5.8
19640101 19640131     5.0
19640201 19640229    12.5
19640301 19640331    11.4
19640401 19640430    51.8
19640501 19640531    24.1
19640601 19640630    70.3
19640701 19640731   102.4
19640801 19640831    56.0
19640901 19640930    83.9
19641001 19641031    70.1
19641101 19641130    99.4
19641201 19641231    29.3
19650101 19650131     4.1
19650201 19650228     0.0
19650301 19650331     6.4
19650401 19650430    20.4
19650501 19650531    65.5
19650601 19650630    17.6
19650701 19650731    67.9
19650801 19650831    54.6
19650901 19650930    21.8
19651001 19651031    11.4
19651101 19651130    39.1
19651201 19651231    15.5
19660101 19660131    10.3
19660201 19660228    20.4
19660301 19660331    10.1
19660401 19660430     9.6
19660501 19660531    21.8
19660601 19660630    48.0
19660701 19660731    75.6
19660801 19660831    20.4
19660901 19660930    42.2
19661001 19661031    58.5
19661101 19661130    13.6
19661201 19661231    51.5
19670101 19670131     7.1
19670201 19670228    43.4
19670301 19670331     2.6
19670401 19670430     6.3
19670501 19670531    15.5
19670601 19670630     6.4
19670701 19670731    43.3
19670801 19670831    43.6
19670901 19670930    22.0
19671001 19671031     3.8
19671101 19671130     9.5
19671201 19671231    26.0
19680101 19680131    17.8
19680201 19680229    13.9
19680301 19680331    28.9
19680401 19680430    36.5
19680501 19680531    80.1
19680601 19680630    49.9
19680701 19680731    50.6
19680801 19680831    76.1
19680901 19680930    20.9
19681001 19681031    70.4
19681101 19681130    58.2
19681201 19681231    10.5
19690101 19690131    15.8
19690201 19690228    52.2
19690301 19690331    48.8
19690401 19690430    27.0
19690501 19690531    21.0
19690601 19690630    10.9
19690701 19690731    65.0
19690801 19690831    60.2
19690901 19690930    34.5
19691001 19691031    30.0
19691101 19691130    17.3
19691201 19691231    30.8
19700101 19700131    19.8
19700201 19700228     1.3
19700301 19700331    22.8
19700401 19700430    85.6
19700501 19700531    47.3
19700601 19700630    48.0
19700701 19700731    34.3
19700801 19700831    66.6
19700901 19700930    30.1
19701001 19701031    22.6
19701101 19701130    97.3
19701201 19701231    31.6
19710101 19710131     5.4
19710201 19710228     9.4
19710301 19710331    22.0
19710401 19710430    96.2
19710501 19710531    69.9
19710601 19710630    59.3
19710701 19710731    20.8
19710801 19710831    58.3
19710901 19710930    50.3
19711001 19711031    52.9
19711101 19711130    51.8
19711201 19711231    30.3
19720101 19720131    27.0
19720201 19720229    48.7
19720301 19720331     1.3
19720401 19720430    39.2
19720501 19720531    17.6
19720601 19720630    24.6
19720701 19720731    63.6
19720801 19720831    56.5
19720901 19720930    18.8
19721001 19721031    15.5
19721101 19721130    33.6
19721201 19721231     0.3
19730101 19730131    34.6
19730201 19730228    73.4
19730301 19730331    31.3
19730401 19730430    39.9
19730501 19730531    68.6
19730601 19730630    61.6
19730701 19730731    52.2
19730801 19730831    72.0
19730901 19730930    83.8
19731001 19731031   109.8
19731101 19731130    15.8
19731201 19731231    61.7
19740101 19740131   101.0
19740201 19740228    24.0
19740301 19740331    68.8
19740401 19740430    75.4
19740501 19740531    94.2
19740601 19740630    30.0
19740701 19740731    63.4
19740801 19740831    64.8
19740901 19740930    72.2
19741001 19741031    93.4
19741101 19741130    16.2
19741201 19741231    16.0
19750101 19750131    30.6
19750201 19750228     0.6
19750301 19750331    33.7
19750401 19750430    16.0
19750501 19750531    53.2
19750601 19750630    13.0
19750701 19750731    59.2
19750801 19750831    44.2
19750901 19750930    53.0
19751001 19751031   172.4
19751101 19751130    30.4
19751201 19751231    17.8
19760101 19760131    10.8
19760201 19760229    26.0
19760301 19760331     9.2
19760401 19760430    22.6
19760501 19760531    12.8
19760601 19760630    41.2
19760701 19760731    26.6
19760801 19760831    39.6
19760901 19760930    75.8
19761001 19761031    38.4
19761101 19761130    58.6
19761201 19761231    27.4
19770101 19770131    26.8
19770201 19770228     9.4
19770301 19770331    31.4
19770401 19770430     9.6
19770501 19770531    41.8
19770601 19770630    52.0
19770701 19770731    22.0
19770801 19770831    28.2
19770901 19770930    20.2
19771001 19771031    26.2
19771101 19771130    49.6
19771201 19771231     3.6
19780101 19780131    11.4
19780201 19780228     5.8
19780301 19780331    11.2
19780401 19780430    64.4
19780501 19780531    42.4
19780601 19780630    41.6
19780701 19780731    69.4
19780801 19780831    43.0
19780901 19780930    83.0
19781001 19781031    21.0
19781101 19781130    55.8
19781201 19781231    13.8
19790101 19790131    66.4
19790201 19790228    12.8
19790301 19790331     1.4
19790401 19790430    28.2
19790501 19790531    41.8
19790601 19790630    26.8
19790701 19790731    38.2
19790801 19790831    86.4
19790901 19790930   106.2
19791001 19791031    59.4
19791101 19791130    70.0
19791201 19791231    12.4
19800101 19800131     4.4
19800201 19800229     0.2
19800301 19800331     3.8
19800401 19800430    55.6
19800501 19800531    40.4
19800601 19800630    58.0
19800701 19800731    77.0
19800801 19800831    47.2
19800901 19800930    33.4
19801001 19801031    76.4
19801101 19801130    20.8
19801201 19801231    10.2
19810101 19810131    21.0
19810201 19810228    12.2
19810301 19810331    12.4
19810401 19810430     2.4
19810501 19810531    65.4
19810601 19810630    77.6
19810701 19810731   104.8
19810801 19810831   118.2
19810901 19810930    33.8
19811001 19811031    43.4
19811101 19811130    44.8
19811201 19811231     8.8
19820101 19820131    25.6
19820201 19820228     8.0
19820301 19820331    25.4
19820401 19820430    24.4
19820501 19820531    33.2
19820601 19820630    41.8
19820701 19820731    15.2
19820801 19820831    18.6
19820901 19820930    15.6
19821001 19821031    10.8
19821101 19821130     6.0
19821201 19821231     6.8
19830101 19830131    15.8
19830201 19830228     0.0
19830301 19830331   123.8
19830401 19830430    37.0
19830501 19830531    50.2
19830601 19830630    38.2
19830701 19830731    40.4
19830801 19830831    57.2
19830901 19830930    67.2
19831001 19831031    33.8
19831101 19831130    46.2
19831201 19831231    27.2
19840101 19840131    47.2
19840201 19840229     3.0
19840301 19840331    63.2
19840401 19840430    17.0
19840501 19840531    17.8
19840601 19840630    25.0
19840701 19840731    68.0
19840801 19840831    96.2
19840901 19840930    39.8
19841001 19841031    13.8
19841101 19841130    50.0
19841201 19841231     8.6
19850101 19850131    11.4
19850201 19850228     1.0
19850301 19850331    18.6
19850401 19850430    25.8
19850501 19850531    40.2
19850601 19850630    27.6
19850701 19850731    28.0
19850801 19850831    74.6
19850901 19850930    39.8
19851001 19851031    63.6
19851101 19851130    16.4
19851201 19851231    45.6
19860101 19860131     4.0
19860201 19860228     1.8
19860301 19860331     0.0
19860401 19860430    41.0
19860501 19860531    50.6
19860601 19860630    31.8
19860701 19860731    85.2
19860801 19860831    87.6
19860901 19860930    51.4
19861001 19861031    84.8
19861101 19861130    12.2
19861201 19861231    56.4
19870101 19870131    23.2
19870201 19870228    43.4
19870301 19870331    16.8
19870401 19870430    20.0
19870501 19870531    93.0
19870601 19870630    39.2
19870701 19870731    46.6
19870801 19870831    35.6
19870901 19870930     8.6
19871001 19871031    43.6
19871101 19871130    14.0
19871201 19871231    63.2
19880101 19880131    29.6
19880201 19880229    15.2
19880301 19880331    10.2
19880401 19880430    16.8
19880501 19880531   141.0
19880601 19880630   126.8
19880701 19880731    52.6
19880801 19880831    31.0
19880901 19880930    55.0
19881001 19881031    31.4
19881101 19881130    18.0
19881201 19881231    13.6
19890101 19890131     3.4
19890201 19890228    28.4
19890301 19890331    11.0
19890401 19890430    25.2
19890501 19890531    50.8
19890601 19890630    57.6
19890701 19890731    64.8
19890801 19890831    68.6
19890901 19890930    42.0
19891001 19891031    64.8
19891101 19891130    10.6
19891201 19891231    16.0
19900101 19900131    14.4
19900201 19900228    28.6
19900301 19900331    16.8
19900401 19900430     9.4
19900501 19900531    11.6
19900601 19900630    64.8
19900701 19900731    88.6
19900801 19900831    91.2
19900901 19900930    38.4
19901001 19901031    30.0
19901101 19901130    16.6
19901201 19901231    20.6
19910101 19910131    67.8
19910201 19910228     0.0
19910301 19910331    10.2
19910401 19910430    21.8
19910501 19910531    11.2
19910601 19910630   116.0
19910701 19910731    52.6
19910801 19910831   110.6
19910901 19910930    70.6
19911001 19911031     4.4
19911101 19911130    30.0
19911201 19911231    15.6
19920101 19920131     1.0
19920201 19920229    12.6
19920301 19920331    29.0
19920401 19920430    60.6
19920501 19920531    61.2
19920601 19920630    33.8
19920701 19920731    42.6
19920801 19920831    86.8
19920901 19920930    89.8
19921001 19921031    72.6
19921101 19921130    61.8
19921201 19921231    61.0
19930101 19930131    27.6
19930201 19930228     7.4
19930301 19930331    17.4
19930401 19930430     1.4
19930501 19930531 99999.9
19930601 19930630    26.0
19930701 19930731    80.4
19930801 19930831    45.0
19930901 19930930    74.2
19931001 19931031    55.6
19931101 19931130    30.6
19931201 19931231    39.2
19940101 19940131    22.2
19940201 19940228    16.4
19940301 19940331     0.0
19940401 19940430    11.2
19940501 19940531    27.0
19940601 19940630    71.8
19940701 19940731    34.0
19940801 19940831    22.8
19940901 19940930    24.4
19941001 19941031    36.6
19941101 19941130    18.2
19941201 19941231     2.0
19950101 19950131    24.0
19950201 19950228    17.6
19950301 19950331     3.2
19950401 19950430    55.0
19950501 19950531    48.8
19950601 19950630    71.8
19950701 19950731    76.6
19950801 19950831    29.0
19950901 19950930    31.2
19951001 19951031    58.8
19951101 19951130     7.4
19951201 19951231     5.4
19960101 19960131    16.0
19960201 19960229    30.8
19960301 19960331    16.0
19960401 19960430    21.6
19960501 19960531    13.6
19960601 19960630    79.4
19960701 19960731    61.2
19960801 19960831    78.4
19960901 19960930    90.8
19961001 19961031    22.4
19961101 19961130     9.6
19961201 19961231    27.8
19970101 19970131    25.2
19970201 19970228     3.6
19970301 19970331    14.0
19970401 19970430     1.4
19970501 19970531    64.4
19970601 19970630    18.2
19970701 19970731    16.2
19970801 19970831    49.0
19970901 19970930    62.0
19971001 19971031    23.0
19971101 19971130    27.4
19971201 19971231     8.0
19980101 19980131    32.4
19980201 19980228    14.6
19980301 19980331     4.2
19980401 19980430    63.8
19980501 19980531    26.4
19980601 19980630    46.2
19980701 19980731    42.6
19980801 19980831    23.4
19980901 19980930    55.6
19981001 19981031    73.8
19981101 19981130    21.6
19981201 19981231    11.2
19990101 19990131     6.4
19990201 19990228    21.8
19990301 19990331    41.4
19990401 19990430     0.0
19990501 19990531    57.8
19990601 19990630    22.0
19990701 19990731    25.4
19990801 19990831    44.0
19990901 19990930    29.2
19991001 19991031    48.8
19991101 19991130    44.8
19991201 19991231    79.6
20000101 20000131     1.0
20000201 20000229    85.0
20000301 20000331    10.8
20000401 20000430    31.0
20000501 20000531    26.0
20000601 20000630    46.6
20000701 20000731    53.6
20000801 20000831    35.4
20000901 20000930    55.2
20001001 20001031    44.0
20001101 20001130    59.4
20001201 20001231    25.4
20010101 20010131     6.4
20010201 20010228    11.0
20010301 20010331    33.0
20010401 20010430    10.8
20010501 20010531    21.6
20010601 20010630    54.2
20010701 20010731    38.8
20010801 20010831    67.0
20010901 20010930    79.8
20011001 20011031    64.2
20011101 20011130    22.4
20011201 20011231     9.4
20020101 20020131    30.4
20020201 20020228     1.0
20020301 20020331     1.6
20020401 20020430     8.8
20020501 20020531    31.2
20020601 20020630    45.4
20020701 20020731    36.0
20020801 20020831    34.2
20020901 20020930    33.8
20021001 20021031    14.4
20021101 20021130    37.0
20021201 20021231    16.6
20030101 20030131     9.0
20030201 20030228    65.4
20030301 20030331     7.2
20030401 20030430    11.0
20030501 20030531    38.4
20030601 20030630    82.4
20030701 20030731    53.8
20030801 20030831    76.8
20030901 20030930    37.6
20031001 20031031    46.6
20031101 20031130     6.8
20031201 20031231    50.4
20040101 20040131     8.6
20040201 20040229     1.4
20040301 20040331    22.8
20040401 20040430     4.6
20040501 20040531    21.6
20040601 20040630    60.0
20040701 20040731    48.8
20040801 20040831    62.8
20040901 20040930    24.6
20041001 20041031     7.6
20041101 20041130    48.6
20041201 20041231    23.2
20050101 20050131    21.2
20050201 20050228    28.8
20050301 20050331     5.4
20050401 20050430     7.0
20050501 20050531    12.4
20050601 20050630    57.2
20050701 20050731    23.6
20050801 20050831    71.8
20050901 20050930    33.0
20051001 20051031    72.2
20051101 20051130    38.2
20051201 20051231    20.4
20060101 20060131    20.2
20060201 20060228    11.6
20060301 20060331     7.8
20060401 20060430    35.0
20060501 20060531    23.4
20060601 20060630     2.4
20060701 20060731    31.2
20060801 20060831    18.2
20060901 20060930    21.6
20061001 20061031     0.8
20061101 20061130     9.0
20061201 20061231     6.0
20070101 20070131    96.8
20070201 20070228    11.4
20070301 20070331     8.8
20070401 20070430    43.0
20070501 20070531    74.6
20070601 20070630    10.2
20070701 20070731    62.2
20070801 20070831    34.6
20070901 20070930    35.4
20071001 20071031    14.0
20071101 20071130    37.8
20071201 20071231    43.8
20080101 20080131    35.8
20080201 20080229     1.4
20080301 20080331    15.6
20080401 20080430    11.6
20080501 20080531    42.8
20080601 20080630    21.4
20080701 20080731    42.4
20080801 20080831    38.0
20080901 20080930    22.0
20081001 20081031     6.6
20081101 20081130    13.0
20081201 20081231    47.6
20090101 20090131     0.0
20090201 20090228     1.4
20090301 20090331    10.0
20090401 20090430    31.4
20090501 20090531    21.6
20090601 20090630    37.4
20090701 20090731    66.6
20090801 20090831    50.6
20090901 20090930    60.8
20091001 20091031    14.8
20091101 20091130    71.4
20091201 20091231    23.8
20100101 20100131    11.8
20100201 20100228    36.0
20100301 20100331    35.0
20100401 20100430    49.2
20100501 20100531    24.8
20100601 20100630    34.8
20100701 20100731    38.8
20100801 20100831    92.4
20100901 20100930    59.2
20101001 20101031    37.0
20101101 20101130 99999.9
20101201 20101231   102.2
20110101 20110131    67.0
20110201 20110228    55.0
20110301 20110331    84.6
20110401 20110430    13.4
20110501 20110531    18.4
20110601 20110630    35.8
20110701 20110731    61.8
20110801 20110831    42.0
20110901 20110930    20.6
20111001 20111031    37.4
20111101 20111130    29.4
20111201 20111231    26.4
20120101 20120131    28.2
20120201 20120229     1.2
20120301 20120331    58.6
20120401 20120430    14.8
20120501 20120531    54.8
20120601 20120630    71.0
20120701 20120731    37.4
20120801 20120831    47.8
20120901 20120930    35.4
20121001 20121031    20.6
20121101 20121130    12.8
20121201 20121231    30.8
20130101 20130131     3.0
20130201 20130228    17.0
20130301 20130331     2.8
20130401 20130430    11.4
20130501 20130531    35.6
20130601 20130630   130.3
20130701 20130731    71.4
20130801 20130831    65.4
20130901 20130930    42.4
20131001 20131031    33.0
20131101 20131130     8.4
20131201 20131231     3.0
20140101 20140131    10.6
20140201 20140228    11.6
20140301 20140331     8.4
20140401 20140430    42.8
20140501 20140531    28.0
20140601 20140630    53.8
20140701 20140731    41.4
20140801 20140831    27.8
20140901 20140930    17.4
20141001 20141031     1.8
20141101 20141130    22.2
20141201 20141231     6.4
20150101 20150131    63.2
20150201 20150228     0.4
20150301 20150331     3.6
20150401 20150430    20.4
20150501 20150531    35.8
20150601 20150630    29.0
20150701 20150731    39.4
20150801 20150831    22.8
20150901 20150930    30.4
20151001 20151031     2.8
20151101 20151130    35.2
20151201 20151231     9.4
20160101 20160131    53.0
20160201 20160229    17.0
20160301 20160331    32.8
20160401 20160430     9.2
20160501 20160531    51.4
20160601 20160630    51.6
20160701 20160731    80.6
20160801 20160831    48.4
20160901 20160930   114.4
20161001 20161031    72.6
20161101 20161130    15.4
20161201 20161231    31.4
20170101 20170131    25.4
20170201 20170228    14.4
20170301 20170331     7.0
20170401 20170430    72.0
20170501 20170531    43.6
20170601 20170630     4.0
20170701 20170731    66.6
20170801 20170831    70.8
20170901 20170930    40.2
20171001 20171031    44.4
20171101 20171130    44.2
20171201 20171231    27.8
20180101 20180131    11.2
