PRCP       056023 19121201 20180131 missing_value=99999.9 OLD KOREELAH (MCPHERSON)                  
19121201 19121231    73.9
19130101 19130131   100.2
19130201 19130228    63.4
19130301 19130331    93.6
19130401 19130430    89.8
19130501 19130531   125.1
19130601 19130630   120.7
19130701 19130731    18.1
19130801 19130831     0.8
19130901 19130930    87.1
19131001 19131031    37.6
19131101 19131130    19.3
19131201 19131231    68.6
19140101 19140131    46.5
19140201 19140228   129.0
19140301 19140331   187.5
19140401 19140430    39.6
19140501 19140531    57.5
19140601 19140630    71.3
19140701 19140731    43.9
19140801 19140831    26.1
19140901 19140930    17.0
19141001 19141031    80.1
19141101 19141130    94.3
19141201 19141231   117.6
19150101 19150131    84.0
19150201 19150228    56.6
19150301 19150331    26.9
19150401 19150430    20.1
19150501 19150531    55.7
19150601 19150630     8.9
19150701 19150731    57.9
19150801 19150831    45.2
19150901 19150930    15.8
19151001 19151031    12.2
19151101 19151130     0.0
19151201 19151231    96.8
19160101 19160131   106.1
19160201 19160229   178.1
19160301 19160331    48.7
19160401 19160430   143.5
19160501 19160531    57.5
19160601 19160630    50.9
19160701 19160731    45.3
19160801 19160831    37.6
19160901 19160930    52.4
19161001 19161031    76.5
19161101 19161130   103.1
19161201 19161231    68.0
19170101 19170131   244.7
19170201 19170228   129.3
19170301 19170331    67.1
19170401 19170430     9.3
19170501 19170531     8.7
19170601 19170630     8.1
19170701 19170731    17.8
19170801 19170831    19.0
19170901 19170930   158.5
19171001 19171031    59.7
19171101 19171130   190.5
19171201 19171231   121.0
19180101 19180131   138.2
19180201 19180228    40.1
19180301 19180331    61.1
19180401 19180430    83.3
19180501 19180531    15.2
19180601 19180630     7.9
19180701 19180731    10.8
19180801 19180831    42.6
19180901 19180930     0.0
19181001 19181031    22.9
19181101 19181130    25.1
19181201 19181231    78.0
19190101 19190131    24.1
19190201 19190228    23.9
19190301 19190331   186.6
19190401 19190430    37.1
19190501 19190531   124.3
19190601 19190630    21.0
19190701 19190731     6.1
19190801 19190831    11.7
19190901 19190930    10.1
19191001 19191031    34.8
19191101 19191130    16.0
19191201 19191231    55.7
19200101 19200131   173.0
19200201 19200229    46.0
19200301 19200331    60.8
19200401 19200430    32.7
19200501 19200531    60.4
19200601 19200630    46.3
19200701 19200731   101.6
19200801 19200831    36.3
19200901 19200930    54.4
19201001 19201031    80.4
19201101 19201130    79.1
19201201 19201231    92.4
19210101 19210131    81.0
19210201 19210228    49.3
19210301 19210331   107.1
19210401 19210430    63.9
19210501 19210531    53.2
19210601 19210630   150.9
19210701 19210731   218.0
19210801 19210831    11.3
19210901 19210930    69.2
19211001 19211031    25.7
19211101 19211130    17.3
19211201 19211231   181.4
19220101 19220131    53.3
19220201 19220228   159.7
19220301 19220331    21.6
19220401 19220430     0.0
19220501 19220531    32.1
19220601 19220630    36.3
19220701 19220731    75.7
19220801 19220831     7.6
19220901 19220930    58.7
19221001 19221031    24.9
19221101 19221130    44.1
19221201 19221231   117.5
19230101 19230131    44.1
19230201 19230228    10.4
19230301 19230331    40.2
19230401 19230430   124.2
19230501 19230531     3.0
19230601 19230630    57.9
19230701 19230731    34.5
19230801 19230831    37.2
19230901 19230930    33.3
19231001 19231031    18.1
19231101 19231130    11.1
19231201 19231231    96.6
19240101 19240131   143.5
19240201 19240229   111.0
19240301 19240331    63.6
19240401 19240430    75.2
19240501 19240531    14.2
19240601 19240630   108.7
19240701 19240731    96.8
19240801 19240831    31.2
19240901 19240930    48.4
19241001 19241031    67.8
19241101 19241130    89.3
19241201 19241231    85.6
19250101 19250131   143.1
19250201 19250228    56.2
19250301 19250331   231.4
19250401 19250430    50.3
19250501 19250531   112.3
19250601 19250630   120.2
19250701 19250731    33.3
19250801 19250831    96.8
19250901 19250930    20.1
19251001 19251031    13.2
19251101 19251130   174.9
19251201 19251231    54.9
19260101 19260131    88.9
19260201 19260228     0.0
19260301 19260331    23.0
19260401 19260430    40.5
19260501 19260531    67.8
19260601 19260630    40.6
19260701 19260731    34.9
19260801 19260831    18.5
19260901 19260930    21.9
19261001 19261031    21.6
19261101 19261130     6.6
19261201 19261231   131.4
19270101 19270131   275.3
19270201 19270228    74.7
19270301 19270331   183.5
19270401 19270430    66.0
19270501 19270531     0.0
19270601 19270630    80.6
19270701 19270731    25.1
19270801 19270831     7.7
19270901 19270930    18.3
19271001 19271031    83.8
19271101 19271130   158.0
19271201 19271231   100.6
19280101 19280131   152.9
19280201 19280229   482.9
19280301 19280331    67.8
19280401 19280430   249.2
19280501 19280531    50.8
19280601 19280630    58.4
19280701 19280731    70.9
19280801 19280831    14.4
19280901 19280930     0.0
19281001 19281031    45.4
19281101 19281130    22.0
19281201 19281231   123.4
19290101 19290131   132.0
19290201 19290228   195.5
19290301 19290331   180.6
19290401 19290430   115.0
19290501 19290531    21.5
19290601 19290630   143.2
19290701 19290731    16.2
19290801 19290831    15.0
19290901 19290930    12.9
19291001 19291031    53.1
19291101 19291130    30.7
19291201 19291231    49.9
19300101 19300131    86.4
19300201 19300228    61.5
19300301 19300331    80.7
19300401 19300430    78.5
19300501 19300531   164.4
19300601 19300630   164.7
19300701 19300731    61.2
19300801 19300831    38.2
19300901 19300930    24.3
19301001 19301031   128.0
19301101 19301130    22.0
19301201 19301231    25.8
19310101 19310131    57.3
19310201 19310228   229.3
19310301 19310331   101.5
19310401 19310430    91.2
19310501 19310531    83.5
19310601 19310630    40.1
19310701 19310731    59.7
19310801 19310831    18.1
19310901 19310930    55.1
19311001 19311031    26.7
19311101 19311130   123.5
19311201 19311231   136.9
19320101 19320131    36.1
19320201 19320229    21.8
19320301 19320331     9.9
19320401 19320430   120.1
19320501 19320531    48.4
19320601 19320630    10.0
19320701 19320731    35.6
19320801 19320831    14.5
19320901 19320930   103.8
19321001 19321031    43.9
19321101 19321130   128.3
19321201 19321231    55.3
19330101 19330131   143.6
19330201 19330228    86.5
19330301 19330331    15.5
19330401 19330430    63.2
19330501 19330531    14.4
19330601 19330630    55.5
19330701 19330731    69.7
19330801 19330831    15.8
19330901 19330930    63.5
19331001 19331031    55.0
19331101 19331130   198.4
19331201 19331231   181.5
19340101 19340131   121.5
19340201 19340228   123.9
19340301 19340331    35.9
19340401 19340430   103.5
19340501 19340531    73.6
19340601 19340630    17.8
19340701 19340731    99.8
19340801 19340831    26.2
19340901 19340930    87.1
19341001 19341031    52.3
19341101 19341130    70.6
19341201 19341231   139.9
19350101 19350131    57.7
19350201 19350228    83.1
19350301 19350331    37.9
19350401 19350430    35.0
19350501 19350531    45.9
19350601 19350630    24.7
19350701 19350731    83.9
19350801 19350831    22.6
19350901 19350930   110.5
19351001 19351031    86.5
19351101 19351130    21.6
19351201 19351231   113.2
19360101 19360131   136.6
19360201 19360229    16.0
19360301 19360331   178.4
19360401 19360430    22.1
19360501 19360531    37.9
19360601 19360630    27.7
19360701 19360731    52.4
19360801 19360831     4.5
19360901 19360930    46.3
19361001 19361031    11.6
19361101 19361130    32.2
19361201 19361231   132.3
19370101 19370131    98.4
19370201 19370228    78.8
19370301 19370331   166.9
19370401 19370430    26.1
19370501 19370531     6.4
19370601 19370630    37.9
19370701 19370731    20.0
19370801 19370831    62.2
19370901 19370930    22.9
19371001 19371031    69.7
19371101 19371130   135.6
19371201 19371231   164.3
19380101 19380131   193.7
19380201 19380228    72.5
19380301 19380331   118.3
19380401 19380430    28.6
19380501 19380531    97.2
19380601 19380630    16.2
19380701 19380731    31.7
19380801 19380831    62.7
19380901 19380930    18.8
19381001 19381031    91.6
19381101 19381130    98.4
19381201 19381231    32.8
19390101 19390131    89.1
19390201 19390228    23.9
19390301 19390331   269.4
19390401 19390430    63.2
19390501 19390531    26.3
19390601 19390630    50.1
19390701 19390731    73.7
19390801 19390831    52.3
19390901 19390930    23.4
19391001 19391031    23.2
19391101 19391130    55.9
19391201 19391231    86.1
19400101 19400131    36.0
19400201 19400229   132.7
19400301 19400331   186.5
19400401 19400430    22.1
19400501 19400531    24.6
19400601 19400630    18.8
19400701 19400731     1.5
19400801 19400831     7.1
19400901 19400930    13.2
19401001 19401031    17.3
19401101 19401130   112.2
19401201 19401231   241.2
19410101 19410131   254.4
19410201 19410228    91.7
19410301 19410331    91.5
19410401 19410430    30.2
19410501 19410531    97.2
19410601 19410630    35.0
19410701 19410731     9.6
19410801 19410831     7.4
19410901 19410930     0.0
19411001 19411031    17.0
19411101 19411130    94.7
19411201 19411231    56.2
19420101 19420131    50.2
19420201 19420228   262.0
19420301 19420331    70.4
19420401 19420430    14.7
19420501 19420531    30.6
19420601 19420630    26.7
19420701 19420731    39.1
19420801 19420831     6.4
19420901 19420930    36.8
19421001 19421031   187.7
19421101 19421130    33.7
19421201 19421231   171.2
19430101 19430131   106.8
19430201 19430228    53.9
19430301 19430331    44.0
19430401 19430430    36.8
19430501 19430531    21.6
19430601 19430630     9.9
19430701 19430731    10.1
19430801 19430831    80.1
19430901 19430930    91.4
19431001 19431031    64.5
19431101 19431130    87.1
19431201 19431231   287.5
19440101 19440131   230.2
19440201 19440229    26.9
19440301 19440331    45.4
19440401 19440430     5.3
19440501 19440531    42.1
19440601 19440630    25.6
19440701 19440731    88.5
19440801 19440831    76.4
19440901 19440930    47.1
19441001 19441031    23.1
19441101 19441130    42.8
19441201 19441231    63.6
19450101 19450131    74.2
19450201 19450228   114.7
19450301 19450331    11.4
19450401 19450430    65.9
19450501 19450531    58.5
19450601 19450630   290.9
19450701 19450731    55.1
19450801 19450831    16.5
19450901 19450930    63.5
19451001 19451031    25.1
19451101 19451130    50.5
19451201 19451231    62.5
19460101 19460131   214.7
19460201 19460228    78.5
19460301 19460331   162.7
19460401 19460430    59.5
19460501 19460531    10.1
19460601 19460630     6.4
19460701 19460731     5.3
19460801 19460831     5.1
19460901 19460930    96.1
19461001 19461031    75.2
19461101 19461130   150.1
19461201 19461231    65.8
19470101 19470131   320.7
19470201 19470228   188.6
19470301 19470331    77.0
19470401 19470430    84.1
19470501 19470531    38.0
19470601 19470630    13.2
19470701 19470731    19.8
19470801 19470831    19.2
19470901 19470930    64.2
19471001 19471031    62.7
19471101 19471130    88.2
19471201 19471231   221.0
19480101 19480131    81.7
19480201 19480229    56.7
19480301 19480331   125.6
19480401 19480430    31.3
19480501 19480531    86.0
19480601 19480630   257.3
19480701 19480731    29.3
19480801 19480831     9.1
19480901 19480930    76.1
19481001 19481031     3.0
19481101 19481130    55.4
19481201 19481231    95.5
19490101 19490131    52.1
19490201 19490228   108.9
19490301 19490331   223.4
19490401 19490430    18.0
19490501 19490531    30.2
19490601 19490630   111.8
19490701 19490731    55.3
19490801 19490831    11.5
19490901 19490930    72.0
19491001 19491031   166.7
19491101 19491130    96.0
19491201 19491231    43.4
19500101 19500131   109.8
19500201 19500228   225.3
19500301 19500331    79.6
19500401 19500430    65.2
19500501 19500531    22.1
19500601 19500630   333.2
19500701 19500731   126.2
19500801 19500831    15.3
19500901 19500930    30.8
19501001 19501031   164.4
19501101 19501130    96.8
19501201 19501231    48.1
19510101 19510131   315.2
19510201 19510228    25.1
19510301 19510331    90.7
19510401 19510430    87.5
19510501 19510531    33.2
19510601 19510630    69.1
19510701 19510731     8.6
19510801 19510831    23.1
19510901 19510930    10.4
19511001 19511031    33.8
19511101 19511130     6.4
19511201 19511231    55.9
19520101 19520131    32.8
19520201 19520229    91.5
19520301 19520331    81.0
19520401 19520430    50.5
19520501 19520531   101.0
19520601 19520630    55.6
19520701 19520731    23.5
19520801 19520831    50.5
19520901 19520930    19.5
19521001 19521031   159.3
19521101 19521130    21.3
19521201 19521231    37.3
19530101 19530131   124.6
19530201 19530228   158.6
19530301 19530331    84.8
19530401 19530430    30.7
19530501 19530531    16.0
19530601 19530630    12.4
19530701 19530731     3.8
19530801 19530831    30.3
19530901 19530930     3.3
19531001 19531031    34.0
19531101 19531130    27.1
19531201 19531231    21.6
19540101 19540131    67.1
19540201 19540228   358.5
19540301 19540331    25.6
19540401 19540430    36.8
19540501 19540531    73.9
19540601 19540630    40.6
19540701 19540731   138.6
19540801 19540831    74.7
19540901 19540930    75.8
19541001 19541031   146.8
19541101 19541130    68.5
19541201 19541231    44.6
19550101 19550131    73.2
19550201 19550228    92.1
19550301 19550331   249.2
19550401 19550430   102.3
19550501 19550531   108.0
19550601 19550630    23.5
19550701 19550731    39.8
19550801 19550831    20.1
19550901 19550930    45.2
19551001 19551031    92.7
19551101 19551130    17.8
19551201 19551231   146.5
19560101 19560131   185.6
19560201 19560229   299.3
19560301 19560331    99.7
19560401 19560430    49.3
19560501 19560531    80.1
19560601 19560630    78.7
19560701 19560731    31.7
19560801 19560831     7.7
19560901 19560930     6.6
19561001 19561031    55.3
19561101 19561130    38.6
19561201 19561231   227.1
19570101 19570131    81.9
19570201 19570228    61.3
19570301 19570331    96.3
19570401 19570430     7.4
19570501 19570531     0.0
19570601 19570630    26.9
19570701 19570731    83.5
19570801 19570831    86.6
19570901 19570930     0.0
19571001 19571031    65.3
19571101 19571130     0.0
19571201 19571231    20.9
19580101 19580131    72.6
19580201 19580228   106.7
19580301 19580331    82.5
19580401 19580430    97.4
19580501 19580531     3.0
19580601 19580630   121.6
19580701 19580731     5.3
19580801 19580831    40.2
19580901 19580930    61.2
19581001 19581031    35.9
19581101 19581130    37.0
19581201 19581231    81.8
19590101 19590131   233.8
19590201 19590228   237.8
19590301 19590331   125.6
19590401 19590430    41.2
19590501 19590531    27.3
19590601 19590630    14.8
19590701 19590731    41.5
19590801 19590831    19.3
19590901 19590930    76.6
19591001 19591031   127.5
19591101 19591130   209.0
19591201 19591231   166.6
19600101 19600131    37.6
19600201 19600229   142.2
19600301 19600331    61.7
19600401 19600430    10.4
19600501 19600531    45.4
19600601 19600630    41.2
19600701 19600731    53.9
19600801 19600831    30.5
19600901 19600930     6.4
19601001 19601031    35.9
19601101 19601130    38.3
19601201 19601231    87.7
19610101 19610131    42.6
19610201 19610228   346.5
19610301 19610331    25.4
19610401 19610430    21.6
19610501 19610531    48.5
19610601 19610630    29.7
19610701 19610731    74.2
19610801 19610831    33.8
19610901 19610930    43.5
19611001 19611031    79.8
19611101 19611130    96.8
19611201 19611231   116.8
19620101 19620131   167.3
19620201 19620228    34.3
19620301 19620331   216.3
19620401 19620430   121.9
19620501 19620531    22.9
19620601 19620630     7.6
19620701 19620731   169.1
19620801 19620831    36.1
19620901 19620930    58.7
19621001 19621031    26.9
19621101 19621130    21.6
19621201 19621231   153.5
19630101 19630131    79.4
19630201 19630228    62.4
19630301 19630331   269.0
19630401 19630430    37.0
19630501 19630531   187.0
19630601 19630630    20.1
19630701 19630731     7.6
19630801 19630831    37.6
19630901 19630930     7.6
19631001 19631031    34.5
19631101 19631130   104.1
19631201 19631231    88.0
19640101 19640131    54.0
19640201 19640229    77.7
19640301 19640331   164.0
19640401 19640430    69.9
19640501 19640531    67.8
19640601 19640630    17.3
19640701 19640731    38.9
19640801 19640831    15.0
19640901 19640930    37.6
19641001 19641031    28.8
19641101 19641130    91.6
19641201 19641231   132.4
19650101 19650131    70.9
19650201 19650228    58.7
19650301 19650331     5.9
19650401 19650430    16.8
19650501 19650531    15.8
19650601 19650630    89.0
19650701 19650731   282.4
19650801 19650831    24.8
19650901 19650930    26.6
19651001 19651031    20.6
19651101 19651130    10.0
19651201 19651231   235.6
19660101 19660131     7.5
19660201 19660228    67.0
19660301 19660331    42.1
19660401 19660430    46.7
19660501 19660531     4.5
19660601 19660630    64.6
19660701 19660731     0.0
19660801 19660831    54.4
19660901 19660930    30.4
19661001 19661031    69.8
19661101 19661130    83.3
19661201 19661231    66.7
19670101 19670131   132.4
19670201 19670228    72.3
19670301 19670331   250.2
19670401 19670430    42.9
19670501 19670531    34.6
19670601 19670630   267.7
19670701 19670731    30.5
19670801 19670831    45.7
19670901 19670930    86.2
19671001 19671031    12.2
19671101 19671130    88.5
19671201 19671231    89.1
19680101 19680131   247.7
19680201 19680229   132.6
19680301 19680331    46.5
19680401 19680430    19.1
19680501 19680531    48.9
19680601 19680630    12.2
19680701 19680731    60.7
19680801 19680831    79.8
19680901 19680930    17.2
19681001 19681031    14.4
19681101 19681130    10.2
19681201 19681231    99.8
19690101 19690131   117.1
19690201 19690228    46.9
19690301 19690331    49.0
19690401 19690430     3.8
19690501 19690531    98.8
19690601 19690630    10.9
19690701 19690731    15.8
19690801 19690831    31.0
19690901 19690930    37.5
19691001 19691031   122.7
19691101 19691130    52.0
19691201 19691231    20.0
19700101 19700131    75.8
19700201 19700228    86.7
19700301 19700331    74.4
19700401 19700430    33.5
19700501 19700531     6.6
19700601 19700630     9.4
19700701 19700731     0.0
19700801 19700831    13.4
19700901 19700930    59.9
19701001 19701031    53.2
19701101 19701130    49.6
19701201 19701231   187.9
19710101 19710131   189.9
19710201 19710228   313.1
19710301 19710331    77.0
19710401 19710430    50.8
19710501 19710531    32.2
19710601 19710630     2.5
19710701 19710731    44.2
19710801 19710831    14.7
19710901 19710930    43.9
19711001 19711031    54.1
19711101 19711130    66.0
19711201 19711231    67.6
19720101 19720131   130.6
19720201 19720229   154.3
19720301 19720331   119.7
19720401 19720430    67.1
19720501 19720531    61.5
19720601 19720630    21.0
19720701 19720731    13.0
19720801 19720831    29.7
19720901 19720930     2.5
19721001 19721031   258.5
19721101 19721130    56.9
19721201 19721231   138.6
19730101 19730131   147.6
19730201 19730228   178.6
19730301 19730331    34.3
19730401 19730430    20.4
19730501 19730531     5.3
19730601 19730630    22.3
19730701 19730731   230.3
19730801 19730831    47.3
19730901 19730930    85.6
19731001 19731031    51.0
19731101 19731130   126.8
19731201 19731231    66.2
19740101 19740131   254.4
19740201 19740228    27.6
19740301 19740331   113.4
19740401 19740430    61.0
19740501 19740531    38.2
19740601 19740630    87.6
19740701 19740731    16.0
19740801 19740831    36.6
19740901 19740930    26.0
19741001 19741031    77.1
19741101 19741130   129.8
19741201 19741231    61.8
19750101 19750131    14.6
19750201 19750228   188.2
19750301 19750331   253.2
19750401 19750430    30.2
19750501 19750531    20.0
19750601 19750630    49.6
19750701 19750731    38.4
19750801 19750831    31.0
19750901 19750930    42.2
19751001 19751031    83.4
19751101 19751130    91.4
19751201 19751231   347.0
19760101 19760131   125.8
19760201 19760229   303.0
19760301 19760331   140.8
19760401 19760430    49.0
19760501 19760531    44.0
19760601 19760630    43.8
19760701 19760731    53.4
19760801 19760831    19.1
19760901 19760930    55.4
19761001 19761031    66.2
19761101 19761130   122.6
19761201 19761231    26.6
19770101 19770131    34.2
19770201 19770228    95.0
19770301 19770331   145.6
19770401 19770430    45.6
19770501 19770531    97.0
19770601 19770630    11.6
19770701 19770731    11.8
19770801 19770831    12.6
19770901 19770930     3.2
19771001 19771031    31.4
19771101 19771130    51.8
19771201 19771231    31.2
19780101 19780131   127.8
19780201 19780228    53.4
19780301 19780331   184.9
19780401 19780430    41.7
19780501 19780531    39.4
19780601 19780630    21.6
19780701 19780731    50.8
19780801 19780831    67.2
19780901 19780930    73.3
19781001 19781031    65.4
19781101 19781130    75.9
19781201 19781231   101.7
19790101 19790131   117.6
19790201 19790228    62.6
19790301 19790331   123.6
19790401 19790430    58.8
19790501 19790531    40.7
19790601 19790630   109.0
19790701 19790731    41.4
19790801 19790831     4.0
19790901 19790930     8.4
19791001 19791031    40.5
19791101 19791130    95.8
19791201 19791231    49.6
19800101 19800131    92.0
19800201 19800229    98.2
19800301 19800331    50.0
19800401 19800430     8.0
19800501 19800531   169.4
19800601 19800630    12.3
19800701 19800731    19.2
19800801 19800831    24.2
19800901 19800930     0.0
19801001 19801031    40.0
19801101 19801130    54.0
19801201 19801231    48.6
19810101 19810131    38.1
19810201 19810228   211.8
19810301 19810331    64.2
19810401 19810430    99.2
19810501 19810531    73.0
19810601 19810630    34.4
19810701 19810731    30.6
19810801 19810831    35.0
19810901 19810930    15.0
19811001 19811031    28.0
19811101 19811130   101.6
19811201 19811231   182.2
19820101 19820131    86.6
19820201 19820228    88.6
19820301 19820331   174.4
19820401 19820430    33.4
19820501 19820531    28.1
19820601 19820630    11.0
19820701 19820731    12.8
19820801 19820831    21.0
19820901 19820930    76.6
19821001 19821031   100.6
19821101 19821130    26.2
19821201 19821231   126.6
19830101 19830131    46.2
19830201 19830228    31.2
19830301 19830331    61.2
19830401 19830430    91.4
19830501 19830531   212.0
19830601 19830630   117.2
19830701 19830731    49.9
19830801 19830831    59.0
19830901 19830930    88.0
19831001 19831031   145.9
19831101 19831130   156.1
19831201 19831231   127.6
19840101 19840131    92.5
19840201 19840229    98.6
19840301 19840331    78.6
19840401 19840430   176.8
19840501 19840531    26.0
19840601 19840630    47.0
19840701 19840731   126.4
19840801 19840831    17.2
19840901 19840930    35.4
19841001 19841031    49.2
19841101 19841130   127.3
19841201 19841231    45.0
19850101 19850131    57.6
19850201 19850228    90.2
19850301 19850331    65.6
19850401 19850430   101.6
19850501 19850531    78.2
19850601 19850630    36.4
19850701 19850731    60.2
19850801 19850831    38.2
19850901 19850930    31.6
19851001 19851031    76.8
19851101 19851130    50.8
19851201 19851231   162.1
19860101 19860131    71.0
19860201 19860228   132.4
19860301 19860331    30.8
19860401 19860430     9.0
19860501 19860531   102.7
19860601 19860630     2.2
19860701 19860731    41.9
19860801 19860831    30.6
19860901 19860930     3.6
19861001 19861031    55.0
19861101 19861130   108.8
19861201 19861231    61.2
19870101 19870131   215.9
19870201 19870228    59.0
19870301 19870331   146.6
19870401 19870430    40.6
19870501 19870531   127.0
19870601 19870630    69.0
19870701 19870731    35.0
19870801 19870831    90.8
19870901 19870930    11.0
19871001 19871031    87.6
19871101 19871130    42.2
19871201 19871231   172.6
19880101 19880131   107.6
19880201 19880229    62.8
19880301 19880331    91.0
19880401 19880430   419.0
19880501 19880531    23.9
19880601 19880630   130.0
19880701 19880731   111.6
19880801 19880831    34.6
19880901 19880930    72.8
19881001 19881031    12.8
19881101 19881130    36.8
19881201 19881231   169.8
19890101 19890131   174.6
19890201 19890228    50.8
19890301 19890331   205.0
19890401 19890430   247.4
19890501 19890531    93.8
19890601 19890630    30.4
19890701 19890731    50.0
19890801 19890831    20.6
19890901 19890930     8.4
19891001 19891031    44.2
19891101 19891130   137.4
19891201 19891231   118.8
19900101 19900131    64.0
19900201 19900228   212.6
19900301 19900331    75.2
19900401 19900430   146.6
19900501 19900531   134.6
19900601 19900630    46.4
19900701 19900731    56.8
19900801 19900831    13.6
19900901 19900930    14.8
19901001 19901031    11.8
19901101 19901130    51.8
19901201 19901231    69.2
19910101 19910131   164.2
19910201 19910228   135.6
19910301 19910331    25.2
19910401 19910430     1.8
19910501 19910531    23.6
19910601 19910630    33.0
19910701 19910731    15.4
19910801 19910831     0.0
19910901 19910930     2.6
19911001 19911031    13.6
19911101 19911130    39.4
19911201 19911231   247.2
19920101 19920131    44.6
19920201 19920229   146.6
19920301 19920331    92.4
19920401 19920430    65.0
19920501 19920531    68.4
19920601 19920630    23.0
19920701 19920731    38.4
19920801 19920831    34.8
19920901 19920930    24.8
19921001 19921031    49.0
19921101 19921130    87.2
19921201 19921231    74.8
19930101 19930131    76.6
19930201 19930228    51.4
19930301 19930331    79.0
19930401 19930430    18.8
19930501 19930531    43.4
19930601 19930630    15.5
19930701 19930731    50.6
19930801 19930831    20.6
19930901 19930930    31.0
19931001 19931031    87.4
19931101 19931130    34.0
19931201 19931231   106.8
19940101 19940131    31.4
19940201 19940228    90.4
19940301 19940331   194.4
19940401 19940430    28.0
19940501 19940531    20.6
19940601 19940630     5.8
19940701 19940731    12.4
19940801 19940831     2.0
19940901 19940930    12.4
19941001 19941031    52.0
19941101 19941130    66.8
19941201 19941231   131.0
19950101 19950131    82.0
19950201 19950228   150.2
19950301 19950331    38.2
19950401 19950430     7.4
19950501 19950531    38.6
19950601 19950630    33.8
19950701 19950731     6.4
19950801 19950831     8.6
19950901 19950930    34.6
19951001 19951031    41.4
19951101 19951130   157.0
19951201 19951231   114.7
19960101 19960131   194.2
19960201 19960229    65.0
19960301 19960331    59.6
19960401 19960430    37.0
19960501 19960531   342.0
19960601 19960630    24.8
19960701 19960731    32.2
19960801 19960831    68.6
19960901 19960930    41.0
19961001 19961031    59.2
19961101 19961130    66.6
19961201 19961231   172.4
19970101 19970131    53.2
19970201 19970228   190.6
19970301 19970331    79.6
19970401 19970430    17.2
19970501 19970531    77.0
19970601 19970630    35.8
19970701 19970731    19.4
19970801 19970831     3.4
19970901 19970930    56.4
19971001 19971031   125.6
19971101 19971130   140.6
19971201 19971231   166.0
19980101 19980131   150.2
19980201 19980228   113.4
19980301 19980331    26.2
19980401 19980430    72.0
19980501 19980531    30.4
19980601 19980630    36.4
19980701 19980731   102.0
19980801 19980831    87.2
19980901 19980930    70.2
19981001 19981031    36.0
19981101 19981130    79.6
19981201 19981231    51.0
19990101 19990131   159.4
19990201 19990228   154.0
19990301 19990331   195.6
19990401 19990430    74.6
19990501 19990531    65.6
19990601 19990630    71.8
19990701 19990731   104.4
19990801 19990831    45.6
19990901 19990930    29.2
19991001 19991031   134.4
19991101 19991130    97.0
19991201 19991231   129.8
20000101 20000131    96.2
20000201 20000229    26.2
20000301 20000331    79.2
20000401 20000430    33.8
20000501 20000531    44.6
20000601 20000630    58.4
20000701 20000731     3.0
20000801 20000831    16.8
20000901 20000930     5.0
20001001 20001031    34.4
20001101 20001130    54.4
20001201 20001231    56.0
20010101 20010131    57.6
20010201 20010228   200.0
20010301 20010331   125.4
20010401 20010430    50.2
20010501 20010531    45.8
20010601 20010630    10.8
20010701 20010731    35.4
20010801 20010831    25.4
20010901 20010930    20.2
20011001 20011031    81.2
20011101 20011130   140.8
20011201 20011231    58.0
20020101 20020131    14.8
20020201 20020228    28.2
20020301 20020331   181.6
20020401 20020430    32.6
20020501 20020531    10.4
20020601 20020630    96.2
20020701 20020731     6.2
20020801 20020831    47.4
20020901 20020930    20.2
20021001 20021031    17.2
20021101 20021130    36.4
20021201 20021231   137.0
20030101 20030131    15.8
20030201 20030228   166.4
20030301 20030331    67.6
20030401 20030430    55.8
20030501 20030531    46.8
20030601 20030630    56.2
20030701 20030731    27.2
20030801 20030831     9.6
20030901 20030930     6.4
20031001 20031031    77.4
20031101 20031130     7.4
20031201 20031231   158.6
20040101 20040131   236.2
20040201 20040229   129.0
20040301 20040331   211.2
20040401 20040430    54.2
20040501 20040531    11.8
20040601 20040630     1.6
20040701 20040731    14.8
20040801 20040831    23.0
20040901 20040930    33.2
20041001 20041031    83.2
20041101 20041130   114.8
20041201 20041231    97.6
20050101 20050131    62.6
20050201 20050228    16.0
20050301 20050331    31.2
20050401 20050430    18.4
20050501 20050531    52.6
20050601 20050630   101.4
20050701 20050731    15.0
20050801 20050831    17.6
20050901 20050930    36.6
20051001 20051031   106.0
20051101 20051130    40.6
20051201 20051231    86.0
20060101 20060131   100.6
20060201 20060228    78.0
20060301 20060331    84.2
20060401 20060430    71.2
20060501 20060531    23.2
20060601 20060630    17.4
20060701 20060731    55.6
20060801 20060831    23.8
20060901 20060930    56.4
20061001 20061031     1.8
20061101 20061130    89.2
20061201 20061231    23.6
20070101 20070131    80.2
20070201 20070228    96.8
20070301 20070331    79.6
20070401 20070430    18.4
20070501 20070531    14.4
20070601 20070630    72.8
20070701 20070731     0.0
20070801 20070831    90.0
20070901 20070930    49.0
20071001 20071031    80.2
20071101 20071130   108.8
20071201 20071231    95.6
20080101 20080131   343.2
20080201 20080229   142.4
20080301 20080331    36.4
20080401 20080430    44.8
20080501 20080531    16.2
20080601 20080630    56.6
20080701 20080731    68.6
20080801 20080831    15.6
20080901 20080930    59.2
20081001 20081031    22.0
20081101 20081130   229.8
20081201 20081231    79.6
20090101 20090131    70.8
20090201 20090228   110.0
20090301 20090331    59.8
20090401 20090430    88.6
20090501 20090531   192.0
20090601 20090630    55.0
20090701 20090731     4.8
20090801 20090831     8.2
20090901 20090930    17.6
20091001 20091031    48.0
20091101 20091130    48.4
20091201 20091231   178.2
20100101 20100131    53.4
20100201 20100228   147.6
20100301 20100331   133.4
20100401 20100430    24.2
20100501 20100531    38.2
20100601 20100630    22.0
20100701 20100731    51.4
20100801 20100831    52.8
20100901 20100930    93.4
20101001 20101031   129.0
20101101 20101130   137.8
20101201 20101231   330.4
20110101 20110131   390.4
20110201 20110228   105.6
20110301 20110331   134.8
20110401 20110430    90.4
20110501 20110531    88.2
20110601 20110630    45.0
20110701 20110731    32.6
20110801 20110831    92.8
20110901 20110930    24.6
20111001 20111031    92.2
20111101 20111130    65.2
20111201 20111231    95.0
20120101 20120131   162.2
20120201 20120229   137.8
20120301 20120331    63.0
20120401 20120430 99999.9
20120501 20120531    34.8
20120601 20120630    81.4
20120701 20120731    30.0
20120801 20120831     2.6
20120901 20120930    18.8
20121001 20121031    36.4
20121101 20121130    45.2
20121201 20121231   155.6
20130101 20130131   309.0
20130201 20130228   153.0
20130301 20130331   103.2
20130401 20130430    44.0
20130501 20130531    50.0
20130601 20130630    77.0
20130701 20130731    39.6
20130801 20130831     2.4
20130901 20130930    30.4
20131001 20131031    43.2
20131101 20131130   123.8
20131201 20131231    46.2
20140101 20140131    30.4
20140201 20140228    24.0
20140301 20140331   188.4
20140401 20140430    21.4
20140501 20140531    30.8
20140601 20140630    33.0
20140701 20140731     4.0
20140801 20140831    74.4
20140901 20140930    22.4
20141001 20141031    10.4
20141101 20141130    51.0
20141201 20141231   188.2
20150101 20150131   141.0
20150201 20150228   149.4
20150301 20150331    93.0
20150401 20150430    61.4
20150501 20150531   124.6
20150601 20150630    26.0
20150701 20150731    31.6
20150801 20150831    64.4
20150901 20150930    39.2
20151001 20151031    40.6
20151101 20151130   111.4
20151201 20151231    82.0
20160101 20160131   100.0
20160201 20160229    62.0
20160301 20160331    34.0
20160401 20160430    13.4
20160501 20160531    24.6
20160601 20160630   163.2
20160701 20160731    14.0
20160801 20160831   133.6
20160901 20160930    71.0
20161001 20161031    56.2
20161101 20161130    49.6
20161201 20161231    69.6
20170101 20170131   109.2
20170201 20170228    30.2
20170301 20170331   311.8
20170401 20170430    26.0
20170501 20170531    21.6
20170601 20170630    69.2
20170701 20170731    21.6
20170801 20170831     6.0
20170901 20170930     5.2
20171001 20171031   152.6
20171101 20171130    87.0
20171201 20171231    90.8
20180101 20180131    43.4
