PRCP       086117 18920501 20180131 missing_value=99999.9 TOOROURRONG                               
18920501 18920531    68.0
18920601 18920630    62.0
18920701 18920731    64.2
18920801 18920831    53.1
18920901 18920930    59.6
18921001 18921031    70.7
18921101 18921130   114.5
18921201 18921231    46.8
18930101 18930131    54.6
18930201 18930228     6.2
18930301 18930331    43.8
18930401 18930430    37.5
18930501 18930531   116.6
18930601 18930630   124.1
18930701 18930731    79.4
18930801 18930831    81.1
18930901 18930930   126.8
18931001 18931031    90.9
18931101 18931130    89.2
18931201 18931231   121.7
18940101 18940131    56.1
18940201 18940228    14.2
18940301 18940331    31.2
18940401 18940430    69.8
18940501 18940531   113.6
18940601 18940630    68.8
18940701 18940731    92.1
18940801 18940831   111.3
18940901 18940930    96.1
18941001 18941031   150.2
18941101 18941130    19.1
18941201 18941231    81.7
18950101 18950131    75.2
18950201 18950228    33.6
18950301 18950331    45.4
18950401 18950430    65.2
18950501 18950531    17.2
18950601 18950630    59.0
18950701 18950731    59.4
18950801 18950831    43.3
18950901 18950930    42.5
18951001 18951031    25.2
18951101 18951130    12.7
18951201 18951231    76.5
18960101 18960131    59.5
18960201 18960229    61.8
18960301 18960331    21.9
18960401 18960430    65.5
18960501 18960531    56.6
18960601 18960630    99.0
18960701 18960731    88.2
18960801 18960831   144.8
18960901 18960930    60.3
18961001 18961031    14.8
18961101 18961130    31.1
18961201 18961231    42.2
18970101 18970131   188.6
18970201 18970228   105.3
18970301 18970331    49.2
18970401 18970430    42.6
18970501 18970531    56.2
18970601 18970630    46.5
18970701 18970731    60.2
18970801 18970831    89.5
18970901 18970930    56.5
18971001 18971031    45.9
18971101 18971130    29.4
18971201 18971231    35.6
18980101 18980131     7.4
18980201 18980228    45.7
18980301 18980331     8.2
18980401 18980430    46.8
18980501 18980531    70.3
18980601 18980630    90.0
18980701 18980731    59.5
18980801 18980831    46.8
18980901 18980930    81.9
18981001 18981031    45.7
18981101 18981130    37.9
18981201 18981231    57.8
18990101 18990131    71.2
18990201 18990228    42.0
18990301 18990331   102.6
18990401 18990430    62.1
18990501 18990531    74.5
18990601 18990630   114.0
18990701 18990731    37.4
18990801 18990831    96.5
18990901 18990930    51.8
18991001 18991031    69.5
18991101 18991130    55.5
18991201 18991231    26.9
19000101 19000131    83.6
19000201 19000228     8.2
19000301 19000331   135.9
19000401 19000430   100.2
19000501 19000531   123.0
19000601 19000630    75.5
19000701 19000731    33.8
19000801 19000831    99.0
19000901 19000930    83.1
19001001 19001031    33.6
19001101 19001130    50.3
19001201 19001231    36.6
19010101 19010131    96.2
19010201 19010228    32.3
19010301 19010331    59.3
19010401 19010430   247.8
19010501 19010531    35.5
19010601 19010630   140.7
19010701 19010731    50.1
19010801 19010831    66.3
19010901 19010930   100.9
19011001 19011031    85.6
19011101 19011130    59.9
19011201 19011231    15.6
19020101 19020131    85.5
19020201 19020228    24.6
19020301 19020331   115.1
19020401 19020430    13.6
19020501 19020531    37.3
19020601 19020630    55.8
19020701 19020731    22.0
19020801 19020831    41.6
19020901 19020930    85.5
19021001 19021031   116.7
19021101 19021130    21.3
19021201 19021231   116.0
19030101 19030131    35.5
19030201 19030228    36.9
19030301 19030331    92.0
19030401 19030430   109.6
19030501 19030531    51.3
19030601 19030630   101.2
19030701 19030731    71.6
19030801 19030831    26.7
19030901 19030930   121.3
19031001 19031031    97.9
19031101 19031130   123.2
19031201 19031231    69.6
19040101 19040131   135.5
19040201 19040229   145.8
19040301 19040331    29.7
19040401 19040430    37.1
19040501 19040531    53.8
19040601 19040630   127.0
19040701 19040731    63.6
19040801 19040831   103.5
19040901 19040930    30.0
19041001 19041031    79.2
19041101 19041130    43.2
19041201 19041231     9.5
19050101 19050131    39.2
19050201 19050228    54.5
19050301 19050331    17.9
19050401 19050430    69.8
19050501 19050531    80.5
19050601 19050630    47.1
19050701 19050731   120.9
19050801 19050831    47.0
19050901 19050930    85.9
19051001 19051031   135.3
19051101 19051130    28.2
19051201 19051231    97.0
19060101 19060131     7.4
19060201 19060228     4.1
19060301 19060331   115.4
19060401 19060430    11.4
19060501 19060531    67.1
19060601 19060630    69.1
19060701 19060731    56.7
19060801 19060831    61.3
19060901 19060930   135.2
19061001 19061031   128.3
19061101 19061130    89.0
19061201 19061231    71.8
19070101 19070131    38.6
19070201 19070228    17.1
19070301 19070331    25.2
19070401 19070430    78.8
19070501 19070531    39.2
19070601 19070630    39.6
19070701 19070731    67.5
19070801 19070831    61.3
19070901 19070930    36.1
19071001 19071031    41.2
19071101 19071130    65.1
19071201 19071231   118.6
19080101 19080131    37.8
19080201 19080229    13.0
19080301 19080331    39.7
19080401 19080430     5.9
19080501 19080531    38.0
19080601 19080630   101.2
19080701 19080731    34.5
19080801 19080831    82.8
19080901 19080930    52.2
19081001 19081031    75.6
19081101 19081130    31.3
19081201 19081231    20.9
19090101 19090131    73.1
19090201 19090228    51.3
19090301 19090331    40.4
19090401 19090430    82.4
19090501 19090531   124.3
19090601 19090630    69.5
19090701 19090731    60.4
19090801 19090831   138.1
19090901 19090930    47.9
19091001 19091031    30.3
19091101 19091130    14.2
19091201 19091231    49.1
19100101 19100131    47.4
19100201 19100228    17.0
19100301 19100331    66.3
19100401 19100430    31.2
19100501 19100531    57.8
19100601 19100630    72.1
19100701 19100731    85.4
19100801 19100831    55.6
19100901 19100930   123.4
19101001 19101031   109.2
19101101 19101130    70.7
19101201 19101231    84.6
19110101 19110131    56.5
19110201 19110228   186.4
19110301 19110331   182.8
19110401 19110430    13.5
19110501 19110531   109.5
19110601 19110630   145.3
19110701 19110731    68.4
19110801 19110831    34.9
19110901 19110930    89.9
19111001 19111031    38.8
19111101 19111130    46.4
19111201 19111231   103.9
19120101 19120131    15.0
19120201 19120229    38.9
19120301 19120331    36.1
19120401 19120430    48.4
19120501 19120531    34.5
19120601 19120630    58.0
19120701 19120731    82.0
19120801 19120831    53.2
19120901 19120930    89.7
19121001 19121031    31.6
19121101 19121130    74.2
19121201 19121231    97.1
19130101 19130131     5.7
19130201 19130228    15.5
19130301 19130331   147.9
19130401 19130430    37.4
19130501 19130531    85.2
19130601 19130630    54.5
19130701 19130731    34.4
19130801 19130831    59.2
19130901 19130930    31.0
19131001 19131031    41.4
19131101 19131130    79.9
19131201 19131231    29.0
19140101 19140131    16.8
19140201 19140228     4.1
19140301 19140331    83.1
19140401 19140430    66.2
19140501 19140531    70.1
19140601 19140630    51.4
19140701 19140731    50.6
19140801 19140831    14.6
19140901 19140930    35.7
19141001 19141031     2.4
19141101 19141130    63.5
19141201 19141231   107.2
19150101 19150131    50.5
19150201 19150228    28.3
19150301 19150331     7.9
19150401 19150430    44.9
19150501 19150531    76.9
19150601 19150630    42.1
19150701 19150731    23.6
19150801 19150831    82.5
19150901 19150930   107.4
19151001 19151031    71.3
19151101 19151130    24.2
19151201 19151231     8.0
19160101 19160131    92.4
19160201 19160229    72.1
19160301 19160331    16.9
19160401 19160430    54.1
19160501 19160531    34.6
19160601 19160630    51.4
19160701 19160731    76.3
19160801 19160831    78.9
19160901 19160930   251.0
19161001 19161031   122.1
19161101 19161130   102.8
19161201 19161231   121.4
19170101 19170131    42.0
19170201 19170228    33.9
19170301 19170331    24.5
19170401 19170430    35.3
19170501 19170531    71.9
19170601 19170630   131.4
19170701 19170731    39.1
19170801 19170831   108.6
19170901 19170930    95.7
19171001 19171031   100.3
19171101 19171130    74.4
19171201 19171231    83.3
19180101 19180131    64.4
19180201 19180228    26.2
19180301 19180331   104.5
19180401 19180430    36.8
19180501 19180531   121.9
19180601 19180630    47.7
19180701 19180731    50.4
19180801 19180831   105.6
19180901 19180930    66.4
19181001 19181031    48.9
19181101 19181130     9.9
19181201 19181231    52.8
19190101 19190131     9.9
19190201 19190228    80.6
19190301 19190331    99.2
19190401 19190430    18.6
19190501 19190531    57.8
19190601 19190630    40.0
19190701 19190731    53.0
19190801 19190831    38.3
19190901 19190930    41.9
19191001 19191031    54.2
19191101 19191130    35.8
19191201 19191231    83.4
19200101 19200131    39.9
19200201 19200229    28.8
19200301 19200331    56.2
19200401 19200430    94.2
19200501 19200531    58.2
19200601 19200630    99.2
19200701 19200731    83.7
19200801 19200831   102.7
19200901 19200930   143.3
19201001 19201031   163.8
19201101 19201130    97.1
19201201 19201231    20.3
19210101 19210131    80.7
19210201 19210228    46.3
19210301 19210331    48.0
19210401 19210430     9.3
19210501 19210531    84.9
19210601 19210630    48.0
19210701 19210731    44.8
19210801 19210831   101.6
19210901 19210930    92.8
19211001 19211031    84.2
19211101 19211130    56.9
19211201 19211231    47.5
19220101 19220131   120.0
19220201 19220228    63.2
19220301 19220331    11.3
19220401 19220430    25.4
19220501 19220531    65.7
19220601 19220630    61.7
19220701 19220731    80.9
19220801 19220831    58.9
19220901 19220930   137.8
19221001 19221031    87.9
19221101 19221130    22.5
19221201 19221231    55.4
19230101 19230131    27.6
19230201 19230228     7.7
19230301 19230331    10.0
19230401 19230430     0.0
19230501 19230531    67.8
19230601 19230630    92.1
19230701 19230731   127.5
19230801 19230831    45.6
19230901 19230930    80.9
19231001 19231031   109.6
19231101 19231130    92.5
19231201 19231231    50.0
19240101 19240131    73.1
19240201 19240229    92.8
19240301 19240331   189.9
19240401 19240430   172.4
19240501 19240531    32.4
19240601 19240630    60.9
19240701 19240731    32.5
19240801 19240831   136.6
19240901 19240930    73.4
19241001 19241031   128.2
19241101 19241130   171.7
19241201 19241231    69.5
19250101 19250131   118.0
19250201 19250228    50.4
19250301 19250331    25.4
19250401 19250430    35.5
19250501 19250531    40.4
19250601 19250630    29.8
19250701 19250731    84.8
19250801 19250831    46.1
19250901 19250930    79.9
19251001 19251031    20.5
19251101 19251130    87.9
19251201 19251231    10.4
19260101 19260131    70.8
19260201 19260228     3.3
19260301 19260331    36.3
19260401 19260430    59.3
19260501 19260531    69.9
19260601 19260630    88.5
19260701 19260731    58.2
19260801 19260831    63.7
19260901 19260930    36.3
19261001 19261031    68.5
19261101 19261130    31.1
19261201 19261231    25.6
19270101 19270131    20.3
19270201 19270228    26.8
19270301 19270331    21.2
19270401 19270430    17.4
19270501 19270531    43.6
19270601 19270630    47.7
19270701 19270731    79.3
19270801 19270831    72.1
19270901 19270930    56.5
19271001 19271031   100.0
19271101 19271130    22.9
19271201 19271231    42.0
19280101 19280131    94.8
19280201 19280229   222.6
19280301 19280331    96.1
19280401 19280430    57.5
19280501 19280531    58.2
19280601 19280630    76.0
19280701 19280731    46.6
19280801 19280831    16.1
19280901 19280930    48.6
19281001 19281031    72.7
19281101 19281130    18.8
19281201 19281231    40.9
19290101 19290131    35.8
19290201 19290228    52.9
19290301 19290331    49.1
19290401 19290430   121.5
19290501 19290531    79.7
19290601 19290630    50.4
19290701 19290731    43.4
19290801 19290831    66.3
19290901 19290930    51.4
19291001 19291031    96.3
19291101 19291130    92.0
19291201 19291231    88.4
19300101 19300131     2.3
19300201 19300228    70.7
19300301 19300331    23.6
19300401 19300430    39.6
19300501 19300531   122.0
19300601 19300630    50.5
19300701 19300731    35.2
19300801 19300831    98.9
19300901 19300930    44.0
19301001 19301031   110.2
19301101 19301130    46.6
19301201 19301231   233.9
19310101 19310131    69.7
19310201 19310228    21.9
19310301 19310331   174.6
19310401 19310430    91.5
19310501 19310531    92.6
19310601 19310630   120.7
19310701 19310731    43.0
19310801 19310831    69.7
19310901 19310930    64.1
19311001 19311031    57.3
19311101 19311130   126.7
19311201 19311231    22.0
19320101 19320131     3.4
19320201 19320229    73.4
19320301 19320331   122.7
19320401 19320430   137.1
19320501 19320531    36.7
19320601 19320630    71.7
19320701 19320731    66.0
19320801 19320831   119.5
19320901 19320930    24.4
19321001 19321031   119.2
19321101 19321130    20.9
19321201 19321231    96.8
19330101 19330131    31.8
19330201 19330228    10.5
19330301 19330331    71.5
19330401 19330430    10.0
19330501 19330531    52.1
19330601 19330630    51.8
19330701 19330731    80.5
19330801 19330831    53.5
19330901 19330930    76.2
19331001 19331031    43.8
19331101 19331130    53.0
19331201 19331231   132.0
19340101 19340131   138.4
19340201 19340228    48.4
19340301 19340331    11.5
19340401 19340430    98.5
19340501 19340531     2.9
19340601 19340630    42.0
19340701 19340731    53.0
19340801 19340831    69.5
19340901 19340930    34.6
19341001 19341031   233.4
19341101 19341130   213.3
19341201 19341231    93.1
19350101 19350131    63.3
19350201 19350228   112.2
19350301 19350331    27.0
19350401 19350430   234.0
19350501 19350531    36.2
19350601 19350630    61.5
19350701 19350731    77.8
19350801 19350831    53.3
19350901 19350930    49.4
19351001 19351031    92.5
19351101 19351130    37.3
19351201 19351231    47.8
19360101 19360131    52.3
19360201 19360229    21.3
19360301 19360331    28.9
19360401 19360430    95.5
19360501 19360531    44.2
19360601 19360630    81.3
19360701 19360731   126.6
19360801 19360831    69.7
19360901 19360930    31.1
19361001 19361031    66.1
19361101 19361130    48.4
19361201 19361231    95.6
19370101 19370131    70.3
19370201 19370228    69.0
19370301 19370331    29.6
19370401 19370430    28.5
19370501 19370531    32.6
19370601 19370630    47.5
19370701 19370731    54.0
19370801 19370831    70.0
19370901 19370930    61.7
19371001 19371031   173.7
19371101 19371130    12.0
19371201 19371231    49.8
19380101 19380131    61.4
19380201 19380228    59.3
19380301 19380331    47.8
19380401 19380430    62.2
19380501 19380531     8.5
19380601 19380630    83.1
19380701 19380731    42.7
19380801 19380831    28.6
19380901 19380930    14.1
19381001 19381031    36.9
19381101 19381130    41.0
19381201 19381231    13.0
19390101 19390131    10.7
19390201 19390228   184.7
19390301 19390331    47.6
19390401 19390430   139.7
19390501 19390531    65.8
19390601 19390630    81.9
19390701 19390731    26.9
19390801 19390831   178.0
19390901 19390930    63.6
19391001 19391031    63.9
19391101 19391130   114.8
19391201 19391231    29.5
19400101 19400131    46.3
19400201 19400229    15.9
19400301 19400331    20.8
19400401 19400430    76.3
19400501 19400531    46.2
19400601 19400630    39.5
19400701 19400731    69.9
19400801 19400831    38.8
19400901 19400930   102.9
19401001 19401031    21.7
19401101 19401130    76.7
19401201 19401231    39.4
19410101 19410131   183.1
19410201 19410228    32.0
19410301 19410331    71.9
19410401 19410430    38.9
19410501 19410531    19.8
19410601 19410630   110.7
19410701 19410731    64.2
19410801 19410831    62.2
19410901 19410930    84.8
19411001 19411031    76.6
19411101 19411130    40.8
19411201 19411231   139.0
19420101 19420131    47.2
19420201 19420228    79.3
19420301 19420331    87.3
19420401 19420430    45.3
19420501 19420531   170.3
19420601 19420630    42.2
19420701 19420731    42.0
19420801 19420831    67.7
19420901 19420930    62.6
19421001 19421031    83.2
19421101 19421130    89.2
19421201 19421231    26.3
19430101 19430131    59.6
19430201 19430228    53.3
19430301 19430331     6.3
19430401 19430430    58.0
19430501 19430531    30.9
19430601 19430630    56.4
19430701 19430731    45.3
19430801 19430831    25.9
19430901 19430930    64.1
19431001 19431031    26.6
19431101 19431130    94.3
19431201 19431231    28.0
19440101 19440131    18.4
19440201 19440229    11.4
19440301 19440331    42.2
19440401 19440430    94.4
19440501 19440531   119.6
19440601 19440630    27.2
19440701 19440731    61.4
19440801 19440831    15.7
19440901 19440930    47.1
19441001 19441031    57.9
19441101 19441130    37.6
19441201 19441231    64.0
19450101 19450131    45.5
19450201 19450228     4.9
19450301 19450331    13.2
19450401 19450430    17.6
19450501 19450531    49.0
19450601 19450630    43.3
19450701 19450731    50.0
19450801 19450831    90.1
19450901 19450930    38.6
19451001 19451031    55.1
19451101 19451130    58.9
19451201 19451231    16.5
19460101 19460131    68.6
19460201 19460228   164.7
19460301 19460331    47.6
19460401 19460430    66.6
19460501 19460531    26.3
19460601 19460630    82.6
19460701 19460731    58.3
19460801 19460831    35.0
19460901 19460930    66.7
19461001 19461031    49.7
19461101 19461130    70.4
19461201 19461231    42.9
19470101 19470131     7.9
19470201 19470228    36.7
19470301 19470331   154.6
19470401 19470430    63.8
19470501 19470531    17.1
19470601 19470630    43.7
19470701 19470731    87.1
19470801 19470831    54.0
19470901 19470930    70.5
19471001 19471031   122.3
19471101 19471130    68.0
19471201 19471231   120.8
19480101 19480131    34.3
19480201 19480229    69.9
19480301 19480331     5.1
19480401 19480430   125.7
19480501 19480531    63.4
19480601 19480630    41.6
19480701 19480731    49.6
19480801 19480831    22.1
19480901 19480930    69.6
19481001 19481031    91.3
19481101 19481130    60.7
19481201 19481231    32.7
19490101 19490131    55.4
19490201 19490228    83.1
19490301 19490331   157.3
19490401 19490430    50.7
19490501 19490531    70.1
19490601 19490630    54.4
19490701 19490731    66.0
19490801 19490831    33.8
19490901 19490930    71.4
19491001 19491031   166.9
19491101 19491130   131.8
19491201 19491231    20.6
19500101 19500131    20.2
19500201 19500228   109.9
19500301 19500331   122.5
19500401 19500430    64.4
19500501 19500531    47.3
19500601 19500630    19.5
19500701 19500731    68.6
19500801 19500831    67.6
19500901 19500930   105.4
19501001 19501031    98.4
19501101 19501130    71.5
19501201 19501231    79.5
19510101 19510131    53.8
19510201 19510228   183.9
19510301 19510331     1.9
19510401 19510430   117.8
19510501 19510531   117.1
19510601 19510630    53.4
19510701 19510731    93.8
19510801 19510831    83.4
19510901 19510930    45.2
19511001 19511031    75.7
19511101 19511130    74.1
19511201 19511231    39.0
19520101 19520131    22.6
19520201 19520229    43.5
19520301 19520331    41.7
19520401 19520430    69.2
19520501 19520531    70.0
19520601 19520630   122.1
19520701 19520731   114.8
19520801 19520831    61.5
19520901 19520930    79.1
19521001 19521031   124.5
19521101 19521130   150.3
19521201 19521231    95.7
19530101 19530131   101.5
19530201 19530228    44.9
19530301 19530331    16.5
19530401 19530430    37.7
19530501 19530531    67.1
19530601 19530630    61.2
19530701 19530731    52.0
19530801 19530831   107.4
19530901 19530930    94.9
19531001 19531031   156.6
19531101 19531130    88.2
19531201 19531231    34.2
19540101 19540131    48.6
19540201 19540228    65.7
19540301 19540331     6.9
19540401 19540430    72.1
19540501 19540531    54.6
19540601 19540630    54.3
19540701 19540731    43.1
19540801 19540831    74.9
19540901 19540930    72.9
19541001 19541031    86.6
19541101 19541130   226.7
19541201 19541231   121.1
19550101 19550131    24.9
19550201 19550228   108.3
19550301 19550331    45.3
19550401 19550430    33.0
19550501 19550531    64.1
19550601 19550630    88.9
19550701 19550731    71.2
19550801 19550831   108.1
19550901 19550930    95.2
19551001 19551031   118.1
19551101 19551130    64.9
19551201 19551231   120.5
19560101 19560131    93.2
19560201 19560229    13.0
19560301 19560331    55.5
19560401 19560430    92.0
19560501 19560531   197.7
19560601 19560630    49.2
19560701 19560731    59.4
19560801 19560831   102.8
19560901 19560930    91.7
19561001 19561031   164.6
19561101 19561130    67.1
19561201 19561231    50.4
19570101 19570131     8.2
19570201 19570228    34.5
19570301 19570331    40.2
19570401 19570430    25.0
19570501 19570531    42.3
19570601 19570630    38.4
19570701 19570731   155.5
19570801 19570831    44.2
19570901 19570930    62.0
19571001 19571031    78.9
19571101 19571130    67.5
19571201 19571231    42.0
19580101 19580131     7.3
19580201 19580228   115.9
19580301 19580331    37.8
19580401 19580430    29.5
19580501 19580531    95.9
19580601 19580630    37.0
19580701 19580731    73.7
19580801 19580831   127.3
19580901 19580930    85.8
19581001 19581031   139.5
19581101 19581130    91.0
19581201 19581231    75.0
19590101 19590131    19.1
19590201 19590228    64.5
19590301 19590331    69.1
19590401 19590430    31.7
19590501 19590531    32.5
19590601 19590630    56.9
19590701 19590731    80.2
19590801 19590831    55.3
19590901 19590930   141.5
19591001 19591031    48.5
19591101 19591130   101.2
19591201 19591231    55.3
19600101 19600131    51.3
19600201 19600229    47.8
19600301 19600331    29.0
19600401 19600430   147.8
19600501 19600531   164.8
19600601 19600630    45.6
19600701 19600731    81.7
19600801 19600831    90.6
19600901 19600930   158.4
19601001 19601031    32.1
19601101 19601130   147.4
19601201 19601231    79.9
19610101 19610131    26.7
19610201 19610228    47.3
19610301 19610331    91.3
19610401 19610430    78.8
19610501 19610531    62.5
19610601 19610630    63.3
19610701 19610731    76.9
19610801 19610831    68.7
19610901 19610930    28.1
19611001 19611031    56.7
19611101 19611130    41.8
19611201 19611231    47.0
19620101 19620131    35.6
19620201 19620228    41.6
19620301 19620331    21.7
19620401 19620430    25.9
19620501 19620531   158.7
19620601 19620630    38.9
19620701 19620731    74.2
19620801 19620831    76.1
19620901 19620930    47.9
19621001 19621031    90.5
19621101 19621130    41.5
19621201 19621231    55.0
19630101 19630131   131.5
19630201 19630228    17.3
19630301 19630331    32.8
19630401 19630430    20.4
19630501 19630531   109.9
19630601 19630630    56.4
19630701 19630731    71.7
19630801 19630831    49.6
19630901 19630930    93.5
19631001 19631031   112.4
19631101 19631130    31.3
19631201 19631231    71.8
19640101 19640131     1.3
19640201 19640229    56.9
19640301 19640331    30.8
19640401 19640430   136.6
19640501 19640531    56.0
19640601 19640630    60.5
19640701 19640731    90.0
19640801 19640831    67.7
19640901 19640930   119.8
19641001 19641031    95.2
19641101 19641130    35.9
19641201 19641231   128.7
19650101 19650131     9.3
19650201 19650228     4.1
19650301 19650331    24.7
19650401 19650430   140.8
19650501 19650531    55.2
19650601 19650630    16.4
19650701 19650731   105.5
19650801 19650831   102.5
19650901 19650930    59.3
19651001 19651031    23.0
19651101 19651130    86.6
19651201 19651231    59.4
19660101 19660131    39.8
19660201 19660228    38.0
19660301 19660331    88.1
19660401 19660430    60.0
19660501 19660531    64.9
19660601 19660630    35.2
19660701 19660731   100.8
19660801 19660831    94.7
19660901 19660930    91.0
19661001 19661031    84.3
19661101 19661130    83.6
19661201 19661231   126.4
19670101 19670131    25.2
19670201 19670228    12.0
19670301 19670331    24.9
19670401 19670430    30.2
19670501 19670531    43.5
19670601 19670630    68.6
19670701 19670731    39.5
19670801 19670831    96.9
19670901 19670930    55.8
19671001 19671031    27.1
19671101 19671130     6.4
19671201 19671231    43.2
19680101 19680131    25.7
19680201 19680229     0.0
19680301 19680331    42.3
19680401 19680430    42.9
19680501 19680531   129.3
19680601 19680630    61.1
19680701 19680731    74.9
19680801 19680831    82.2
19680901 19680930    34.2
19681001 19681031    76.1
19681101 19681130    68.6
19681201 19681231    59.0
19690101 19690131    38.6
19690201 19690228    98.5
19690301 19690331    88.4
19690401 19690430    57.2
19690501 19690531   136.7
19690601 19690630    15.1
19690701 19690731    78.4
19690801 19690831    35.9
19690901 19690930    77.1
19691001 19691031    29.5
19691101 19691130    59.0
19691201 19691231    59.9
19700101 19700131   108.9
19700201 19700228    12.6
19700301 19700331   172.5
19700401 19700430    84.8
19700501 19700531    74.5
19700601 19700630    62.0
19700701 19700731    23.0
19700801 19700831    88.8
19700901 19700930    57.2
19701001 19701031    51.2
19701101 19701130    86.7
19701201 19701231   167.9
19710101 19710131    53.8
19710201 19710228    83.1
19710301 19710331    30.7
19710401 19710430    75.7
19710501 19710531    86.4
19710601 19710630    54.3
19710701 19710731    25.9
19710801 19710831    47.8
19710901 19710930    51.0
19711001 19711031    87.1
19711101 19711130   221.3
19711201 19711231   106.6
19720101 19720131    43.7
19720201 19720229   177.3
19720301 19720331    10.0
19720401 19720430    63.3
19720501 19720531    36.6
19720601 19720630    23.0
19720701 19720731    37.9
19720801 19720831    63.0
19720901 19720930    47.2
19721001 19721031    40.1
19721101 19721130    60.3
19721201 19721231     1.6
19730101 19730131    51.9
19730201 19730228   204.4
19730301 19730331    76.2
19730401 19730430    39.4
19730501 19730531    40.0
19730601 19730630    71.0
19730701 19730731    41.2
19730801 19730831   110.5
19730901 19730930    76.5
19731001 19731031   107.7
19731101 19731130    49.9
19731201 19731231    78.2
19740101 19740131    75.8
19740201 19740228    43.8
19740301 19740331    46.2
19740401 19740430   189.2
19740501 19740531   176.4
19740601 19740630    26.8
19740701 19740731   101.8
19740801 19740831    78.6
19740901 19740930    91.0
19741001 19741031   121.4
19741101 19741130   121.6
19741201 19741231    34.4
19750101 19750131    31.0
19750201 19750228    18.8
19750301 19750331    54.8
19750401 19750430    46.8
19750501 19750531    40.8
19750601 19750630    53.2
19750701 19750731    40.7
19750801 19750831   123.8
19750901 19750930   144.0
19751001 19751031   189.0
19751101 19751130    43.8
19751201 19751231    64.2
19760101 19760131    30.6
19760201 19760229    15.8
19760301 19760331    29.8
19760401 19760430    30.4
19760501 19760531    19.4
19760601 19760630    57.4
19760701 19760731    30.2
19760801 19760831    82.2
19760901 19760930    85.6
19761001 19761031   124.6
19761101 19761130   102.6
19761201 19761231    43.2
19770101 19770131    60.6
19770201 19770228    63.6
19770301 19770331    68.8
19770401 19770430   129.6
19770501 19770531    71.4
19770601 19770630   169.8
19770701 19770731    66.2
19770801 19770831    28.6
19770901 19770930    64.8
19771001 19771031    21.4
19771101 19771130    45.8
19771201 19771231    24.8
19780101 19780131    99.2
19780201 19780228    27.0
19780301 19780331   133.4
19780401 19780430    50.4
19780501 19780531   134.2
19780601 19780630    67.6
19780701 19780731    70.0
19780801 19780831   113.2
19780901 19780930   123.0
19781001 19781031    71.6
19781101 19781130   147.4
19781201 19781231   120.8
19790101 19790131    56.2
19790201 19790228    25.8
19790301 19790331    22.4
19790401 19790430    57.0
19790501 19790531    85.4
19790601 19790630    24.8
19790701 19790731    31.4
19790801 19790831    95.4
19790901 19790930    94.6
19791001 19791031   107.4
19791101 19791130    35.8
19791201 19791231    14.0
19800101 19800131    78.0
19800201 19800229    15.0
19800301 19800331    29.0
19800401 19800430    64.8
19800501 19800531    51.0
19800601 19800630    90.4
19800701 19800731    56.6
19800801 19800831    65.6
19800901 19800930    50.0
19801001 19801031   131.8
19801101 19801130    58.8
19801201 19801231    69.6
19810101 19810131    43.0
19810201 19810228    37.8
19810301 19810331    55.6
19810401 19810430    18.0
19810501 19810531   126.2
19810601 19810630    78.2
19810701 19810731   137.8
19810801 19810831   128.4
19810901 19810930    24.0
19811001 19811031    77.2
19811101 19811130    75.0
19811201 19811231    25.2
19820101 19820131    71.2
19820201 19820228     5.6
19820301 19820331    67.4
19820401 19820430    60.2
19820501 19820531    41.0
19820601 19820630    58.0
19820701 19820731    23.8
19820801 19820831    21.4
19820901 19820930    58.6
19821001 19821031    56.0
19821101 19821130    18.0
19821201 19821231    63.8
19830101 19830131    24.4
19830201 19830228     9.0
19830301 19830331    52.4
19830401 19830430    63.8
19830501 19830531    94.8
19830601 19830630    63.2
19830701 19830731    89.4
19830801 19830831   103.4
19830901 19830930    92.2
19831001 19831031   105.2
19831101 19831130    54.6
19831201 19831231    35.6
19840101 19840131    60.8
19840201 19840229    29.0
19840301 19840331    73.6
19840401 19840430    75.2
19840501 19840531    16.8
19840601 19840630    41.0
19840701 19840731    71.2
19840801 19840831    91.4
19840901 19840930   124.6
19841001 19841031    44.8
19841101 19841130    58.6
19841201 19841231    48.4
19850101 19850131    51.8
19850201 19850228     9.0
19850301 19850331    48.4
19850401 19850430    80.6
19850501 19850531    74.8
19850601 19850630    57.6
19850701 19850731    63.6
19850801 19850831   162.0
19850901 19850930    87.4
19851001 19851031    68.6
19851101 19851130    84.8
19851201 19851231   181.2
19860101 19860131    54.6
19860201 19860228    29.2
19860301 19860331    21.0
19860401 19860430    61.8
19860501 19860531    64.8
19860601 19860630    41.2
19860701 19860731   110.6
19860801 19860831    74.6
19860901 19860930    57.8
19861001 19861031   118.2
19861101 19861130    30.0
19861201 19861231    63.2
19870101 19870131    46.4
19870201 19870228    36.2
19870301 19870331    59.6
19870401 19870430    39.0
19870501 19870531    93.2
19870601 19870630    93.0
19870701 19870731   127.8
19870801 19870831    52.8
19870901 19870930    65.0
19871001 19871031    60.8
19871101 19871130    84.6
19871201 19871231   101.2
19880101 19880131   107.8
19880201 19880229    28.4
19880301 19880331    42.8
19880401 19880430    29.0
19880501 19880531    57.6
19880601 19880630    70.4
19880701 19880731    87.2
19880801 19880831    77.8
19880901 19880930    79.8
19881001 19881031    33.4
19881101 19881130   221.0
19881201 19881231    93.0
19890101 19890131    81.4
19890201 19890228    35.6
19890301 19890331    98.0
19890401 19890430    98.8
19890501 19890531    78.2
19890601 19890630   127.6
19890701 19890731    90.0
19890801 19890831   127.8
19890901 19890930    64.6
19891001 19891031   119.4
19891101 19891130    38.6
19891201 19891231    68.0
19900101 19900131    16.2
19900201 19900228   123.8
19900301 19900331    33.8
19900401 19900430    95.8
19900501 19900531    39.2
19900601 19900630    84.2
19900701 19900731    96.2
19900801 19900831    90.8
19900901 19900930    66.2
19901001 19901031    81.8
19901101 19901130    45.6
19901201 19901231    41.8
19910101 19910131    78.4
19910201 19910228     0.2
19910301 19910331    59.2
19910401 19910430    36.8
19910501 19910531    23.8
19910601 19910630   142.6
19910701 19910731   102.4
19910801 19910831    99.6
19910901 19910930    91.4
19911001 19911031    37.8
19911101 19911130    41.2
19911201 19911231   137.2
19920101 19920131    55.2
19920201 19920229    35.2
19920301 19920331    38.6
19920401 19920430    57.4
19920501 19920531   108.0
19920601 19920630    75.8
19920701 19920731    58.4
19920801 19920831    87.8
19920901 19920930 99999.9
19921001 19921031   141.4
19921101 19921130   112.2
19921201 19921231    88.4
19930101 19930131    57.2
19930201 19930228    70.4
19930301 19930331    50.0
19930401 19930430    20.0
19930501 19930531    48.0
19930601 19930630    55.0
19930701 19930731   108.8
19930801 19930831    64.0
19930901 19930930   179.8
19931001 19931031   103.8
19931101 19931130    77.2
19931201 19931231   173.8
19940101 19940131    40.8
19940201 19940228   124.2
19940301 19940331    61.6
19940401 19940430    54.6
19940501 19940531    45.6
19940601 19940630    50.0
19940701 19940731    38.8
19940801 19940831    38.0
19940901 19940930    46.8
19941001 19941031    36.6
19941101 19941130    59.8
19941201 19941231    11.0
19950101 19950131    80.6
19950201 19950228    16.2
19950301 19950331    63.2
19950401 19950430   113.2
19950501 19950531   126.6
19950601 19950630    96.6
19950701 19950731    66.2
19950801 19950831    52.6
19950901 19950930    56.2
19951001 19951031    97.8
19951101 19951130    77.4
19951201 19951231    56.2
19960101 19960131    86.2
19960201 19960229   149.0
19960301 19960331    80.4
19960401 19960430   119.0
19960501 19960531    61.8
19960601 19960630   104.2
19960701 19960731    97.4
19960801 19960831    66.8
19960901 19960930   111.0
19961001 19961031    42.2
19961101 19961130    56.2
19961201 19961231    33.0
19970101 19970131    55.0
19970201 19970228     2.8
19970301 19970331    30.0
19970401 19970430    23.2
19970501 19970531    95.0
19970601 19970630    49.2
19970701 19970731    28.2
19970801 19970831    40.4
19970901 19970930    60.8
19971001 19971031    40.6
19971101 19971130    78.6
19971201 19971231    26.8
19980101 19980131    71.4
19980201 19980228    54.0
19980301 19980331    18.8
19980401 19980430    46.6
19980501 19980531    49.8
19980601 19980630    93.4
19980701 19980731    73.6
19980801 19980831    51.0
19980901 19980930    64.2
19981001 19981031    62.6
19981101 19981130    90.0
19981201 19981231    61.0
19990101 19990131    63.4
19990201 19990228    73.8
19990301 19990331    63.6
19990401 19990430    29.8
19990501 19990531    46.5
19990601 19990630    92.6
19990701 19990731    42.6
19990801 19990831   153.0
19990901 19990930    53.8
19991001 19991031    55.4
19991101 19991130    41.6
19991201 19991231    97.1
20000101 20000131    49.2
20000201 20000229    37.8
20000301 20000331    28.4
20000401 20000430    45.8
20000501 20000531   152.2
20000601 20000630    57.3
20000701 20000731    76.9
20000801 20000831    85.3
20000901 20000930    92.6
20001001 20001031   129.2
20001101 20001130    97.5
20001201 20001231    28.4
20010101 20010131    25.0
20010201 20010228    22.0
20010301 20010331    89.8
20010401 20010430   165.8
20010501 20010531    40.9
20010601 20010630    71.9
20010701 20010731    28.6
20010801 20010831    84.1
20010901 20010930    58.4
20011001 20011031   116.8
20011101 20011130    82.1
20011201 20011231    31.4
20020101 20020131    48.6
20020201 20020228    67.0
20020301 20020331    40.8
20020401 20020430    49.4
20020501 20020531    39.8
20020601 20020630    54.6
20020701 20020731    25.6
20020801 20020831    38.2
20020901 20020930    46.6
20021001 20021031    52.2
20021101 20021130    34.2
20021201 20021231    21.9
20030101 20030131    39.8
20030201 20030228    21.6
20030301 20030331    31.4
20030401 20030430    74.6
20030501 20030531    39.8
20030601 20030630    60.2
20030701 20030731    83.2
20030801 20030831   110.4
20030901 20030930    61.4
20031001 20031031   103.8
20031101 20031130    37.8
20031201 20031231    75.8
20040101 20040131    47.8
20040201 20040229    26.2
20040301 20040331    20.8
20040401 20040430    74.6
20040501 20040531    44.0
20040601 20040630    54.2
20040701 20040731    53.4
20040801 20040831    92.4
20040901 20040930    96.0
20041001 20041031    48.4
20041101 20041130   185.8
20041201 20041231    97.2
20050101 20050131    23.8
20050201 20050228   176.8
20050301 20050331    13.0
20050401 20050430    33.8
20050501 20050531     9.6
20050601 20050630    65.0
20050701 20050731    69.0
20050801 20050831   110.8
20050901 20050930    56.1
20051001 20051031    58.2
20051101 20051130    63.4
20051201 20051231    68.2
20060101 20060131   103.0
20060201 20060228    45.2
20060301 20060331    24.4
20060401 20060430    68.2
20060501 20060531    78.4
20060601 20060630    23.8
20060701 20060731    77.0
20060801 20060831    42.8
20060901 20060930    47.0
20061001 20061031    10.6
20061101 20061130    38.4
20061201 20061231    46.6
20070101 20070131    18.6
20070201 20070228    25.2
20070301 20070331    74.2
20070401 20070430    14.6
20070501 20070531    74.0
20070601 20070630    84.4
20070701 20070731    70.8
20070801 20070831    26.2
20070901 20070930    40.2
20071001 20071031    13.2
20071101 20071130    56.4
20071201 20071231   130.8
20080101 20080131    70.4
20080201 20080229    68.0
20080301 20080331    30.0
20080401 20080430    22.6
20080501 20080531    32.6
20080601 20080630    44.2
20080701 20080731    77.8
20080801 20080831    72.2
20080901 20080930    23.8
20081001 20081031    21.4
20081101 20081130   103.8
20081201 20081231    96.2
20090101 20090131     1.0
20090201 20090228     3.8
20090301 20090331    48.0
20090401 20090430    52.0
20090501 20090531    16.8
20090601 20090630    41.0
20090701 20090731    40.8
20090801 20090831    64.8
20090901 20090930   100.0
20091001 20091031    37.2
20091101 20091130    80.8
20091201 20091231    56.2
20100101 20100131    91.0
20100201 20100228    78.0
20100301 20100331    74.0
20100401 20100430    40.2
20100501 20100531    43.8
20100601 20100630    96.6
20100701 20100731    55.6
20100801 20100831   117.2
20100901 20100930    79.4
20101001 20101031   153.4
20101101 20101130   160.4
20101201 20101231   109.4
20110101 20110131   112.8
20110201 20110228   127.8
20110301 20110331    48.2
20110401 20110430   112.0
20110501 20110531    74.4
20110601 20110630    39.6
20110701 20110731    56.8
20110801 20110831    60.2
20110901 20110930    91.8
20111001 20111031    82.8
20111101 20111130   208.2
20111201 20111231    74.8
20120101 20120131    31.2
20120201 20120229    89.8
20120301 20120331    98.2
20120401 20120430    52.6
20120501 20120531    96.0
20120601 20120630    75.8
20120701 20120731    89.0
20120801 20120831    81.8
20120901 20120930    50.6
20121001 20121031    42.6
20121101 20121130    47.2
20121201 20121231    36.4
20130101 20130131     6.2
20130201 20130228    86.0
20130301 20130331    83.6
20130401 20130430    34.0
20130501 20130531    35.6
20130601 20130630    66.6
20130701 20130731    63.0
20130801 20130831    79.4
20130901 20130930    76.2
20131001 20131031    60.4
20131101 20131130    64.2
20131201 20131231    71.8
20140101 20140131    27.6
20140201 20140228    42.0
20140301 20140331    25.0
20140401 20140430    68.6
20140501 20140531    60.6
20140601 20140630    77.2
20140701 20140731    50.6
20140801 20140831    37.2
20140901 20140930    74.2
20141001 20141031    53.2
20141101 20141130    54.8
20141201 20141231    36.0
20150101 20150131    22.8
20150201 20150228    84.4
20150301 20150331    31.8
20150401 20150430    58.4
20150501 20150531    45.0
20150601 20150630    35.6
20150701 20150731 99999.9
20150801 20150831 99999.9
20150901 20150930 99999.9
20151001 20151031 99999.9
20151101 20151130 99999.9
20151201 20151231 99999.9
20160101 20160131    32.2
20160201 20160229 99999.9
20160301 20160331 99999.9
20160401 20160430 99999.9
20160501 20160531    56.0
20160601 20160630    57.0
20160701 20160731    44.8
20160801 20160831    47.8
20160901 20160930   136.8
20161001 20161031    68.8
20161101 20161130    47.4
20161201 20161231    17.2
20170101 20170131    18.6
20170201 20170228    35.2
20170301 20170331    60.0
20170401 20170430 99999.9
20170501 20170531    28.4
20170601 20170630    13.8
20170701 20170731    31.0
20170801 20170831    68.8
20170901 20170930    38.4
20171001 20171031    24.0
20171101 20171130    32.2
20171201 20171231 99999.9
20180101 20180131    69.4
