PRCP       041082 18861201 20171231 missing_value=99999.9 PITTSWORTH YANDILLA STREET                
18861201 18861231    17.0
18870101 18870131   122.2
18870201 18870228    66.0
18870301 18870331   100.2
18870401 18870430    14.0
18870501 18870531     7.5
18870601 18870630    20.1
18870701 18870731    91.3
18870801 18870831    86.9
18870901 18870930    47.1
18871001 18871031    21.9
18871101 18871130   127.1
18871201 18871231    72.7
18880101 18880131    52.8
18880201 18880229   146.1
18880301 18880331     0.8
18880401 18880430     1.8
18880501 18880531     8.1
18880601 18880630    12.7
18880701 18880731     0.0
18880801 18880831    20.1
18880901 18880930    37.8
18881001 18881031    10.9
18881101 18881130    83.7
18881201 18881231   101.2
18890101 18890131    55.1
18890201 18890228    45.7
18890301 18890331    55.9
18890401 18890430    87.2
18890501 18890531   109.0
18890601 18890630    45.8
18890701 18890731   112.4
18890801 18890831    37.5
18890901 18890930    59.8
18891001 18891031    18.9
18891101 18891130    79.7
18891201 18891231    83.3
18900101 18900131    96.0
18900201 18900228   141.7
18900301 18900331   321.8
18900401 18900430    35.6
18900501 18900531    24.0
18900601 18900630    40.2
18900701 18900731     9.7
18900801 18900831     8.5
18900901 18900930    66.3
18901001 18901031    73.5
18901101 18901130    12.7
18901201 18901231    75.5
18910101 18910131   196.8
18910201 18910228    35.0
18910301 18910331    11.1
18910401 18910430    45.1
18910501 18910531    29.4
18910601 18910630    73.6
18910701 18910731    61.9
18910801 18910831    47.0
18910901 18910930    55.1
18911001 18911031    44.8
18911101 18911130   131.3
18911201 18911231    80.7
18920101 18920131    89.5
18920201 18920229    45.2
18920301 18920331    83.2
18920401 18920430   122.3
18920501 18920531    85.2
18920601 18920630    15.8
18920701 18920731    21.6
18920801 18920831    14.2
18920901 18920930    94.1
18921001 18921031   133.8
18921101 18921130    60.2
18921201 18921231   125.6
18930101 18930131   102.7
18930201 18930228   359.7
18930301 18930331    58.0
18930401 18930430    63.9
18930501 18930531    55.4
18930601 18930630   136.5
18930701 18930731    47.4
18930801 18930831    39.3
18930901 18930930    48.0
18931001 18931031    54.8
18931101 18931130   101.3
18931201 18931231     5.7
18940101 18940131   229.9
18940201 18940228    67.2
18940301 18940331    66.0
18940401 18940430    51.4
18940501 18940531    27.5
18940601 18940630    52.7
18940701 18940731    12.4
18940801 18940831    14.7
18940901 18940930   101.2
18941001 18941031   105.4
18941101 18941130    63.3
18941201 18941231    69.1
18950101 18950131   172.1
18950201 18950228    10.6
18950301 18950331     9.6
18950401 18950430    50.3
18950501 18950531    34.1
18950601 18950630     0.8
18950701 18950731    27.8
18950801 18950831    21.7
18950901 18950930    34.8
18951001 18951031    53.4
18951101 18951130   138.7
18951201 18951231   162.3
18960101 18960131    69.2
18960201 18960229    76.6
18960301 18960331    30.3
18960401 18960430    36.6
18960501 18960531    31.8
18960601 18960630    17.1
18960701 18960731    90.5
18960801 18960831    12.9
18960901 18960930    31.1
18961001 18961031     9.9
18961101 18961130    82.8
18961201 18961231    95.2
18970101 18970131   118.4
18970201 18970228    30.0
18970301 18970331    75.2
18970401 18970430     0.0
18970501 18970531     2.6
18970601 18970630    39.8
18970701 18970731    89.5
18970801 18970831    36.6
18970901 18970930    96.4
18971001 18971031    94.0
18971101 18971130     6.5
18971201 18971231   226.7
18980101 18980131   262.5
18980201 18980228    40.7
18980301 18980331    25.7
18980401 18980430     0.6
18980501 18980531    42.0
18980601 18980630    31.1
18980701 18980731    17.0
18980801 18980831    19.4
18980901 18980930    42.3
18981001 18981031    40.4
18981101 18981130    29.5
18981201 18981231    49.3
18990101 18990131   152.8
18990201 18990228    48.9
18990301 18990331    23.4
18990401 18990430    62.0
18990501 18990531    24.2
18990601 18990630    56.5
18990701 18990731    44.5
18990801 18990831    42.2
18990901 18990930    62.4
18991001 18991031    44.1
18991101 18991130    69.5
18991201 18991231    66.9
19000101 19000131    26.0
19000201 19000228    88.0
19000301 19000331    81.2
19000401 19000430    91.4
19000501 19000531    91.0
19000601 19000630    38.8
19000701 19000731    41.9
19000801 19000831    23.8
19000901 19000930    42.7
19001001 19001031     3.0
19001101 19001130    91.7
19001201 19001231    36.7
19010101 19010131    49.8
19010201 19010228    29.1
19010301 19010331   134.9
19010401 19010430    90.1
19010501 19010531    26.6
19010601 19010630   117.0
19010701 19010731    41.5
19010801 19010831   102.5
19010901 19010930    36.5
19011001 19011031    94.8
19011101 19011130    24.4
19011201 19011231    24.7
19020101 19020131    80.6
19020201 19020228    26.5
19020301 19020331     6.2
19020401 19020430    22.5
19020501 19020531     1.6
19020601 19020630     9.1
19020701 19020731     0.0
19020801 19020831    21.0
19020901 19020930     2.3
19021001 19021031    45.7
19021101 19021130    40.4
19021201 19021231   105.7
19030101 19030131    16.0
19030201 19030228   127.2
19030301 19030331    61.9
19030401 19030430    30.0
19030501 19030531   198.3
19030601 19030630     2.5
19030701 19030731   105.6
19030801 19030831    45.5
19030901 19030930    92.8
19031001 19031031    92.6
19031101 19031130   136.6
19031201 19031231    52.1
19040101 19040131    38.5
19040201 19040229    79.8
19040301 19040331   119.7
19040401 19040430    15.5
19040501 19040531    73.9
19040601 19040630     8.9
19040701 19040731    55.2
19040801 19040831     2.5
19040901 19040930    61.4
19041001 19041031    91.6
19041101 19041130    57.0
19041201 19041231    82.5
19050101 19050131    78.8
19050201 19050228    72.4
19050301 19050331    72.2
19050401 19050430    59.5
19050501 19050531    51.8
19050601 19050630    20.9
19050701 19050731    10.7
19050801 19050831    12.5
19050901 19050930     6.1
19051001 19051031    83.3
19051101 19051130    37.5
19051201 19051231   165.8
19060101 19060131    72.7
19060201 19060228   170.9
19060301 19060331   143.5
19060401 19060430     1.0
19060501 19060531    14.4
19060601 19060630    20.8
19060701 19060731    47.0
19060801 19060831    81.3
19060901 19060930    61.2
19061001 19061031   108.9
19061101 19061130    80.1
19061201 19061231    80.0
19070101 19070131    86.3
19070201 19070228    34.0
19070301 19070331   162.7
19070401 19070430     2.5
19070501 19070531    41.9
19070601 19070630    60.2
19070701 19070731    29.0
19070801 19070831    24.0
19070901 19070930     0.8
19071001 19071031    31.2
19071101 19071130   175.4
19071201 19071231    53.2
19080101 19080131     5.1
19080201 19080229   146.3
19080301 19080331   190.5
19080401 19080430    20.1
19080501 19080531     0.0
19080601 19080630    22.8
19080701 19080731    20.3
19080801 19080831    57.4
19080901 19080930    44.6
19081001 19081031    53.8
19081101 19081130    76.1
19081201 19081231    37.6
19090101 19090131    33.8
19090201 19090228    79.5
19090301 19090331    36.6
19090401 19090430    83.1
19090501 19090531     9.7
19090601 19090630    40.7
19090701 19090731    40.7
19090801 19090831    62.4
19090901 19090930    46.0
19091001 19091031    31.8
19091101 19091130    20.8
19091201 19091231    65.8
19100101 19100131   228.3
19100201 19100228    16.2
19100301 19100331    54.4
19100401 19100430    11.9
19100501 19100531    21.1
19100601 19100630   110.7
19100701 19100731    71.9
19100801 19100831    10.0
19100901 19100930    26.1
19101001 19101031    84.0
19101101 19101130   105.9
19101201 19101231   144.2
19110101 19110131   125.3
19110201 19110228   135.7
19110301 19110331    74.1
19110401 19110430    13.2
19110501 19110531    33.9
19110601 19110630     1.8
19110701 19110731    22.6
19110801 19110831    21.6
19110901 19110930    13.0
19111001 19111031    63.5
19111101 19111130    46.2
19111201 19111231    12.4
19120101 19120131    26.0
19120201 19120229    44.7
19120301 19120331   142.6
19120401 19120430     8.3
19120501 19120531     2.0
19120601 19120630   134.3
19120701 19120731    53.8
19120801 19120831    19.3
19120901 19120930    24.3
19121001 19121031    73.2
19121101 19121130    27.8
19121201 19121231    61.2
19130101 19130131   142.8
19130201 19130228    28.4
19130301 19130331    16.5
19130401 19130430     3.4
19130501 19130531    72.6
19130601 19130630   127.4
19130701 19130731    26.2
19130801 19130831     0.0
19130901 19130930    22.6
19131001 19131031    43.6
19131101 19131130    15.3
19131201 19131231    29.5
19140101 19140131    70.4
19140201 19140228    59.0
19140301 19140331    96.5
19140401 19140430    51.3
19140501 19140531    79.3
19140601 19140630    49.0
19140701 19140731    34.3
19140801 19140831     0.3
19140901 19140930     8.9
19141001 19141031    87.8
19141101 19141130    16.0
19141201 19141231   104.6
19150101 19150131    37.6
19150201 19150228    19.5
19150301 19150331     8.4
19150401 19150430    26.5
19150501 19150531    51.8
19150601 19150630    10.8
19150701 19150731    40.3
19150801 19150831    48.6
19150901 19150930    42.6
19151001 19151031    21.9
19151101 19151130    17.0
19151201 19151231    40.3
19160101 19160131    99.3
19160201 19160229    68.5
19160301 19160331    77.8
19160401 19160430   110.2
19160501 19160531    19.1
19160601 19160630    79.7
19160701 19160731    58.5
19160801 19160831    61.6
19160901 19160930    37.3
19161001 19161031    72.1
19161101 19161130   143.4
19161201 19161231    43.0
19170101 19170131   133.5
19170201 19170228    88.4
19170301 19170331    35.1
19170401 19170430    31.0
19170501 19170531     3.8
19170601 19170630    13.5
19170701 19170731    18.8
19170801 19170831    19.0
19170901 19170930   148.9
19171001 19171031    65.3
19171101 19171130   130.9
19171201 19171231   200.0
19180101 19180131    85.9
19180201 19180228    45.6
19180301 19180331    21.1
19180401 19180430    22.7
19180501 19180531     3.3
19180601 19180630    15.8
19180701 19180731     8.7
19180801 19180831    59.0
19180901 19180930    20.9
19181001 19181031    30.1
19181101 19181130     8.4
19181201 19181231   130.8
19190101 19190131    39.8
19190201 19190228    91.4
19190301 19190331   105.4
19190401 19190430    11.2
19190501 19190531    57.8
19190601 19190630    15.9
19190701 19190731     4.1
19190801 19190831    11.5
19190901 19190930     3.8
19191001 19191031    10.2
19191101 19191130    29.2
19191201 19191231    10.2
19200101 19200131   133.7
19200201 19200229    19.8
19200301 19200331    36.0
19200401 19200430    21.5
19200501 19200531    56.9
19200601 19200630    63.3
19200701 19200731   108.0
19200801 19200831    39.2
19200901 19200930    43.7
19201001 19201031    64.5
19201101 19201130    84.4
19201201 19201231    91.7
19210101 19210131    33.3
19210201 19210228    37.4
19210301 19210331    43.7
19210401 19210430    15.7
19210501 19210531    61.4
19210601 19210630   138.6
19210701 19210731   131.9
19210801 19210831    22.1
19210901 19210930    44.6
19211001 19211031    49.3
19211101 19211130    54.4
19211201 19211231   150.4
19220101 19220131    88.0
19220201 19220228    37.7
19220301 19220331     9.9
19220401 19220430     5.8
19220501 19220531     1.8
19220601 19220630    43.6
19220701 19220731    70.5
19220801 19220831     5.1
19220901 19220930    48.4
19221001 19221031    91.2
19221101 19221130    60.3
19221201 19221231   153.3
19230101 19230131    83.3
19230201 19230228     0.8
19230301 19230331    25.7
19230401 19230430     9.9
19230501 19230531     4.6
19230601 19230630    56.4
19230701 19230731    24.4
19230801 19230831     9.7
19230901 19230930    29.6
19231001 19231031    37.1
19231101 19231130    12.5
19231201 19231231   155.3
19240101 19240131   118.8
19240201 19240229    87.0
19240301 19240331    97.3
19240401 19240430    50.0
19240501 19240531     1.3
19240601 19240630    30.0
19240701 19240731    84.0
19240801 19240831    27.7
19240901 19240930    78.2
19241001 19241031    56.3
19241101 19241130   193.1
19241201 19241231    72.1
19250101 19250131   189.3
19250201 19250228    59.7
19250301 19250331    59.3
19250401 19250430     1.3
19250501 19250531    49.0
19250601 19250630    30.2
19250701 19250731    29.6
19250801 19250831   103.2
19250901 19250930    13.3
19251001 19251031    10.6
19251101 19251130    86.2
19251201 19251231    42.9
19260101 19260131    88.3
19260201 19260228     3.8
19260301 19260331    35.4
19260401 19260430    20.3
19260501 19260531    22.9
19260601 19260630    40.1
19260701 19260731    25.4
19260801 19260831     7.9
19260901 19260930    31.7
19261001 19261031    25.5
19261101 19261130    17.8
19261201 19261231   143.6
19270101 19270131   172.9
19270201 19270228    86.9
19270301 19270331    68.5
19270401 19270430    68.5
19270501 19270531     0.8
19270601 19270630    84.1
19270701 19270731     9.4
19270801 19270831    10.4
19270901 19270930    14.8
19271001 19271031    61.1
19271101 19271130   100.9
19271201 19271231   112.9
19280101 19280131    73.6
19280201 19280229   167.9
19280301 19280331    38.6
19280401 19280430    83.7
19280501 19280531    13.9
19280601 19280630    40.2
19280701 19280731    67.1
19280801 19280831     6.9
19280901 19280930     0.0
19281001 19281031    40.1
19281101 19281130    60.5
19281201 19281231   174.0
19290101 19290131    86.4
19290201 19290228   190.8
19290301 19290331   114.1
19290401 19290430    75.0
19290501 19290531     1.0
19290601 19290630    30.8
19290701 19290731    17.1
19290801 19290831    22.6
19290901 19290930     7.5
19291001 19291031    48.5
19291101 19291130    58.7
19291201 19291231    66.6
19300101 19300131    64.8
19300201 19300228    28.2
19300301 19300331    50.0
19300401 19300430    76.7
19300501 19300531    52.6
19300601 19300630    73.9
19300701 19300731    77.0
19300801 19300831    43.1
19300901 19300930    23.3
19301001 19301031    33.3
19301101 19301130    30.8
19301201 19301231    43.7
19310101 19310131    57.6
19310201 19310228    87.1
19310301 19310331    49.8
19310401 19310430    47.3
19310501 19310531    72.8
19310601 19310630    46.8
19310701 19310731    38.3
19310801 19310831     9.1
19310901 19310930    39.8
19311001 19311031    39.9
19311101 19311130   113.0
19311201 19311231   102.0
19320101 19320131    10.4
19320201 19320229     5.3
19320301 19320331    11.2
19320401 19320430   117.9
19320501 19320531    17.1
19320601 19320630    23.1
19320701 19320731    39.1
19320801 19320831     8.1
19320901 19320930    36.1
19321001 19321031    82.4
19321101 19321130   100.6
19321201 19321231   124.9
19330101 19330131   149.1
19330201 19330228    46.3
19330301 19330331     0.0
19330401 19330430   130.9
19330501 19330531     6.9
19330601 19330630    30.3
19330701 19330731    68.9
19330801 19330831    30.6
19330901 19330930    67.1
19331001 19331031    61.0
19331101 19331130   170.9
19331201 19331231    75.7
19340101 19340131    78.2
19340201 19340228    92.5
19340301 19340331     0.0
19340401 19340430   128.2
19340501 19340531    30.5
19340601 19340630    21.1
19340701 19340731    70.1
19340801 19340831    17.1
19340901 19340930    19.8
19341001 19341031    58.0
19341101 19341130    87.9
19341201 19341231   222.5
19350101 19350131   128.8
19350201 19350228    19.7
19350301 19350331    18.8
19350401 19350430    15.2
19350501 19350531    34.8
19350601 19350630    15.2
19350701 19350731    35.0
19350801 19350831    20.8
19350901 19350930    66.8
19351001 19351031   113.5
19351101 19351130     4.9
19351201 19351231    59.6
19360101 19360131   102.7
19360201 19360229    21.1
19360301 19360331    47.1
19360401 19360430     5.4
19360501 19360531    27.2
19360601 19360630    47.1
19360701 19360731    49.8
19360801 19360831     7.4
19360901 19360930    36.6
19361001 19361031    10.7
19361101 19361130    29.3
19361201 19361231   163.1
19370101 19370131    50.1
19370201 19370228    11.7
19370301 19370331   120.2
19370401 19370430    24.3
19370501 19370531     2.0
19370601 19370630    24.9
19370701 19370731    17.1
19370801 19370831    42.4
19370901 19370930    23.6
19371001 19371031    55.5
19371101 19371130    97.0
19371201 19371231   101.3
19380101 19380131   147.1
19380201 19380228    22.5
19380301 19380331    74.0
19380401 19380430     5.8
19380501 19380531    77.6
19380601 19380630    25.0
19380701 19380731    37.7
19380801 19380831    32.5
19380901 19380930    11.8
19381001 19381031    67.1
19381101 19381130    77.2
19381201 19381231    12.7
19390101 19390131    99.4
19390201 19390228    23.5
19390301 19390331   122.1
19390401 19390430    46.8
19390501 19390531     4.6
19390601 19390630    75.5
19390701 19390731    45.8
19390801 19390831    26.1
19390901 19390930     5.8
19391001 19391031    33.4
19391101 19391130    94.2
19391201 19391231   126.9
19400101 19400131    97.8
19400201 19400229   145.9
19400301 19400331   108.5
19400401 19400430     6.7
19400501 19400531    67.1
19400601 19400630    33.6
19400701 19400731     4.8
19400801 19400831     1.1
19400901 19400930    29.2
19401001 19401031    14.8
19401101 19401130    92.0
19401201 19401231   133.7
19410101 19410131   146.9
19410201 19410228    38.9
19410301 19410331   137.7
19410401 19410430    15.0
19410501 19410531    11.7
19410601 19410630    43.2
19410701 19410731    13.3
19410801 19410831     1.8
19410901 19410930     4.3
19411001 19411031    27.7
19411101 19411130    39.6
19411201 19411231     9.4
19420101 19420131    57.9
19420201 19420228   145.1
19420301 19420331    28.9
19420401 19420430    11.2
19420501 19420531    33.4
19420601 19420630    18.7
19420701 19420731    70.4
19420801 19420831    19.3
19420901 19420930    21.2
19421001 19421031    61.0
19421101 19421130    41.6
19421201 19421231   196.1
19430101 19430131    87.6
19430201 19430228    28.8
19430301 19430331    31.8
19430401 19430430    25.2
19430501 19430531    26.4
19430601 19430630    24.9
19430701 19430731    13.7
19430801 19430831    48.6
19430901 19430930    63.5
19431001 19431031   106.7
19431101 19431130   140.9
19431201 19431231   151.7
19440101 19440131   174.5
19440201 19440229    57.3
19440301 19440331    19.1
19440401 19440430    16.8
19440501 19440531    41.0
19440601 19440630    30.0
19440701 19440731    63.4
19440801 19440831    44.8
19440901 19440930    76.1
19441001 19441031    26.1
19441101 19441130    40.9
19441201 19441231    72.2
19450101 19450131    47.9
19450201 19450228   111.5
19450301 19450331    14.8
19450401 19450430    53.8
19450501 19450531    67.1
19450601 19450630   132.3
19450701 19450731    36.1
19450801 19450831    69.0
19450901 19450930    27.0
19451001 19451031    54.0
19451101 19451130    66.4
19451201 19451231   125.4
19460101 19460131   183.2
19460201 19460228    65.6
19460301 19460331    32.1
19460401 19460430    14.8
19460501 19460531     4.6
19460601 19460630     1.0
19460701 19460731     3.0
19460801 19460831     7.9
19460901 19460930    87.9
19461001 19461031    55.1
19461101 19461130    32.8
19461201 19461231    68.3
19470101 19470131   149.5
19470201 19470228    46.3
19470301 19470331    93.5
19470401 19470430    12.8
19470501 19470531    36.4
19470601 19470630    16.5
19470701 19470731     5.3
19470801 19470831    13.5
19470901 19470930    65.8
19471001 19471031    83.5
19471101 19471130   111.7
19471201 19471231   154.6
19480101 19480131    23.1
19480201 19480229   107.8
19480301 19480331    89.9
19480401 19480430     4.4
19480501 19480531    56.1
19480601 19480630   150.7
19480701 19480731    54.5
19480801 19480831     2.3
19480901 19480930    49.8
19481001 19481031     0.0
19481101 19481130    39.6
19481201 19481231   136.4
19490101 19490131    63.2
19490201 19490228   116.0
19490301 19490331    63.6
19490401 19490430    11.7
19490501 19490531     6.5
19490601 19490630    51.8
19490701 19490731    52.3
19490801 19490831     9.2
19490901 19490930    51.6
19491001 19491031   236.0
19491101 19491130    76.7
19491201 19491231    44.8
19500101 19500131   109.5
19500201 19500228   121.2
19500301 19500331    21.7
19500401 19500430    80.9
19500501 19500531    33.0
19500601 19500630   172.7
19500701 19500731    93.5
19500801 19500831     1.8
19500901 19500930    10.7
19501001 19501031   190.9
19501101 19501130   120.5
19501201 19501231    31.0
19510101 19510131   219.9
19510201 19510228    62.3
19510301 19510331    49.1
19510401 19510430    26.1
19510501 19510531    42.9
19510601 19510630    51.9
19510701 19510731     1.8
19510801 19510831    15.5
19510901 19510930    19.4
19511001 19511031    37.0
19511101 19511130    10.0
19511201 19511231    66.8
19520101 19520131    39.2
19520201 19520229    80.2
19520301 19520331    32.9
19520401 19520430    59.1
19520501 19520531   121.3
19520601 19520630    65.5
19520701 19520731    16.3
19520801 19520831    64.0
19520901 19520930    40.9
19521001 19521031   205.8
19521101 19521130    43.5
19521201 19521231    21.8
19530101 19530131    60.7
19530201 19530228   101.9
19530301 19530331    68.4
19530401 19530430    27.4
19530501 19530531    30.0
19530601 19530630     4.8
19530701 19530731     3.3
19530801 19530831    61.6
19530901 19530930     1.1
19531001 19531031    34.7
19531101 19531130    36.6
19531201 19531231    52.1
19540101 19540131    48.6
19540201 19540228   178.5
19540301 19540331    21.6
19540401 19540430    29.0
19540501 19540531    21.6
19540601 19540630    21.2
19540701 19540731    39.2
19540801 19540831    58.9
19540901 19540930    61.7
19541001 19541031   119.9
19541101 19541130    68.9
19541201 19541231    41.0
19550101 19550131    88.0
19550201 19550228    75.3
19550301 19550331    69.9
19550401 19550430    63.0
19550501 19550531    90.2
19550601 19550630     8.7
19550701 19550731    24.9
19550801 19550831    18.2
19550901 19550930    50.1
19551001 19551031   105.9
19551101 19551130    42.8
19551201 19551231    65.5
19560101 19560131   264.8
19560201 19560229   173.2
19560301 19560331    21.3
19560401 19560430    79.3
19560501 19560531   110.5
19560601 19560630    46.1
19560701 19560731    39.6
19560801 19560831     0.3
19560901 19560930    16.4
19561001 19561031    44.8
19561101 19561130    32.5
19561201 19561231   197.5
19570101 19570131    12.9
19570201 19570228    24.2
19570301 19570331    53.6
19570401 19570430     6.9
19570501 19570531     6.1
19570601 19570630    38.6
19570701 19570731    64.0
19570801 19570831    11.1
19570901 19570930     5.3
19571001 19571031    70.5
19571101 19571130    15.0
19571201 19571231    20.0
19580101 19580131    85.9
19580201 19580228   110.5
19580301 19580331   127.3
19580401 19580430    77.7
19580501 19580531     4.1
19580601 19580630    66.9
19580701 19580731    17.1
19580801 19580831    34.8
19580901 19580930    24.1
19581001 19581031    91.4
19581101 19581130    14.7
19581201 19581231   143.4
19590101 19590131   114.6
19590201 19590228    93.6
19590301 19590331    80.0
19590401 19590430    36.8
19590501 19590531    33.3
19590601 19590630     5.6
19590701 19590731    41.2
19590801 19590831     0.0
19590901 19590930    28.9
19591001 19591031   133.0
19591101 19591130    89.2
19591201 19591231   128.8
19600101 19600131    36.6
19600201 19600229    60.7
19600301 19600331    21.5
19600401 19600430    19.1
19600501 19600531    25.2
19600601 19600630    36.7
19600701 19600731    34.0
19600801 19600831    37.9
19600901 19600930     6.3
19601001 19601031    59.0
19601101 19601130    56.3
19601201 19601231    43.9
19610101 19610131    69.6
19610201 19610228    98.0
19610301 19610331    33.1
19610401 19610430    14.5
19610501 19610531    11.6
19610601 19610630     7.3
19610701 19610731    76.2
19610801 19610831    53.5
19610901 19610930    13.1
19611001 19611031    67.1
19611101 19611130   230.9
19611201 19611231   122.7
19620101 19620131   111.7
19620201 19620228    69.2
19620301 19620331   134.9
19620401 19620430    82.1
19620501 19620531    18.0
19620601 19620630    11.5
19620701 19620731    70.5
19620801 19620831    36.9
19620901 19620930    48.2
19621001 19621031    64.5
19621101 19621130    50.6
19621201 19621231    58.8
19630101 19630131    48.0
19630201 19630228    39.8
19630301 19630331   174.0
19630401 19630430    11.7
19630501 19630531    39.2
19630601 19630630    16.4
19630701 19630731     2.3
19630801 19630831    73.7
19630901 19630930    11.8
19631001 19631031    28.7
19631101 19631130    74.2
19631201 19631231   137.2
19640101 19640131    64.8
19640201 19640229   142.0
19640301 19640331   183.1
19640401 19640430    68.1
19640501 19640531    87.4
19640601 19640630    35.8
19640701 19640731    33.2
19640801 19640831    15.0
19640901 19640930    44.0
19641001 19641031    69.3
19641101 19641130    36.4
19641201 19641231    63.0
19650101 19650131    87.5
19650201 19650228     8.4
19650301 19650331    31.0
19650401 19650430    40.7
19650501 19650531     2.8
19650601 19650630    31.5
19650701 19650731   133.4
19650801 19650831    64.6
19650901 19650930    25.4
19651001 19651031    41.5
19651101 19651130    19.4
19651201 19651231   297.5
19660101 19660131    16.2
19660201 19660228    89.1
19660301 19660331    96.7
19660401 19660430    54.1
19660501 19660531     1.3
19660601 19660630    49.8
19660701 19660731     5.1
19660801 19660831   117.4
19660901 19660930    40.4
19661001 19661031    48.8
19661101 19661130    63.8
19661201 19661231   104.1
19670101 19670131    96.7
19670201 19670228   104.9
19670301 19670331   102.3
19670401 19670430     4.6
19670501 19670531    47.2
19670601 19670630   154.5
19670701 19670731    17.8
19670801 19670831    38.1
19670901 19670930     2.0
19671001 19671031    40.6
19671101 19671130    53.6
19671201 19671231    14.3
19680101 19680131    81.3
19680201 19680229    40.1
19680301 19680331    44.7
19680401 19680430    49.5
19680501 19680531    43.4
19680601 19680630    11.7
19680701 19680731    99.3
19680801 19680831    72.5
19680901 19680930    17.0
19681001 19681031    10.4
19681101 19681130    72.8
19681201 19681231   121.8
19690101 19690131    67.8
19690201 19690228    21.0
19690301 19690331    58.4
19690401 19690430    12.7
19690501 19690531    69.8
19690601 19690630    20.8
19690701 19690731    21.6
19690801 19690831    58.6
19690901 19690930    27.1
19691001 19691031    87.6
19691101 19691130   114.9
19691201 19691231    38.3
19700101 19700131    81.6
19700201 19700228    47.8
19700301 19700331    64.5
19700401 19700430    27.9
19700501 19700531    19.8
19700601 19700630    16.8
19700701 19700731     8.6
19700801 19700831     9.0
19700901 19700930    81.2
19701001 19701031    50.8
19701101 19701130   101.9
19701201 19701231   177.4
19710101 19710131   191.7
19710201 19710228   176.6
19710301 19710331    14.3
19710401 19710430     8.4
19710501 19710531    20.1
19710601 19710630    22.9
19710701 19710731    33.0
19710801 19710831    69.3
19710901 19710930    63.4
19711001 19711031    95.0
19711101 19711130   148.8
19711201 19711231   130.1
19720101 19720131    81.8
19720201 19720229    46.1
19720301 19720331    29.8
19720401 19720430    29.5
19720501 19720531    12.5
19720601 19720630    13.4
19720701 19720731     1.5
19720801 19720831    42.0
19720901 19720930    25.4
19721001 19721031   251.0
19721101 19721130    81.9
19721201 19721231    68.1
19730101 19730131   116.3
19730201 19730228    57.9
19730301 19730331    45.6
19730401 19730430     2.3
19730501 19730531     9.2
19730601 19730630    15.8
19730701 19730731    97.2
19730801 19730831    42.5
19730901 19730930    50.9
19731001 19731031    37.1
19731101 19731130    59.0
19731201 19731231    87.9
19740101 19740131   194.0
19740201 19740228     9.8
19740301 19740331    20.4
19740401 19740430    18.2
19740501 19740531    49.8
19740601 19740630    24.2
19740701 19740731     8.6
19740801 19740831    30.4
19740901 19740930    32.2
19741001 19741031    79.2
19741101 19741130   180.6
19741201 19741231   101.8
19750101 19750131   109.2
19750201 19750228    85.3
19750301 19750331   107.6
19750401 19750430    32.6
19750501 19750531     0.0
19750601 19750630    27.0
19750701 19750731    61.6
19750801 19750831    38.1
19750901 19750930    45.2
19751001 19751031    87.0
19751101 19751130   101.7
19751201 19751231   182.3
19760101 19760131    63.6
19760201 19760229   141.1
19760301 19760331   111.2
19760401 19760430     0.0
19760501 19760531    59.0
19760601 19760630    28.6
19760701 19760731    45.4
19760801 19760831     1.0
19760901 19760930    68.2
19761001 19761031    42.9
19761101 19761130   106.2
19761201 19761231    36.6
19770101 19770131    45.0
19770201 19770228    52.6
19770301 19770331   123.0
19770401 19770430    52.0
19770501 19770531    77.0
19770601 19770630     2.6
19770701 19770731     0.0
19770801 19770831    15.8
19770901 19770930     6.8
19771001 19771031    25.8
19771101 19771130   127.8
19771201 19771231    12.6
19780101 19780131    80.9
19780201 19780228    56.2
19780301 19780331    29.6
19780401 19780430    38.4
19780501 19780531    42.2
19780601 19780630    57.4
19780701 19780731    66.4
19780801 19780831    64.6
19780901 19780930    93.4
19781001 19781031    44.8
19781101 19781130    84.6
19781201 19781231    76.6
19790101 19790131    38.1
19790201 19790228    57.8
19790301 19790331   168.5
19790401 19790430     5.4
19790501 19790531    38.4
19790601 19790630    71.2
19790701 19790731    28.6
19790801 19790831     6.8
19790901 19790930    29.8
19791001 19791031    39.6
19791101 19791130    69.4
19791201 19791231    37.8
19800101 19800131    89.6
19800201 19800229    85.6
19800301 19800331     8.4
19800401 19800430    22.4
19800501 19800531    44.8
19800601 19800630     7.2
19800701 19800731    37.2
19800801 19800831    16.2
19800901 19800930     0.0
19801001 19801031   107.2
19801101 19801130    34.8
19801201 19801231   174.8
19810101 19810131    26.1
19810201 19810228   152.4
19810301 19810331    28.1
19810401 19810430    79.2
19810501 19810531    47.0
19810601 19810630    51.2
19810701 19810731    48.3
19810801 19810831    23.4
19810901 19810930     1.8
19811001 19811031    16.5
19811101 19811130    75.6
19811201 19811231   208.6
19820101 19820131    98.6
19820201 19820228    47.2
19820301 19820331    73.0
19820401 19820430    32.2
19820501 19820531    14.4
19820601 19820630    17.2
19820701 19820731    15.2
19820801 19820831     8.6
19820901 19820930    57.0
19821001 19821031    61.2
19821101 19821130    10.4
19821201 19821231   155.8
19830101 19830131    50.6
19830201 19830228    17.8
19830301 19830331    69.0
19830401 19830430    88.4
19830501 19830531   203.2
19830601 19830630   141.6
19830701 19830731    70.2
19830801 19830831    46.8
19830901 19830930    39.4
19831001 19831031   108.0
19831101 19831130   128.2
19831201 19831231   109.0
19840101 19840131   115.4
19840201 19840229    58.4
19840301 19840331    44.0
19840401 19840430   129.8
19840501 19840531    11.8
19840601 19840630    30.0
19840701 19840731   141.8
19840801 19840831    27.4
19840901 19840930    39.4
19841001 19841031    23.8
19841101 19841130    65.6
19841201 19841231    81.8
19850101 19850131    74.8
19850201 19850228    55.2
19850301 19850331    23.6
19850401 19850430    42.8
19850501 19850531    32.8
19850601 19850630    67.2
19850701 19850731    47.2
19850801 19850831    45.6
19850901 19850930    40.4
19851001 19851031   119.2
19851101 19851130    63.7
19851201 19851231   147.0
19860101 19860131   119.8
19860201 19860228   122.8
19860301 19860331     0.0
19860401 19860430    19.2
19860501 19860531    87.4
19860601 19860630     0.0
19860701 19860731    54.6
19860801 19860831    37.4
19860901 19860930     0.0
19861001 19861031    90.2
19861101 19861130    60.8
19861201 19861231    64.0
19870101 19870131   159.6
19870201 19870228    19.6
19870301 19870331    50.6
19870401 19870430     2.2
19870501 19870531    59.2
19870601 19870630    22.0
19870701 19870731    32.0
19870801 19870831    50.6
19870901 19870930     8.0
19871001 19871031   147.6
19871101 19871130    32.8
19871201 19871231   133.8
19880101 19880131    86.2
19880201 19880229   147.4
19880301 19880331    54.0
19880401 19880430   281.2
19880501 19880531    27.6
19880601 19880630    67.8
19880701 19880731    82.0
19880801 19880831    48.8
19880901 19880930    41.2
19881001 19881031    11.4
19881101 19881130    35.8
19881201 19881231    67.6
19890101 19890131    37.4
19890201 19890228    84.2
19890301 19890331   111.4
19890401 19890430    67.6
19890501 19890531    37.8
19890601 19890630    35.0
19890701 19890731    32.2
19890801 19890831    16.4
19890901 19890930    10.8
19891001 19891031    65.2
19891101 19891130   165.8
19891201 19891231    66.6
19900101 19900131    57.0
19900201 19900228   132.4
19900301 19900331    39.4
19900401 19900430    87.6
19900501 19900531    99.2
19900601 19900630    47.6
19900701 19900731    35.8
19900801 19900831    19.8
19900901 19900930    38.2
19901001 19901031    40.2
19901101 19901130    27.2
19901201 19901231    41.6
19910101 19910131   236.8
19910201 19910228   168.8
19910301 19910331     2.2
19910401 19910430     0.0
19910501 19910531    52.8
19910601 19910630    37.0
19910701 19910731    24.8
19910801 19910831     0.0
19910901 19910930     5.2
19911001 19911031    24.2
19911101 19911130    77.4
19911201 19911231   128.8
19920101 19920131   120.6
19920201 19920229   105.8
19920301 19920331    32.4
19920401 19920430    25.0
19920501 19920531    81.8
19920601 19920630     5.8
19920701 19920731    21.0
19920801 19920831    25.6
19920901 19920930    25.6
19921001 19921031    22.8
19921101 19921130    52.2
19921201 19921231    57.8
19930101 19930131    40.6
19930201 19930228    51.6
19930301 19930331     4.6
19930401 19930430     0.0
19930501 19930531    49.8
19930601 19930630    15.2
19930701 19930731    31.4
19930801 19930831     2.6
19930901 19930930    35.8
19931001 19931031    98.4
19931101 19931130    72.2
19931201 19931231   123.8
19940101 19940131     2.4
19940201 19940228   110.0
19940301 19940331   136.8
19940401 19940430     6.4
19940501 19940531    39.0
19940601 19940630     9.6
19940701 19940731     2.8
19940801 19940831     2.2
19940901 19940930     6.8
19941001 19941031    50.0
19941101 19941130    33.6
19941201 19941231    31.0
19950101 19950131    75.8
19950201 19950228   114.6
19950301 19950331    60.4
19950401 19950430     1.2
19950501 19950531    54.6
19950601 19950630    36.2
19950701 19950731     5.0
19950801 19950831     4.8
19950901 19950930    34.0
19951001 19951031    90.2
19951101 19951130   302.0
19951201 19951231   185.2
19960101 19960131   167.2
19960201 19960229    37.8
19960301 19960331    42.0
19960401 19960430    31.0
19960501 19960531   325.4
19960601 19960630     6.2
19960701 19960731    33.2
19960801 19960831    53.6
19960901 19960930    49.4
19961001 19961031    45.0
19961101 19961130    97.6
19961201 19961231   180.4
19970101 19970131    33.8
19970201 19970228   109.6
19970301 19970331     0.0
19970401 19970430     2.0
19970501 19970531    42.4
19970601 19970630     6.0
19970701 19970731     4.2
19970801 19970831     2.0
19970901 19970930    54.6
19971001 19971031   117.6
19971101 19971130    84.6
19971201 19971231    39.4
19980101 19980131    43.6
19980201 19980228    61.6
19980301 19980331     0.0
19980401 19980430    91.2
19980501 19980531    74.2
19980601 19980630    50.2
19980701 19980731   104.2
19980801 19980831    46.2
19980901 19980930    74.6
19981001 19981031    39.6
19981101 19981130    68.4
19981201 19981231    38.2
19990101 19990131   125.0
19990201 19990228   141.8
19990301 19990331    96.6
19990401 19990430     3.8
19990501 19990531    29.6
19990601 19990630    14.0
19990701 19990731    88.8
19990801 19990831    25.2
19990901 19990930    13.4
19991001 19991031    66.8
19991101 19991130   122.0
19991201 19991231   156.0
20000101 20000131    74.0
20000201 20000229    35.0
20000301 20000331    35.4
20000401 20000430     8.2
20000501 20000531    33.6
20000601 20000630    37.8
20000701 20000731     9.2
20000801 20000831     4.0
20000901 20000930     0.0
20001001 20001031    32.2
20001101 20001130    65.0
20001201 20001231    86.6
20010101 20010131    51.6
20010201 20010228    96.2
20010301 20010331    58.2
20010401 20010430    41.0
20010501 20010531    16.6
20010601 20010630     0.0
20010701 20010731    29.8
20010801 20010831     9.4
20010901 20010930    24.8
20011001 20011031    86.2
20011101 20011130   130.8
20011201 20011231   152.8
20020101 20020131    23.2
20020201 20020228   108.4
20020301 20020331    79.6
20020401 20020430     0.0
20020501 20020531    10.8
20020601 20020630    49.2
20020701 20020731     0.0
20020801 20020831    27.5
20020901 20020930     6.8
20021001 20021031    12.0
20021101 20021130    36.6
20021201 20021231    72.4
20030101 20030131    67.3
20030201 20030228   149.2
20030301 20030331    86.0
20030401 20030430    27.6
20030501 20030531    10.6
20030601 20030630    52.8
20030701 20030731    27.0
20030801 20030831    20.0
20030901 20030930     5.8
20031001 20031031   129.4
20031101 20031130    29.4
20031201 20031231   158.2
20040101 20040131   141.0
20040201 20040229    70.2
20040301 20040331    68.8
20040401 20040430    45.0
20040501 20040531     6.0
20040601 20040630     5.0
20040701 20040731     8.0
20040801 20040831    26.8
20040901 20040930    36.0
20041001 20041031    43.2
20041101 20041130   130.4
20041201 20041231   111.2
20050101 20050131    83.4
20050201 20050228    25.2
20050301 20050331    18.6
20050401 20050430     0.0
20050501 20050531    19.4
20050601 20050630    83.2
20050701 20050731    11.0
20050801 20050831    12.0
20050901 20050930    24.6
20051001 20051031   106.8
20051101 20051130   146.8
20051201 20051231    63.8
20060101 20060131   117.6
20060201 20060228    70.2
20060301 20060331    16.2
20060401 20060430    28.4
20060501 20060531    16.6
20060601 20060630     6.0
20060701 20060731    23.2
20060801 20060831    31.8
20060901 20060930    58.0
20061001 20061031     1.0
20061101 20061130   124.5
20061201 20061231   131.0
20070101 20070131     3.6
20070201 20070228   116.6
20070301 20070331    21.4
20070401 20070430    13.0
20070501 20070531     7.0
20070601 20070630    59.8
20070701 20070731     1.0
20070801 20070831    83.2
20070901 20070930    33.6
20071001 20071031    87.4
20071101 20071130   139.4
20071201 20071231    41.6
20080101 20080131    59.6
20080201 20080229   142.0
20080301 20080331    34.4
20080401 20080430    33.0
20080501 20080531     0.0
20080601 20080630    23.0
20080701 20080731    57.0
20080801 20080831    15.0
20080901 20080930    54.8
20081001 20081031    19.4
20081101 20081130   168.4
20081201 20081231   112.6
20090101 20090131    62.6
20090201 20090228    66.6
20090301 20090331    13.2
20090401 20090430    68.0
20090501 20090531    62.0
20090601 20090630    29.2
20090701 20090731     5.6
20090801 20090831     4.0
20090901 20090930    20.0
20091001 20091031    27.4
20091101 20091130    51.0
20091201 20091231    46.6
20100101 20100131    98.2
20100201 20100228    59.6
20100301 20100331   178.6
20100401 20100430    43.0
20100501 20100531    42.0
20100601 20100630     8.4
20100701 20100731    38.6
20100801 20100831    87.6
20100901 20100930    85.2
20101001 20101031    80.0
20101101 20101130    97.6
20101201 20101231   433.6
20110101 20110131   170.4
20110201 20110228    47.0
20110301 20110331   151.2
20110401 20110430    37.6
20110501 20110531   100.8
20110601 20110630    17.4
20110701 20110731     8.0
20110801 20110831    54.4
20110901 20110930    29.0
20111001 20111031   163.0
20111101 20111130    78.2
20111201 20111231   112.6
20120101 20120131    48.4
20120201 20120229    71.0
20120301 20120331    49.0
20120401 20120430    30.0
20120501 20120531    17.4
20120601 20120630   104.6
20120701 20120731    20.0
20120801 20120831     6.0
20120901 20120930    20.4
20121001 20121031    44.2
20121101 20121130    76.6
20121201 20121231   113.4
20130101 20130131   168.0
20130201 20130228   117.0
20130301 20130331    83.6
20130401 20130430    39.8
20130501 20130531    21.0
20130601 20130630    56.4
20130701 20130731    44.0
20130801 20130831     8.0
20130901 20130930    21.6
20131001 20131031    37.0
20131101 20131130    97.8
20131201 20131231    31.0
20140101 20140131    37.9
20140201 20140228    10.0
20140301 20140331   245.6
20140401 20140430     6.0
20140501 20140531    26.0
20140601 20140630    21.0
20140701 20140731     9.0
20140801 20140831    51.0
20140901 20140930    13.4
20141001 20141031     9.0
20141101 20141130    63.6
20141201 20141231   166.2
20150101 20150131    75.0
20150201 20150228    40.6
20150301 20150331    52.2
20150401 20150430    20.8
20150501 20150531   130.4
20150601 20150630     6.2
20150701 20150731    28.6
20150801 20150831    20.6
20150901 20150930    36.4
20151001 20151031    28.8
20151101 20151130   125.2
20151201 20151231   131.6
20160101 20160131    92.6
20160201 20160229    32.8
20160301 20160331    22.8
20160401 20160430    15.0
20160501 20160531    23.2
20160601 20160630    64.6
20160701 20160731    40.0
20160801 20160831    61.8
20160901 20160930    93.8
20161001 20161031    58.0
20161101 20161130    19.8
20161201 20161231    23.8
20170101 20170131    36.0
20170201 20170228    33.0
20170301 20170331   253.2
20170401 20170430    10.8
20170501 20170531     8.6
20170601 20170630    26.2
20170701 20170731    20.8
20170801 20170831     1.4
20170901 20170930     3.2
20171001 20171031   144.6
20171101 20171130    36.8
20171201 20171231   121.2
