PRCP       087053 18840601 20170131 missing_value=99999.9 PORTARLINGTON                             
18840601 18840630    42.6
18840701 18840731    20.0
18840801 18840831    57.5
18840901 18840930    25.9
18841001 18841031    56.2
18841101 18841130    76.6
18841201 18841231    40.7
18850101 18850131    47.0
18850201 18850228    41.3
18850301 18850331    50.9
18850401 18850430    89.3
18850501 18850531    31.7
18850601 18850630    84.7
18850701 18850731    51.3
18850801 18850831    23.2
18850901 18850930    83.6
18851001 18851031    37.0
18851101 18851130    63.8
18851201 18851231    53.6
18860101 18860131   132.6
18860201 18860228    42.9
18860301 18860331    26.7
18860401 18860430    18.8
18860501 18860531    29.5
18860601 18860630    22.7
18860701 18860731    20.8
18860801 18860831    79.0
18860901 18860930    49.5
18861001 18861031    82.8
18861101 18861130    50.8
18861201 18861231    63.4
18870101 18870131    18.0
18870201 18870228    60.4
18870301 18870331    21.3
18870401 18870430    55.9
18870501 18870531    29.1
18870601 18870630    81.6
18870701 18870731    85.6
18870801 18870831    14.8
18870901 18870930    70.7
18871001 18871031    44.7
18871101 18871130   105.1
18871201 18871231    54.0
18880101 18880131    38.6
18880201 18880229    27.7
18880301 18880331    75.3
18880401 18880430    26.3
18880501 18880531    89.1
18880601 18880630    43.2
18880701 18880731    44.4
18880801 18880831    26.2
18880901 18880930    30.7
18881001 18881031    26.4
18881101 18881130    16.7
18881201 18881231    30.0
18890101 18890131    72.9
18890201 18890228    45.5
18890301 18890331     3.3
18890401 18890430   116.8
18890501 18890531    47.7
18890601 18890630   101.5
18890701 18890731    51.1
18890801 18890831    64.4
18890901 18890930    43.4
18891001 18891031    78.5
18891101 18891130    71.4
18891201 18891231    23.6
18900101 18900131    28.7
18900201 18900228    11.7
18900301 18900331    49.9
18900401 18900430    36.0
18900501 18900531    67.3
18900601 18900630    48.1
18900701 18900731    66.6
18900801 18900831    48.2
18900901 18900930    68.7
18901001 18901031    51.1
18901101 18901130    84.5
18901201 18901231    40.7
18910101 18910131    13.2
18910201 18910228    10.1
18910301 18910331    53.6
18910401 18910430    51.5
18910501 18910531    65.7
18910601 18910630    94.9
18910701 18910731   144.5
18910801 18910831    51.7
18910901 18910930    43.8
18911001 18911031    69.5
18911101 18911130    89.9
18911201 18911231    45.9
18920101 18920131     7.1
18920201 18920229    10.7
18920301 18920331    41.1
18920401 18920430   123.8
18920501 18920531    50.8
18920601 18920630    39.5
18920701 18920731    39.1
18920801 18920831    68.1
18920901 18920930    64.6
18921001 18921031    70.0
18921101 18921130    47.1
18921201 18921231    46.5
18930101 18930131     1.3
18930201 18930228     6.6
18930301 18930331    56.4
18930401 18930430    48.0
18930501 18930531   101.4
18930601 18930630    86.1
18930701 18930731    62.8
18930801 18930831    53.8
18930901 18930930    97.1
18931001 18931031    83.9
18931101 18931130    64.7
18931201 18931231    39.8
18940101 18940131     4.3
18940201 18940228    24.4
18940301 18940331    23.5
18940401 18940430    76.3
18940501 18940531    40.4
18940601 18940630    83.9
18940701 18940731    81.2
18940801 18940831    48.8
18940901 18940930    68.1
18941001 18941031   117.5
18941101 18941130    16.6
18941201 18941231    58.3
18950101 18950131    42.9
18950201 18950228     3.3
18950301 18950331    44.2
18950401 18950430    74.4
18950501 18950531    27.9
18950601 18950630    80.0
18950701 18950731    51.2
18950801 18950831    61.1
18950901 18950930   145.0
18951001 18951031    21.0
18951101 18951130     3.8
18951201 18951231    69.5
18960101 18960131    71.5
18960201 18960229    69.1
18960301 18960331    59.8
18960401 18960430    74.2
18960501 18960531   137.7
18960601 18960630    78.1
18960701 18960731    68.1
18960801 18960831    71.0
18960901 18960930    54.5
18961001 18961031    19.3
18961101 18961130    21.9
18961201 18961231    24.5
18970101 18970131   101.9
18970201 18970228    65.2
18970301 18970331    39.6
18970401 18970430    31.2
18970501 18970531    62.9
18970601 18970630    44.1
18970701 18970731    55.3
18970801 18970831    75.1
18970901 18970930    45.6
18971001 18971031    52.7
18971101 18971130    36.0
18971201 18971231    23.6
18980101 18980131     6.4
18980201 18980228     4.1
18980301 18980331    11.7
18980401 18980430    38.3
18980501 18980531    51.1
18980601 18980630    54.7
18980701 18980731    42.9
18980801 18980831    24.6
18980901 18980930    80.7
18981001 18981031    33.5
18981101 18981130    44.1
18981201 18981231    21.9
18990101 18990131    57.1
18990201 18990228    49.8
18990301 18990331    59.8
18990401 18990430    96.7
18990501 18990531    75.6
18990601 18990630   119.1
18990701 18990731    38.0
18990801 18990831    80.4
18990901 18990930    49.1
18991001 18991031    62.5
18991101 18991130    54.5
18991201 18991231    16.8
19000101 19000131    49.5
19000201 19000228     3.6
19000301 19000331    59.3
19000401 19000430    94.8
19000501 19000531    80.9
19000601 19000630    53.9
19000701 19000731    35.5
19000801 19000831    70.2
19000901 19000930    58.0
19001001 19001031    18.4
19001101 19001130     4.0
19001201 19001231    16.5
19010101 19010131    67.1
19010201 19010228    11.4
19010301 19010331    40.7
19010401 19010430   161.2
19010501 19010531    11.2
19010601 19010630    54.9
19010701 19010731    52.3
19010801 19010831    45.0
19010901 19010930    45.9
19011001 19011031    46.8
19011101 19011130    31.1
19011201 19011231     6.6
19020101 19020131    33.1
19020201 19020228    24.5
19020301 19020331   130.4
19020401 19020430     3.5
19020501 19020531    20.6
19020601 19020630    55.4
19020701 19020731    16.2
19020801 19020831    31.0
19020901 19020930    61.0
19021001 19021031    22.1
19021101 19021130     8.3
19021201 19021231    97.2
19030101 19030131    23.4
19030201 19030228    32.2
19030301 19030331    67.6
19030401 19030430   101.5
19030501 19030531    48.8
19030601 19030630    54.8
19030701 19030731    42.0
19030801 19030831    22.4
19030901 19030930    57.7
19031001 19031031    65.1
19031101 19031130    89.9
19031201 19031231    47.9
19040101 19040131    93.2
19040201 19040229   118.5
19040301 19040331    11.3
19040401 19040430    11.5
19040501 19040531    67.8
19040601 19040630    94.0
19040701 19040731    55.8
19040801 19040831    56.0
19040901 19040930    45.8
19041001 19041031    50.1
19041101 19041130    40.8
19041201 19041231     5.1
19050101 19050131    31.6
19050201 19050228    36.9
19050301 19050331    38.9
19050401 19050430    57.5
19050501 19050531    72.3
19050601 19050630    47.4
19050701 19050731    95.0
19050801 19050831    31.8
19050901 19050930    62.5
19051001 19051031    66.6
19051101 19051130    29.0
19051201 19051231    36.1
19060101 19060131     3.6
19060201 19060228     8.6
19060301 19060331    88.3
19060401 19060430    13.3
19060501 19060531    59.1
19060601 19060630    58.0
19060701 19060731    34.1
19060801 19060831    58.5
19060901 19060930    98.5
19061001 19061031    89.2
19061101 19061130    61.7
19061201 19061231     5.6
19070101 19070131     4.3
19070201 19070228    11.7
19070301 19070331    16.8
19070401 19070430    48.7
19070501 19070531    61.5
19070601 19070630    20.8
19070701 19070731    53.8
19070801 19070831    58.3
19070901 19070930    15.9
19071001 19071031    30.7
19071101 19071130    38.2
19071201 19071231   122.4
19080101 19080131    12.2
19080201 19080229    12.4
19080301 19080331    54.8
19080401 19080430     9.1
19080501 19080531    31.3
19080601 19080630   100.9
19080701 19080731    29.9
19080801 19080831    46.0
19080901 19080930    55.9
19081001 19081031    63.5
19081101 19081130    28.2
19081201 19081231     5.6
19090101 19090131    47.2
19090201 19090228    50.8
19090301 19090331    39.2
19090401 19090430    64.4
19090501 19090531    64.0
19090601 19090630    75.4
19090701 19090731    34.0
19090801 19090831    94.0
19090901 19090930    47.7
19091001 19091031    44.6
19091101 19091130    13.2
19091201 19091231    47.0
19100101 19100131    18.9
19100201 19100228     8.2
19100301 19100331    68.0
19100401 19100430    22.0
19100501 19100531    53.0
19100601 19100630    36.0
19100701 19100731    87.1
19100801 19100831    38.0
19100901 19100930    85.3
19101001 19101031    56.6
19101101 19101130    84.3
19101201 19101231    61.5
19110101 19110131    11.2
19110201 19110228    71.3
19110301 19110331   179.0
19110401 19110430    15.5
19110501 19110531    94.1
19110601 19110630    90.7
19110701 19110731    50.6
19110801 19110831    26.5
19110901 19110930   106.9
19111001 19111031    28.3
19111101 19111130    31.8
19111201 19111231    91.4
19120101 19120131     0.0
19120201 19120229    15.7
19120301 19120331     8.6
19120401 19120430    65.1
19120501 19120531    18.2
19120601 19120630    42.6
19120701 19120731    49.2
19120801 19120831    31.2
19120901 19120930    75.7
19121001 19121031    24.9
19121101 19121130    54.7
19121201 19121231    68.0
19130101 19130131     4.3
19130201 19130228    12.7
19130301 19130331   193.8
19130401 19130430    23.1
19130501 19130531    62.5
19130601 19130630    21.7
19130701 19130731    25.8
19130801 19130831    62.1
19130901 19130930    64.5
19131001 19131031    36.2
19131101 19131130    40.3
19131201 19131231    24.4
19140101 19140131    29.6
19140201 19140228     3.6
19140301 19140331    20.3
19140401 19140430    28.7
19140501 19140531    58.1
19140601 19140630    38.4
19140701 19140731    48.5
19140801 19140831    12.5
19140901 19140930    40.5
19141001 19141031     4.6
19141101 19141130    54.4
19141201 19141231    63.8
19150101 19150131    48.1
19150201 19150228    18.2
19150301 19150331     7.1
19150401 19150430    51.6
19150501 19150531    78.7
19150601 19150630    67.4
19150701 19150731    50.0
19150801 19150831    45.5
19150901 19150930    56.4
19151001 19151031    61.9
19151101 19151130    32.6
19151201 19151231     7.7
19160101 19160131    60.8
19160201 19160229    31.2
19160301 19160331    12.4
19160401 19160430    45.9
19160501 19160531    23.3
19160601 19160630    69.9
19160701 19160731    41.1
19160801 19160831    48.7
19160901 19160930   158.5
19161001 19161031    77.9
19161101 19161130    83.6
19161201 19161231    71.3
19170101 19170131    21.4
19170201 19170228    44.2
19170301 19170331    42.3
19170401 19170430    54.6
19170501 19170531    50.3
19170601 19170630    56.6
19170701 19170731    37.6
19170801 19170831    73.6
19170901 19170930    60.1
19171001 19171031    91.4
19171101 19171130    46.4
19171201 19171231    27.5
19180101 19180131    15.0
19180201 19180228    26.7
19180301 19180331    78.6
19180401 19180430    26.8
19180501 19180531    73.8
19180601 19180630    42.3
19180701 19180731    79.1
19180801 19180831    95.5
19180901 19180930   102.3
19181001 19181031    49.4
19181101 19181130     9.4
19181201 19181231    39.7
19190101 19190131    11.2
19190201 19190228    97.8
19190301 19190331   134.2
19190401 19190430    11.4
19190501 19190531    37.2
19190601 19190630    52.1
19190701 19190731    64.7
19190801 19190831    33.9
19190901 19190930    21.0
19191001 19191031    40.1
19191101 19191130    12.4
19191201 19191231    76.0
19200101 19200131    16.8
19200201 19200229     9.0
19200301 19200331    29.6
19200401 19200430    36.8
19200501 19200531    48.4
19200601 19200630    70.7
19200701 19200731    32.1
19200801 19200831    97.1
19200901 19200930    99.2
19201001 19201031    51.3
19201101 19201130    59.9
19201201 19201231    39.3
19210101 19210131    79.8
19210201 19210228    29.2
19210301 19210331    25.4
19210401 19210430    17.6
19210501 19210531    68.9
19210601 19210630    31.8
19210701 19210731    61.0
19210801 19210831   103.3
19210901 19210930    74.6
19211001 19211031    47.6
19211101 19211130    46.2
19211201 19211231    21.9
19220101 19220131    12.4
19220201 19220228    52.7
19220301 19220331     9.3
19220401 19220430    31.0
19220501 19220531    60.8
19220601 19220630    38.4
19220701 19220731    80.6
19220801 19220831    56.3
19220901 19220930    63.0
19221001 19221031    81.9
19221101 19221130    22.3
19221201 19221231    59.4
19230101 19230131    33.9
19230201 19230228     9.9
19230301 19230331     3.6
19230401 19230430     0.0
19230501 19230531    53.9
19230601 19230630    80.8
19230701 19230731    67.4
19230801 19230831    50.2
19230901 19230930    67.8
19231001 19231031   115.4
19231101 19231130    49.3
19231201 19231231    45.5
19240101 19240131    54.5
19240201 19240229   155.7
19240301 19240331   143.5
19240401 19240430    73.5
19240501 19240531    30.8
19240601 19240630    43.7
19240701 19240731    33.0
19240801 19240831   105.4
19240901 19240930    57.4
19241001 19241031    56.2
19241101 19241130    86.3
19241201 19241231    66.6
19250101 19250131    47.6
19250201 19250228    21.6
19250301 19250331    11.4
19250401 19250430    34.1
19250501 19250531    38.6
19250601 19250630    22.4
19250701 19250731    45.1
19250801 19250831    87.6
19250901 19250930    53.7
19251001 19251031    25.2
19251101 19251130    58.8
19251201 19251231    10.1
19260101 19260131    53.2
19260201 19260228     1.3
19260301 19260331    30.5
19260401 19260430    37.8
19260501 19260531    53.5
19260601 19260630    57.1
19260701 19260731    56.1
19260801 19260831    41.7
19260901 19260930    41.1
19261001 19261031    60.2
19261101 19261130    25.7
19261201 19261231    29.3
19270101 19270131     7.6
19270201 19270228     6.7
19270301 19270331    28.1
19270401 19270430    13.9
19270501 19270531    78.8
19270601 19270630    30.4
19270701 19270731    63.8
19270801 19270831    50.5
19270901 19270930    32.8
19271001 19271031    48.6
19271101 19271130    26.2
19271201 19271231    48.4
19280101 19280131    48.4
19280201 19280229   108.2
19280301 19280331   100.1
19280401 19280430    23.1
19280501 19280531    73.9
19280601 19280630    49.4
19280701 19280731    12.3
19280801 19280831    12.7
19280901 19280930    25.3
19281001 19281031    71.3
19281101 19281130    25.9
19281201 19281231    19.5
19290101 19290131    28.3
19290201 19290228    10.4
19290301 19290331    34.6
19290401 19290430    72.8
19290501 19290531    41.4
19290601 19290630    29.0
19290701 19290731    45.5
19290801 19290831    63.3
19290901 19290930    32.8
19291001 19291031    45.6
19291101 19291130    85.5
19291201 19291231    63.0
19300101 19300131     0.8
19300201 19300228    60.5
19300301 19300331     4.9
19300401 19300430    46.0
19300501 19300531    63.2
19300601 19300630    46.7
19300701 19300731    37.7
19300801 19300831    88.2
19300901 19300930    45.1
19301001 19301031    50.0
19301101 19301130    57.5
19301201 19301231    74.4
19310101 19310131    20.8
19310201 19310228    36.6
19310301 19310331   151.4
19310401 19310430    69.6
19310501 19310531    83.9
19310601 19310630    81.0
19310701 19310731    51.8
19310801 19310831    51.3
19310901 19310930    34.5
19311001 19311031    31.4
19311101 19311130    95.4
19311201 19311231    18.1
19320101 19320131     0.0
19320201 19320229    60.1
19320301 19320331   102.6
19320401 19320430    88.9
19320501 19320531     8.9
19320601 19320630    53.8
19320701 19320731    39.1
19320801 19320831    74.0
19320901 19320930    19.8
19321001 19321031    84.0
19321101 19321130    13.3
19321201 19321231    87.6
19330101 19330131     8.5
19330201 19330228     9.9
19330301 19330331    25.1
19330401 19330430    28.7
19330501 19330531    49.6
19330601 19330630    37.0
19330701 19330731    60.1
19330801 19330831    57.4
19330901 19330930    41.8
19331001 19331031    35.2
19331101 19331130    56.2
19331201 19331231   122.8
19340101 19340131    54.9
19340201 19340228    32.8
19340301 19340331     4.6
19340401 19340430   162.9
19340501 19340531     3.8
19340601 19340630    51.7
19340701 19340731    48.5
19340801 19340831    66.1
19340901 19340930    39.2
19341001 19341031   142.4
19341101 19341130   166.5
19341201 19341231    73.5
19350101 19350131    46.5
19350201 19350228    51.0
19350301 19350331    40.7
19350401 19350430   131.4
19350501 19350531    27.2
19350601 19350630    57.8
19350701 19350731    42.8
19350801 19350831    52.7
19350901 19350930    55.9
19351001 19351031    69.2
19351101 19351130    33.3
19351201 19351231    28.0
19360101 19360131    19.7
19360201 19360229     8.7
19360301 19360331    24.2
19360401 19360430    60.0
19360501 19360531    25.8
19360601 19360630    43.0
19360701 19360731   116.2
19360801 19360831    55.2
19360901 19360930    29.3
19361001 19361031    70.5
19361101 19361130    38.4
19361201 19361231    71.7
19370101 19370131    49.4
19370201 19370228    32.5
19370301 19370331    27.4
19370401 19370430    22.8
19370501 19370531    58.6
19370601 19370630    24.9
19370701 19370731    41.4
19370801 19370831    34.0
19370901 19370930    56.8
19371001 19371031   106.9
19371101 19371130    17.8
19371201 19371231    34.1
19380101 19380131    35.0
19380201 19380228    44.0
19380301 19380331    31.4
19380401 19380430    23.7
19380501 19380531    22.0
19380601 19380630   101.2
19380701 19380731    51.8
19380801 19380831    31.6
19380901 19380930    24.1
19381001 19381031    10.1
19381101 19381130    33.8
19381201 19381231     3.8
19390101 19390131     2.4
19390201 19390228   152.7
19390301 19390331    15.0
19390401 19390430    51.2
19390501 19390531    53.4
19390601 19390630    94.4
19390701 19390731    28.2
19390801 19390831   114.2
19390901 19390930    48.8
19391001 19391031    51.0
19391101 19391130   109.2
19391201 19391231    14.8
19400101 19400131    48.5
19400201 19400229     8.1
19400301 19400331    13.5
19400401 19400430    47.1
19400501 19400531    35.4
19400601 19400630    47.9
19400701 19400731    62.5
19400801 19400831    24.6
19400901 19400930    32.1
19401001 19401031    20.6
19401101 19401130    58.7
19401201 19401231    46.0
19410101 19410131    70.6
19410201 19410228    26.9
19410301 19410331    71.0
19410401 19410430    52.4
19410501 19410531    21.7
19410601 19410630    96.2
19410701 19410731    52.1
19410801 19410831    74.8
19410901 19410930    69.0
19411001 19411031    44.0
19411101 19411130    59.9
19411201 19411231    40.6
19420101 19420131    26.4
19420201 19420228    32.5
19420301 19420331    51.4
19420401 19420430    30.0
19420501 19420531   111.0
19420601 19420630    37.8
19420701 19420731    23.5
19420801 19420831    68.8
19420901 19420930    61.4
19421001 19421031    38.5
19421101 19421130    74.4
19421201 19421231    25.9
19430101 19430131    38.2
19430201 19430228    35.3
19430301 19430331     9.2
19430401 19430430    53.0
19430501 19430531     9.2
19430601 19430630    63.1
19430701 19430731    50.5
19430801 19430831    52.3
19430901 19430930    81.3
19431001 19431031    17.0
19431101 19431130    39.7
19431201 19431231    15.9
19440101 19440131    29.0
19440201 19440229     8.2
19440301 19440331    30.4
19440401 19440430    65.7
19440501 19440531   126.9
19440601 19440630    26.2
19440701 19440731    24.5
19440801 19440831    24.0
19440901 19440930    38.5
19441001 19441031    67.3
19441101 19441130    19.4
19441201 19441231    49.5
19450101 19450131    47.5
19450201 19450228    61.1
19450301 19450331     7.2
19450401 19450430    20.5
19450501 19450531    73.2
19450601 19450630    27.8
19450701 19450731    74.7
19450801 19450831    53.5
19450901 19450930    34.7
19451001 19451031    33.9
19451101 19451130    59.7
19451201 19451231    11.2
19460101 19460131    58.5
19460201 19460228   101.3
19460301 19460331    54.1
19460401 19460430    36.6
19460501 19460531    36.0
19460601 19460630    74.6
19460701 19460731    34.1
19460801 19460831    37.1
19460901 19460930    56.0
19461001 19461031    50.3
19461101 19461130    28.7
19461201 19461231    28.8
19470101 19470131     8.4
19470201 19470228    42.9
19470301 19470331    95.3
19470401 19470430    45.1
19470501 19470531    22.2
19470601 19470630    36.5
19470701 19470731    59.0
19470801 19470831    36.0
19470901 19470930    58.6
19471001 19471031    72.7
19471101 19471130    60.7
19471201 19471231   112.7
19480101 19480131    16.6
19480201 19480229    52.8
19480301 19480331     7.1
19480401 19480430    88.0
19480501 19480531    49.5
19480601 19480630    40.6
19480701 19480731    24.0
19480801 19480831    22.8
19480901 19480930    34.3
19481001 19481031   113.3
19481101 19481130    23.4
19481201 19481231    45.0
19490101 19490131    24.4
19490201 19490228    90.2
19490301 19490331    79.4
19490401 19490430    24.1
19490501 19490531    58.0
19490601 19490630    62.8
19490701 19490731    49.9
19490801 19490831    29.5
19490901 19490930    40.3
19491001 19491031   136.5
19491101 19491130   105.3
19491201 19491231    28.0
19500101 19500131    14.9
19500201 19500228    84.5
19500301 19500331    54.5
19500401 19500430    80.9
19500501 19500531    63.3
19500601 19500630    31.0
19500701 19500731    48.0
19500801 19500831    48.5
19500901 19500930   102.1
19501001 19501031    63.3
19501101 19501130    33.8
19501201 19501231    35.5
19510101 19510131    24.9
19510201 19510228   219.0
19510301 19510331     2.8
19510401 19510430    91.3
19510501 19510531    82.1
19510601 19510630    53.6
19510701 19510731    81.3
19510801 19510831   128.3
19510901 19510930    32.1
19511001 19511031    40.6
19511101 19511130    29.5
19511201 19511231    50.6
19520101 19520131    17.5
19520201 19520229    42.0
19520301 19520331    15.1
19520401 19520430    88.4
19520501 19520531    78.4
19520601 19520630    85.8
19520701 19520731   137.5
19520801 19520831    52.6
19520901 19520930    54.8
19521001 19521031   106.5
19521101 19521130   111.0
19521201 19521231    50.1
19530101 19530131    30.3
19530201 19530228    45.7
19530301 19530331     8.9
19530401 19530430    36.3
19530501 19530531    67.5
19530601 19530630    46.8
19530701 19530731    43.1
19530801 19530831    52.2
19530901 19530930    67.8
19531001 19531031    84.9
19531101 19531130    95.8
19531201 19531231    26.9
19540101 19540131    58.4
19540201 19540228    39.9
19540301 19540331     9.4
19540401 19540430    47.6
19540501 19540531    41.7
19540601 19540630    49.2
19540701 19540731    37.5
19540801 19540831    42.2
19540901 19540930    52.2
19541001 19541031    51.5
19541101 19541130   125.6
19541201 19541231    72.0
19550101 19550131    30.2
19550201 19550228    48.4
19550301 19550331    79.0
19550401 19550430    35.3
19550501 19550531    85.1
19550601 19550630    84.1
19550701 19550731    49.0
19550801 19550831    90.5
19550901 19550930    68.5
19551001 19551031    67.4
19551101 19551130    42.3
19551201 19551231    68.3
19560101 19560131    46.7
19560201 19560229     8.9
19560301 19560331    39.8
19560401 19560430    32.1
19560501 19560531   107.2
19560601 19560630    31.9
19560701 19560731    59.2
19560801 19560831    79.1
19560901 19560930    82.0
19561001 19561031   115.7
19561101 19561130    50.5
19561201 19561231    22.5
19570101 19570131     4.8
19570201 19570228    47.3
19570301 19570331    34.8
19570401 19570430    19.5
19570501 19570531    45.5
19570601 19570630    43.7
19570701 19570731    92.3
19570801 19570831    41.0
19570901 19570930   121.5
19571001 19571031    76.1
19571101 19571130    37.8
19571201 19571231    42.2
19580101 19580131    13.5
19580201 19580228    59.2
19580301 19580331    17.6
19580401 19580430    19.3
19580501 19580531    85.5
19580601 19580630    33.2
19580701 19580731    92.1
19580801 19580831   100.9
19580901 19580930    54.1
19581001 19581031   102.0
19581101 19581130    46.2
19581201 19581231    36.8
19590101 19590131    11.4
19590201 19590228    39.6
19590301 19590331    86.3
19590401 19590430    20.9
19590501 19590531    33.4
19590601 19590630    46.1
19590701 19590731    46.9
19590801 19590831    67.2
19590901 19590930    86.9
19591001 19591031    51.6
19591101 19591130    24.7
19591201 19591231    80.0
19600101 19600131    48.8
19600201 19600229    48.2
19600301 19600331    11.4
19600401 19600430   176.6
19600501 19600531   130.2
19600601 19600630    38.4
19600701 19600731    85.9
19600801 19600831    62.6
19600901 19600930    55.0
19601001 19601031    26.8
19601101 19601130    90.6
19601201 19601231    24.2
19610101 19610131    10.0
19610201 19610228    31.7
19610301 19610331    50.1
19610401 19610430    63.5
19610501 19610531    57.5
19610601 19610630    63.2
19610701 19610731    74.0
19610801 19610831    80.4
19610901 19610930    22.3
19611001 19611031    43.5
19611101 19611130    20.5
19611201 19611231    35.6
19620101 19620131    41.9
19620201 19620228    35.3
19620301 19620331    22.6
19620401 19620430    35.4
19620501 19620531   103.6
19620601 19620630    46.1
19620701 19620731    48.0
19620801 19620831    51.5
19620901 19620930    80.3
19621001 19621031    61.4
19621101 19621130    27.0
19621201 19621231    25.1
19630101 19630131   107.5
19630201 19630228    48.2
19630301 19630331    31.6
19630401 19630430    15.8
19630501 19630531    96.8
19630601 19630630    68.7
19630701 19630731   101.7
19630801 19630831    31.7
19630901 19630930    89.8
19631001 19631031    36.3
19631101 19631130     8.0
19631201 19631231    22.1
19640101 19640131     1.5
19640201 19640229   118.0
19640301 19640331    37.5
19640401 19640430   111.0
19640501 19640531    60.2
19640601 19640630    40.6
19640701 19640731    90.5
19640801 19640831    73.8
19640901 19640930    86.5
19641001 19641031   112.2
19641101 19641130    56.2
19641201 19641231   109.9
19650101 19650131    17.3
19650201 19650228     0.0
19650301 19650331    28.4
19650401 19650430    92.9
19650501 19650531    58.2
19650601 19650630    34.1
19650701 19650731    94.0
19650801 19650831    92.5
19650901 19650930    39.6
19651001 19651031    30.6
19651101 19651130    82.5
19651201 19651231    42.8
19660101 19660131    43.5
19660201 19660228    54.0
19660301 19660331    83.7
19660401 19660430    64.9
19660501 19660531    35.9
19660601 19660630    34.5
19660701 19660731    67.8
19660801 19660831    80.3
19660901 19660930   120.3
19661001 19661031    82.9
19661101 19661130    55.4
19661201 19661231    73.1
19670101 19670131    22.7
19670201 19670228     7.6
19670301 19670331    15.2
19670401 19670430    23.9
19670501 19670531    44.7
19670601 19670630    32.4
19670701 19670731    31.5
19670801 19670831    81.0
19670901 19670930    64.6
19671001 19671031     9.9
19671101 19671130    15.4
19671201 19671231    40.5
19680101 19680131    33.0
19680201 19680229     9.7
19680301 19680331    14.0
19680401 19680430   104.8
19680501 19680531    70.5
19680601 19680630    84.0
19680701 19680731    52.3
19680801 19680831    52.7
19680901 19680930    14.3
19681001 19681031    56.5
19681101 19681130    58.5
19681201 19681231    42.6
19690101 19690131    14.9
19690201 19690228   101.2
19690301 19690331    26.8
19690401 19690430    26.0
19690501 19690531    91.8
19690601 19690630     8.7
19690701 19690731    49.4
19690801 19690831    73.3
19690901 19690930    86.3
19691001 19691031    14.3
19691101 19691130    42.4
19691201 19691231    31.2
19700101 19700131    72.4
19700201 19700228     3.8
19700301 19700331   121.1
19700401 19700430    60.9
19700501 19700531   103.2
19700601 19700630    45.9
19700701 19700731    26.0
19700801 19700831    79.5
19700901 19700930    50.0
19701001 19701031    39.7
19701101 19701130    95.8
19701201 19701231    93.3
19710101 19710131    55.7
19710201 19710228    78.8
19710301 19710331    19.0
19710401 19710430    66.8
19710501 19710531    77.9
19710601 19710630    65.7
19710701 19710731    43.7
19710801 19710831    31.7
19710901 19710930    54.7
19711001 19711031    91.5
19711101 19711130    89.0
19711201 19711231    56.5
19720101 19720131    27.4
19720201 19720229   160.7
19720301 19720331    22.3
19720401 19720430    80.3
19720501 19720531    43.8
19720601 19720630    16.2
19720701 19720731    37.1
19720801 19720831    35.8
19720901 19720930    11.9
19721001 19721031    27.2
19721101 19721130    24.5
19721201 19721231     2.3
19730101 19730131    39.4
19730201 19730228   301.5
19730301 19730331    65.8
19730401 19730430    29.9
19730501 19730531    65.0
19730601 19730630    73.6
19730701 19730731    38.1
19730801 19730831    64.8
19730901 19730930    42.2
19731001 19731031   108.7
19731101 19731130    55.9
19731201 19731231    40.7
19740101 19740131    48.4
19740201 19740228    14.2
19740301 19740331    61.4
19740401 19740430   109.4
19740501 19740531    77.0
19740601 19740630    16.4
19740701 19740731    84.2
19740801 19740831    85.8
19740901 19740930    71.8
19741001 19741031    66.6
19741101 19741130    33.6
19741201 19741231    29.4
19750101 19750131    29.6
19750201 19750228     5.6
19750301 19750331    41.8
19750401 19750430    21.4
19750501 19750531    34.0
19750601 19750630    38.6
19750701 19750731    41.4
19750801 19750831    94.6
19750901 19750930   114.0
19751001 19751031   151.8
19751101 19751130    60.6
19751201 19751231    34.0
19760101 19760131     6.8
19760201 19760229    11.6
19760301 19760331    39.6
19760401 19760430    12.4
19760501 19760531    21.2
19760601 19760630    32.0
19760701 19760731    10.8
19760801 19760831    78.0
19760901 19760930   118.0
19761001 19761031    87.4
19761101 19761130    62.6
19761201 19761231    52.4
19770101 19770131    64.4
19770201 19770228    27.4
19770301 19770331    32.2
19770401 19770430    53.6
19770501 19770531    65.8
19770601 19770630   140.0
19770701 19770731    63.2
19770801 19770831    29.4
19770901 19770930    72.6
19771001 19771031    29.8
19771101 19771130    54.2
19771201 19771231    19.8
19780101 19780131    48.8
19780201 19780228    36.0
19780301 19780331    46.6
19780401 19780430    62.2
19780501 19780531    98.2
19780601 19780630    29.8
19780701 19780731    91.2
19780801 19780831    92.6
19780901 19780930    59.2
19781001 19781031    78.0
19781101 19781130   128.8
19781201 19781231   106.2
19790101 19790131    30.4
19790201 19790228    68.0
19790301 19790331    31.6
19790401 19790430    33.2
19790501 19790531    71.2
19790601 19790630    27.2
19790701 19790731    15.0
19790801 19790831    86.6
19790901 19790930    72.6
19791001 19791031    65.2
19791101 19791130    22.6
19791201 19791231    16.4
19800101 19800131    46.8
19800201 19800229     6.6
19800301 19800331     7.8
19800401 19800430    49.2
19800501 19800531    31.8
19800601 19800630    77.8
19800701 19800731    39.2
19800801 19800831    55.4
19800901 19800930    26.2
19801001 19801031    93.4
19801101 19801130    34.2
19801201 19801231    43.6
19810101 19810131    74.2
19810201 19810228    19.6
19810301 19810331    40.4
19810401 19810430    13.4
19810501 19810531    63.8
19810601 19810630    51.2
19810701 19810731    65.6
19810801 19810831    79.4
19810901 19810930    14.8
19811001 19811031    67.6
19811101 19811130    45.4
19811201 19811231    22.8
19820101 19820131    37.8
19820201 19820228     5.8
19820301 19820331    62.0
19820401 19820430    43.8
19820501 19820531    37.4
19820601 19820630    39.4
19820701 19820731    15.2
19820801 19820831    25.6
19820901 19820930    37.8
19821001 19821031    18.0
19821101 19821130     8.8
19821201 19821231    63.8
19830101 19830131    14.8
19830201 19830228     2.4
19830301 19830331    35.2
19830401 19830430    48.0
19830501 19830531    72.8
19830601 19830630    40.8
19830701 19830731    46.2
19830801 19830831    60.0
19830901 19830930    79.8
19831001 19831031   109.2
19831101 19831130    56.2
19831201 19831231     8.0
19840101 19840131    47.4
19840201 19840229    19.8
19840301 19840331    62.4
19840401 19840430    43.8
19840501 19840531    13.2
19840601 19840630    17.4
19840701 19840731    40.8
19840801 19840831    69.0
19840901 19840930    82.4
19841001 19841031    55.8
19841101 19841130    33.8
19841201 19841231    32.6
19850101 19850131     6.0
19850201 19850228     9.2
19850301 19850331    37.2
19850401 19850430    65.2
19850501 19850531    49.2
19850601 19850630    41.2
19850701 19850731    48.8
19850801 19850831    71.6
19850901 19850930    29.8
19851001 19851031    59.4
19851101 19851130    60.0
19851201 19851231   107.8
19860101 19860131    12.4
19860201 19860228    14.6
19860301 19860331     7.6
19860401 19860430    59.8
19860501 19860531    67.4
19860601 19860630    25.0
19860701 19860731   107.4
19860801 19860831    38.2
19860901 19860930    42.8
19861001 19861031    83.6
19861101 19861130    23.8
19861201 19861231    58.0
19870101 19870131    76.4
19870201 19870228    51.2
19870301 19870331    40.6
19870401 19870430    25.6
19870501 19870531    77.6
19870601 19870630    43.0
19870701 19870731    70.6
19870801 19870831    34.2
19870901 19870930    29.4
19871001 19871031    33.4
19871101 19871130    35.6
19871201 19871231   117.8
19880101 19880131    73.2
19880201 19880229     9.2
19880301 19880331    28.6
19880401 19880430     9.4
19880501 19880531    71.4
19880601 19880630    54.8
19880701 19880731    37.0
19880801 19880831    66.0
19880901 19880930    51.0
19881001 19881031    27.6
19881101 19881130    70.0
19881201 19881231   139.6
19890101 19890131    78.2
19890201 19890228     5.8
19890301 19890331    80.2
19890401 19890430    43.4
19890501 19890531    53.8
19890601 19890630    75.0
19890701 19890731    54.2
19890801 19890831    72.0
19890901 19890930    50.4
19891001 19891031    80.6
19891101 19891130    31.0
19891201 19891231    31.0
19900101 19900131     5.4
19900201 19900228    65.8
19900301 19900331    26.2
19900401 19900430    58.0
19900501 19900531    22.2
19900601 19900630    49.8
19900701 19900731    92.0
19900801 19900831    69.3
19900901 19900930    46.0
19901001 19901031    77.6
19901101 19901130    33.6
19901201 19901231    37.4
19910101 19910131    87.8
19910201 19910228     0.0
19910301 19910331    31.6
19910401 19910430    26.0
19910501 19910531    19.0
19910601 19910630   105.6
19910701 19910731    48.4
19910801 19910831    55.2
19910901 19910930    99.6
19911001 19911031    18.4
19911101 19911130    31.0
19911201 19911231   109.8
19920101 19920131    24.0
19920201 19920229    29.4
19920301 19920331    34.2
19920401 19920430    65.4
19920501 19920531    65.2
19920601 19920630    47.6
19920701 19920731    34.8
19920801 19920831    54.4
19920901 19920930    94.0
19921001 19921031    64.8
19921101 19921130    91.2
19921201 19921231    88.2
19930101 19930131   109.5
19930201 19930228    42.4
19930301 19930331    29.8
19930401 19930430    16.6
19930501 19930531    21.2
19930601 19930630    54.6
19930701 19930731    55.4
19930801 19930831    62.0
19930901 19930930   122.2
19931001 19931031    80.0
19931101 19931130    48.8
19931201 19931231   103.6
19940101 19940131    27.2
19940201 19940228    97.2
19940301 19940331    10.0
19940401 19940430    38.0
19940501 19940531    19.8
19940601 19940630    24.6
19940701 19940731    12.4
19940801 19940831    23.4
19940901 19940930    50.8
19941001 19941031    42.8
19941101 19941130    46.6
19941201 19941231    15.8
19950101 19950131    82.5
19950201 19950228    16.0
19950301 19950331    51.0
19950401 19950430    90.0
19950501 19950531    62.8
19950601 19950630    86.8
19950701 19950731    63.2
19950801 19950831    42.4
19950901 19950930    41.0
19951001 19951031    82.0
19951101 19951130    67.2
19951201 19951231    47.8
19960101 19960131    56.2
19960201 19960229    53.2
19960301 19960331    42.2
19960401 19960430    60.4
19960501 19960531    21.2
19960601 19960630    63.6
19960701 19960731   112.8
19960801 19960831    65.0
19960901 19960930    90.6
19961001 19961031    39.8
19961101 19961130    23.8
19961201 19961231    15.4
19970101 19970131    34.4
19970201 19970228     2.4
19970301 19970331     8.4
19970401 19970430    13.8
19970501 19970531    67.8
19970601 19970630    20.8
19970701 19970731    14.8
19970801 19970831    30.6
19970901 19970930    61.6
19971001 19971031    55.2
19971101 19971130    40.8
19971201 19971231     6.0
19980101 19980131    46.8
19980201 19980228    57.8
19980301 19980331 99999.9
19980401 19980430 99999.9
19980501 19980531 99999.9
19980601 19980630 99999.9
19980701 19980731 99999.9
19980801 19980831 99999.9
19980901 19980930 99999.9
19981001 19981031 99999.9
19981101 19981130 99999.9
19981201 19981231 99999.9
19990101 19990131 99999.9
19990201 19990228 99999.9
19990301 19990331 99999.9
19990401 19990430 99999.9
19990501 19990531 99999.9
19990601 19990630 99999.9
19990701 19990731 99999.9
19990801 19990831 99999.9
19990901 19990930 99999.9
19991001 19991031 99999.9
19991101 19991130 99999.9
19991201 19991231 99999.9
20000101 20000131 99999.9
20000201 20000229 99999.9
20000301 20000331 99999.9
20000401 20000430 99999.9
20000501 20000531 99999.9
20000601 20000630 99999.9
20000701 20000731 99999.9
20000801 20000831 99999.9
20000901 20000930 99999.9
20001001 20001031 99999.9
20001101 20001130 99999.9
20001201 20001231 99999.9
20010101 20010131 99999.9
20010201 20010228 99999.9
20010301 20010331 99999.9
20010401 20010430   160.0
20010501 20010531    28.5
20010601 20010630    50.4
20010701 20010731    19.3
20010801 20010831    66.3
20010901 20010930    40.6
20011001 20011031    80.3
20011101 20011130    81.1
20011201 20011231    35.0
20020101 20020131    24.1
20020201 20020228    37.2
20020301 20020331    22.4
20020401 20020430    39.5
20020501 20020531    48.4
20020601 20020630    53.2
20020701 20020731    39.4
20020801 20020831    38.4
20020901 20020930    29.7
20021001 20021031    31.6
20021101 20021130    29.7
20021201 20021231    16.3
20030101 20030131    18.8
20030201 20030228    27.4
20030301 20030331    24.5
20030401 20030430    73.0
20030501 20030531    18.4
20030601 20030630    24.7
20030701 20030731   105.6
20030801 20030831    76.6
20030901 20030930    38.2
20031001 20031031    90.4
20031101 20031130    31.3
20031201 20031231    28.9
20040101 20040131    31.9
20040201 20040229    25.7
20040301 20040331    19.9
20040401 20040430    57.9
20040501 20040531    39.8
20040601 20040630    58.1
20040701 20040731    55.5
20040801 20040831    67.6
20040901 20040930    73.0
20041001 20041031    53.8
20041101 20041130    82.0
20041201 20041231    49.7
20050101 20050131    73.3
20050201 20050228   150.1
20050301 20050331    13.8
20050401 20050430    17.2
20050501 20050531    16.2
20050601 20050630    57.8
20050701 20050731    42.0
20050801 20050831    58.1
20050901 20050930    88.6
20051001 20051031    48.2
20051101 20051130    58.6
20051201 20051231    41.2
20060101 20060131    49.2
20060201 20060228    28.2
20060301 20060331    10.5
20060401 20060430    54.0
20060501 20060531    45.2
20060601 20060630    25.0
20060701 20060731    32.1
20060801 20060831    27.0
20060901 20060930    32.3
20061001 20061031     8.6
20061101 20061130    22.9
20061201 20061231    25.0
20070101 20070131    39.2
20070201 20070228    22.8
20070301 20070331    20.8
20070401 20070430    35.3
20070501 20070531    33.9
20070601 20070630    71.3
20070701 20070731   122.6
20070801 20070831    29.7
20070901 20070930    21.1
20071001 20071031    26.9
20071101 20071130    97.7
20071201 20071231    54.2
20080101 20080131    15.6
20080201 20080229    29.3
20080301 20080331    31.2
20080401 20080430    10.6
20080501 20080531    61.8
20080601 20080630    54.2
20080701 20080731    58.6
20080801 20080831    66.0
20080901 20080930    20.2
20081001 20081031     8.7
20081101 20081130    38.4
20081201 20081231    75.9
20090101 20090131     1.6
20090201 20090228     3.0
20090301 20090331    38.1
20090401 20090430    44.9
20090501 20090531    12.7
20090601 20090630    29.2
20090701 20090731    64.6
20090801 20090831    69.6
20090901 20090930    80.0
20091001 20091031    38.0
20091101 20091130    77.0
20091201 20091231    37.2
20100101 20100131    18.4
20100201 20100228    20.2
20100301 20100331    93.5
20100401 20100430    49.0
20100501 20100531    34.4
20100601 20100630    63.6
20100701 20100731    32.8
20100801 20100831    87.8
20100901 20100930    65.9
20101001 20101031   126.3
20101101 20101130   121.3
20101201 20101231    41.7
20110101 20110131   116.6
20110201 20110228    88.8
20110301 20110331    22.0
20110401 20110430    63.7
20110501 20110531    39.6
20110601 20110630    36.8
20110701 20110731    47.5
20110801 20110831    26.0
20110901 20110930    55.2
20111001 20111031    70.8
20111101 20111130   151.4
20111201 20111231    45.8
20120101 20120131    28.8
20120201 20120229    67.7
20120301 20120331    41.8
20120401 20120430    73.4
20120501 20120531   111.4
20120601 20120630   103.6
20120701 20120731    71.0
20120801 20120831    62.2
20120901 20120930    50.7
20121001 20121031    21.2
20121101 20121130    25.4
20121201 20121231    26.8
20130101 20130131     2.8
20130201 20130228    45.7
20130301 20130331    22.4
20130401 20130430    15.6
20130501 20130531    47.2
20130601 20130630    88.2
20130701 20130731    62.9
20130801 20130831    47.8
20130901 20130930    73.4
20131001 20131031    55.3
20131101 20131130    56.6
20131201 20131231    30.4
20140101 20140131    14.8
20140201 20140228    10.6
20140301 20140331    33.8
20140401 20140430    56.8
20140501 20140531    45.6
20140601 20140630    59.8
20140701 20140731    52.2
20140801 20140831    60.6
20140901 20140930    34.4
20141001 20141031    27.0
20141101 20141130    50.2
20141201 20141231    43.0
20150101 20150131    64.6
20150201 20150228    28.3
20150301 20150331    20.1
20150401 20150430    55.8
20150501 20150531    54.8
20150601 20150630    43.8
20150701 20150731    61.5
20150801 20150831    25.6
20150901 20150930    36.0
20151001 20151031     9.0
20151101 20151130    33.7
20151201 20151231    26.6
20160101 20160131    36.8
20160201 20160229    10.2
20160301 20160331    28.8
20160401 20160430    30.8
20160501 20160531    74.2
20160601 20160630    56.6
20160701 20160731    82.0
20160801 20160831 99999.9
20160901 20160930    86.1
20161001 20161031    65.2
20161101 20161130    26.8
20161201 20161231    12.6
20170101 20170131    38.9
