PRCP       014902 18900701 20180131 missing_value=99999.9 KATHERINE COUNCIL                         
18900701 18900731     0.0
18900801 18900831     2.0
18900901 18900930    11.4
18901001 18901031    17.0
18901101 18901130    49.8
18901201 18901231   215.4
18910101 18910131   199.0
18910201 18910228   158.9
18910301 18910331    39.8
18910401 18910430   130.1
18910501 18910531     0.3
18910601 18910630     6.9
18910701 18910731     0.0
18910801 18910831     0.0
18910901 18910930     0.0
18911001 18911031     0.0
18911101 18911130   115.3
18911201 18911231    70.7
18920101 18920131    81.9
18920201 18920229    38.6
18920301 18920331   117.4
18920401 18920430     0.0
18920501 18920531     0.0
18920601 18920630     0.3
18920701 18920731     0.0
18920801 18920831     0.0
18920901 18920930     0.0
18921001 18921031    48.5
18921101 18921130    42.6
18921201 18921231   149.2
18930101 18930131   173.1
18930201 18930228   317.7
18930301 18930331    51.7
18930401 18930430    19.0
18930501 18930531     0.8
18930601 18930630     0.0
18930701 18930731     0.0
18930801 18930831     0.0
18930901 18930930     1.5
18931001 18931031    46.5
18931101 18931130   149.1
18931201 18931231   112.2
18940101 18940131   358.7
18940201 18940228   177.0
18940301 18940331   114.4
18940401 18940430    95.2
18940501 18940531     0.0
18940601 18940630     0.0
18940701 18940731     0.0
18940801 18940831     0.0
18940901 18940930    18.0
18941001 18941031   106.7
18941101 18941130    93.5
18941201 18941231   123.2
18950101 18950131   278.4
18950201 18950228   234.9
18950301 18950331   219.8
18950401 18950430     2.0
18950501 18950531     0.0
18950601 18950630     0.0
18950701 18950731     0.0
18950801 18950831     0.0
18950901 18950930    90.9
18951001 18951031    30.5
18951101 18951130    79.3
18951201 18951231   181.4
18960101 18960131   232.1
18960201 18960229   246.9
18960301 18960331   220.7
18960401 18960430    50.0
18960501 18960531     0.0
18960601 18960630     0.0
18960701 18960731     3.8
18960801 18960831     0.0
18960901 18960930     0.0
18961001 18961031     0.0
18961101 18961130   194.8
18961201 18961231   206.2
18970101 18970131   348.6
18970201 18970228   167.2
18970301 18970331    15.8
18970401 18970430     0.0
18970501 18970531     0.0
18970601 18970630     0.0
18970701 18970731     0.0
18970801 18970831     0.0
18970901 18970930     0.0
18971001 18971031    83.9
18971101 18971130    25.9
18971201 18971231   752.1
18980101 18980131   190.7
18980201 18980228   271.4
18980301 18980331   581.4
18980401 18980430    17.6
18980501 18980531     0.0
18980601 18980630     0.0
18980701 18980731     0.0
18980801 18980831     0.0
18980901 18980930    67.1
18981001 18981031     3.8
18981101 18981130   130.0
18981201 18981231   234.5
18990101 18990131   398.3
18990201 18990228   144.5
18990301 18990331   635.5
18990401 18990430     0.0
18990501 18990531     0.0
18990601 18990630     7.6
18990701 18990731     0.0
18990801 18990831     0.0
18990901 18990930     0.0
18991001 18991031    13.8
18991101 18991130    74.7
18991201 18991231   102.1
19000101 19000131   241.5
19000201 19000228   122.9
19000301 19000331   126.1
19000401 19000430    22.9
19000501 19000531     0.0
19000601 19000630     0.5
19000701 19000731    20.6
19000801 19000831     0.0
19000901 19000930     0.0
19001001 19001031     5.1
19001101 19001130    26.3
19001201 19001231   246.1
19010101 19010131   176.4
19010201 19010228   217.9
19010301 19010331   647.2
19010401 19010430     0.0
19010501 19010531     0.0
19010601 19010630     0.0
19010701 19010731     0.0
19010801 19010831     0.0
19010901 19010930     0.0
19011001 19011031     0.8
19011101 19011130     1.3
19011201 19011231   109.2
19020101 19020131   231.8
19020201 19020228    94.8
19020301 19020331    60.5
19020401 19020430     0.0
19020501 19020531     0.0
19020601 19020630     0.0
19020701 19020731     0.0
19020801 19020831     0.0
19020901 19020930     0.0
19021001 19021031    59.2
19021101 19021130    59.6
19021201 19021231   112.3
19030101 19030131   101.4
19030201 19030228   334.9
19030301 19030331    94.5
19030401 19030430    35.6
19030501 19030531     9.1
19030601 19030630     0.0
19030701 19030731     0.0
19030801 19030831     0.0
19030901 19030930     0.0
19031001 19031031    10.4
19031101 19031130   132.9
19031201 19031231   267.7
19040101 19040131   704.6
19040201 19040229   101.5
19040301 19040331   209.6
19040401 19040430    57.7
19040501 19040531     5.8
19040601 19040630    21.6
19040701 19040731     0.0
19040801 19040831     0.0
19040901 19040930    31.2
19041001 19041031    70.4
19041101 19041130    69.6
19041201 19041231   208.2
19050101 19050131   149.1
19050201 19050228   191.6
19050301 19050331    15.0
19050401 19050430    13.2
19050501 19050531     0.0
19050601 19050630     2.8
19050701 19050731     0.0
19050801 19050831     0.0
19050901 19050930     0.0
19051001 19051031     3.4
19051101 19051130    70.6
19051201 19051231   107.1
19060101 19060131   172.2
19060201 19060228   157.3
19060301 19060331   110.4
19060401 19060430     0.0
19060501 19060531     0.0
19060601 19060630     0.0
19060701 19060731     0.0
19060801 19060831     0.0
19060901 19060930    17.3
19061001 19061031    78.0
19061101 19061130   125.4
19061201 19061231   334.9
19070101 19070131   192.8
19070201 19070228   489.7
19070301 19070331    43.0
19070401 19070430    11.2
19070501 19070531     0.5
19070601 19070630     0.0
19070701 19070731     0.0
19070801 19070831     0.0
19070901 19070930     1.3
19071001 19071031     4.6
19071101 19071130    94.3
19071201 19071231   429.2
19080101 19080131   235.6
19080201 19080229   187.4
19080301 19080331   246.0
19080401 19080430    43.5
19080501 19080531     0.0
19080601 19080630     0.0
19080701 19080731     2.8
19080801 19080831     0.0
19080901 19080930     0.0
19081001 19081031     0.0
19081101 19081130   116.4
19081201 19081231   172.2
19090101 19090131    96.5
19090201 19090228   135.7
19090301 19090331   136.4
19090401 19090430    20.2
19090501 19090531     1.0
19090601 19090630     0.0
19090701 19090731     0.0
19090801 19090831     0.0
19090901 19090930     0.5
19091001 19091031    18.8
19091101 19091130   355.6
19091201 19091231    81.0
19100101 19100131   391.0
19100201 19100228   233.3
19100301 19100331    32.5
19100401 19100430    89.5
19100501 19100531     0.0
19100601 19100630     0.0
19100701 19100731     0.0
19100801 19100831     0.0
19100901 19100930     0.0
19101001 19101031     4.3
19101101 19101130   194.6
19101201 19101231   175.9
19110101 19110131   104.6
19110201 19110228   204.4
19110301 19110331    24.6
19110401 19110430    38.5
19110501 19110531     0.0
19110601 19110630     0.0
19110701 19110731     0.0
19110801 19110831     0.0
19110901 19110930     0.0
19111001 19111031    57.4
19111101 19111130    52.5
19111201 19111231   254.5
19120101 19120131   115.6
19120201 19120229   246.1
19120301 19120331   246.4
19120401 19120430     0.0
19120501 19120531     0.0
19120601 19120630     0.0
19120701 19120731     0.0
19120801 19120831     0.0
19120901 19120930     0.0
19121001 19121031     2.3
19121101 19121130    56.9
19121201 19121231   124.5
19130101 19130131   133.8
19130201 19130228   337.2
19130301 19130331   201.0
19130401 19130430     0.0
19130501 19130531     0.0
19130601 19130630     0.0
19130701 19130731     0.0
19130801 19130831     0.0
19130901 19130930     1.3
19131001 19131031     1.3
19131101 19131130    48.2
19131201 19131231   114.9
19140101 19140131   429.7
19140201 19140228    55.0
19140301 19140331   114.8
19140401 19140430    44.7
19140501 19140531    16.8
19140601 19140630     0.0
19140701 19140731     0.0
19140801 19140831     0.0
19140901 19140930     0.0
19141001 19141031    11.2
19141101 19141130    38.1
19141201 19141231   193.3
19150101 19150131   296.3
19150201 19150228   109.3
19150301 19150331    40.7
19150401 19150430     0.0
19150501 19150531    61.7
19150601 19150630     0.0
19150701 19150731     0.0
19150801 19150831     0.0
19150901 19150930     0.5
19151001 19151031   141.3
19151101 19151130    36.6
19151201 19151231   444.0
19160101 19160131   196.4
19160201 19160229   140.5
19160301 19160331   103.2
19160401 19160430     0.0
19160501 19160531     0.5
19160601 19160630     0.0
19160701 19160731     0.0
19160801 19160831     0.0
19160901 19160930     8.9
19161001 19161031    19.4
19161101 19161130   183.3
19161201 19161231   281.5
19170101 19170131   280.2
19170201 19170228   170.3
19170301 19170331   161.1
19170401 19170430    29.7
19170501 19170531     0.0
19170601 19170630     2.3
19170701 19170731     0.0
19170801 19170831     6.4
19170901 19170930     7.3
19171001 19171031    76.0
19171101 19171130   244.8
19171201 19171231   238.7
19180101 19180131   419.5
19180201 19180228   158.3
19180301 19180331    67.3
19180401 19180430     1.0
19180501 19180531     0.0
19180601 19180630     0.0
19180701 19180731     0.0
19180801 19180831     2.5
19180901 19180930     0.0
19181001 19181031     0.8
19181101 19181130    67.9
19181201 19181231   125.9
19190101 19190131   134.6
19190201 19190228   209.9
19190301 19190331    43.5
19190401 19190430    25.7
19190501 19190531    13.2
19190601 19190630     0.0
19190701 19190731     0.0
19190801 19190831     0.0
19190901 19190930     0.0
19191001 19191031    30.5
19191101 19191130    91.6
19191201 19191231   121.4
19200101 19200131   192.1
19200201 19200229    46.4
19200301 19200331   176.2
19200401 19200430     0.0
19200501 19200531     0.0
19200601 19200630     0.0
19200701 19200731     6.4
19200801 19200831     0.0
19200901 19200930     2.8
19201001 19201031    35.9
19201101 19201130   124.0
19201201 19201231   187.6
19210101 19210131   182.4
19210201 19210228   250.4
19210301 19210331   331.0
19210401 19210430     0.0
19210501 19210531     0.0
19210601 19210630     0.0
19210701 19210731     0.0
19210801 19210831     0.0
19210901 19210930     1.3
19211001 19211031     3.0
19211101 19211130    94.7
19211201 19211231    91.1
19220101 19220131   171.1
19220201 19220228   144.8
19220301 19220331   336.3
19220401 19220430     0.0
19220501 19220531     0.0
19220601 19220630     0.0
19220701 19220731     0.0
19220801 19220831     0.0
19220901 19220930     0.8
19221001 19221031    44.5
19221101 19221130     9.2
19221201 19221231   283.7
19230101 19230131   184.2
19230201 19230228   123.7
19230301 19230331   147.4
19230401 19230430   192.0
19230501 19230531    38.1
19230601 19230630    10.2
19230701 19230731     0.0
19230801 19230831     0.0
19230901 19230930     0.0
19231001 19231031    64.0
19231101 19231130    49.7
19231201 19231231   433.2
19240101 19240131    83.3
19240201 19240229   324.8
19240301 19240331   118.4
19240401 19240430     0.0
19240501 19240531     0.0
19240601 19240630     0.0
19240701 19240731     0.0
19240801 19240831     0.0
19240901 19240930     2.5
19241001 19241031     0.8
19241101 19241130    66.1
19241201 19241231   146.2
19250101 19250131   210.8
19250201 19250228   318.8
19250301 19250331   100.8
19250401 19250430    21.9
19250501 19250531     0.0
19250601 19250630     0.0
19250701 19250731     0.0
19250801 19250831     0.0
19250901 19250930     0.0
19251001 19251031     0.0
19251101 19251130     9.4
19251201 19251231   104.9
19260101 19260131   262.2
19260201 19260228    84.2
19260301 19260331    90.4
19260401 19260430     8.9
19260501 19260531    40.1
19260601 19260630     0.0
19260701 19260731     0.0
19260801 19260831     0.0
19260901 19260930     0.0
19261001 19261031    20.4
19261101 19261130     6.6
19261201 19261231   357.3
19270101 19270131   190.8
19270201 19270228    10.1
19270301 19270331    77.6
19270401 19270430     0.0
19270501 19270531     0.0
19270601 19270630     0.0
19270701 19270731     0.0
19270801 19270831     0.0
19270901 19270930     0.0
19271001 19271031    54.0
19271101 19271130   161.6
19271201 19271231   108.5
19280101 19280131    96.5
19280201 19280229   133.4
19280301 19280331   219.4
19280401 19280430     7.6
19280501 19280531     0.0
19280601 19280630     0.0
19280701 19280731     0.0
19280801 19280831     0.0
19280901 19280930     0.0
19281001 19281031     3.1
19281101 19281130    11.9
19281201 19281231   129.3
19290101 19290131   118.3
19290201 19290228    66.1
19290301 19290331   141.9
19290401 19290430    35.5
19290501 19290531     0.0
19290601 19290630     0.0
19290701 19290731     0.0
19290801 19290831     0.0
19290901 19290930     0.0
19291001 19291031     7.7
19291101 19291130    23.6
19291201 19291231   281.9
19300101 19300131   146.8
19300201 19300228   446.4
19300301 19300331   148.3
19300401 19300430     0.0
19300501 19300531     0.0
19300601 19300630     0.0
19300701 19300731     0.0
19300801 19300831     0.0
19300901 19300930     0.0
19301001 19301031    24.4
19301101 19301130    62.5
19301201 19301231   293.2
19310101 19310131   316.0
19310201 19310228   108.6
19310301 19310331   242.0
19310401 19310430    98.9
19310501 19310531     0.0
19310601 19310630     0.0
19310701 19310731     0.0
19310801 19310831     0.0
19310901 19310930    40.4
19311001 19311031     7.3
19311101 19311130    74.9
19311201 19311231   123.5
19320101 19320131   107.7
19320201 19320229    75.2
19320301 19320331   267.6
19320401 19320430     0.0
19320501 19320531     3.5
19320601 19320630     4.0
19320701 19320731     0.0
19320801 19320831     0.0
19320901 19320930     0.0
19321001 19321031    26.1
19321101 19321130    65.6
19321201 19321231   303.4
19330101 19330131   125.9
19330201 19330228    57.7
19330301 19330331   149.1
19330401 19330430     0.0
19330501 19330531     2.5
19330601 19330630     3.0
19330701 19330731     0.0
19330801 19330831     0.0
19330901 19330930     0.0
19331001 19331031    57.4
19331101 19331130   107.7
19331201 19331231   281.0
19340101 19340131   228.9
19340201 19340228   131.3
19340301 19340331   152.3
19340401 19340430    10.2
19340501 19340531     0.0
19340601 19340630     0.0
19340701 19340731     0.8
19340801 19340831     0.0
19340901 19340930     0.0
19341001 19341031    62.5
19341101 19341130   156.2
19341201 19341231    84.0
19350101 19350131   287.3
19350201 19350228   193.6
19350301 19350331   289.6
19350401 19350430     0.5
19350501 19350531     8.2
19350601 19350630    54.1
19350701 19350731     0.0
19350801 19350831     0.0
19350901 19350930     5.8
19351001 19351031     6.6
19351101 19351130    69.9
19351201 19351231   213.4
19360101 19360131   179.9
19360201 19360229   212.1
19360301 19360331    25.9
19360401 19360430    25.4
19360501 19360531    19.8
19360601 19360630     4.8
19360701 19360731     0.0
19360801 19360831     0.0
19360901 19360930    39.7
19361001 19361031    22.1
19361101 19361130    81.8
19361201 19361231    99.0
19370101 19370131   686.7
19370201 19370228   116.9
19370301 19370331   133.8
19370401 19370430     0.0
19370501 19370531     0.0
19370601 19370630     0.0
19370701 19370731     0.0
19370801 19370831     1.0
19370901 19370930     5.8
19371001 19371031    29.8
19371101 19371130    18.3
19371201 19371231   163.5
19380101 19380131   236.7
19380201 19380228   245.2
19380301 19380331     0.5
19380401 19380430     0.0
19380501 19380531     0.0
19380601 19380630     0.0
19380701 19380731    12.4
19380801 19380831     0.0
19380901 19380930     0.0
19381001 19381031    12.5
19381101 19381130   167.7
19381201 19381231    35.3
19390101 19390131   372.4
19390201 19390228   353.4
19390301 19390331    34.8
19390401 19390430    40.7
19390501 19390531     0.0
19390601 19390630    10.7
19390701 19390731     0.0
19390801 19390831     0.0
19390901 19390930     3.1
19391001 19391031    63.0
19391101 19391130    66.5
19391201 19391231   180.9
19400101 19400131   490.9
19400201 19400229   313.1
19400301 19400331   301.5
19400401 19400430    11.6
19400501 19400531     0.0
19400601 19400630     0.0
19400701 19400731     0.0
19400801 19400831     0.0
19400901 19400930     0.0
19401001 19401031     0.0
19401101 19401130    57.7
19401201 19401231   147.1
19410101 19410131   229.4
19410201 19410228    82.2
19410301 19410331   353.7
19410401 19410430     0.0
19410501 19410531     5.8
19410601 19410630     0.0
19410701 19410731     0.0
19410801 19410831     0.0
19410901 19410930     0.0
19411001 19411031     9.9
19411101 19411130    87.4
19411201 19411231   246.2
19420101 19420131   215.5
19420201 19420228   201.1
19420301 19420331    24.9
19420401 19420430    56.8
19420501 19420531     0.0
19420601 19420630     0.0
19420701 19420731     0.0
19420801 19420831     0.0
19420901 19420930    35.8
19421001 19421031    13.4
19421101 19421130    58.7
19421201 19421231   286.6
19430101 19430131   146.6
19430201 19430228   351.1
19430301 19430331   165.3
19430401 19430430    20.6
19430501 19430531     0.0
19430601 19430630     0.0
19430701 19430731     0.0
19430801 19430831     0.0
19430901 19430930     3.3
19431001 19431031    80.3
19431101 19431130    70.1
19431201 19431231   128.6
19440101 19440131   281.1
19440201 19440229   123.9
19440301 19440331   492.0
19440401 19440430     0.0
19440501 19440531     0.0
19440601 19440630     0.0
19440701 19440731     0.0
19440801 19440831     0.0
19440901 19440930     0.0
19441001 19441031     4.4
19441101 19441130   112.7
19441201 19441231   181.0
19450101 19450131   199.3
19450201 19450228   165.0
19450301 19450331   114.9
19450401 19450430    28.0
19450501 19450531     0.0
19450601 19450630     0.0
19450701 19450731     0.0
19450801 19450831     0.0
19450901 19450930     0.0
19451001 19451031     9.2
19451101 19451130    32.1
19451201 19451231   370.7
19460101 19460131   221.6
19460201 19460228   279.9
19460301 19460331     2.3
19460401 19460430     0.0
19460501 19460531     0.0
19460601 19460630     0.0
19460701 19460731     0.0
19460801 19460831     0.0
19460901 19460930     0.0
19461001 19461031     4.6
19461101 19461130     8.9
19461201 19461231   123.1
19470101 19470131   183.6
19470201 19470228   306.3
19470301 19470331   184.6
19470401 19470430     0.0
19470501 19470531     0.0
19470601 19470630     1.3
19470701 19470731     0.0
19470801 19470831    19.3
19470901 19470930     9.6
19471001 19471031    22.6
19471101 19471130    67.0
19471201 19471231   168.8
19480101 19480131   162.9
19480201 19480229   191.8
19480301 19480331   131.0
19480401 19480430    78.0
19480501 19480531     0.0
19480601 19480630     0.0
19480701 19480731     0.0
19480801 19480831     0.0
19480901 19480930    22.9
19481001 19481031     5.1
19481101 19481130    36.1
19481201 19481231   166.4
19490101 19490131   120.2
19490201 19490228   246.3
19490301 19490331   222.1
19490401 19490430     0.0
19490501 19490531     0.0
19490601 19490630     0.0
19490701 19490731     0.0
19490801 19490831     0.0
19490901 19490930     0.0
19491001 19491031     0.0
19491101 19491130    78.3
19491201 19491231   329.1
19500101 19500131   226.0
19500201 19500228   192.6
19500301 19500331   138.9
19500401 19500430     4.6
19500501 19500531     0.0
19500601 19500630     0.0
19500701 19500731     0.0
19500801 19500831     0.0
19500901 19500930    27.7
19501001 19501031   142.0
19501101 19501130    80.3
19501201 19501231   250.1
19510101 19510131   364.5
19510201 19510228   254.9
19510301 19510331    79.8
19510401 19510430     0.0
19510501 19510531     0.0
19510601 19510630     0.0
19510701 19510731     0.0
19510801 19510831     0.5
19510901 19510930     0.0
19511001 19511031     7.6
19511101 19511130    30.7
19511201 19511231    57.8
19520101 19520131   198.1
19520201 19520229    44.9
19520301 19520331    24.1
19520401 19520430     0.3
19520501 19520531     0.0
19520601 19520630     0.0
19520701 19520731     0.0
19520801 19520831     0.0
19520901 19520930     0.0
19521001 19521031     4.6
19521101 19521130    63.3
19521201 19521231   104.2
19530101 19530131   183.8
19530201 19530228   176.1
19530301 19530331    78.5
19530401 19530430   212.9
19530501 19530531     0.0
19530601 19530630     0.0
19530701 19530731     0.0
19530801 19530831     0.0
19530901 19530930     5.1
19531001 19531031     0.3
19531101 19531130   166.0
19531201 19531231   182.5
19540101 19540131   389.7
19540201 19540228   190.5
19540301 19540331    97.4
19540401 19540430    76.7
19540501 19540531     0.0
19540601 19540630     0.0
19540701 19540731     0.0
19540801 19540831     0.0
19540901 19540930     0.0
19541001 19541031   148.8
19541101 19541130    87.2
19541201 19541231   238.6
19550101 19550131   128.1
19550201 19550228   219.1
19550301 19550331   116.4
19550401 19550430     7.1
19550501 19550531    47.8
19550601 19550630     7.7
19550701 19550731     3.6
19550801 19550831     0.0
19550901 19550930     0.0
19551001 19551031    75.7
19551101 19551130   125.1
19551201 19551231    68.0
19560101 19560131   113.4
19560201 19560229   286.8
19560301 19560331    91.5
19560401 19560430    36.5
19560501 19560531    26.4
19560601 19560630     0.0
19560701 19560731     8.4
19560801 19560831     0.0
19560901 19560930     9.1
19561001 19561031    50.8
19561101 19561130    69.4
19561201 19561231   308.7
19570101 19570131   190.9
19570201 19570228   255.8
19570301 19570331   463.2
19570401 19570430     6.1
19570501 19570531     0.0
19570601 19570630     0.0
19570701 19570731     0.0
19570801 19570831     0.0
19570901 19570930     0.0
19571001 19571031    16.2
19571101 19571130    77.3
19571201 19571231   391.1
19580101 19580131   148.4
19580201 19580228    57.6
19580301 19580331   147.5
19580401 19580430   101.8
19580501 19580531     1.8
19580601 19580630     0.0
19580701 19580731     0.0
19580801 19580831     0.0
19580901 19580930     0.0
19581001 19581031    31.0
19581101 19581130    48.2
19581201 19581231   156.2
19590101 19590131   263.2
19590201 19590228    72.9
19590301 19590331    90.4
19590401 19590430   178.6
19590501 19590531    20.8
19590601 19590630     0.0
19590701 19590731     0.0
19590801 19590831     0.0
19590901 19590930     0.0
19591001 19591031    21.3
19591101 19591130    27.5
19591201 19591231    53.9
19600101 19600131   319.3
19600201 19600229   289.6
19600301 19600331   216.2
19600401 19600430    44.3
19600501 19600531    34.3
19600601 19600630     0.0
19600701 19600731     0.0
19600801 19600831     0.0
19600901 19600930     3.3
19601001 19601031    10.9
19601101 19601130   171.1
19601201 19601231   167.9
19610101 19610131   105.6
19610201 19610228   206.0
19610301 19610331    23.9
19610401 19610430   118.3
19610501 19610531     0.0
19610601 19610630     0.0
19610701 19610731     0.0
19610801 19610831     0.0
19610901 19610930     0.0
19611001 19611031     2.8
19611101 19611130    25.7
19611201 19611231    42.8
19620101 19620131   241.8
19620201 19620228   158.8
19620301 19620331    30.3
19620401 19620430     0.0
19620501 19620531     0.0
19620601 19620630     0.0
19620701 19620731     0.0
19620801 19620831     0.0
19620901 19620930     0.0
19621001 19621031     0.8
19621101 19621130   125.8
19621201 19621231    60.9
19630101 19630131   477.5
19630201 19630228   136.7
19630301 19630331    68.3
19630401 19630430   180.1
19630501 19630531     0.8
19630601 19630630     0.0
19630701 19630731     0.0
19630801 19630831     0.0
19630901 19630930     0.0
19631001 19631031    45.5
19631101 19631130     4.8
19631201 19631231   127.7
19640101 19640131   204.8
19640201 19640229   104.5
19640301 19640331   197.3
19640401 19640430    16.5
19640501 19640531     1.5
19640601 19640630     0.0
19640701 19640731     0.0
19640801 19640831     0.0
19640901 19640930     0.0
19641001 19641031    98.7
19641101 19641130   213.5
19641201 19641231   188.2
19650101 19650131    98.1
19650201 19650228    26.8
19650301 19650331   221.4
19650401 19650430     0.0
19650501 19650531    14.5
19650601 19650630     0.0
19650701 19650731     0.0
19650801 19650831     0.0
19650901 19650930     0.0
19651001 19651031    30.2
19651101 19651130     4.3
19651201 19651231   176.8
19660101 19660131   241.1
19660201 19660228   225.8
19660301 19660331    48.3
19660401 19660430     0.0
19660501 19660531     1.5
19660601 19660630     0.0
19660701 19660731     0.0
19660801 19660831     0.0
19660901 19660930    29.0
19661001 19661031    32.8
19661101 19661130   140.3
19661201 19661231   132.3
19670101 19670131   207.9
19670201 19670228   400.5
19670301 19670331   217.4
19670401 19670430     0.0
19670501 19670531     0.0
19670601 19670630     0.0
19670701 19670731     0.0
19670801 19670831     0.0
19670901 19670930     0.0
19671001 19671031     0.0
19671101 19671130   103.6
19671201 19671231   154.9
19680101 19680131   367.2
19680201 19680229   443.6
19680301 19680331   175.6
19680401 19680430     7.4
19680501 19680531    40.4
19680601 19680630     0.0
19680701 19680731    48.0
19680801 19680831     0.0
19680901 19680930     1.5
19681001 19681031     3.1
19681101 19681130    86.2
19681201 19681231   109.0
19690101 19690131   220.4
19690201 19690228   430.2
19690301 19690331   157.7
19690401 19690430     0.0
19690501 19690531     0.0
19690601 19690630     1.8
19690701 19690731     0.0
19690801 19690831     0.0
19690901 19690930     2.0
19691001 19691031    87.2
19691101 19691130     4.3
19691201 19691231   266.3
19700101 19700131    75.4
19700201 19700228   132.6
19700301 19700331    11.6
19700401 19700430    68.9
19700501 19700531     0.5
19700601 19700630     0.0
19700701 19700731     0.0
19700801 19700831     0.0
19700901 19700930     0.5
19701001 19701031    14.5
19701101 19701130   159.5
19701201 19701231    93.2
19710101 19710131   163.1
19710201 19710228   269.4
19710301 19710331   309.1
19710401 19710430    89.0
19710501 19710531     4.3
19710601 19710630     0.0
19710701 19710731     0.0
19710801 19710831    11.4
19710901 19710930    23.9
19711001 19711031    28.1
19711101 19711130    87.6
19711201 19711231   277.8
19720101 19720131    50.9
19720201 19720229   272.7
19720301 19720331   237.2
19720401 19720430    79.7
19720501 19720531     8.6
19720601 19720630     0.0
19720701 19720731     0.0
19720801 19720831     0.0
19720901 19720930     0.0
19721001 19721031     0.5
19721101 19721130    47.0
19721201 19721231    50.5
19730101 19730131   323.2
19730201 19730228   180.4
19730301 19730331   210.7
19730401 19730430     4.8
19730501 19730531     0.0
19730601 19730630    50.1
19730701 19730731     0.0
19730801 19730831     0.0
19730901 19730930    31.5
19731001 19731031    12.0
19731101 19731130   134.6
19731201 19731231   101.0
19740101 19740131   209.3
19740201 19740228   350.5
19740301 19740331   467.8
19740401 19740430    53.8
19740501 19740531     0.0
19740601 19740630     0.0
19740701 19740731     0.0
19740801 19740831     3.4
19740901 19740930    12.2
19741001 19741031    48.6
19741101 19741130    57.5
19741201 19741231    74.2
19750101 19750131   384.7
19750201 19750228   293.8
19750301 19750331    66.0
19750401 19750430   114.5
19750501 19750531     0.0
19750601 19750630     0.0
19750701 19750731     0.0
19750801 19750831     0.4
19750901 19750930    11.6
19751001 19751031   137.7
19751101 19751130    89.2
19751201 19751231   156.4
19760101 19760131   229.5
19760201 19760229   447.6
19760301 19760331   339.9
19760401 19760430     0.0
19760501 19760531     0.0
19760601 19760630     0.0
19760701 19760731     0.0
19760801 19760831     0.0
19760901 19760930     0.0
19761001 19761031    34.6
19761101 19761130    81.8
19761201 19761231   124.5
19770101 19770131   265.5
19770201 19770228   243.4
19770301 19770331   516.1
19770401 19770430     0.0
19770501 19770531     1.2
19770601 19770630     0.0
19770701 19770731     0.0
19770801 19770831     0.0
19770901 19770930     0.0
19771001 19771031    21.6
19771101 19771130    86.0
19771201 19771231   216.2
19780101 19780131   439.9
19780201 19780228   276.6
19780301 19780331    60.5
19780401 19780430     6.8
19780501 19780531     0.0
19780601 19780630     3.0
19780701 19780731    16.0
19780801 19780831     0.0
19780901 19780930     4.8
19781001 19781031    21.0
19781101 19781130   127.8
19781201 19781231   196.2
19790101 19790131   262.4
19790201 19790228   206.7
19790301 19790331   206.5
19790401 19790430     0.0
19790501 19790531     0.4
19790601 19790630     0.0
19790701 19790731     0.0
19790801 19790831     0.0
19790901 19790930    42.2
19791001 19791031    14.0
19791101 19791130    63.8
19791201 19791231   124.8
19800101 19800131   252.8
19800201 19800229   492.7
19800301 19800331   224.8
19800401 19800430     9.4
19800501 19800531    11.9
19800601 19800630     0.0
19800701 19800731     0.0
19800801 19800831     0.0
19800901 19800930     0.0
19801001 19801031    10.8
19801101 19801130    59.0
19801201 19801231   262.1
19810101 19810131   380.9
19810201 19810228   315.9
19810301 19810331    22.2
19810401 19810430     0.2
19810501 19810531     4.6
19810601 19810630    10.7
19810701 19810731     0.0
19810801 19810831     0.0
19810901 19810930    18.1
19811001 19811031    15.9
19811101 19811130   141.9
19811201 19811231   121.4
19820101 19820131   190.6
19820201 19820228   354.9
19820301 19820331   181.2
19820401 19820430     2.2
19820501 19820531     0.0
19820601 19820630     0.0
19820701 19820731     0.0
19820801 19820831     0.0
19820901 19820930     0.0
19821001 19821031     0.0
19821101 19821130    78.9
19821201 19821231   244.1
19830101 19830131    66.9
19830201 19830228   121.9
19830301 19830331   172.6
19830401 19830430    66.8
19830501 19830531     0.0
19830601 19830630     0.0
19830701 19830731     0.0
19830801 19830831     0.0
19830901 19830930     4.8
19831001 19831031    56.9
19831101 19831130   164.6
19831201 19831231   177.0
19840101 19840131   550.4
19840201 19840229   198.5
19840301 19840331   462.5
19840401 19840430     2.8
19840501 19840531     0.0
19840601 19840630     0.0
19840701 19840731     0.0
19840801 19840831     0.0
19840901 19840930     6.8
19841001 19841031    29.4
19841101 19841130   156.6
19841201 19841231   168.4
19850101 19850131   150.2
19850201 19850228 99999.9
19850301 19850331 99999.9
19850401 19850430 99999.9
19850501 19850531 99999.9
19850601 19850630 99999.9
19850701 19850731 99999.9
19850801 19850831 99999.9
19850901 19850930 99999.9
19851001 19851031 99999.9
19851101 19851130 99999.9
19851201 19851231   157.4
19860101 19860131   198.8
19860201 19860228    83.4
19860301 19860331     4.2
19860401 19860430 99999.9
19860501 19860531 99999.9
19860601 19860630 99999.9
19860701 19860731 99999.9
19860801 19860831 99999.9
19860901 19860930 99999.9
19861001 19861031 99999.9
19861101 19861130 99999.9
19861201 19861231 99999.9
19870101 19870131 99999.9
19870201 19870228 99999.9
19870301 19870331     5.0
19870401 19870430     0.0
19870501 19870531     0.0
19870601 19870630     0.0
19870701 19870731     0.0
19870801 19870831     0.0
19870901 19870930     0.0
19871001 19871031     4.0
19871101 19871130   171.4
19871201 19871231   283.0
19880101 19880131   184.2
19880201 19880229   228.6
19880301 19880331    44.8
19880401 19880430     7.6
19880501 19880531     0.0
19880601 19880630     0.0
19880701 19880731     0.0
19880801 19880831     0.0
19880901 19880930     2.9
19881001 19881031     1.2
19881101 19881130   116.8
19881201 19881231   310.4
19890101 19890131   189.2
19890201 19890228    56.8
19890301 19890331   353.0
19890401 19890430    93.0
19890501 19890531     4.0
19890601 19890630     0.0
19890701 19890731     0.0
19890801 19890831     0.0
19890901 19890930     0.0
19891001 19891031    62.8
19891101 19891130    52.0
19891201 19891231    80.4
19900101 19900131   190.6
19900201 19900228   200.5
19900301 19900331   115.0
19900401 19900430     6.0
19900501 19900531    85.6
19900601 19900630     0.0
19900701 19900731     0.0
19900801 19900831     0.0
19900901 19900930     0.0
19901001 19901031     0.0
19901101 19901130    98.0
19901201 19901231   273.2
19910101 19910131   416.6
19910201 19910228   408.3
19910301 19910331     0.0
19910401 19910430    56.6
19910501 19910531     0.0
19910601 19910630     0.0
19910701 19910731     0.0
19910801 19910831     0.0
19910901 19910930     6.2
19911001 19911031     0.0
19911101 19911130   145.0
19911201 19911231 99999.9
19920101 19920131    74.0
19920201 19920229   250.0
19920301 19920331    23.8
19920401 19920430    21.6
19920501 19920531    28.0
19920601 19920630     0.0
19920701 19920731     0.0
19920801 19920831     0.0
19920901 19920930     4.4
19921001 19921031     9.2
19921101 19921130   103.8
19921201 19921231   147.8
19930101 19930131   340.8
19930201 19930228   298.4
19930301 19930331    80.8
19930401 19930430     0.0
19930501 19930531     0.0
19930601 19930630     0.0
19930701 19930731 99999.9
19930801 19930831     0.0
19930901 19930930     0.0
19931001 19931031     7.8
19931101 19931130    67.8
19931201 19931231   368.6
19940101 19940131   140.4
19940201 19940228   141.0
19940301 19940331   299.2
19940401 19940430     7.5
19940501 19940531     0.0
19940601 19940630     2.0
19940701 19940731     0.0
19940801 19940831     0.0
19940901 19940930     0.0
19941001 19941031    17.2
19941101 19941130   116.8
19941201 19941231   144.6
19950101 19950131   328.2
19950201 19950228   141.2
19950301 19950331   103.0
19950401 19950430    44.2
19950501 19950531     7.4
19950601 19950630     0.0
19950701 19950731     0.0
19950801 19950831     0.0
19950901 19950930     5.6
19951001 19951031    33.8
19951101 19951130    53.6
19951201 19951231   166.0
19960101 19960131   235.2
19960201 19960229    45.8
19960301 19960331    94.0
19960401 19960430   106.8
19960501 19960531     0.0
19960601 19960630     0.0
19960701 19960731     0.0
19960801 19960831     0.0
19960901 19960930     0.0
19961001 19961031     3.8
19961101 19961130    71.0
19961201 19961231   348.8
19970101 19970131   502.2
19970201 19970228   264.5
19970301 19970331    67.0
19970401 19970430     0.0
19970501 19970531     0.0
19970601 19970630     0.0
19970701 19970731     0.0
19970801 19970831     0.0
19970901 19970930     0.0
19971001 19971031     9.0
19971101 19971130    35.2
19971201 19971231   355.0
19980101 19980131 99999.9
19980201 19980228 99999.9
19980301 19980331    82.0
19980401 19980430     9.4
19980501 19980531     0.0
19980601 19980630     0.0
19980701 19980731     0.0
19980801 19980831 99999.9
19980901 19980930 99999.9
19981001 19981031 99999.9
19981101 19981130 99999.9
19981201 19981231 99999.9
19990101 19990131 99999.9
19990201 19990228 99999.9
19990301 19990331 99999.9
19990401 19990430 99999.9
19990501 19990531 99999.9
19990601 19990630 99999.9
19990701 19990731 99999.9
19990801 19990831 99999.9
19990901 19990930 99999.9
19991001 19991031 99999.9
19991101 19991130    66.0
19991201 19991231   125.0
20000101 20000131   120.6
20000201 20000229   190.8
20000301 20000331   254.4
20000401 20000430   167.7
20000501 20000531 99999.9
20000601 20000630 99999.9
20000701 20000731 99999.9
20000801 20000831 99999.9
20000901 20000930 99999.9
20001001 20001031 99999.9
20001101 20001130 99999.9
20001201 20001231 99999.9
20010101 20010131 99999.9
20010201 20010228 99999.9
20010301 20010331 99999.9
20010401 20010430 99999.9
20010501 20010531 99999.9
20010601 20010630 99999.9
20010701 20010731 99999.9
20010801 20010831 99999.9
20010901 20010930 99999.9
20011001 20011031   100.6
20011101 20011130   203.8
20011201 20011231   139.8
20020101 20020131   135.2
20020201 20020228   449.6
20020301 20020331    51.2
20020401 20020430     0.0
20020501 20020531     0.0
20020601 20020630     0.0
20020701 20020731     0.0
20020801 20020831     0.0
20020901 20020930     0.0
20021001 20021031     6.2
20021101 20021130   165.4
20021201 20021231    77.4
20030101 20030131 99999.9
20030201 20030228 99999.9
20030301 20030331 99999.9
20030401 20030430 99999.9
20030501 20030531     0.0
20030601 20030630     0.0
20030701 20030731     0.0
20030801 20030831 99999.9
20030901 20030930 99999.9
20031001 20031031 99999.9
20031101 20031130    23.0
20031201 20031231   574.6
20040101 20040131   319.5
20040201 20040229   401.0
20040301 20040331   334.6
20040401 20040430 99999.9
20040501 20040531     0.0
20040601 20040630     0.0
20040701 20040731     0.0
20040801 20040831     0.0
20040901 20040930     0.0
20041001 20041031     9.6
20041101 20041130    52.2
20041201 20041231   205.0
20050101 20050131   231.6
20050201 20050228   128.0
20050301 20050331   192.6
20050401 20050430     0.0
20050501 20050531     0.0
20050601 20050630     0.0
20050701 20050731     0.0
20050801 20050831     0.0
20050901 20050930    15.0
20051001 20051031    18.9
20051101 20051130   181.1
20051201 20051231   362.4
20060101 20060131   253.6
20060201 20060228    19.6
20060301 20060331   386.2
20060401 20060430    83.9
20060501 20060531     0.0
20060601 20060630     0.0
20060701 20060731     0.0
20060801 20060831     0.0
20060901 20060930     0.0
20061001 20061031     0.0
20061101 20061130     0.0
20061201 20061231   162.3
20070101 20070131   280.5
20070201 20070228    95.9
20070301 20070331 99999.9
20070401 20070430     0.0
20070501 20070531     0.0
20070601 20070630     0.0
20070701 20070731     0.0
20070801 20070831     0.0
20070901 20070930     0.0
20071001 20071031     0.0
20071101 20071130    73.0
20071201 20071231 99999.9
20080101 20080131   193.0
20080201 20080229   447.0
20080301 20080331   133.0
20080401 20080430     0.0
20080501 20080531     0.0
20080601 20080630     0.0
20080701 20080731     0.0
20080801 20080831     0.0
20080901 20080930     0.0
20081001 20081031     0.0
20081101 20081130    78.0
20081201 20081231 99999.9
20090101 20090131   412.0
20090201 20090228   281.0
20090301 20090331    11.0
20090401 20090430    60.0
20090501 20090531     2.0
20090601 20090630     0.0
20090701 20090731     0.0
20090801 20090831     0.0
20090901 20090930     0.0
20091001 20091031     0.0
20091101 20091130     5.0
20091201 20091231   270.0
20100101 20100131   291.0
20100201 20100228   252.0
20100301 20100331    96.0
20100401 20100430    60.0
20100501 20100531     6.5
20100601 20100630     0.0
20100701 20100731     0.0
20100801 20100831     0.0
20100901 20100930     0.0
20101001 20101031    57.0
20101101 20101130 99999.9
20101201 20101231   417.5
20110101 20110131   236.0
20110201 20110228   362.0
20110301 20110331   213.7
20110401 20110430   173.5
20110501 20110531     0.0
20110601 20110630     0.0
20110701 20110731     0.0
20110801 20110831     0.0
20110901 20110930     0.0
20111001 20111031    54.0
20111101 20111130   124.7
20111201 20111231   256.4
20120101 20120131   112.8
20120201 20120229   146.6
20120301 20120331   271.5
20120401 20120430    26.0
20120501 20120531     5.4
20120601 20120630     0.0
20120701 20120731     0.0
20120801 20120831     0.0
20120901 20120930    32.6
20121001 20121031     0.0
20121101 20121130   109.2
20121201 20121231   124.2
20130101 20130131   147.4
20130201 20130228   146.8
20130301 20130331   403.4
20130401 20130430    86.0
20130501 20130531     0.0
20130601 20130630     0.0
20130701 20130731     0.0
20130801 20130831     0.0
20130901 20130930     0.0
20131001 20131031    27.4
20131101 20131130   177.5
20131201 20131231   149.4
20140101 20140131   282.8
20140201 20140228   275.2
20140301 20140331   110.2
20140401 20140430    30.0
20140501 20140531     0.0
20140601 20140630     0.0
20140701 20140731     0.0
20140801 20140831 99999.9
20140901 20140930 99999.9
20141001 20141031 99999.9
20141101 20141130 99999.9
20141201 20141231 99999.9
20150101 20150131   145.0
20150201 20150228   142.4
20150301 20150331   122.3
20150401 20150430     0.0
20150501 20150531     0.0
20150601 20150630     0.0
20150701 20150731     0.0
20150801 20150831     0.0
20150901 20150930     0.0
20151001 20151031     4.0
20151101 20151130   116.0
20151201 20151231   500.8
20160101 20160131   211.3
20160201 20160229    98.5
20160301 20160331    83.4
20160401 20160430    15.0
20160501 20160531    40.2
20160601 20160630     0.0
20160701 20160731     4.0
20160801 20160831     0.0
20160901 20160930   111.2
20161001 20161031     0.0
20161101 20161130    66.6
20161201 20161231   125.1
20170101 20170131 99999.9
20170201 20170228   286.9
20170301 20170331   212.2
20170401 20170430     0.0
20170501 20170531     0.0
20170601 20170630     0.0
20170701 20170731     0.0
20170801 20170831     0.0
20170901 20170930     0.0
20171001 20171031    18.6
20171101 20171130   177.1
20171201 20171231    54.9
20180101 20180131   433.8
