PRCP       084016 18700501 20180131 missing_value=99999.9 GABO ISLAND LIGHTHOUSE                    
18700501 18700531    74.7
18700601 18700630   134.1
18700701 18700731    79.5
18700801 18700831    59.1
18700901 18700930    32.7
18701001 18701031    83.9
18701101 18701130   132.4
18701201 18701231    49.3
18710101 18710131    66.0
18710201 18710228   144.2
18710301 18710331    81.1
18710401 18710430    47.1
18710501 18710531   189.3
18710601 18710630   109.5
18710701 18710731    52.3
18710801 18710831    43.0
18710901 18710930    95.5
18711001 18711031   119.8
18711101 18711130    77.6
18711201 18711231    21.8
18720101 18720131    24.8
18720201 18720229    97.0
18720301 18720331    86.8
18720401 18720430   101.4
18720501 18720531    24.3
18720601 18720630    33.3
18720701 18720731   144.2
18720801 18720831   116.4
18720901 18720930   103.5
18721001 18721031    70.3
18721101 18721130    70.1
18721201 18721231    64.0
18730101 18730131    97.0
18730201 18730228   221.7
18730301 18730331    73.1
18730401 18730430   110.0
18730501 18730531    50.5
18730601 18730630   107.3
18730701 18730731    97.5
18730801 18730831    49.8
18730901 18730930    51.8
18731001 18731031    48.0
18731101 18731130   239.8
18731201 18731231     9.4
18740101 18740131    62.2
18740201 18740228   142.2
18740301 18740331   134.9
18740401 18740430    11.9
18740501 18740531   201.9
18740601 18740630   150.1
18740701 18740731    60.7
18740801 18740831    70.9
18740901 18740930   163.8
18741001 18741031    21.8
18741101 18741130    64.8
18741201 18741231    50.0
18750101 18750131    15.0
18750201 18750228    49.5
18750301 18750331     3.6
18750401 18750430   116.1
18750501 18750531   202.4
18750601 18750630   100.3
18750701 18750731    75.2
18750801 18750831    69.3
18750901 18750930    33.8
18751001 18751031   100.6
18751101 18751130    40.9
18751201 18751231   123.7
18760101 18760131    43.2
18760201 18760229    25.4
18760301 18760331    54.1
18760401 18760430    51.8
18760501 18760531    39.4
18760601 18760630    95.5
18760701 18760731   158.0
18760801 18760831    38.1
18760901 18760930    80.0
18761001 18761031    88.1
18761101 18761130   138.2
18761201 18761231    23.9
18770101 18770131    24.4
18770201 18770228     9.7
18770301 18770331    32.7
18770401 18770430    96.2
18770501 18770531   196.1
18770601 18770630    44.1
18770701 18770731    77.5
18770801 18770831    16.2
18770901 18770930   134.9
18771001 18771031    97.2
18771101 18771130    17.3
18771201 18771231    22.9
18780101 18780131    11.9
18780201 18780228    93.0
18780301 18780331    81.1
18780401 18780430    20.1
18780501 18780531    16.5
18780601 18780630    51.2
18780701 18780731    37.5
18780801 18780831    46.6
18780901 18780930    41.0
18781001 18781031    33.8
18781101 18781130    48.2
18781201 18781231    27.5
18790101 18790131   163.2
18790201 18790228    83.5
18790301 18790331    93.2
18790401 18790430    53.2
18790501 18790531   190.5
18790601 18790630    86.2
18790701 18790731    65.1
18790801 18790831   119.0
18790901 18790930   158.1
18791001 18791031   142.7
18791101 18791130   131.0
18791201 18791231    34.2
18800101 18800131    18.7
18800201 18800229   151.4
18800301 18800331   194.2
18800401 18800430   162.0
18800501 18800531   292.3
18800601 18800630   101.9
18800701 18800731    90.1
18800801 18800831    72.7
18800901 18800930    30.7
18801001 18801031   126.9
18801101 18801130    33.0
18801201 18801231    38.6
18810101 18810131    16.3
18810201 18810228    83.1
18810301 18810331   118.9
18810401 18810430    83.4
18810501 18810531    49.9
18810601 18810630   154.4
18810701 18810731    56.2
18810801 18810831    22.9
18810901 18810930    25.2
18811001 18811031   149.4
18811101 18811130   106.3
18811201 18811231    66.3
18820101 18820131    39.8
18820201 18820228    15.0
18820301 18820331    38.7
18820401 18820430   103.1
18820501 18820531   121.8
18820601 18820630   167.7
18820701 18820731    94.8
18820801 18820831    96.6
18820901 18820930    19.3
18821001 18821031    98.4
18821101 18821130    42.7
18821201 18821231    38.0
18830101 18830131    66.3
18830201 18830228   143.9
18830301 18830331    44.7
18830401 18830430    61.1
18830501 18830531   158.6
18830601 18830630    10.7
18830701 18830731   101.7
18830801 18830831    19.3
18830901 18830930    56.0
18831001 18831031    96.5
18831101 18831130    63.1
18831201 18831231    20.6
18840101 18840131    36.7
18840201 18840229    47.4
18840301 18840331    69.8
18840401 18840430    95.0
18840501 18840531    48.7
18840601 18840630    36.3
18840701 18840731    41.1
18840801 18840831   102.4
18840901 18840930    48.3
18841001 18841031   197.2
18841101 18841130    49.5
18841201 18841231    58.2
18850101 18850131    36.8
18850201 18850228    56.2
18850301 18850331    51.2
18850401 18850430    56.3
18850501 18850531    28.4
18850601 18850630   101.8
18850701 18850731    57.8
18850801 18850831    11.8
18850901 18850930    36.3
18851001 18851031    40.1
18851101 18851130    82.1
18851201 18851231    63.6
18860101 18860131    56.1
18860201 18860228   139.7
18860301 18860331    62.5
18860401 18860430   167.7
18860501 18860531    72.2
18860601 18860630    32.0
18860701 18860731   109.2
18860801 18860831   106.8
18860901 18860930    49.3
18861001 18861031    76.2
18861101 18861130    44.5
18861201 18861231    92.2
18870101 18870131    80.4
18870201 18870228    52.5
18870301 18870331    59.2
18870401 18870430    54.6
18870501 18870531    87.7
18870601 18870630   191.0
18870701 18870731   123.8
18870801 18870831    47.9
18870901 18870930   111.2
18871001 18871031   132.0
18871101 18871130   140.2
18871201 18871231    77.3
18880101 18880131    63.3
18880201 18880229    58.5
18880301 18880331   183.9
18880401 18880430    18.5
18880501 18880531   122.1
18880601 18880630    43.7
18880701 18880731    26.2
18880801 18880831    65.8
18880901 18880930    43.8
18881001 18881031    44.8
18881101 18881130    10.2
18881201 18881231   120.8
18890101 18890131    68.2
18890201 18890228   162.1
18890301 18890331    16.8
18890401 18890430    52.1
18890501 18890531   109.7
18890601 18890630   312.8
18890701 18890731    52.6
18890801 18890831    53.8
18890901 18890930    83.0
18891001 18891031    95.3
18891101 18891130    62.9
18891201 18891231    22.7
18900101 18900131    14.9
18900201 18900228   122.6
18900301 18900331    85.8
18900401 18900430    73.1
18900501 18900531    95.6
18900601 18900630   212.5
18900701 18900731   168.2
18900801 18900831    48.8
18900901 18900930    43.2
18901001 18901031    94.0
18901101 18901130    73.8
18901201 18901231    55.5
18910101 18910131    80.6
18910201 18910228    89.9
18910301 18910331     8.4
18910401 18910430   139.8
18910501 18910531    44.4
18910601 18910630   300.4
18910701 18910731   123.9
18910801 18910831   117.3
18910901 18910930    93.1
18911001 18911031    98.6
18911101 18911130    70.5
18911201 18911231    50.9
18920101 18920131    29.4
18920201 18920229    24.9
18920301 18920331    67.6
18920401 18920430   149.3
18920501 18920531    51.6
18920601 18920630   123.5
18920701 18920731    67.8
18920801 18920831    70.6
18920901 18920930   167.9
18921001 18921031   148.6
18921101 18921130   107.7
18921201 18921231    65.1
18930101 18930131   197.3
18930201 18930228     7.8
18930301 18930331    22.4
18930401 18930430   184.3
18930501 18930531    93.4
18930601 18930630    59.5
18930701 18930731   128.2
18930801 18930831    52.2
18930901 18930930   109.6
18931001 18931031    36.0
18931101 18931130   149.2
18931201 18931231   266.8
18940101 18940131   151.6
18940201 18940228    51.2
18940301 18940331    81.2
18940401 18940430   102.9
18940501 18940531    35.4
18940601 18940630   120.2
18940701 18940731    59.0
18940801 18940831   127.5
18940901 18940930    94.7
18941001 18941031    46.0
18941101 18941130    27.0
18941201 18941231    31.6
18950101 18950131    57.1
18950201 18950228    43.5
18950301 18950331    40.0
18950401 18950430    48.8
18950501 18950531    44.3
18950601 18950630    99.6
18950701 18950731   125.0
18950801 18950831    84.0
18950901 18950930    91.1
18951001 18951031    41.8
18951101 18951130    11.5
18951201 18951231    40.7
18960101 18960131    59.4
18960201 18960229    54.8
18960301 18960331    50.1
18960401 18960430    19.5
18960501 18960531   120.8
18960601 18960630   313.6
18960701 18960731    78.6
18960801 18960831   251.3
18960901 18960930    94.0
18961001 18961031    95.3
18961101 18961130    44.2
18961201 18961231    43.7
18970101 18970131   160.5
18970201 18970228   156.0
18970301 18970331    73.0
18970401 18970430    61.9
18970501 18970531    72.3
18970601 18970630    68.0
18970701 18970731    33.1
18970801 18970831    61.0
18970901 18970930    42.7
18971001 18971031    23.6
18971101 18971130     5.1
18971201 18971231    29.4
18980101 18980131     9.9
18980201 18980228   165.1
18980301 18980331    19.4
18980401 18980430    11.8
18980501 18980531   186.8
18980601 18980630    32.5
18980701 18980731    57.4
18980801 18980831    47.7
18980901 18980930    25.7
18981001 18981031    72.1
18981101 18981130    30.6
18981201 18981231    53.5
18990101 18990131   139.2
18990201 18990228     2.8
18990301 18990331    17.5
18990401 18990430   182.9
18990501 18990531   112.4
18990601 18990630    82.7
18990701 18990731   131.7
18990801 18990831   124.2
18990901 18990930    59.2
18991001 18991031   117.6
18991101 18991130    34.3
18991201 18991231    17.8
19000101 19000131    51.3
19000201 19000228     6.6
19000301 19000331    68.1
19000401 19000430   200.8
19000501 19000531   299.2
19000601 19000630    84.9
19000701 19000731    76.9
19000801 19000831    34.1
19000901 19000930   142.6
19001001 19001031    20.0
19001101 19001130    14.4
19001201 19001231    41.6
19010101 19010131    88.6
19010201 19010228     6.8
19010301 19010331    21.0
19010401 19010430   120.4
19010501 19010531    26.7
19010601 19010630   138.6
19010701 19010731    62.1
19010801 19010831   113.9
19010901 19010930    40.0
19011001 19011031    32.3
19011101 19011130    20.8
19011201 19011231    16.4
19020101 19020131    45.4
19020201 19020228     9.9
19020301 19020331    50.8
19020401 19020430    29.4
19020501 19020531    20.0
19020601 19020630   107.2
19020701 19020731   130.0
19020801 19020831   102.7
19020901 19020930    68.8
19021001 19021031    87.1
19021101 19021130    27.1
19021201 19021231   185.0
19030101 19030131    78.8
19030201 19030228     7.1
19030301 19030331    39.0
19030401 19030430    56.8
19030501 19030531   209.5
19030601 19030630    72.2
19030701 19030731   115.5
19030801 19030831    22.0
19030901 19030930    88.9
19031001 19031031    31.8
19031101 19031130    88.5
19031201 19031231    81.1
19040101 19040131    75.4
19040201 19040229    99.8
19040301 19040331    18.3
19040401 19040430    26.8
19040501 19040531    85.2
19040601 19040630    75.3
19040701 19040731    94.1
19040801 19040831   117.5
19040901 19040930    83.5
19041001 19041031    78.3
19041101 19041130    25.4
19041201 19041231    11.3
19050101 19050131   102.1
19050201 19050228    49.3
19050301 19050331    30.4
19050401 19050430    73.1
19050501 19050531   226.3
19050601 19050630    66.8
19050701 19050731    55.3
19050801 19050831    34.5
19050901 19050930   112.0
19051001 19051031   186.1
19051101 19051130    15.7
19051201 19051231    86.6
19060101 19060131    19.3
19060201 19060228    20.8
19060301 19060331   211.2
19060401 19060430    21.1
19060501 19060531    44.7
19060601 19060630    28.3
19060701 19060731    80.3
19060801 19060831    54.2
19060901 19060930    39.8
19061001 19061031    90.4
19061101 19061130    86.5
19061201 19061231    63.8
19070101 19070131    50.3
19070201 19070228    17.2
19070301 19070331    46.7
19070401 19070430    57.2
19070501 19070531    72.1
19070601 19070630   147.3
19070701 19070731    22.7
19070801 19070831    74.9
19070901 19070930    36.1
19071001 19071031    32.9
19071101 19071130    55.6
19071201 19071231   135.0
19080101 19080131    25.5
19080201 19080229    40.2
19080301 19080331    28.7
19080401 19080430    50.0
19080501 19080531    36.4
19080601 19080630   106.2
19080701 19080731    54.0
19080801 19080831    98.9
19080901 19080930   239.3
19081001 19081031    98.5
19081101 19081130    18.7
19081201 19081231    15.6
19090101 19090131    80.3
19090201 19090228   180.9
19090301 19090331    41.5
19090401 19090430    23.9
19090501 19090531    28.2
19090601 19090630   244.1
19090701 19090731    90.7
19090801 19090831    46.7
19090901 19090930   121.9
19091001 19091031    49.3
19091101 19091130    14.0
19091201 19091231    60.1
19100101 19100131   158.4
19100201 19100228    41.2
19100301 19100331    68.6
19100401 19100430     4.9
19100501 19100531    34.3
19100601 19100630   198.5
19100701 19100731   119.4
19100801 19100831    27.7
19100901 19100930    66.2
19101001 19101031   138.1
19101101 19101130   110.3
19101201 19101231    65.4
19110101 19110131   256.0
19110201 19110228   125.4
19110301 19110331   381.2
19110401 19110430    44.9
19110501 19110531   117.5
19110601 19110630   169.0
19110701 19110731    63.8
19110801 19110831    40.7
19110901 19110930    49.2
19111001 19111031    82.7
19111101 19111130    58.1
19111201 19111231    68.2
19120101 19120131    27.1
19120201 19120229    57.0
19120301 19120331   109.1
19120401 19120430    54.2
19120501 19120531    47.9
19120601 19120630   163.0
19120701 19120731   134.8
19120801 19120831   127.9
19120901 19120930    72.9
19121001 19121031    37.8
19121101 19121130    91.4
19121201 19121231    42.4
19130101 19130131    40.7
19130201 19130228    20.6
19130301 19130331   270.1
19130401 19130430   112.0
19130501 19130531   329.5
19130601 19130630   225.1
19130701 19130731    69.2
19130801 19130831    71.8
19130901 19130930    84.4
19131001 19131031    72.8
19131101 19131130   103.6
19131201 19131231    30.1
19140101 19140131    23.9
19140201 19140228     3.7
19140301 19140331    85.9
19140401 19140430   165.7
19140501 19140531    99.4
19140601 19140630    25.6
19140701 19140731   135.4
19140801 19140831    15.8
19140901 19140930   131.0
19141001 19141031    30.0
19141101 19141130    61.7
19141201 19141231   104.0
19150101 19150131   107.4
19150201 19150228    14.6
19150301 19150331    26.3
19150401 19150430    87.8
19150501 19150531    93.6
19150601 19150630    30.2
19150701 19150731    25.8
19150801 19150831   115.8
19150901 19150930   110.5
19151001 19151031    96.7
19151101 19151130    26.6
19151201 19151231    47.2
19160101 19160131    62.1
19160201 19160229   128.7
19160301 19160331    54.2
19160401 19160430    91.9
19160501 19160531    50.2
19160601 19160630    60.9
19160701 19160731   106.4
19160801 19160831    38.4
19160901 19160930    85.8
19161001 19161031    51.5
19161101 19161130   246.8
19161201 19161231   132.5
19170101 19170131    51.3
19170201 19170228    46.4
19170301 19170331   117.0
19170401 19170430    69.6
19170501 19170531    26.8
19170601 19170630    68.0
19170701 19170731    25.4
19170801 19170831    69.4
19170901 19170930    61.4
19171001 19171031    53.2
19171101 19171130   116.5
19171201 19171231    40.1
19180101 19180131   104.7
19180201 19180228    58.1
19180301 19180331    81.9
19180401 19180430    89.5
19180501 19180531    52.7
19180601 19180630   178.7
19180701 19180731   151.4
19180801 19180831    97.5
19180901 19180930    54.3
19181001 19181031    81.7
19181101 19181130    49.5
19181201 19181231    37.7
19190101 19190131     2.4
19190201 19190228   118.5
19190301 19190331    82.7
19190401 19190430    82.4
19190501 19190531   199.9
19190601 19190630    42.6
19190701 19190731    81.6
19190801 19190831   135.8
19190901 19190930   171.2
19191001 19191031    31.6
19191101 19191130    33.6
19191201 19191231   109.4
19200101 19200131   152.2
19200201 19200229    11.9
19200301 19200331    78.6
19200401 19200430    83.4
19200501 19200531   113.6
19200601 19200630    38.7
19200701 19200731    31.2
19200801 19200831   146.2
19200901 19200930    49.0
19201001 19201031    85.4
19201101 19201130    27.0
19201201 19201231    79.7
19210101 19210131    24.0
19210201 19210228    60.5
19210301 19210331    33.4
19210401 19210430    84.3
19210501 19210531   102.0
19210601 19210630    64.0
19210701 19210731    51.3
19210801 19210831   110.9
19210901 19210930    46.1
19211001 19211031   100.3
19211101 19211130    47.7
19211201 19211231    89.4
19220101 19220131   104.0
19220201 19220228    67.3
19220301 19220331    38.6
19220401 19220430    17.5
19220501 19220531    90.7
19220601 19220630    58.3
19220701 19220731    82.0
19220801 19220831    87.0
19220901 19220930   175.2
19221001 19221031    69.9
19221101 19221130    15.6
19221201 19221231    50.2
19230101 19230131    49.5
19230201 19230228     4.9
19230301 19230331     5.5
19230401 19230430    33.6
19230501 19230531    37.3
19230601 19230630    52.9
19230701 19230731    76.6
19230801 19230831    53.3
19230901 19230930   110.9
19231001 19231031    64.1
19231101 19231130   135.2
19231201 19231231    42.2
19240101 19240131   102.8
19240201 19240229    63.6
19240301 19240331    64.4
19240401 19240430    94.3
19240501 19240531    71.8
19240601 19240630    76.3
19240701 19240731    59.0
19240801 19240831    35.6
19240901 19240930    41.1
19241001 19241031    26.5
19241101 19241130   101.7
19241201 19241231    82.7
19250101 19250131    70.9
19250201 19250228    55.4
19250301 19250331    30.2
19250401 19250430   114.9
19250501 19250531   154.8
19250601 19250630   109.4
19250701 19250731   147.9
19250801 19250831    52.3
19250901 19250930    27.6
19251001 19251031    40.5
19251101 19251130    45.8
19251201 19251231     7.0
19260101 19260131   160.1
19260201 19260228     3.3
19260301 19260331    77.5
19260401 19260430    90.9
19260501 19260531    87.7
19260601 19260630    71.2
19260701 19260731    51.8
19260801 19260831    91.5
19260901 19260930    64.1
19261001 19261031    69.4
19261101 19261130    28.3
19261201 19261231    69.7
19270101 19270131    47.3
19270201 19270228    26.6
19270301 19270331    41.6
19270401 19270430   148.4
19270501 19270531   140.2
19270601 19270630    38.8
19270701 19270731   142.1
19270801 19270831    54.8
19270901 19270930    75.6
19271001 19271031    78.9
19271101 19271130    48.3
19271201 19271231    32.9
19280101 19280131    72.4
19280201 19280229   118.0
19280301 19280331   123.5
19280401 19280430    70.0
19280501 19280531    48.2
19280601 19280630    64.5
19280701 19280731    33.4
19280801 19280831    20.5
19280901 19280930    25.6
19281001 19281031    75.2
19281101 19281130    31.1
19281201 19281231    16.3
19290101 19290131    13.7
19290201 19290228   171.0
19290301 19290331    34.8
19290401 19290430   113.6
19290501 19290531    95.2
19290601 19290630    57.4
19290701 19290731    86.7
19290801 19290831    88.4
19290901 19290930    42.2
19291001 19291031    40.4
19291101 19291130    77.6
19291201 19291231    91.4
19300101 19300131    16.5
19300201 19300228    35.3
19300301 19300331    43.8
19300401 19300430    46.0
19300501 19300531    60.4
19300601 19300630   132.1
19300701 19300731   113.2
19300801 19300831    64.0
19300901 19300930    42.2
19301001 19301031    99.8
19301101 19301130    50.3
19301201 19301231    97.5
19310101 19310131    38.4
19310201 19310228    28.2
19310301 19310331   142.9
19310401 19310430    99.8
19310501 19310531    59.6
19310601 19310630    76.4
19310701 19310731   108.6
19310801 19310831    46.4
19310901 19310930    34.4
19311001 19311031    78.0
19311101 19311130    27.4
19311201 19311231    53.1
19320101 19320131     2.8
19320201 19320229    52.3
19320301 19320331   106.5
19320401 19320430    98.2
19320501 19320531    61.1
19320601 19320630    42.4
19320701 19320731   115.3
19320801 19320831    67.3
19320901 19320930    54.7
19321001 19321031   133.1
19321101 19321130    74.0
19321201 19321231    89.4
19330101 19330131   206.9
19330201 19330228    19.1
19330301 19330331    30.7
19330401 19330430    22.9
19330501 19330531   118.3
19330601 19330630    73.9
19330701 19330731    81.6
19330801 19330831    48.0
19330901 19330930    36.0
19331001 19331031    55.4
19331101 19331130    41.9
19331201 19331231   114.7
19340101 19340131   173.8
19340201 19340228   135.2
19340301 19340331    14.0
19340401 19340430   208.3
19340501 19340531   112.5
19340601 19340630   246.9
19340701 19340731    86.9
19340801 19340831    93.3
19340901 19340930    16.5
19341001 19341031    97.6
19341101 19341130    58.9
19341201 19341231    38.8
19350101 19350131    88.3
19350201 19350228   134.7
19350301 19350331    37.2
19350401 19350430   196.5
19350501 19350531    46.5
19350601 19350630    81.7
19350701 19350731    37.6
19350801 19350831    35.4
19350901 19350930   130.6
19351001 19351031    88.4
19351101 19351130    17.7
19351201 19351231   140.5
19360101 19360131    74.8
19360201 19360229    56.2
19360301 19360331    36.9
19360401 19360430   160.6
19360501 19360531    42.6
19360601 19360630   127.5
19360701 19360731   100.7
19360801 19360831    24.9
19360901 19360930    16.6
19361001 19361031    42.4
19361101 19361130    59.6
19361201 19361231   164.7
19370101 19370131   112.8
19370201 19370228    11.3
19370301 19370331   102.4
19370401 19370430    38.3
19370501 19370531    31.2
19370601 19370630   192.1
19370701 19370731    51.4
19370801 19370831    66.9
19370901 19370930   117.0
19371001 19371031   153.7
19371101 19371130    20.5
19371201 19371231   136.8
19380101 19380131   110.9
19380201 19380228    72.6
19380301 19380331   258.6
19380401 19380430    52.6
19380501 19380531    29.4
19380601 19380630    97.9
19380701 19380731    79.8
19380801 19380831    59.1
19380901 19380930    29.0
19381001 19381031    30.1
19381101 19381130    71.9
19381201 19381231     8.7
19390101 19390131    22.7
19390201 19390228    27.5
19390301 19390331   106.9
19390401 19390430   172.3
19390501 19390531    96.6
19390601 19390630    72.0
19390701 19390731    84.9
19390801 19390831   165.5
19390901 19390930    30.8
19391001 19391031    64.5
19391101 19391130    79.4
19391201 19391231    29.8
19400101 19400131    30.6
19400201 19400229    15.1
19400301 19400331     1.5
19400401 19400430   103.7
19400501 19400531   203.3
19400601 19400630    52.7
19400701 19400731    46.2
19400801 19400831    25.2
19400901 19400930    92.9
19401001 19401031    28.9
19401101 19401130    47.9
19401201 19401231    66.9
19410101 19410131   124.7
19410201 19410228    22.6
19410301 19410331    77.7
19410401 19410430    81.5
19410501 19410531    25.3
19410601 19410630    80.9
19410701 19410731   119.6
19410801 19410831    89.7
19410901 19410930    45.7
19411001 19411031    45.3
19411101 19411130    47.9
19411201 19411231    32.0
19420101 19420131     9.6
19420201 19420228    38.2
19420301 19420331    90.5
19420401 19420430    13.6
19420501 19420531    97.8
19420601 19420630    58.4
19420701 19420731    50.6
19420801 19420831    14.7
19420901 19420930    92.6
19421001 19421031    78.6
19421101 19421130   178.5
19421201 19421231    19.8
19430101 19430131    75.4
19430201 19430228    11.7
19430301 19430331    16.5
19430401 19430430    43.7
19430501 19430531    46.6
19430601 19430630   243.4
19430701 19430731    11.3
19430801 19430831    90.5
19430901 19430930    59.4
19431001 19431031    45.6
19431101 19431130    60.0
19431201 19431231    56.8
19440101 19440131    19.5
19440201 19440229    25.9
19440301 19440331    57.9
19440401 19440430   124.9
19440501 19440531   209.4
19440601 19440630    29.4
19440701 19440731    60.5
19440801 19440831    75.6
19440901 19440930    30.0
19441001 19441031    54.7
19441101 19441130    19.7
19441201 19441231    24.1
19450101 19450131    55.9
19450201 19450228    35.3
19450301 19450331    49.3
19450401 19450430    97.6
19450501 19450531    70.6
19450601 19450630    47.6
19450701 19450731    80.1
19450801 19450831    71.6
19450901 19450930    43.8
19451001 19451031    47.3
19451101 19451130    62.1
19451201 19451231    10.1
19460101 19460131    49.0
19460201 19460228   115.3
19460301 19460331    63.7
19460401 19460430    91.7
19460501 19460531    89.4
19460601 19460630   240.8
19460701 19460731    54.1
19460801 19460831   148.9
19460901 19460930    80.9
19461001 19461031    69.4
19461101 19461130   100.8
19461201 19461231    44.3
19470101 19470131    12.2
19470201 19470228    35.2
19470301 19470331    63.4
19470401 19470430   236.7
19470501 19470531    16.3
19470601 19470630   105.9
19470701 19470731    60.2
19470801 19470831    79.9
19470901 19470930    50.5
19471001 19471031    38.5
19471101 19471130    75.1
19471201 19471231    90.0
19480101 19480131   212.2
19480201 19480229    36.6
19480301 19480331     4.6
19480401 19480430   157.9
19480501 19480531   141.2
19480601 19480630    54.3
19480701 19480731    23.8
19480801 19480831    11.2
19480901 19480930    19.0
19481001 19481031    96.1
19481101 19481130    32.8
19481201 19481231    67.6
19490101 19490131   171.3
19490201 19490228   115.3
19490301 19490331    85.3
19490401 19490430    77.0
19490501 19490531   138.5
19490601 19490630   224.3
19490701 19490731    51.7
19490801 19490831    27.8
19490901 19490930    63.3
19491001 19491031    80.8
19491101 19491130   171.9
19491201 19491231    35.5
19500101 19500131    42.3
19500201 19500228   307.4
19500301 19500331   225.7
19500401 19500430   121.6
19500501 19500531   210.6
19500601 19500630   137.9
19500701 19500731    93.6
19500801 19500831    70.2
19500901 19500930    54.7
19501001 19501031   149.6
19501101 19501130    73.0
19501201 19501231    50.4
19510101 19510131    42.0
19510201 19510228    84.4
19510301 19510331    13.3
19510401 19510430    37.7
19510501 19510531    42.9
19510601 19510630   290.2
19510701 19510731   104.3
19510801 19510831   192.7
19510901 19510930   122.1
19511001 19511031    76.4
19511101 19511130    54.8
19511201 19511231    28.8
19520101 19520131     8.7
19520201 19520229    24.6
19520301 19520331    95.4
19520401 19520430   106.0
19520501 19520531   261.6
19520601 19520630   270.2
19520701 19520731    95.8
19520801 19520831    66.5
19520901 19520930    25.5
19521001 19521031   134.3
19521101 19521130   101.1
19521201 19521231   110.2
19530101 19530131    46.7
19530201 19530228    40.8
19530301 19530331    48.3
19530401 19530430    16.3
19530501 19530531   194.8
19530601 19530630    57.1
19530701 19530731    41.0
19530801 19530831   149.2
19530901 19530930    18.9
19531001 19531031    68.9
19531101 19531130    56.7
19531201 19531231    34.1
19540101 19540131   137.3
19540201 19540228   120.5
19540301 19540331    11.4
19540401 19540430    11.8
19540501 19540531    36.6
19540601 19540630   154.0
19540701 19540731    76.2
19540801 19540831    45.0
19540901 19540930    23.5
19541001 19541031    46.5
19541101 19541130   131.5
19541201 19541231    17.5
19550101 19550131    18.7
19550201 19550228    17.7
19550301 19550331    34.9
19550401 19550430     9.9
19550501 19550531    64.2
19550601 19550630    59.0
19550701 19550731    42.0
19550801 19550831    52.5
19550901 19550930    42.6
19551001 19551031    72.8
19551101 19551130    57.0
19551201 19551231   114.6
19560101 19560131   175.5
19560201 19560229   143.0
19560301 19560331   121.8
19560401 19560430    40.6
19560501 19560531   305.3
19560601 19560630   151.9
19560701 19560731    47.5
19560801 19560831    67.1
19560901 19560930    47.5
19561001 19561031   111.2
19561101 19561130    62.8
19561201 19561231    30.9
19570101 19570131     4.3
19570201 19570228    64.1
19570301 19570331    36.6
19570401 19570430    30.1
19570501 19570531    66.2
19570601 19570630    52.1
19570701 19570731   144.8
19570801 19570831   104.0
19570901 19570930    47.2
19571001 19571031    54.7
19571101 19571130    60.9
19571201 19571231    56.3
19580101 19580131    82.0
19580201 19580228   108.1
19580301 19580331    27.1
19580401 19580430    24.8
19580501 19580531    22.8
19580601 19580630    56.3
19580701 19580731    39.6
19580801 19580831    81.5
19580901 19580930   127.9
19581001 19581031   116.4
19581101 19581130    36.9
19581201 19581231    55.0
19590101 19590131    18.3
19590201 19590228    42.4
19590301 19590331   150.2
19590401 19590430    50.0
19590501 19590531    71.1
19590601 19590630   169.7
19590701 19590731   168.2
19590801 19590831    23.7
19590901 19590930    81.0
19591001 19591031   122.6
19591101 19591130    50.0
19591201 19591231   152.6
19600101 19600131    29.3
19600201 19600229    20.9
19600301 19600331   137.6
19600401 19600430    23.4
19600501 19600531   119.4
19600601 19600630   106.1
19600701 19600731   103.0
19600801 19600831    47.0
19600901 19600930   159.7
19601001 19601031    74.9
19601101 19601130    83.9
19601201 19601231    85.7
19610101 19610131    36.9
19610201 19610228    38.4
19610301 19610331   259.0
19610401 19610430    60.9
19610501 19610531   120.4
19610601 19610630    62.7
19610701 19610731   305.3
19610801 19610831    75.7
19610901 19610930   171.1
19611001 19611031    74.6
19611101 19611130    46.1
19611201 19611231   125.6
19620101 19620131   109.3
19620201 19620228    59.2
19620301 19620331     8.9
19620401 19620430    60.8
19620501 19620531    61.8
19620601 19620630    28.6
19620701 19620731    32.1
19620801 19620831   175.5
19620901 19620930    53.9
19621001 19621031    68.8
19621101 19621130    39.1
19621201 19621231   208.3
19630101 19630131    93.8
19630201 19630228    78.9
19630301 19630331    29.3
19630401 19630430    82.6
19630501 19630531   164.8
19630601 19630630   179.5
19630701 19630731   218.4
19630801 19630831    83.5
19630901 19630930   105.2
19631001 19631031    58.4
19631101 19631130   115.4
19631201 19631231    68.8
19640101 19640131     5.6
19640201 19640229   118.3
19640301 19640331    25.7
19640401 19640430   117.0
19640501 19640531    50.5
19640601 19640630    67.3
19640701 19640731    56.2
19640801 19640831    90.7
19640901 19640930    36.0
19641001 19641031    83.5
19641101 19641130    44.9
19641201 19641231    49.5
19650101 19650131    23.1
19650201 19650228    12.3
19650301 19650331    20.4
19650401 19650430    70.1
19650501 19650531    15.4
19650601 19650630    31.8
19650701 19650731    76.5
19650801 19650831   142.1
19650901 19650930    27.0
19651001 19651031    56.7
19651101 19651130   199.8
19651201 19651231    31.9
19660101 19660131    47.1
19660201 19660228   108.3
19660301 19660331    59.3
19660401 19660430    37.7
19660501 19660531    52.9
19660601 19660630   104.9
19660701 19660731   111.8
19660801 19660831    24.9
19660901 19660930    92.3
19661001 19661031   115.9
19661101 19661130    98.3
19661201 19661231   264.8
19670101 19670131    20.3
19670201 19670228    18.8
19670301 19670331    35.3
19670401 19670430    45.3
19670501 19670531   139.0
19670601 19670630   111.7
19670701 19670731    53.7
19670801 19670831   119.3
19670901 19670930    72.0
19671001 19671031    28.2
19671101 19671130    14.8
19671201 19671231    35.5
19680101 19680131    47.5
19680201 19680229     2.5
19680301 19680331   233.6
19680401 19680430    45.4
19680501 19680531   191.9
19680601 19680630    87.7
19680701 19680731    80.6
19680801 19680831    62.7
19680901 19680930    19.4
19681001 19681031    17.3
19681101 19681130    38.2
19681201 19681231   118.2
19690101 19690131    49.6
19690201 19690228    22.3
19690301 19690331    85.0
19690401 19690430    63.9
19690501 19690531   139.6
19690601 19690630    92.1
19690701 19690731    28.3
19690801 19690831    70.7
19690901 19690930    69.5
19691001 19691031    49.9
19691101 19691130   215.4
19691201 19691231    56.3
19700101 19700131   157.3
19700201 19700228    93.2
19700301 19700331   141.7
19700401 19700430    47.1
19700501 19700531   110.9
19700601 19700630    93.0
19700701 19700731    23.9
19700801 19700831   117.8
19700901 19700930   100.2
19701001 19701031    38.1
19701101 19701130    95.3
19701201 19701231   213.7
19710101 19710131   139.6
19710201 19710228   169.9
19710301 19710331    12.7
19710401 19710430    14.2
19710501 19710531    50.2
19710601 19710630    64.3
19710701 19710731    83.0
19710801 19710831    54.9
19710901 19710930    33.1
19711001 19711031    41.2
19711101 19711130    58.3
19711201 19711231    45.5
19720101 19720131    69.6
19720201 19720229    89.6
19720301 19720331    52.0
19720401 19720430    81.0
19720501 19720531    47.7
19720601 19720630    27.7
19720701 19720731    36.7
19720801 19720831   103.2
19720901 19720930    12.0
19721001 19721031    61.0
19721101 19721130    71.9
19721201 19721231     6.1
19730101 19730131    29.0
19730201 19730228    50.0
19730301 19730331    76.4
19730401 19730430    17.6
19730501 19730531    14.9
19730601 19730630    60.0
19730701 19730731    59.7
19730801 19730831   107.5
19730901 19730930    33.2
19731001 19731031    71.3
19731101 19731130   168.0
19731201 19731231    35.1
19740101 19740131    72.2
19740201 19740228    66.8
19740301 19740331    55.8
19740401 19740430   223.6
19740501 19740531   124.6
19740601 19740630   183.1
19740701 19740731   129.4
19740801 19740831    69.8
19740901 19740930    82.1
19741001 19741031    99.9
19741101 19741130    97.4
19741201 19741231    27.8
19750101 19750131    75.4
19750201 19750228    71.5
19750301 19750331    54.9
19750401 19750430    78.8
19750501 19750531    15.8
19750601 19750630   203.1
19750701 19750731    11.0
19750801 19750831    88.9
19750901 19750930   140.0
19751001 19751031   158.3
19751101 19751130    66.4
19751201 19751231    88.4
19760101 19760131    71.2
19760201 19760229    90.5
19760301 19760331   140.2
19760401 19760430    88.3
19760501 19760531    13.7
19760601 19760630    79.9
19760701 19760731    31.3
19760801 19760831   105.7
19760901 19760930   181.3
19761001 19761031   211.7
19761101 19761130   121.1
19761201 19761231    38.4
19770101 19770131    36.9
19770201 19770228   102.3
19770301 19770331   100.4
19770401 19770430    46.0
19770501 19770531    37.8
19770601 19770630    87.6
19770701 19770731    69.0
19770801 19770831    16.4
19770901 19770930   143.2
19771001 19771031    26.2
19771101 19771130    19.4
19771201 19771231    37.6
19780101 19780131   120.6
19780201 19780228    19.0
19780301 19780331    80.6
19780401 19780430   110.6
19780501 19780531   382.6
19780601 19780630   297.6
19780701 19780731   112.8
19780801 19780831    57.8
19780901 19780930    62.8
19781001 19781031    54.6
19781101 19781130    66.0
19781201 19781231   138.2
19790101 19790131    10.0
19790201 19790228    26.6
19790301 19790331   163.0
19790401 19790430    62.2
19790501 19790531    90.2
19790601 19790630    16.6
19790701 19790731    20.6
19790801 19790831    64.0
19790901 19790930    58.4
19791001 19791031    71.2
19791101 19791130    35.0
19791201 19791231    12.2
19800101 19800131    89.0
19800201 19800229    16.6
19800301 19800331    46.4
19800401 19800430     8.6
19800501 19800531   134.2
19800601 19800630    49.0
19800701 19800731    64.0
19800801 19800831    48.8
19800901 19800930    35.6
19801001 19801031    74.0
19801101 19801130    45.6
19801201 19801231   131.7
19810101 19810131    98.0
19810201 19810228    67.0
19810301 19810331    27.4
19810401 19810430    12.2
19810501 19810531   198.9
19810601 19810630    82.1
19810701 19810731   106.5
19810801 19810831    72.3
19810901 19810930    35.0
19811001 19811031    21.4
19811101 19811130    75.7
19811201 19811231    90.0
19820101 19820131    27.2
19820201 19820228     2.0
19820301 19820331   107.4
19820401 19820430    41.6
19820501 19820531    29.4
19820601 19820630   128.8
19820701 19820731   114.7
19820801 19820831     5.0
19820901 19820930    44.2
19821001 19821031    37.6
19821101 19821130     0.4
19821201 19821231    45.8
19830101 19830131    23.4
19830201 19830228     7.8
19830301 19830331    63.2
19830401 19830430   142.0
19830501 19830531    97.6
19830601 19830630    29.4
19830701 19830731    94.6
19830801 19830831    79.6
19830901 19830930    69.9
19831001 19831031   136.8
19831101 19831130    53.6
19831201 19831231    48.4
19840101 19840131   166.6
19840201 19840229    49.8
19840301 19840331    53.8
19840401 19840430    36.8
19840501 19840531    65.4
19840601 19840630    43.2
19840701 19840731   230.0
19840801 19840831    74.8
19840901 19840930   136.2
19841001 19841031    23.4
19841101 19841130    40.0
19841201 19841231    90.2
19850101 19850131    25.6
19850201 19850228    44.0
19850301 19850331    49.2
19850401 19850430   317.6
19850501 19850531    85.0
19850601 19850630    95.0
19850701 19850731    78.2
19850801 19850831    96.8
19850901 19850930    95.6
19851001 19851031   185.2
19851101 19851130   255.6
19851201 19851231   146.2
19860101 19860131    87.0
19860201 19860228    14.2
19860301 19860331    11.2
19860401 19860430    22.8
19860501 19860531    52.2
19860601 19860630    53.2
19860701 19860731    85.3
19860801 19860831    56.8
19860901 19860930    74.8
19861001 19861031    33.3
19861101 19861130   131.9
19861201 19861231    27.8
19870101 19870131   240.8
19870201 19870228    28.0
19870301 19870331    65.0
19870401 19870430    30.0
19870501 19870531    70.0
19870601 19870630    30.8
19870701 19870731   107.0
19870801 19870831    28.7
19870901 19870930    23.2
19871001 19871031    48.4
19871101 19871130    49.0
19871201 19871231    61.2
19880101 19880131    30.2
19880201 19880229    38.8
19880301 19880331    26.6
19880401 19880430   245.0
19880501 19880531   202.8
19880601 19880630    57.5
19880701 19880731    88.8
19880801 19880831    72.8
19880901 19880930   100.8
19881001 19881031    20.6
19881101 19881130   224.0
19881201 19881231    86.0
19890101 19890131    37.8
19890201 19890228    60.6
19890301 19890331    88.4
19890401 19890430   412.6
19890501 19890531    52.8
19890601 19890630   150.4
19890701 19890731   220.0
19890801 19890831    73.1
19890901 19890930    85.0
19891001 19891031    79.7
19891101 19891130    44.2
19891201 19891231    66.7
19900101 19900131    18.2
19900201 19900228   185.3
19900301 19900331    70.0
19900401 19900430   124.2
19900501 19900531    99.4
19900601 19900630    26.8
19900701 19900731    26.0
19900801 19900831   185.9
19900901 19900930    75.4
19901001 19901031    87.4
19901101 19901130    49.6
19901201 19901231    66.6
19910101 19910131   113.2
19910201 19910228    57.4
19910301 19910331    67.4
19910401 19910430    57.6
19910501 19910531   121.2
19910601 19910630    95.8
19910701 19910731   295.6
19910801 19910831    53.4
19910901 19910930    71.4
19911001 19911031    40.1
19911101 19911130    34.5
19911201 19911231    77.0
19920101 19920131   113.0
19920201 19920229   122.9
19920301 19920331    31.8
19920401 19920430    78.0
19920501 19920531    54.2
19920601 19920630    59.2
19920701 19920731    52.0
19920801 19920831    82.8
19920901 19920930   177.8
19921001 19921031    41.8
19921101 19921130   139.4
19921201 19921231   138.0
19930101 19930131    18.0
19930201 19930228    90.6
19930301 19930331    86.4
19930401 19930430    29.4
19930501 19930531    52.4
19930601 19930630    78.0
19930701 19930731    89.8
19930801 19930831    71.6
19930901 19930930   106.2
19931001 19931031    98.0
19931101 19931130    57.6
19931201 19931231    89.0
19940101 19940131    25.2
19940201 19940228    89.3
19940301 19940331   149.0
19940401 19940430   102.6
19940501 19940531    54.0
19940601 19940630    66.1
19940701 19940731    37.8
19940801 19940831    28.2
19940901 19940930    82.1
19941001 19941031 99999.9
19941101 19941130    93.4
19941201 19941231    78.4
19950101 19950131   152.8
19950201 19950228    31.1
19950301 19950331    99.6
19950401 19950430    81.4
19950501 19950531   143.8
19950601 19950630    98.6
19950701 19950731    41.4
19950801 19950831    57.2
19950901 19950930    70.6
19951001 19951031   187.5
19951101 19951130   139.2
19951201 19951231   122.9
19960101 19960131    57.4
19960201 19960229   107.6
19960301 19960331    83.0
19960401 19960430    43.2
19960501 19960531 99999.9
19960601 19960630    78.6
19960701 19960731   117.2
19960801 19960831    31.6
19960901 19960930    82.0
19961001 19961031    39.2
19961101 19961130   120.2
19961201 19961231    44.5
19970101 19970131    43.0
19970201 19970228    37.8
19970301 19970331    78.2
19970401 19970430    57.2
19970501 19970531    83.4
19970601 19970630    45.2
19970701 19970731    47.9
19970801 19970831    20.2
19970901 19970930   144.2
19971001 19971031    81.0
19971101 19971130    49.0
19971201 19971231    53.9
19980101 19980131    75.2
19980201 19980228    14.0
19980301 19980331    28.2
19980401 19980430    49.1
19980501 19980531    67.9
19980601 19980630   168.8
19980701 19980731    93.0
19980801 19980831    81.4
19980901 19980930    47.7
19981001 19981031    59.2
19981101 19981130   111.0
19981201 19981231    81.4
19990101 19990131   376.8
19990201 19990228    27.4
19990301 19990331    63.2
19990401 19990430   118.8
19990501 19990531    20.4
19990601 19990630    42.8
19990701 19990731    86.0
19990801 19990831    21.4
19990901 19990930    24.0
19991001 19991031    55.6
19991101 19991130    53.8
19991201 19991231    85.2
20000101 20000131    74.4
20000201 20000229    18.0
20000301 20000331   105.2
20000401 20000430    45.8
20000501 20000531    78.4
20000601 20000630    52.4
20000701 20000731    58.0
20000801 20000831   113.6
20000901 20000930    92.8
20001001 20001031    41.8
20001101 20001130   147.0
20001201 20001231    15.6
20010101 20010131    55.8
20010201 20010228    99.2
20010301 20010331    69.4
20010401 20010430   151.4
20010501 20010531    67.6
20010601 20010630    39.0
20010701 20010731   126.0
20010801 20010831    41.4
20010901 20010930    50.2
20011001 20011031    66.6
20011101 20011130    34.0
20011201 20011231    61.8
20020101 20020131    37.4
20020201 20020228   190.8
20020301 20020331    31.6
20020401 20020430   178.2
20020501 20020531   109.2
20020601 20020630    49.6
20020701 20020731    23.2
20020801 20020831    45.6
20020901 20020930    41.4
20021001 20021031   183.8
20021101 20021130    44.6
20021201 20021231    20.0
20030101 20030131     8.2
20030201 20030228    31.0
20030301 20030331    57.8
20030401 20030430   114.2
20030501 20030531   144.0
20030601 20030630    16.4
20030701 20030731    33.8
20030801 20030831    85.6
20030901 20030930    32.0
20031001 20031031   113.4
20031101 20031130    55.4
20031201 20031231    80.6
20040101 20040131    85.0
20040201 20040229    40.2
20040301 20040331    10.0
20040401 20040430   111.7
20040501 20040531    95.4
20040601 20040630    23.4
20040701 20040731    62.4
20040801 20040831    28.2
20040901 20040930    86.4
20041001 20041031    63.0
20041101 20041130    59.2
20041201 20041231   106.2
20050101 20050131    51.6
20050201 20050228    63.0
20050301 20050331    94.4
20050401 20050430    32.0
20050501 20050531    68.2
20050601 20050630    38.2
20050701 20050731   204.2
20050801 20050831    56.0
20050901 20050930    88.8
20051001 20051031    56.2
20051101 20051130    85.2
20051201 20051231    28.8
20060101 20060131     8.4
20060201 20060228     6.8
20060301 20060331    14.3
20060401 20060430    89.2
20060501 20060531   215.8
20060601 20060630   104.0
20060701 20060731   136.8
20060801 20060831    23.2
20060901 20060930    44.6
20061001 20061031    22.8
20061101 20061130    31.2
20061201 20061231    16.6
20070101 20070131     7.2
20070201 20070228   117.4
20070301 20070331    25.6
20070401 20070430   160.2
20070501 20070531    46.4
20070601 20070630   247.0
20070701 20070731   147.6
20070801 20070831    36.0
20070901 20070930    26.4
20071001 20071031    57.6
20071101 20071130   127.6
20071201 20071231    48.8
20080101 20080131    33.2
20080201 20080229   165.8
20080301 20080331    12.2
20080401 20080430    19.0
20080501 20080531    14.2
20080601 20080630    88.8
20080701 20080731    52.0
20080801 20080831   178.6
20080901 20080930    25.4
20081001 20081031    18.4
20081101 20081130   130.4
20081201 20081231    57.4
20090101 20090131    17.2
20090201 20090228    43.2
20090301 20090331    14.6
20090401 20090430    88.9
20090501 20090531    31.4
20090601 20090630    85.6
20090701 20090731    30.4
20090801 20090831    23.8
20090901 20090930    69.8
20091001 20091031    95.6
20091101 20091130    38.2
20091201 20091231    23.4
20100101 20100131    15.2
20100201 20100228   152.4
20100301 20100331    20.6
20100401 20100430    38.6
20100501 20100531   152.6
20100601 20100630    53.8
20100701 20100731    49.0
20100801 20100831    47.2
20100901 20100930    21.6
20101001 20101031    74.2
20101101 20101130    54.6
20101201 20101231   129.4
20110101 20110131    24.8
20110201 20110228    65.2
20110301 20110331   121.4
20110401 20110430    53.6
20110501 20110531   108.6
20110601 20110630    82.9
20110701 20110731    76.8
20110801 20110831    76.2
20110901 20110930    27.6
20111001 20111031    69.4
20111101 20111130    94.8
20111201 20111231    43.0
20120101 20120131    43.6
20120201 20120229    91.2
20120301 20120331   222.4
20120401 20120430   163.8
20120501 20120531    52.6
20120601 20120630   161.6
20120701 20120731    45.4
20120801 20120831    70.6
20120901 20120930    24.2
20121001 20121031    37.2
20121101 20121130    60.8
20121201 20121231    26.6
20130101 20130131    64.6
20130201 20130228    90.4
20130301 20130331    46.0
20130401 20130430    31.6
20130501 20130531    32.4
20130601 20130630   176.8
20130701 20130731    14.2
20130801 20130831    30.6
20130901 20130930    90.6
20131001 20131031    37.6
20131101 20131130   138.4
20131201 20131231    49.4
20140101 20140131    23.2
20140201 20140228     6.6
20140301 20140331    61.8
20140401 20140430   152.8
20140501 20140531    40.4
20140601 20140630   195.4
20140701 20140731    52.2
20140801 20140831    65.4
20140901 20140930    83.8
20141001 20141031   106.6
20141101 20141130    48.6
20141201 20141231    94.4
20150101 20150131    79.8
20150201 20150228    47.8
20150301 20150331    24.8
20150401 20150430   201.2
20150501 20150531    27.0
20150601 20150630    42.6
20150701 20150731   100.0
20150801 20150831    86.4
20150901 20150930    37.6
20151001 20151031    39.0
20151101 20151130    81.8
20151201 20151231    22.2
20160101 20160131   129.4
20160201 20160229    18.0
20160301 20160331   119.8
20160401 20160430    25.8
20160501 20160531    85.4
20160601 20160630   235.4
20160701 20160731    78.2
20160801 20160831    40.0
20160901 20160930   173.4
20161001 20161031    39.2
20161101 20161130    30.4
20161201 20161231    53.4
20170101 20170131    20.4
20170201 20170228    55.0
20170301 20170331    37.0
20170401 20170430    89.2
20170501 20170531    82.0
20170601 20170630    45.8
20170701 20170731    24.0
20170801 20170831    91.6
20170901 20170930    26.6
20171001 20171031    35.8
20171101 20171130    86.0
20171201 20171231    80.8
20180101 20180131    71.8
