PRCP       007011 19020501 20160430 missing_value=99999.9 BURNERBINMAH                              
19020501 19020531    10.2
19020601 19020630     3.3
19020701 19020731    19.6
19020801 19020831     6.9
19020901 19020930    14.7
19021001 19021031     3.6
19021101 19021130     0.0
19021201 19021231     1.5
19030101 19030131     0.0
19030201 19030228     0.5
19030301 19030331     0.0
19030401 19030430    21.8
19030501 19030531    15.0
19030601 19030630    52.6
19030701 19030731    24.1
19030801 19030831    27.2
19030901 19030930    15.7
19031001 19031031    13.5
19031101 19031130     0.3
19031201 19031231     9.1
19040101 19040131     0.0
19040201 19040229     0.0
19040301 19040331    14.2
19040401 19040430     0.8
19040501 19040531    26.9
19040601 19040630    21.6
19040701 19040731    46.0
19040801 19040831     4.6
19040901 19040930    71.1
19041001 19041031     8.4
19041101 19041130    11.2
19041201 19041231     9.9
19050101 19050131     5.1
19050201 19050228    51.8
19050301 19050331    13.7
19050401 19050430    22.9
19050501 19050531    52.8
19050601 19050630     5.3
19050701 19050731    13.7
19050801 19050831    20.3
19050901 19050930    14.2
19051001 19051031     3.0
19051101 19051130     0.0
19051201 19051231    20.1
19060101 19060131     9.1
19060201 19060228     0.0
19060301 19060331     0.0
19060401 19060430     0.5
19060501 19060531    31.8
19060601 19060630    19.8
19060701 19060731    48.5
19060801 19060831    58.9
19060901 19060930     6.6
19061001 19061031     0.0
19061101 19061130    16.5
19061201 19061231     8.9
19070101 19070131     0.0
19070201 19070228    13.9
19070301 19070331    42.4
19070401 19070430     7.6
19070501 19070531     9.3
19070601 19070630    42.6
19070701 19070731    59.0
19070801 19070831    23.7
19070901 19070930     3.0
19071001 19071031     0.0
19071101 19071130     0.0
19071201 19071231     0.0
19080101 19080131     0.0
19080201 19080229    22.4
19080301 19080331    16.3
19080401 19080430    53.7
19080501 19080531    97.8
19080601 19080630    25.1
19080701 19080731     9.4
19080801 19080831    27.6
19080901 19080930     0.5
19081001 19081031     3.8
19081101 19081130     7.9
19081201 19081231    28.0
19090101 19090131    64.6
19090201 19090228    24.1
19090301 19090331     0.0
19090401 19090430    29.2
19090501 19090531    13.3
19090601 19090630    42.7
19090701 19090731    17.1
19090801 19090831    92.1
19090901 19090930    10.0
19091001 19091031    63.0
19091101 19091130     7.6
19091201 19091231     0.0
19100101 19100131     2.1
19100201 19100228     9.2
19100301 19100331     0.0
19100401 19100430     0.0
19100501 19100531    62.0
19100601 19100630    44.4
19100701 19100731    39.2
19100801 19100831     9.1
19100901 19100930     8.4
19101001 19101031    10.4
19101101 19101130     0.0
19101201 19101231    23.7
19110101 19110131    25.4
19110201 19110228     0.0
19110301 19110331     5.6
19110401 19110430     0.0
19110501 19110531    24.7
19110601 19110630    15.9
19110701 19110731    31.1
19110801 19110831     0.0
19110901 19110930     0.0
19111001 19111031     0.0
19111101 19111130     0.0
19111201 19111231     0.0
19120101 19120131     5.5
19120201 19120229     7.9
19120301 19120331     4.8
19120401 19120430     1.0
19120501 19120531    69.7
19120601 19120630     4.8
19120701 19120731    27.4
19120801 19120831     2.6
19120901 19120930     7.7
19121001 19121031    19.1
19121101 19121130     1.8
19121201 19121231    16.3
19130101 19130131    16.3
19130201 19130228     0.0
19130301 19130331     0.0
19130401 19130430    11.0
19130501 19130531     5.1
19130601 19130630    24.4
19130701 19130731    33.3
19130801 19130831    37.8
19130901 19130930    19.9
19131001 19131031     0.0
19131101 19131130     0.0
19131201 19131231    10.2
19140101 19140131     0.0
19140201 19140228     3.0
19140301 19140331     0.0
19140401 19140430     5.4
19140501 19140531     0.0
19140601 19140630     3.6
19140701 19140731    37.1
19140801 19140831    49.1
19140901 19140930     0.0
19141001 19141031     8.1
19141101 19141130    45.1
19141201 19141231    50.3
19150101 19150131   117.2
19150201 19150228    46.5
19150301 19150331     0.8
19150401 19150430     2.5
19150501 19150531    18.5
19150601 19150630    54.5
19150701 19150731    36.6
19150801 19150831    27.1
19150901 19150930    15.9
19151001 19151031     3.0
19151101 19151130     0.0
19151201 19151231    15.8
19160101 19160131     5.0
19160201 19160229     7.3
19160301 19160331    52.5
19160401 19160430     0.0
19160501 19160531    19.1
19160601 19160630    23.2
19160701 19160731    15.2
19160801 19160831     8.6
19160901 19160930     0.0
19161001 19161031    38.1
19161101 19161130     0.0
19161201 19161231     0.0
19170101 19170131    23.7
19170201 19170228     2.8
19170301 19170331   125.4
19170401 19170430    14.7
19170501 19170531    17.1
19170601 19170630    63.3
19170701 19170731    36.6
19170801 19170831    26.3
19170901 19170930    39.1
19171001 19171031    13.3
19171101 19171130    21.6
19171201 19171231    48.3
19180101 19180131    14.5
19180201 19180228   169.2
19180301 19180331   112.1
19180401 19180430    33.4
19180501 19180531    21.3
19180601 19180630    51.8
19180701 19180731    16.3
19180801 19180831     6.9
19180901 19180930     5.1
19181001 19181031     0.0
19181101 19181130    14.0
19181201 19181231     0.0
19190101 19190131     0.0
19190201 19190228     0.0
19190301 19190331     0.0
19190401 19190430    19.0
19190501 19190531    21.6
19190601 19190630    47.2
19190701 19190731    52.3
19190801 19190831    49.9
19190901 19190930     3.8
19191001 19191031    58.8
19191101 19191130    26.2
19191201 19191231     0.0
19200101 19200131    12.7
19200201 19200229     2.5
19200301 19200331     0.0
19200401 19200430    19.0
19200501 19200531    11.6
19200601 19200630    22.5
19200701 19200731    11.0
19200801 19200831    23.4
19200901 19200930     0.0
19201001 19201031     0.0
19201101 19201130     0.0
19201201 19201231     0.0
19210101 19210131     0.0
19210201 19210228     0.0
19210301 19210331    17.8
19210401 19210430     0.0
19210501 19210531   242.5
19210601 19210630    52.8
19210701 19210731    20.1
19210801 19210831    17.8
19210901 19210930     0.0
19211001 19211031     6.4
19211101 19211130     0.0
19211201 19211231     0.0
19220101 19220131     0.0
19220201 19220228    38.9
19220301 19220331    80.0
19220401 19220430     0.0
19220501 19220531     6.6
19220601 19220630    10.4
19220701 19220731    33.8
19220801 19220831    22.4
19220901 19220930     0.0
19221001 19221031     0.0
19221101 19221130     0.0
19221201 19221231     0.0
19230101 19230131    35.3
19230201 19230228    13.5
19230301 19230331     6.4
19230401 19230430    31.5
19230501 19230531     6.1
19230601 19230630    86.9
19230701 19230731    14.7
19230801 19230831     7.6
19230901 19230930     0.0
19231001 19231031     0.0
19231101 19231130     0.0
19231201 19231231     0.0
19240101 19240131     0.0
19240201 19240229     8.6
19240301 19240331     9.9
19240401 19240430     0.0
19240501 19240531    13.4
19240601 19240630    27.0
19240701 19240731    11.5
19240801 19240831    15.7
19240901 19240930     3.1
19241001 19241031     3.3
19241101 19241130     3.3
19241201 19241231     0.0
19250101 19250131    84.9
19250201 19250228    57.8
19250301 19250331    71.8
19250401 19250430     0.0
19250501 19250531    17.5
19250601 19250630    42.8
19250701 19250731    11.5
19250801 19250831    13.5
19250901 19250930    10.9
19251001 19251031     5.3
19251101 19251130     3.3
19251201 19251231     8.6
19260101 19260131     4.3
19260201 19260228     2.1
19260301 19260331   118.7
19260401 19260430    41.7
19260501 19260531    49.8
19260601 19260630    15.9
19260701 19260731    21.3
19260801 19260831     9.7
19260901 19260930     8.4
19261001 19261031     3.0
19261101 19261130    20.1
19261201 19261231    21.9
19270101 19270131     5.3
19270201 19270228     0.0
19270301 19270331   122.1
19270401 19270430     6.4
19270501 19270531    10.6
19270601 19270630    69.5
19270701 19270731    35.9
19270801 19270831    15.0
19270901 19270930     6.8
19271001 19271031     0.0
19271101 19271130     1.8
19271201 19271231     2.6
19280101 19280131    61.2
19280201 19280229     0.0
19280301 19280331    32.5
19280401 19280430    13.2
19280501 19280531    25.9
19280601 19280630    14.1
19280701 19280731    34.9
19280801 19280831    12.4
19280901 19280930     9.4
19281001 19281031     1.3
19281101 19281130     2.3
19281201 19281231    21.1
19290101 19290131    24.7
19290201 19290228    68.1
19290301 19290331    13.5
19290401 19290430     0.0
19290501 19290531    48.4
19290601 19290630    17.6
19290701 19290731     8.9
19290801 19290831    15.1
19290901 19290930     0.0
19291001 19291031    12.0
19291101 19291130    17.8
19291201 19291231     0.0
19300101 19300131     0.0
19300201 19300228     8.9
19300301 19300331    13.9
19300401 19300430    44.0
19300501 19300531    17.7
19300601 19300630    54.9
19300701 19300731    19.0
19300801 19300831    25.3
19300901 19300930     1.5
19301001 19301031     4.3
19301101 19301130     0.0
19301201 19301231     7.9
19310101 19310131     0.0
19310201 19310228    23.8
19310301 19310331     2.0
19310401 19310430     7.0
19310501 19310531    49.0
19310601 19310630    19.3
19310701 19310731    16.2
19310801 19310831    12.7
19310901 19310930    10.9
19311001 19311031     5.9
19311101 19311130    22.7
19311201 19311231     5.9
19320101 19320131     1.5
19320201 19320229     0.0
19320301 19320331    14.9
19320401 19320430    12.1
19320501 19320531    41.7
19320601 19320630    10.9
19320701 19320731    22.1
19320801 19320831    34.3
19320901 19320930     5.4
19321001 19321031    11.2
19321101 19321130     0.0
19321201 19321231    38.6
19330101 19330131     0.0
19330201 19330228     0.8
19330301 19330331    55.6
19330401 19330430     0.8
19330501 19330531    34.5
19330601 19330630    91.0
19330701 19330731    19.6
19330801 19330831    43.6
19330901 19330930     2.5
19331001 19331031     7.1
19331101 19331130    13.0
19331201 19331231    14.7
19340101 19340131    12.9
19340201 19340228     0.0
19340301 19340331    63.7
19340401 19340430    54.5
19340501 19340531     6.4
19340601 19340630    28.8
19340701 19340731    20.3
19340801 19340831    21.8
19340901 19340930     3.4
19341001 19341031     0.0
19341101 19341130    35.3
19341201 19341231     2.3
19350101 19350131    22.6
19350201 19350228    63.2
19350301 19350331   140.8
19350401 19350430     0.8
19350501 19350531     2.5
19350601 19350630     8.4
19350701 19350731     5.6
19350801 19350831    20.7
19350901 19350930     3.3
19351001 19351031     0.0
19351101 19351130     0.0
19351201 19351231     0.0
19360101 19360131    21.6
19360201 19360229     1.0
19360301 19360331    29.5
19360401 19360430     4.8
19360501 19360531     3.8
19360601 19360630    29.3
19360701 19360731     6.3
19360801 19360831    13.7
19360901 19360930     0.8
19361001 19361031     3.3
19361101 19361130     3.6
19361201 19361231    16.5
19370101 19370131    12.7
19370201 19370228     9.7
19370301 19370331    35.3
19370401 19370430    12.2
19370501 19370531    13.2
19370601 19370630    28.7
19370701 19370731     1.1
19370801 19370831    17.8
19370901 19370930     5.1
19371001 19371031     2.3
19371101 19371130    12.4
19371201 19371231     0.0
19380101 19380131    19.6
19380201 19380228     1.0
19380301 19380331     7.1
19380401 19380430     9.9
19380501 19380531     3.1
19380601 19380630    22.3
19380701 19380731    37.6
19380801 19380831    10.4
19380901 19380930     0.5
19381001 19381031     0.0
19381101 19381130    11.0
19381201 19381231     2.0
19390101 19390131    42.8
19390201 19390228    70.6
19390301 19390331     3.3
19390401 19390430     2.6
19390501 19390531    15.3
19390601 19390630    51.7
19390701 19390731    42.8
19390801 19390831    25.2
19390901 19390930     0.0
19391001 19391031    18.1
19391101 19391130    27.2
19391201 19391231     0.0
19400101 19400131     7.4
19400201 19400229     0.0
19400301 19400331     2.1
19400401 19400430     1.3
19400501 19400531    13.0
19400601 19400630    15.2
19400701 19400731    22.7
19400801 19400831     5.1
19400901 19400930     8.6
19401001 19401031     7.1
19401101 19401130     2.5
19401201 19401231     1.5
19410101 19410131     0.0
19410201 19410228     7.1
19410301 19410331     0.5
19410401 19410430    21.8
19410501 19410531    24.3
19410601 19410630    34.3
19410701 19410731    29.2
19410801 19410831    23.4
19410901 19410930     9.5
19411001 19411031     1.8
19411101 19411130    15.8
19411201 19411231    36.3
19420101 19420131    10.2
19420201 19420228     1.0
19420301 19420331    48.1
19420401 19420430    23.2
19420501 19420531    29.0
19420601 19420630    42.9
19420701 19420731    25.9
19420801 19420831    23.9
19420901 19420930     6.9
19421001 19421031     2.1
19421101 19421130     1.3
19421201 19421231    14.2
19430101 19430131     0.0
19430201 19430228    17.0
19430301 19430331    51.2
19430401 19430430    35.3
19430501 19430531    23.3
19430601 19430630    31.4
19430701 19430731    14.0
19430801 19430831     6.6
19430901 19430930     4.0
19431001 19431031     6.9
19431101 19431130     1.3
19431201 19431231    12.7
19440101 19440131     0.0
19440201 19440229     0.0
19440301 19440331     1.3
19440401 19440430     1.3
19440501 19440531    17.8
19440601 19440630     5.1
19440701 19440731    23.4
19440801 19440831    19.7
19440901 19440930     0.8
19441001 19441031     0.0
19441101 19441130     3.3
19441201 19441231     0.0
19450101 19450131     0.0
19450201 19450228    16.6
19450301 19450331    10.5
19450401 19450430    11.2
19450501 19450531     8.4
19450601 19450630   101.0
19450701 19450731     5.2
19450801 19450831    53.3
19450901 19450930     9.2
19451001 19451031     2.0
19451101 19451130     5.4
19451201 19451231     0.0
19460101 19460131    34.5
19460201 19460228    16.8
19460301 19460331     1.3
19460401 19460430     0.8
19460501 19460531    14.9
19460601 19460630    21.6
19460701 19460731    57.9
19460801 19460831    17.3
19460901 19460930     0.0
19461001 19461031     0.0
19461101 19461130     9.6
19461201 19461231     0.0
19470101 19470131    10.6
19470201 19470228    13.0
19470301 19470331    27.7
19470401 19470430     1.0
19470501 19470531    40.4
19470601 19470630    27.0
19470701 19470731    43.5
19470801 19470831    18.1
19470901 19470930    12.7
19471001 19471031    32.0
19471101 19471130     0.0
19471201 19471231     0.0
19480101 19480131     2.3
19480201 19480229    99.3
19480301 19480331    39.1
19480401 19480430    11.5
19480501 19480531     0.0
19480601 19480630    32.8
19480701 19480731    19.3
19480801 19480831    22.5
19480901 19480930     8.9
19481001 19481031     0.0
19481101 19481130    31.0
19481201 19481231     2.0
19490101 19490131     2.5
19490201 19490228    17.7
19490301 19490331     0.0
19490401 19490430     5.3
19490501 19490531     0.0
19490601 19490630    23.6
19490701 19490731    28.6
19490801 19490831    41.9
19490901 19490930    26.6
19491001 19491031    12.1
19491101 19491130    10.0
19491201 19491231     1.8
19500101 19500131     2.1
19500201 19500228     0.0
19500301 19500331     0.0
19500401 19500430     0.0
19500501 19500531    70.4
19500601 19500630    16.0
19500701 19500731    23.1
19500801 19500831    19.0
19500901 19500930     6.1
19501001 19501031     5.6
19501101 19501130     0.0
19501201 19501231     0.0
19510101 19510131    59.0
19510201 19510228    31.6
19510301 19510331    30.0
19510401 19510430    39.2
19510501 19510531    21.8
19510601 19510630    69.8
19510701 19510731    37.5
19510801 19510831     6.8
19510901 19510930     9.3
19511001 19511031     4.1
19511101 19511130     0.0
19511201 19511231     0.8
19520101 19520131    99.3
19520201 19520229    54.7
19520301 19520331     0.0
19520401 19520430    16.2
19520501 19520531    15.2
19520601 19520630     9.9
19520701 19520731    24.2
19520801 19520831     2.1
19520901 19520930     7.2
19521001 19521031     0.5
19521101 19521130     0.0
19521201 19521231     0.0
19530101 19530131     2.3
19530201 19530228     0.0
19530301 19530331   249.8
19530401 19530430    37.0
19530501 19530531    34.9
19530601 19530630    41.2
19530701 19530731    21.1
19530801 19530831     7.6
19530901 19530930     3.3
19531001 19531031     7.6
19531101 19531130     0.0
19531201 19531231    10.2
19540101 19540131    10.9
19540201 19540228     0.0
19540301 19540331     0.0
19540401 19540430     1.3
19540501 19540531    46.3
19540601 19540630    14.3
19540701 19540731    15.3
19540801 19540831    13.7
19540901 19540930     9.2
19541001 19541031     0.0
19541101 19541130     0.0
19541201 19541231     0.0
19550101 19550131    18.2
19550201 19550228    51.0
19550301 19550331    32.0
19550401 19550430     3.1
19550501 19550531    25.2
19550601 19550630    29.4
19550701 19550731    12.8
19550801 19550831    26.9
19550901 19550930    40.5
19551001 19551031    14.4
19551101 19551130     0.0
19551201 19551231     0.0
19560101 19560131     0.0
19560201 19560229     3.8
19560301 19560331     0.0
19560401 19560430     1.3
19560501 19560531    40.9
19560601 19560630    32.6
19560701 19560731    28.3
19560801 19560831     9.7
19560901 19560930     0.0
19561001 19561031    17.0
19561101 19561130    21.8
19561201 19561231     0.0
19570101 19570131    37.5
19570201 19570228     2.5
19570301 19570331    67.8
19570401 19570430     1.3
19570501 19570531    14.2
19570601 19570630    26.4
19570701 19570731     6.1
19570801 19570831     4.6
19570901 19570930     1.3
19571001 19571031     0.0
19571101 19571130     0.0
19571201 19571231     9.1
19580101 19580131    30.0
19580201 19580228     0.0
19580301 19580331    11.7
19580401 19580430     0.0
19580501 19580531    44.5
19580601 19580630    13.5
19580701 19580731    55.0
19580801 19580831    51.6
19580901 19580930    41.1
19581001 19581031     0.0
19581101 19581130    15.2
19581201 19581231    19.6
19590101 19590131     0.0
19590201 19590228     0.0
19590301 19590331    15.3
19590401 19590430     7.4
19590501 19590531     5.8
19590601 19590630    53.6
19590701 19590731    21.4
19590801 19590831    17.5
19590901 19590930     0.0
19591001 19591031     7.6
19591101 19591130     0.0
19591201 19591231     7.6
19600101 19600131     1.0
19600201 19600229   153.9
19600301 19600331    59.5
19600401 19600430     9.9
19600501 19600531    12.0
19600601 19600630     2.8
19600701 19600731    92.2
19600801 19600831     6.6
19600901 19600930     2.1
19601001 19601031     2.8
19601101 19601130     0.0
19601201 19601231     0.0
19610101 19610131    27.5
19610201 19610228     0.0
19610301 19610331     9.4
19610401 19610430    44.0
19610501 19610531     9.4
19610601 19610630   107.7
19610701 19610731    11.7
19610801 19610831    19.8
19610901 19610930     0.0
19611001 19611031     1.0
19611101 19611130     0.0
19611201 19611231     0.0
19620101 19620131     7.1
19620201 19620228    21.3
19620301 19620331     0.0
19620401 19620430     8.1
19620501 19620531    80.2
19620601 19620630    13.1
19620701 19620731    26.4
19620801 19620831     1.3
19620901 19620930     1.3
19621001 19621031    11.5
19621101 19621130     3.3
19621201 19621231    42.5
19630101 19630131   116.0
19630201 19630228    78.7
19630301 19630331     8.1
19630401 19630430    14.2
19630501 19630531    69.8
19630601 19630630    47.2
19630701 19630731    82.4
19630801 19630831    23.4
19630901 19630930     0.0
19631001 19631031     0.0
19631101 19631130     3.0
19631201 19631231     8.9
19640101 19640131     0.0
19640201 19640229     0.0
19640301 19640331    20.6
19640401 19640430    51.0
19640501 19640531     0.0
19640601 19640630    50.9
19640701 19640731    68.4
19640801 19640831    16.8
19640901 19640930    15.5
19641001 19641031     3.3
19641101 19641130     6.4
19641201 19641231     0.0
19650101 19650131     0.0
19650201 19650228     0.0
19650301 19650331    10.4
19650401 19650430     4.0
19650501 19650531    18.3
19650601 19650630    97.1
19650701 19650731    33.9
19650801 19650831    39.5
19650901 19650930    10.3
19651001 19651031     0.0
19651101 19651130    20.8
19651201 19651231     3.1
19660101 19660131     0.0
19660201 19660228     7.9
19660301 19660331     0.0
19660401 19660430    81.1
19660501 19660531     0.0
19660601 19660630    26.7
19660701 19660731    25.4
19660801 19660831    16.0
19660901 19660930     4.9
19661001 19661031    26.9
19661101 19661130     1.5
19661201 19661231     0.0
19670101 19670131    68.5
19670201 19670228     2.8
19670301 19670331     0.0
19670401 19670430     6.9
19670501 19670531    44.7
19670601 19670630    16.5
19670701 19670731    21.6
19670801 19670831    23.1
19670901 19670930    11.7
19671001 19671031     0.0
19671101 19671130     0.0
19671201 19671231    22.6
19680101 19680131    10.2
19680201 19680229     2.5
19680301 19680331     8.9
19680401 19680430    20.5
19680501 19680531    35.1
19680601 19680630   141.4
19680701 19680731     8.4
19680801 19680831    10.9
19680901 19680930     8.4
19681001 19681031     0.0
19681101 19681130     4.1
19681201 19681231     6.6
19690101 19690131     0.0
19690201 19690228    25.2
19690301 19690331     1.3
19690401 19690430     0.0
19690501 19690531    63.8
19690601 19690630    20.9
19690701 19690731     8.1
19690801 19690831     1.8
19690901 19690930    10.7
19691001 19691031     6.1
19691101 19691130     0.0
19691201 19691231     0.0
19700101 19700131     0.0
19700201 19700228   117.6
19700301 19700331     0.0
19700401 19700430     8.7
19700501 19700531    20.6
19700601 19700630    34.2
19700701 19700731    15.8
19700801 19700831     5.7
19700901 19700930    19.9
19701001 19701031    15.2
19701101 19701130     6.4
19701201 19701231    18.1
19710101 19710131     7.4
19710201 19710228     4.8
19710301 19710331    40.2
19710401 19710430     0.0
19710501 19710531     0.0
19710601 19710630    27.2
19710701 19710731    27.6
19710801 19710831    10.9
19710901 19710930     2.0
19711001 19711031    11.7
19711101 19711130     0.0
19711201 19711231     0.0
19720101 19720131     4.6
19720201 19720229     8.2
19720301 19720331     0.0
19720401 19720430     0.0
19720501 19720531     9.9
19720601 19720630    40.2
19720701 19720731    60.0
19720801 19720831    11.1
19720901 19720930     8.3
19721001 19721031     5.6
19721101 19721130    11.5
19721201 19721231     0.0
19730101 19730131    10.2
19730201 19730228     0.0
19730301 19730331     0.0
19730401 19730430    13.4
19730501 19730531    16.7
19730601 19730630    41.1
19730701 19730731    58.5
19730801 19730831    41.9
19730901 19730930    17.7
19731001 19731031     0.0
19731101 19731130    13.2
19731201 19731231     0.0
19740101 19740131     3.9
19740201 19740228     0.0
19740301 19740331     9.6
19740401 19740430    47.0
19740501 19740531    58.2
19740601 19740630    19.0
19740701 19740731    69.4
19740801 19740831    45.8
19740901 19740930    53.6
19741001 19741031    11.8
19741101 19741130     5.3
19741201 19741231     0.0
19750101 19750131     0.0
19750201 19750228    73.0
19750301 19750331     6.8
19750401 19750430    78.4
19750501 19750531    21.2
19750601 19750630    27.2
19750701 19750731    28.9
19750801 19750831    14.8
19750901 19750930     6.2
19751001 19751031    67.0
19751101 19751130    17.0
19751201 19751231    18.6
19760101 19760131    10.4
19760201 19760229    21.0
19760301 19760331     4.9
19760401 19760430    16.8
19760501 19760531    17.7
19760601 19760630     5.2
19760701 19760731    12.3
19760801 19760831    15.0
19760901 19760930    14.0
19761001 19761031    23.5
19761101 19761130     0.0
19761201 19761231     0.0
19770101 19770131     0.0
19770201 19770228     4.0
19770301 19770331     0.0
19770401 19770430    18.0
19770501 19770531    22.6
19770601 19770630    33.6
19770701 19770731     0.4
19770801 19770831    14.8
19770901 19770930     1.4
19771001 19771031    25.0
19771101 19771130     0.0
19771201 19771231    16.1
19780101 19780131    36.5
19780201 19780228    40.1
19780301 19780331     0.0
19780401 19780430     9.5
19780501 19780531     0.0
19780601 19780630    11.2
19780701 19780731    47.0
19780801 19780831    52.2
19780901 19780930    20.3
19781001 19781031     2.2
19781101 19781130     1.4
19781201 19781231    28.6
19790101 19790131     0.0
19790201 19790228     5.6
19790301 19790331     0.0
19790401 19790430    12.5
19790501 19790531    10.6
19790601 19790630    17.4
19790701 19790731     0.0
19790801 19790831    24.4
19790901 19790930     5.0
19791001 19791031     0.0
19791101 19791130    12.4
19791201 19791231    12.8
19800101 19800131     0.0
19800201 19800229    12.0
19800301 19800331     0.0
19800401 19800430    15.0
19800501 19800531   114.8
19800601 19800630    83.6
19800701 19800731     6.6
19800801 19800831     0.0
19800901 19800930     0.0
19801001 19801031     2.6
19801101 19801130     1.2
19801201 19801231     0.0
19810101 19810131     7.8
19810201 19810228    22.5
19810301 19810331     1.6
19810401 19810430     1.4
19810501 19810531    22.4
19810601 19810630    76.2
19810701 19810731    17.6
19810801 19810831    33.2
19810901 19810930     2.4
19811001 19811031     4.0
19811101 19811130     0.0
19811201 19811231    36.0
19820101 19820131    33.1
19820201 19820228     0.0
19820301 19820331    33.6
19820401 19820430     5.8
19820501 19820531    26.8
19820601 19820630    23.8
19820701 19820731     9.3
19820801 19820831     7.8
19820901 19820930    13.2
19821001 19821031    14.6
19821101 19821130    20.4
19821201 19821231    11.2
19830101 19830131     0.0
19830201 19830228     0.0
19830301 19830331     0.0
19830401 19830430     0.0
19830501 19830531     0.0
19830601 19830630    40.4
19830701 19830731    25.4
19830801 19830831    30.0
19830901 19830930    19.0
19831001 19831031     8.6
19831101 19831130    16.0
19831201 19831231    45.8
19840101 19840131     9.0
19840201 19840229    30.0
19840301 19840331    70.6
19840401 19840430    36.8
19840501 19840531    54.2
19840601 19840630    10.3
19840701 19840731    51.3
19840801 19840831    12.0
19840901 19840930    29.9
19841001 19841031    19.1
19841101 19841130     5.6
19841201 19841231    11.0
19850101 19850131     0.0
19850201 19850228    53.5
19850301 19850331     2.9
19850401 19850430    17.5
19850501 19850531    32.2
19850601 19850630    15.2
19850701 19850731    60.1
19850801 19850831    17.9
19850901 19850930     9.7
19851001 19851031     1.0
19851101 19851130     0.0
19851201 19851231     0.0
19860101 19860131    28.8
19860201 19860228    20.8
19860301 19860331    22.1
19860401 19860430     1.0
19860501 19860531    10.4
19860601 19860630    74.7
19860701 19860731    29.9
19860801 19860831    23.6
19860901 19860930     7.0
19861001 19861031    29.6
19861101 19861130     0.5
19861201 19861231     0.0
19870101 19870131     5.5
19870201 19870228    37.0
19870301 19870331    14.5
19870401 19870430     1.6
19870501 19870531    17.4
19870601 19870630    24.6
19870701 19870731    16.5
19870801 19870831    12.4
19870901 19870930     1.6
19871001 19871031     7.6
19871101 19871130    28.2
19871201 19871231    14.8
19880101 19880131     0.5
19880201 19880229     0.5
19880301 19880331     8.0
19880401 19880430    27.0
19880501 19880531    60.3
19880601 19880630    20.2
19880701 19880731    45.9
19880801 19880831    32.7
19880901 19880930     4.4
19881001 19881031     0.4
19881101 19881130    13.0
19881201 19881231    39.3
19890101 19890131    21.7
19890201 19890228    41.7
19890301 19890331     0.8
19890401 19890430    31.5
19890501 19890531    63.3
19890601 19890630    17.8
19890701 19890731    10.2
19890801 19890831     3.2
19890901 19890930     2.5
19891001 19891031     0.3
19891101 19891130     1.9
19891201 19891231     0.0
19900101 19900131    64.3
19900201 19900228    33.2
19900301 19900331    12.5
19900401 19900430    52.9
19900501 19900531    14.8
19900601 19900630    27.0
19900701 19900731    32.7
19900801 19900831    43.0
19900901 19900930     2.1
19901001 19901031     8.0
19901101 19901130     2.4
19901201 19901231     0.0
19910101 19910131    22.6
19910201 19910228     0.5
19910301 19910331    13.0
19910401 19910430     5.0
19910501 19910531    31.5
19910601 19910630    33.3
19910701 19910731    35.0
19910801 19910831     4.8
19910901 19910930     6.7
19911001 19911031     6.5
19911101 19911130    12.8
19911201 19911231     9.5
19920101 19920131     0.0
19920201 19920229     5.2
19920301 19920331   119.2
19920401 19920430   126.4
19920501 19920531    30.3
19920601 19920630    50.5
19920701 19920731     6.5
19920801 19920831    95.0
19920901 19920930    56.0
19921001 19921031    23.0
19921101 19921130    10.0
19921201 19921231    15.0
19930101 19930131     0.0
19930201 19930228     0.0
19930301 19930331     7.0
19930401 19930430    67.5
19930501 19930531    53.8
19930601 19930630    59.7
19930701 19930731    28.0
19930801 19930831    36.9
19930901 19930930    10.3
19931001 19931031     5.0
19931101 19931130    13.0
19931201 19931231    13.4
19940101 19940131     2.0
19940201 19940228    41.6
19940301 19940331     0.6
19940401 19940430     0.0
19940501 19940531    24.5
19940601 19940630    17.0
19940701 19940731    17.4
19940801 19940831    42.5
19940901 19940930     6.1
19941001 19941031     3.5
19941101 19941130     0.0
19941201 19941231    31.0
19950101 19950131    17.0
19950201 19950228   224.2
19950301 19950331     7.9
19950401 19950430    37.3
19950501 19950531    12.6
19950601 19950630    28.5
19950701 19950731    71.5
19950801 19950831     4.0
19950901 19950930     8.7
19951001 19951031     3.0
19951101 19951130     9.2
19951201 19951231    27.0
19960101 19960131     0.0
19960201 19960229    56.0
19960301 19960331     1.0
19960401 19960430    45.0
19960501 19960531     2.0
19960601 19960630    68.2
19960701 19960731   111.0
19960801 19960831    36.2
19960901 19960930    17.0
19961001 19961031     8.6
19961101 19961130    27.0
19961201 19961231    32.0
19970101 19970131     0.0
19970201 19970228    92.8
19970301 19970331    17.8
19970401 19970430    82.0
19970501 19970531    23.4
19970601 19970630    18.4
19970701 19970731    35.8
19970801 19970831    37.0
19970901 19970930    17.8
19971001 19971031    15.4
19971101 19971130     6.0
19971201 19971231     0.0
19980101 19980131     0.0
19980201 19980228     0.0
19980301 19980331     1.6
19980401 19980430     1.0
19980501 19980531    47.0
19980601 19980630    58.0
19980701 19980731    72.4
19980801 19980831    36.2
19980901 19980930     9.0
19981001 19981031     0.0
19981101 19981130    10.0
19981201 19981231    28.4
19990101 19990131     9.2
19990201 19990228    22.0
19990301 19990331   150.8
19990401 19990430     2.0
19990501 19990531   140.0
19990601 19990630     6.4
19990701 19990731    21.6
19990801 19990831     8.4
19990901 19990930    33.2
19991001 19991031     6.4
19991101 19991130    25.0
19991201 19991231    25.6
20000101 20000131    98.4
20000201 20000229    17.8
20000301 20000331    89.4
20000401 20000430    26.2
20000501 20000531     0.0
20000601 20000630     9.2
20000701 20000731     8.8
20000801 20000831    26.5
20000901 20000930     3.0
20001001 20001031     0.0
20001101 20001130     0.0
20001201 20001231     6.0
20010101 20010131   125.6
20010201 20010228    29.0
20010301 20010331    45.0
20010401 20010430     4.0
20010501 20010531    17.2
20010601 20010630     6.0
20010701 20010731    21.0
20010801 20010831    25.2
20010901 20010930    15.0
20011001 20011031    36.0
20011101 20011130   139.2
20011201 20011231     0.0
20020101 20020131    26.6
20020201 20020228     6.0
20020301 20020331    11.0
20020401 20020430    21.6
20020501 20020531    19.4
20020601 20020630    14.4
20020701 20020731    19.4
20020801 20020831    23.6
20020901 20020930     6.4
20021001 20021031     0.0
20021101 20021130     3.0
20021201 20021231    32.6
20030101 20030131    17.0
20030201 20030228    16.8
20030301 20030331    32.0
20030401 20030430     6.0
20030501 20030531    36.0
20030601 20030630    37.2
20030701 20030731    17.6
20030801 20030831    33.6
20030901 20030930    20.8
20031001 20031031     2.2
20031101 20031130    21.0
20031201 20031231     0.0
20040101 20040131     5.0
20040201 20040229    11.2
20040301 20040331     8.0
20040401 20040430    10.0
20040501 20040531    12.6
20040601 20040630    14.8
20040701 20040731    40.0
20040801 20040831     8.8
20040901 20040930    15.8
20041001 20041031     4.2
20041101 20041130     5.8
20041201 20041231    15.4
20050101 20050131     2.2
20050201 20050228     8.0
20050301 20050331    20.2
20050401 20050430    16.6
20050501 20050531    57.5
20050601 20050630    62.8
20050701 20050731     8.0
20050801 20050831    52.4
20050901 20050930    18.8
20051001 20051031     7.0
20051101 20051130     0.0
20051201 20051231     0.0
20060101 20060131    78.4
20060201 20060228    44.8
20060301 20060331    43.4
20060401 20060430    81.6
20060501 20060531     4.2
20060601 20060630     4.8
20060701 20060731     5.4
20060801 20060831     6.6
20060901 20060930    46.2
20061001 20061031     6.4
20061101 20061130     4.2
20061201 20061231     0.0
20070101 20070131    15.4
20070201 20070228     6.0
20070301 20070331     0.0
20070401 20070430     3.0
20070501 20070531     0.0
20070601 20070630     7.4
20070701 20070731    32.8
20070801 20070831     0.0
20070901 20070930     6.0
20071001 20071031     3.0
20071101 20071130     0.0
20071201 20071231    25.2
20080101 20080131     0.0
20080201 20080229   235.4
20080301 20080331    16.0
20080401 20080430    59.6
20080501 20080531     0.0
20080601 20080630    22.0
20080701 20080731    64.4
20080801 20080831    17.0
20080901 20080930    17.4
20081001 20081031     6.2
20081101 20081130     1.4
20081201 20081231     0.0
20090101 20090131    10.0
20090201 20090228    30.0
20090301 20090331     3.0
20090401 20090430    18.4
20090501 20090531    20.0
20090601 20090630    62.8
20090701 20090731    70.2
20090801 20090831    17.8
20090901 20090930     5.4
20091001 20091031     0.0
20091101 20091130     9.4
20091201 20091231     7.0
20100101 20100131    38.6
20100201 20100228     2.6
20100301 20100331     0.0
20100401 20100430     0.0
20100501 20100531    18.2
20100601 20100630    36.2
20100701 20100731    23.0
20100801 20100831    41.2
20100901 20100930    18.0
20101001 20101031     2.2
20101101 20101130     0.0
20101201 20101231    85.2
20110101 20110131    47.7
20110201 20110228    75.6
20110301 20110331     0.0
20110401 20110430     5.6
20110501 20110531    39.6
20110601 20110630    56.4
20110701 20110731    87.8
20110801 20110831    26.7
20110901 20110930     6.6
20111001 20111031    25.6
20111101 20111130     9.4
20111201 20111231    36.8
20120101 20120131    21.4
20120201 20120229     6.6
20120301 20120331    32.2
20120401 20120430     9.8
20120501 20120531    13.4
20120601 20120630    68.0
20120701 20120731     6.6
20120801 20120831     1.6
20120901 20120930     9.8
20121001 20121031     0.0
20121101 20121130    28.2
20121201 20121231    24.2
20130101 20130131   114.6
20130201 20130228     0.0
20130301 20130331    22.6
20130401 20130430    12.6
20130501 20130531    45.2
20130601 20130630     8.2
20130701 20130731    21.0
20130801 20130831    30.4
20130901 20130930    21.0
20131001 20131031    10.2
20131101 20131130     6.2
20131201 20131231     1.0
20140101 20140131    40.0
20140201 20140228    29.2
20140301 20140331     4.2
20140401 20140430    50.6
20140501 20140531    65.0
20140601 20140630     7.2
20140701 20140731    12.4
20140801 20140831     3.8
20140901 20140930    25.8
20141001 20141031     6.2
20141101 20141130    11.0
20141201 20141231     0.0
20150101 20150131    13.6
20150201 20150228    12.0
20150301 20150331   105.0
20150401 20150430    31.4
20150501 20150531     9.2
20150601 20150630    16.6
20150701 20150731    29.6
20150801 20150831    50.0
20150901 20150930     0.0
20151001 20151031     0.0
20151101 20151130    29.6
20151201 20151231     7.2
20160101 20160131    45.4
20160201 20160229    25.0
20160301 20160331   122.9
20160401 20160430    42.6
