PRCP       031011 19100101 20180131 missing_value=99999.9 CAIRNS AERO                               
19100101 19100131   478.1
19100201 19100228   788.1
19100301 19100331   472.8
19100401 19100430   377.8
19100501 19100531    81.8
19100601 19100630   175.2
19100701 19100731     0.0
19100801 19100831    58.0
19100901 19100930    32.8
19101001 19101031    37.4
19101101 19101130   131.2
19101201 19101231   418.0
19110101 19110131   917.1
19110201 19110228   653.7
19110301 19110331  1296.5
19110401 19110430   870.2
19110501 19110531    26.5
19110601 19110630    22.4
19110701 19110731    45.6
19110801 19110831     3.4
19110901 19110930     0.0
19111001 19111031     9.4
19111101 19111130     8.2
19111201 19111231    13.6
19120101 19120131    77.5
19120201 19120229   487.5
19120301 19120331   257.8
19120401 19120430    76.4
19120501 19120531    79.4
19120601 19120630   238.0
19120701 19120731    14.8
19120801 19120831    28.4
19120901 19120930    18.1
19121001 19121031    34.1
19121101 19121130    43.1
19121201 19121231    10.9
19130101 19130131  1118.9
19130201 19130228   282.7
19130301 19130331   450.6
19130401 19130430   234.0
19130501 19130531    48.8
19130601 19130630    12.8
19130701 19130731     1.6
19130801 19130831     2.0
19130901 19130930     0.0
19131001 19131031    37.4
19131101 19131130     2.5
19131201 19131231   519.8
19140101 19140131   627.8
19140201 19140228   320.2
19140301 19140331   329.7
19140401 19140430   269.0
19140501 19140531    91.6
19140601 19140630    62.6
19140701 19140731     5.7
19140801 19140831    70.6
19140901 19140930    62.9
19141001 19141031    98.0
19141101 19141130    57.6
19141201 19141231    96.3
19150101 19150131   104.8
19150201 19150228   120.1
19150301 19150331    57.0
19150401 19150430    40.9
19150501 19150531    46.1
19150601 19150630    28.8
19150701 19150731    29.7
19150801 19150831     0.0
19150901 19150930     0.0
19151001 19151031     9.0
19151101 19151130    26.4
19151201 19151231   238.5
19160101 19160131   680.9
19160201 19160229   200.5
19160301 19160331    65.1
19160401 19160430   184.4
19160501 19160531    54.2
19160601 19160630    16.6
19160701 19160731    71.3
19160801 19160831    31.7
19160901 19160930    69.9
19161001 19161031    90.0
19161101 19161130    97.7
19161201 19161231   546.3
19170101 19170131   177.6
19170201 19170228   221.2
19170301 19170331   262.7
19170401 19170430   190.9
19170501 19170531    45.9
19170601 19170630     2.1
19170701 19170731     0.0
19170801 19170831    67.0
19170901 19170930    42.1
19171001 19171031    85.3
19171101 19171130   225.0
19171201 19171231   249.4
19180101 19180131   597.0
19180201 19180228   344.2
19180301 19180331   246.3
19180401 19180430   180.4
19180501 19180531    58.3
19180601 19180630     4.8
19180701 19180731    36.4
19180801 19180831    35.5
19180901 19180930    13.5
19181001 19181031     3.1
19181101 19181130    50.8
19181201 19181231   117.1
19190101 19190131   247.8
19190201 19190228   209.6
19190301 19190331   150.7
19190401 19190430   352.6
19190501 19190531   104.6
19190601 19190630    28.3
19190701 19190731    29.3
19190801 19190831    11.3
19190901 19190930    42.2
19191001 19191031     0.3
19191101 19191130    37.4
19191201 19191231    22.6
19200101 19200131   357.6
19200201 19200229   373.4
19200301 19200331   168.9
19200401 19200430   606.0
19200501 19200531   176.7
19200601 19200630    33.9
19200701 19200731   208.7
19200801 19200831    13.2
19200901 19200930    13.9
19201001 19201031    94.4
19201101 19201130   182.5
19201201 19201231   194.9
19210101 19210131   358.0
19210201 19210228   350.7
19210301 19210331   903.0
19210401 19210430   515.8
19210501 19210531   153.6
19210601 19210630   179.2
19210701 19210731    40.9
19210801 19210831    25.8
19210901 19210930    51.1
19211001 19211031   127.3
19211101 19211130    62.4
19211201 19211231   395.6
19220101 19220131    70.2
19220201 19220228   615.3
19220301 19220331   271.8
19220401 19220430   155.7
19220501 19220531    56.4
19220601 19220630    36.4
19220701 19220731    70.4
19220801 19220831     8.7
19220901 19220930     8.7
19221001 19221031    23.7
19221101 19221130     3.9
19221201 19221231    48.2
19230101 19230131   144.9
19230201 19230228   211.9
19230301 19230331   444.2
19230401 19230430    91.9
19230501 19230531    19.8
19230601 19230630    30.4
19230701 19230731    15.0
19230801 19230831    21.8
19230901 19230930     0.0
19231001 19231031     0.0
19231101 19231130    18.6
19231201 19231231   153.5
19240101 19240131   243.1
19240201 19240229   184.5
19240301 19240331   481.3
19240401 19240430   307.4
19240501 19240531    79.6
19240601 19240630    49.4
19240701 19240731    38.1
19240801 19240831    40.5
19240901 19240930    26.1
19241001 19241031    12.6
19241101 19241130   154.5
19241201 19241231   321.5
19250101 19250131   223.7
19250201 19250228   333.6
19250301 19250331   670.4
19250401 19250430   184.3
19250501 19250531     0.0
19250601 19250630    68.3
19250701 19250731     6.6
19250801 19250831    21.9
19250901 19250930    19.0
19251001 19251031     4.2
19251101 19251130   100.2
19251201 19251231    61.6
19260101 19260131   535.8
19260201 19260228    81.4
19260301 19260331   203.1
19260401 19260430   221.9
19260501 19260531    19.2
19260601 19260630    12.6
19260701 19260731     9.7
19260801 19260831    26.8
19260901 19260930    97.7
19261001 19261031     0.0
19261101 19261130    40.7
19261201 19261231   102.3
19270101 19270131   331.9
19270201 19270228   688.2
19270301 19270331   123.2
19270401 19270430   262.3
19270501 19270531    15.0
19270601 19270630    60.0
19270701 19270731    37.6
19270801 19270831     0.0
19270901 19270930    17.6
19271001 19271031    39.8
19271101 19271130     3.9
19271201 19271231   117.3
19280101 19280131   122.1
19280201 19280229   590.3
19280301 19280331   370.4
19280401 19280430    36.1
19280501 19280531    25.8
19280601 19280630    14.2
19280701 19280731    23.3
19280801 19280831    16.4
19280901 19280930     3.4
19281001 19281031     1.3
19281101 19281130   229.4
19281201 19281231    14.4
19290101 19290131   673.7
19290201 19290228   820.7
19290301 19290331   354.3
19290401 19290430    79.5
19290501 19290531    40.5
19290601 19290630    43.9
19290701 19290731     5.6
19290801 19290831     7.4
19290901 19290930     6.6
19291001 19291031     1.3
19291101 19291130    12.3
19291201 19291231    23.4
19300101 19300131   902.8
19300201 19300228   315.2
19300301 19300331   248.2
19300401 19300430    54.2
19300501 19300531   166.2
19300601 19300630    38.1
19300701 19300731    36.4
19300801 19300831     1.9
19300901 19300930    24.2
19301001 19301031   297.1
19301101 19301130    77.1
19301201 19301231   211.9
19310101 19310131   574.2
19310201 19310228   266.0
19310301 19310331   147.9
19310401 19310430   127.2
19310501 19310531    77.6
19310601 19310630    98.5
19310701 19310731    10.0
19310801 19310831    14.1
19310901 19310930     9.9
19311001 19311031    80.5
19311101 19311130    54.5
19311201 19311231   499.0
19320101 19320131   731.1
19320201 19320229    78.1
19320301 19320331   400.5
19320401 19320430    24.6
19320501 19320531   306.7
19320601 19320630    18.4
19320701 19320731    30.3
19320801 19320831    48.7
19320901 19320930    10.3
19321001 19321031     0.0
19321101 19321130    16.6
19321201 19321231   343.6
19330101 19330131   161.8
19330201 19330228   843.0
19330301 19330331   284.1
19330401 19330430   442.0
19330501 19330531   128.5
19330601 19330630   104.4
19330701 19330731    17.3
19330801 19330831    42.0
19330901 19330930    20.5
19331001 19331031    50.3
19331101 19331130   368.8
19331201 19331231   133.9
19340101 19340131   760.6
19340201 19340228   684.0
19340301 19340331   594.0
19340401 19340430   292.6
19340501 19340531   105.3
19340601 19340630    28.4
19340701 19340731    27.4
19340801 19340831    10.6
19340901 19340930    52.6
19341001 19341031    31.9
19341101 19341130   130.1
19341201 19341231     0.8
19350101 19350131   200.3
19350201 19350228   278.6
19350301 19350331  1008.6
19350401 19350430    75.6
19350501 19350531   150.7
19350601 19350630    32.3
19350701 19350731    10.6
19350801 19350831    51.2
19350901 19350930     0.0
19351001 19351031    84.1
19351101 19351130    84.4
19351201 19351231    18.6
19360101 19360131   377.2
19360201 19360229   753.9
19360301 19360331   454.2
19360401 19360430   180.4
19360501 19360531    87.4
19360601 19360630   133.3
19360701 19360731    26.6
19360801 19360831     0.8
19360901 19360930   114.5
19361001 19361031     8.0
19361101 19361130     5.3
19361201 19361231   180.3
19370101 19370131   186.5
19370201 19370228    63.7
19370301 19370331   442.7
19370401 19370430   134.4
19370501 19370531    48.7
19370601 19370630     3.9
19370701 19370731    73.5
19370801 19370831    16.4
19370901 19370930    32.2
19371001 19371031     0.8
19371101 19371130    85.4
19371201 19371231    59.5
19380101 19380131   509.5
19380201 19380228   474.5
19380301 19380331    73.1
19380401 19380430    32.1
19380501 19380531    66.7
19380601 19380630    30.8
19380701 19380731    68.7
19380801 19380831    27.0
19380901 19380930    21.1
19381001 19381031    62.9
19381101 19381130    71.8
19381201 19381231    58.7
19390101 19390131   684.6
19390201 19390228   961.2
19390301 19390331  1019.6
19390401 19390430   249.0
19390501 19390531    77.5
19390601 19390630   143.5
19390701 19390731     8.2
19390801 19390831     5.0
19390901 19390930     6.5
19391001 19391031    18.8
19391101 19391130    52.6
19391201 19391231     7.4
19400101 19400131   270.5
19400201 19400229   547.1
19400301 19400331   910.7
19400401 19400430   195.4
19400501 19400531    56.0
19400601 19400630    92.3
19400701 19400731    20.5
19400801 19400831     8.5
19400901 19400930     2.4
19401001 19401031    26.3
19401101 19401130   101.0
19401201 19401231    14.4
19410101 19410131   339.3
19410201 19410228   649.6
19410301 19410331   368.3
19410401 19410430   518.9
19410501 19410531   148.8
19410601 19410630     8.2
19410701 19410731    18.1
19410801 19410831    32.9
19410901 19410930     5.2
19411001 19411031     3.1
19411101 19411130   100.9
19411201 19411231   116.7
19420101 19420131    77.3
19420201 19420228   394.8
19420301 19420331    91.6
19420401 19420430   241.5
19420501 19420531    72.4
19420601 19420630   152.6
19420701 19420731    15.7
19420801 19420831    20.3
19420901 19420930    79.4
19421001 19421031    39.5
19421101 19421130    43.5
19421201 19421231   649.3
19430101 19430131   119.0
19430201 19430228   702.1
19430301 19430331   164.6
19430401 19430430    99.2
19430501 19430531    26.5
19430601 19430630    29.1
19430701 19430731     1.4
19430801 19430831     3.3
19430901 19430930    50.3
19431001 19431031    45.1
19431101 19431130    69.5
19431201 19431231    80.5
19440101 19440131   110.1
19440201 19440229   510.9
19440301 19440331   276.6
19440401 19440430    52.0
19440501 19440531     6.4
19440601 19440630    99.0
19440701 19440731    66.4
19440801 19440831    27.1
19440901 19440930    86.3
19441001 19441031    28.8
19441101 19441130    30.5
19441201 19441231    93.5
19450101 19450131   572.2
19450201 19450228   587.9
19450301 19450331  1127.5
19450401 19450430   129.2
19450501 19450531   190.9
19450601 19450630    46.8
19450701 19450731    56.4
19450801 19450831     4.2
19450901 19450930     7.8
19451001 19451031    25.6
19451101 19451130    68.1
19451201 19451231   266.8
19460101 19460131   284.9
19460201 19460228   526.3
19460301 19460331   177.2
19460401 19460430    15.0
19460501 19460531    69.5
19460601 19460630    15.2
19460701 19460731    17.3
19460801 19460831     2.1
19460901 19460930     6.1
19461001 19461031     4.9
19461101 19461130    39.7
19461201 19461231    60.0
19470101 19470131   103.9
19470201 19470228   464.2
19470301 19470331   314.1
19470401 19470430    85.0
19470501 19470531   111.3
19470601 19470630    60.3
19470701 19470731    24.1
19470801 19470831    93.5
19470901 19470930    57.6
19471001 19471031    34.4
19471101 19471130    77.6
19471201 19471231    35.1
19480101 19480131   608.1
19480201 19480229   263.5
19480301 19480331   291.1
19480401 19480430   112.1
19480501 19480531    49.2
19480601 19480630    84.2
19480701 19480731    89.4
19480801 19480831    29.0
19480901 19480930     0.0
19481001 19481031     2.3
19481101 19481130    27.7
19481201 19481231   165.4
19490101 19490131   278.9
19490201 19490228   415.0
19490301 19490331   699.7
19490401 19490430   276.6
19490501 19490531    82.1
19490601 19490630     9.0
19490701 19490731    10.8
19490801 19490831    48.4
19490901 19490930    18.8
19491001 19491031     6.3
19491101 19491130    60.8
19491201 19491231   136.7
19500101 19500131   528.5
19500201 19500228   223.3
19500301 19500331   546.1
19500401 19500430   513.3
19500501 19500531    52.9
19500601 19500630    66.8
19500701 19500731    53.0
19500801 19500831     4.7
19500901 19500930    39.8
19501001 19501031    52.5
19501101 19501130   335.8
19501201 19501231   581.9
19510101 19510131   492.1
19510201 19510228   116.5
19510301 19510331   153.9
19510401 19510430    23.6
19510501 19510531    35.3
19510601 19510630    34.0
19510701 19510731    27.2
19510801 19510831     6.5
19510901 19510930   103.2
19511001 19511031    28.0
19511101 19511130   120.6
19511201 19511231     9.0
19520101 19520131   633.9
19520201 19520229   179.9
19520301 19520331   199.2
19520401 19520430   167.2
19520501 19520531   133.8
19520601 19520630    20.9
19520701 19520731    14.3
19520801 19520831    72.2
19520901 19520930    38.9
19521001 19521031    70.5
19521101 19521130    60.7
19521201 19521231    78.8
19530101 19530131  1028.9
19530201 19530228   344.3
19530301 19530331   569.9
19530401 19530430   133.6
19530501 19530531    65.5
19530601 19530630    23.9
19530701 19530731    47.0
19530801 19530831    26.3
19530901 19530930    84.0
19531001 19531031    10.2
19531101 19531130   106.1
19531201 19531231   129.6
19540101 19540131   331.2
19540201 19540228   305.6
19540301 19540331   374.2
19540401 19540430   252.7
19540501 19540531    59.2
19540601 19540630    42.4
19540701 19540731    31.8
19540801 19540831    62.0
19540901 19540930    15.3
19541001 19541031    74.8
19541101 19541130    12.6
19541201 19541231    49.4
19550101 19550131   115.5
19550201 19550228   983.8
19550301 19550331   538.1
19550401 19550430   177.8
19550501 19550531   176.3
19550601 19550630   112.8
19550701 19550731    10.0
19550801 19550831    20.9
19550901 19550930    61.0
19551001 19551031    82.5
19551101 19551130   193.4
19551201 19551231    48.6
19560101 19560131   403.5
19560201 19560229   304.2
19560301 19560331   447.1
19560401 19560430   204.0
19560501 19560531    37.8
19560601 19560630    30.1
19560701 19560731    13.7
19560801 19560831    26.2
19560901 19560930    34.7
19561001 19561031    21.0
19561101 19561130    46.3
19561201 19561231   327.0
19570101 19570131   561.2
19570201 19570228   420.6
19570301 19570331   457.4
19570401 19570430   138.5
19570501 19570531   122.2
19570601 19570630    91.9
19570701 19570731    36.8
19570801 19570831     1.3
19570901 19570930     3.8
19571001 19571031     8.4
19571101 19571130    54.7
19571201 19571231    64.0
19580101 19580131   394.7
19580201 19580228   596.4
19580301 19580331   493.8
19580401 19580430   283.0
19580501 19580531   119.9
19580601 19580630    33.8
19580701 19580731     0.0
19580801 19580831    30.9
19580901 19580930    10.4
19581001 19581031    10.2
19581101 19581130    87.5
19581201 19581231    29.1
19590101 19590131   583.0
19590201 19590228   383.4
19590301 19590331   906.6
19590401 19590430   196.4
19590501 19590531   138.9
19590601 19590630    56.7
19590701 19590731    17.7
19590801 19590831    88.4
19590901 19590930    57.8
19591001 19591031     0.3
19591101 19591130   140.3
19591201 19591231   162.4
19600101 19600131   489.6
19600201 19600229   286.7
19600301 19600331   275.6
19600401 19600430    26.5
19600501 19600531    15.3
19600601 19600630    33.1
19600701 19600731    31.6
19600801 19600831     5.4
19600901 19600930     2.3
19601001 19601031    11.5
19601101 19601130     7.1
19601201 19601231    77.9
19610101 19610131   246.8
19610201 19610228    47.0
19610301 19610331   377.7
19610401 19610430   153.9
19610501 19610531    67.4
19610601 19610630     3.6
19610701 19610731    11.4
19610801 19610831    14.1
19610901 19610930    28.1
19611001 19611031    20.1
19611101 19611130    45.8
19611201 19611231   166.9
19620101 19620131   497.8
19620201 19620228   679.9
19620301 19620331   180.2
19620401 19620430   155.4
19620501 19620531    27.9
19620601 19620630    74.1
19620701 19620731    54.0
19620801 19620831     7.5
19620901 19620930    82.2
19621001 19621031     0.0
19621101 19621130    28.6
19621201 19621231    71.0
19630101 19630131   481.7
19630201 19630228   662.2
19630301 19630331   279.3
19630401 19630430   415.8
19630501 19630531   107.1
19630601 19630630    24.0
19630701 19630731     3.8
19630801 19630831     7.5
19630901 19630930    11.9
19631001 19631031    94.6
19631101 19631130    51.2
19631201 19631231   100.9
19640101 19640131   521.6
19640201 19640229   301.5
19640301 19640331   581.8
19640401 19640430   168.4
19640501 19640531   322.3
19640601 19640630     4.4
19640701 19640731    25.5
19640801 19640831    19.3
19640901 19640930    68.2
19641001 19641031   204.5
19641101 19641130   101.0
19641201 19641231   296.3
19650101 19650131   194.6
19650201 19650228   403.0
19650301 19650331   601.3
19650401 19650430   256.6
19650501 19650531   191.8
19650601 19650630   131.2
19650701 19650731    16.2
19650801 19650831     8.1
19650901 19650930     9.0
19651001 19651031    38.6
19651101 19651130    42.5
19651201 19651231   138.1
19660101 19660131   226.4
19660201 19660228    70.7
19660301 19660331   186.8
19660401 19660430   148.2
19660501 19660531    58.8
19660601 19660630    42.6
19660701 19660731     9.7
19660801 19660831    62.7
19660901 19660930     0.0
19661001 19661031    14.1
19661101 19661130    42.4
19661201 19661231    65.7
19670101 19670131    86.1
19670201 19670228   615.7
19670301 19670331  1017.4
19670401 19670430   111.9
19670501 19670531   139.9
19670601 19670630   127.0
19670701 19670731    32.5
19670801 19670831    14.7
19670901 19670930     0.8
19671001 19671031    24.8
19671101 19671130   101.7
19671201 19671231    67.8
19680101 19680131   632.0
19680201 19680229   758.9
19680301 19680331   130.7
19680401 19680430   161.7
19680501 19680531    92.1
19680601 19680630     4.2
19680701 19680731    31.6
19680801 19680831    11.7
19680901 19680930    31.3
19681001 19681031    10.2
19681101 19681130    14.1
19681201 19681231    33.9
19690101 19690131   634.7
19690201 19690228   241.0
19690301 19690331   386.2
19690401 19690430    56.1
19690501 19690531   105.0
19690601 19690630    84.5
19690701 19690731   145.0
19690801 19690831    28.0
19690901 19690930    18.5
19691001 19691031    29.4
19691101 19691130    13.0
19691201 19691231   196.6
19700101 19700131   287.6
19700201 19700228   332.2
19700301 19700331   668.1
19700401 19700430   166.9
19700501 19700531    31.6
19700601 19700630    22.3
19700701 19700731    16.0
19700801 19700831    63.8
19700901 19700930     2.5
19701001 19701031    27.9
19701101 19701130   334.8
19701201 19701231   136.9
19710101 19710131   114.6
19710201 19710228   549.5
19710301 19710331   699.2
19710401 19710430   329.3
19710501 19710531    20.1
19710601 19710630    33.3
19710701 19710731     8.5
19710801 19710831     8.7
19710901 19710930    11.5
19711001 19711031    13.9
19711101 19711130    35.8
19711201 19711231    87.6
19720101 19720131   700.4
19720201 19720229   864.0
19720301 19720331   801.0
19720401 19720430    79.4
19720501 19720531   102.1
19720601 19720630    71.4
19720701 19720731     3.0
19720801 19720831    11.2
19720901 19720930    97.2
19721001 19721031     0.0
19721101 19721130    18.8
19721201 19721231    31.6
19730101 19730131   166.4
19730201 19730228   274.9
19730301 19730331   540.0
19730401 19730430   398.8
19730501 19730531    72.5
19730601 19730630    61.4
19730701 19730731    24.2
19730801 19730831     6.5
19730901 19730930    22.6
19731001 19731031    78.0
19731101 19731130   287.1
19731201 19731231   919.4
19740101 19740131   346.9
19740201 19740228   717.8
19740301 19740331   764.4
19740401 19740430    74.4
19740501 19740531   173.0
19740601 19740630     8.6
19740701 19740731     2.6
19740801 19740831     9.4
19740901 19740930    10.4
19741001 19741031    18.4
19741101 19741130    73.4
19741201 19741231   299.2
19750101 19750131   169.8
19750201 19750228   539.8
19750301 19750331   308.4
19750401 19750430   158.4
19750501 19750531    88.6
19750601 19750630    70.2
19750701 19750731    30.8
19750801 19750831    30.6
19750901 19750930   101.2
19751001 19751031    71.1
19751101 19751130    94.0
19751201 19751231   765.1
19760101 19760131   180.6
19760201 19760229   401.8
19760301 19760331   461.2
19760401 19760430   425.4
19760501 19760531    42.0
19760601 19760630    26.2
19760701 19760731    41.0
19760801 19760831     5.8
19760901 19760930     8.6
19761001 19761031    25.2
19761101 19761130    60.4
19761201 19761231   321.9
19770101 19770131   353.3
19770201 19770228   960.8
19770301 19770331   559.4
19770401 19770430   472.0
19770501 19770531   109.1
19770601 19770630    22.4
19770701 19770731    14.2
19770801 19770831    31.6
19770901 19770930    41.3
19771001 19771031    36.6
19771101 19771130    80.0
19771201 19771231   103.2
19780101 19780131   516.7
19780201 19780228   220.4
19780301 19780331   127.2
19780401 19780430   137.8
19780501 19780531    87.1
19780601 19780630    15.0
19780701 19780731     9.0
19780801 19780831    39.2
19780901 19780930     7.2
19781001 19781031   139.8
19781101 19781130    74.2
19781201 19781231    51.4
19790101 19790131  1333.2
19790201 19790228   506.2
19790301 19790331   405.4
19790401 19790430   196.6
19790501 19790531    59.8
19790601 19790630   115.8
19790701 19790731    20.2
19790801 19790831    17.6
19790901 19790930    10.4
19791001 19791031    17.0
19791101 19791130    23.2
19791201 19791231   130.4
19800101 19800131   281.4
19800201 19800229   402.8
19800301 19800331   199.8
19800401 19800430   123.0
19800501 19800531    95.6
19800601 19800630    43.8
19800701 19800731    21.0
19800801 19800831    54.8
19800901 19800930     0.0
19801001 19801031    14.0
19801101 19801130   100.8
19801201 19801231   134.8
19810101 19810131  1417.4
19810201 19810228   585.2
19810301 19810331   175.0
19810401 19810430    82.8
19810501 19810531   121.4
19810601 19810630    17.0
19810701 19810731    59.0
19810801 19810831     0.2
19810901 19810930    88.6
19811001 19811031    48.4
19811101 19811130   139.4
19811201 19811231    59.2
19820101 19820131   206.4
19820201 19820228   189.6
19820301 19820331   293.6
19820401 19820430   391.8
19820501 19820531    42.6
19820601 19820630    15.0
19820701 19820731    10.6
19820801 19820831    80.8
19820901 19820930    17.8
19821001 19821031     3.8
19821101 19821130    93.0
19821201 19821231   100.4
19830101 19830131    99.6
19830201 19830228    58.4
19830301 19830331   803.6
19830401 19830430   172.2
19830501 19830531   299.0
19830601 19830630    14.8
19830701 19830731    13.6
19830801 19830831    45.6
19830901 19830930    60.4
19831001 19831031    68.0
19831101 19831130    61.8
19831201 19831231   124.8
19840101 19840131   222.4
19840201 19840229   546.2
19840301 19840331   336.4
19840401 19840430   216.2
19840501 19840531    46.4
19840601 19840630    63.6
19840701 19840731    26.8
19840801 19840831     4.0
19840901 19840930     0.8
19841001 19841031    38.4
19841101 19841130   136.0
19841201 19841231   114.8
19850101 19850131   651.8
19850201 19850228   608.8
19850301 19850331   611.8
19850401 19850430   160.4
19850501 19850531    91.6
19850601 19850630    18.0
19850701 19850731    14.0
19850801 19850831    12.4
19850901 19850930    17.6
19851001 19851031    95.0
19851101 19851130   171.6
19851201 19851231    37.2
19860101 19860131   450.2
19860201 19860228   261.4
19860301 19860331   243.6
19860401 19860430   271.4
19860501 19860531    34.6
19860601 19860630    76.2
19860701 19860731    19.2
19860801 19860831    24.6
19860901 19860930    16.0
19861001 19861031    40.6
19861101 19861130    61.8
19861201 19861231    78.6
19870101 19870131   297.0
19870201 19870228   427.8
19870301 19870331   226.8
19870401 19870430   307.4
19870501 19870531   102.6
19870601 19870630   144.2
19870701 19870731    41.4
19870801 19870831    16.0
19870901 19870930    63.2
19871001 19871031    13.0
19871101 19871130    62.8
19871201 19871231   291.2
19880101 19880131   133.2
19880201 19880229   159.8
19880301 19880331   338.4
19880401 19880430   103.8
19880501 19880531   101.6
19880601 19880630    34.2
19880701 19880731    39.4
19880801 19880831    31.8
19880901 19880930    87.6
19881001 19881031    34.8
19881101 19881130   275.8
19881201 19881231   261.8
19890101 19890131   327.4
19890201 19890228   246.2
19890301 19890331   520.2
19890401 19890430   550.6
19890501 19890531   160.2
19890601 19890630    42.8
19890701 19890731    14.6
19890801 19890831     0.8
19890901 19890930     5.6
19891001 19891031    82.8
19891101 19891130   372.0
19891201 19891231   170.2
19900101 19900131   128.0
19900201 19900228    30.4
19900301 19900331   640.8
19900401 19900430   289.8
19900501 19900531   218.8
19900601 19900630    79.4
19900701 19900731    10.2
19900801 19900831     0.0
19900901 19900930    82.6
19901001 19901031     5.4
19901101 19901130     3.2
19901201 19901231   353.6
19910101 19910131   766.6
19910201 19910228   741.0
19910301 19910331    61.6
19910401 19910430   135.2
19910501 19910531    99.6
19910601 19910630    22.2
19910701 19910731    59.8
19910801 19910831     4.8
19910901 19910930     0.2
19911001 19911031     5.2
19911101 19911130    52.0
19911201 19911231    97.8
19920101 19920131   127.6
19920201 19920229   323.4
19920301 19920331   165.4
19920401 19920430   246.0
19920501 19920531   199.4
19920601 19920630     3.4
19920701 19920731    34.4
19920801 19920831    31.0
19920901 19920930    27.6
19921001 19921031    13.4
19921101 19921130     7.2
19921201 19921231   368.0
19930101 19930131   485.0
19930201 19930228   236.0
19930301 19930331    27.8
19930401 19930430   239.4
19930501 19930531    91.6
19930601 19930630    58.8
19930701 19930731    58.0
19930801 19930831    32.8
19930901 19930930    74.4
19931001 19931031    24.6
19931101 19931130    87.0
19931201 19931231   158.8
19940101 19940131   479.0
19940201 19940228   842.4
19940301 19940331    62.0
19940401 19940430   211.6
19940501 19940531    50.8
19940601 19940630    57.2
19940701 19940731    95.4
19940801 19940831    37.6
19940901 19940930    37.0
19941001 19941031    60.2
19941101 19941130     7.6
19941201 19941231    49.6
19950101 19950131   121.0
19950201 19950228   700.0
19950301 19950331   601.2
19950401 19950430    23.8
19950501 19950531   159.0
19950601 19950630    72.8
19950701 19950731     7.4
19950801 19950831   140.2
19950901 19950930     4.4
19951001 19951031    99.4
19951101 19951130    90.6
19951201 19951231    55.0
19960101 19960131   368.4
19960201 19960229   326.8
19960301 19960331   515.2
19960401 19960430   206.2
19960501 19960531    86.2
19960601 19960630    57.2
19960701 19960731    45.8
19960801 19960831     9.6
19960901 19960930     7.4
19961001 19961031   158.8
19961101 19961130    60.0
19961201 19961231   241.4
19970101 19970131   424.2
19970201 19970228   377.6
19970301 19970331   321.4
19970401 19970430    79.2
19970501 19970531    30.6
19970601 19970630    38.4
19970701 19970731    14.8
19970801 19970831    37.4
19970901 19970930    42.8
19971001 19971031    44.4
19971101 19971130   167.4
19971201 19971231   321.6
19980101 19980131   349.6
19980201 19980228   367.2
19980301 19980331   142.6
19980401 19980430   134.8
19980501 19980531    84.8
19980601 19980630    30.0
19980701 19980731    24.8
19980801 19980831    40.8
19980901 19980930    86.4
19981001 19981031    48.4
19981101 19981130   168.4
19981201 19981231   187.0
19990101 19990131   273.0
19990201 19990228   652.6
19990301 19990331   690.4
19990401 19990430   267.0
19990501 19990531    15.6
19990601 19990630    33.4
19990701 19990731    41.0
19990801 19990831    49.0
19990901 19990930    71.4
19991001 19991031    28.2
19991101 19991130   233.4
19991201 19991231   179.6
20000101 20000131   112.8
20000201 20000229  1287.0
20000301 20000331   472.4
20000401 20000430   405.2
20000501 20000531    61.0
20000601 20000630    22.0
20000701 20000731     4.4
20000801 20000831    55.6
20000901 20000930     5.2
20001001 20001031    47.8
20001101 20001130   245.2
20001201 20001231   430.2
20010101 20010131   269.8
20010201 20010228   801.8
20010301 20010331   126.6
20010401 20010430   167.2
20010501 20010531     3.2
20010601 20010630    45.8
20010701 20010731     7.8
20010801 20010831     5.6
20010901 20010930    18.8
20011001 20011031    52.6
20011101 20011130   112.4
20011201 20011231    56.2
20020101 20020131   135.6
20020201 20020228   220.6
20020301 20020331    67.6
20020401 20020430   101.0
20020501 20020531    64.8
20020601 20020630     3.2
20020701 20020731     5.0
20020801 20020831    20.4
20020901 20020930     7.2
20021001 20021031     0.0
20021101 20021130    17.6
20021201 20021231    78.0
20030101 20030131   178.0
20030201 20030228   213.2
20030301 20030331   222.6
20030401 20030430   258.4
20030501 20030531    90.2
20030601 20030630    35.0
20030701 20030731    34.6
20030801 20030831    13.6
20030901 20030930     2.4
20031001 20031031     8.2
20031101 20031130    18.6
20031201 20031231   204.4
20040101 20040131   331.2
20040201 20040229   716.2
20040301 20040331  1102.4
20040401 20040430   163.2
20040501 20040531    37.2
20040601 20040630    20.4
20040701 20040731    28.8
20040801 20040831     9.8
20040901 20040930     6.6
20041001 20041031    21.4
20041101 20041130    97.4
20041201 20041231   243.0
20050101 20050131   524.4
20050201 20050228   108.2
20050301 20050331   412.8
20050401 20050430   171.6
20050501 20050531    19.8
20050601 20050630    33.0
20050701 20050731    63.6
20050801 20050831    59.6
20050901 20050930     3.8
20051001 20051031     8.8
20051101 20051130    30.2
20051201 20051231    35.0
20060101 20060131   339.0
20060201 20060228   272.4
20060301 20060331   585.2
20060401 20060430   634.6
20060501 20060531    47.4
20060601 20060630    93.2
20060701 20060731    41.6
20060801 20060831    16.8
20060901 20060930    67.2
20061001 20061031    68.6
20061101 20061130    28.4
20061201 20061231    94.6
20070101 20070131   179.6
20070201 20070228   686.4
20070301 20070331   212.6
20070401 20070430    68.8
20070501 20070531   146.8
20070601 20070630    58.6
20070701 20070731    22.2
20070801 20070831    13.0
20070901 20070930     4.8
20071001 20071031    31.6
20071101 20071130    79.0
20071201 20071231   309.6
20080101 20080131   399.0
20080201 20080229   543.2
20080301 20080331   771.6
20080401 20080430    13.0
20080501 20080531    44.8
20080601 20080630    20.0
20080701 20080731    48.2
20080801 20080831     2.8
20080901 20080930    39.4
20081001 20081031    80.0
20081101 20081130    58.0
20081201 20081231   195.2
20090101 20090131   868.0
20090201 20090228   620.0
20090301 20090331   152.0
20090401 20090430   134.0
20090501 20090531    87.2
20090601 20090630     4.4
20090701 20090731     5.0
20090801 20090831     8.0
20090901 20090930     3.6
20091001 20091031    30.8
20091101 20091130   208.2
20091201 20091231    78.2
20100101 20100131   696.6
20100201 20100228   290.8
20100301 20100331   436.2
20100401 20100430   252.8
20100501 20100531    30.6
20100601 20100630    10.8
20100701 20100731    36.6
20100801 20100831    62.6
20100901 20100930    91.8
20101001 20101031   184.6
20101101 20101130   204.4
20101201 20101231   362.0
20110101 20110131   410.0
20110201 20110228   999.2
20110301 20110331   402.0
20110401 20110430    65.8
20110501 20110531    13.6
20110601 20110630    69.2
20110701 20110731    12.0
20110801 20110831     9.6
20110901 20110930    14.0
20111001 20111031   394.4
20111101 20111130    82.0
20111201 20111231   151.4
20120101 20120131   355.4
20120201 20120229   268.2
20120301 20120331   907.6
20120401 20120430   156.6
20120501 20120531   144.2
20120601 20120630    15.6
20120701 20120731    43.6
20120801 20120831     5.8
20120901 20120930    13.0
20121001 20121031    29.0
20121101 20121130    21.8
20121201 20121231    42.6
20130101 20130131   326.8
20130201 20130228   116.8
20130301 20130331   183.6
20130401 20130430    93.4
20130501 20130531   172.4
20130601 20130630    27.0
20130701 20130731    37.6
20130801 20130831     3.6
20130901 20130930    43.6
20131001 20131031    41.8
20131101 20131130   165.2
20131201 20131231    56.8
20140101 20140131   323.0
20140201 20140228   395.8
20140301 20140331   419.4
20140401 20140430   358.8
20140501 20140531    92.8
20140601 20140630    71.6
20140701 20140731    14.4
20140801 20140831    29.8
20140901 20140930     1.8
20141001 20141031    13.8
20141101 20141130    19.2
20141201 20141231    86.2
20150101 20150131   210.8
20150201 20150228   596.2
20150301 20150331   241.2
20150401 20150430    83.2
20150501 20150531    27.4
20150601 20150630   177.6
20150701 20150731    25.0
20150801 20150831    17.0
20150901 20150930    13.0
20151001 20151031    64.8
20151101 20151130    92.4
20151201 20151231   357.8
20160101 20160131   288.8
20160201 20160229   136.0
20160301 20160331   258.2
20160401 20160430   152.8
20160501 20160531   180.0
20160601 20160630    66.6
20160701 20160731    85.0
20160801 20160831    41.8
20160901 20160930    49.0
20161001 20161031    70.6
20161101 20161130    17.6
20161201 20161231    60.0
20170101 20170131   374.8
20170201 20170228   483.8
20170301 20170331   121.2
20170401 20170430   183.2
20170501 20170531    72.4
20170601 20170630    34.6
20170701 20170731    50.0
20170801 20170831     1.4
20170901 20170930    50.4
20171001 20171031   185.4
20171101 20171130   104.6
20171201 20171231    26.8
20180101 20180131   664.6
