PRCP       063005 19080701 20180131 missing_value=99999.9 BATHURST AGRICULTURAL STATION             
19080701 19080731    21.7
19080801 19080831    36.5
19080901 19080930    49.3
19081001 19081031    14.7
19081101 19081130    43.2
19081201 19081231    21.1
19090101 19090131    80.6
19090201 19090228    73.5
19090301 19090331    38.6
19090401 19090430    39.5
19090501 19090531    13.8
19090601 19090630    57.5
19090701 19090731     9.0
19090801 19090831    46.9
19090901 19090930    70.3
19091001 19091031    44.2
19091101 19091130    30.8
19091201 19091231    54.2
19100101 19100131   181.9
19100201 19100228    14.8
19100301 19100331    65.4
19100401 19100430    12.7
19100501 19100531    29.7
19100601 19100630    54.4
19100701 19100731    33.5
19100801 19100831    13.7
19100901 19100930    33.0
19101001 19101031    54.6
19101101 19101130    13.0
19101201 19101231    64.5
19110101 19110131    96.9
19110201 19110228    69.0
19110301 19110331    38.0
19110401 19110430     8.6
19110501 19110531    41.7
19110601 19110630    28.7
19110701 19110731    41.3
19110801 19110831    17.8
19110901 19110930    46.4
19111001 19111031    39.3
19111101 19111130    95.0
19111201 19111231    99.3
19120101 19120131    38.1
19120201 19120229    24.4
19120301 19120331     3.6
19120401 19120430     3.6
19120501 19120531     1.6
19120601 19120630    67.3
19120701 19120731   114.8
19120801 19120831    77.7
19120901 19120930    22.2
19121001 19121031    48.0
19121101 19121130    25.5
19121201 19121231     8.5
19130101 19130131    41.1
19130201 19130228    20.4
19130301 19130331    76.0
19130401 19130430    61.3
19130501 19130531    71.0
19130601 19130630    46.2
19130701 19130731    18.8
19130801 19130831    19.1
19130901 19130930    40.3
19131001 19131031    79.5
19131101 19131130    10.7
19131201 19131231    19.0
19140101 19140131    34.1
19140201 19140228    32.0
19140301 19140331   113.4
19140401 19140430    39.2
19140501 19140531    46.6
19140601 19140630    22.1
19140701 19140731    51.1
19140801 19140831     1.4
19140901 19140930    29.2
19141001 19141031    57.7
19141101 19141130    87.9
19141201 19141231    57.7
19150101 19150131     6.7
19150201 19150228    27.3
19150301 19150331    58.0
19150401 19150430    12.9
19150501 19150531    73.5
19150601 19150630    59.5
19150701 19150731    62.5
19150801 19150831    43.8
19150901 19150930    42.1
19151001 19151031    53.9
19151101 19151130     0.8
19151201 19151231    42.4
19160101 19160131    36.1
19160201 19160229    40.7
19160301 19160331    24.1
19160401 19160430    57.9
19160501 19160531    14.5
19160601 19160630   193.1
19160701 19160731    91.7
19160801 19160831    99.3
19160901 19160930    39.2
19161001 19161031    84.2
19161101 19161130    70.3
19161201 19161231   152.8
19170101 19170131    42.6
19170201 19170228    76.5
19170301 19170331    16.5
19170401 19170430    19.9
19170501 19170531    27.8
19170601 19170630    46.8
19170701 19170731    66.3
19170801 19170831    91.0
19170901 19170930    50.0
19171001 19171031    89.7
19171101 19171130   132.3
19171201 19171231    55.9
19180101 19180131   104.3
19180201 19180228    25.2
19180301 19180331    13.9
19180401 19180430    36.5
19180501 19180531    21.7
19180601 19180630    29.9
19180701 19180731    47.9
19180801 19180831    92.9
19180901 19180930    15.7
19181001 19181031    49.2
19181101 19181130    22.5
19181201 19181231    12.0
19190101 19190131    15.1
19190201 19190228    41.4
19190301 19190331    14.0
19190401 19190430    10.7
19190501 19190531    69.3
19190601 19190630    15.7
19190701 19190731     9.5
19190801 19190831    31.6
19190901 19190930    40.5
19191001 19191031    13.3
19191101 19191130    17.7
19191201 19191231    68.3
19200101 19200131    69.1
19200201 19200229     4.6
19200301 19200331    29.5
19200401 19200430    15.6
19200501 19200531    19.9
19200601 19200630   103.0
19200701 19200731   119.9
19200801 19200831    89.0
19200901 19200930    47.6
19201001 19201031    27.0
19201101 19201130    37.8
19201201 19201231   139.2
19210101 19210131    55.7
19210201 19210228    66.8
19210301 19210331    66.8
19210401 19210430    97.9
19210501 19210531   101.7
19210601 19210630    71.2
19210701 19210731    68.1
19210801 19210831    59.8
19210901 19210930    38.4
19211001 19211031    46.5
19211101 19211130    81.9
19211201 19211231   152.0
19220101 19220131    36.6
19220201 19220228    52.5
19220301 19220331     6.3
19220401 19220430    35.6
19220501 19220531    31.3
19220601 19220630    31.1
19220701 19220731   154.7
19220801 19220831    20.6
19220901 19220930    30.0
19221001 19221031    39.6
19221101 19221130     6.7
19221201 19221231    95.6
19230101 19230131    32.4
19230201 19230228     0.0
19230301 19230331    14.0
19230401 19230430     1.3
19230501 19230531    19.2
19230601 19230630    96.8
19230701 19230731    62.8
19230801 19230831    28.5
19230901 19230930    66.9
19231001 19231031    56.0
19231101 19231130    30.9
19231201 19231231    28.0
19240101 19240131    47.1
19240201 19240229    96.0
19240301 19240331    24.7
19240401 19240430    63.1
19240501 19240531    16.1
19240601 19240630    28.4
19240701 19240731    31.5
19240801 19240831    55.7
19240901 19240930    68.4
19241001 19241031    44.0
19241101 19241130   145.1
19241201 19241231    31.8
19250101 19250131    31.6
19250201 19250228    58.6
19250301 19250331    34.9
19250401 19250430     7.2
19250501 19250531    49.1
19250601 19250630    71.7
19250701 19250731    43.7
19250801 19250831    20.6
19250901 19250930    27.9
19251001 19251031    50.3
19251101 19251130    46.9
19251201 19251231    11.8
19260101 19260131    83.2
19260201 19260228    18.3
19260301 19260331   205.3
19260401 19260430   101.2
19260501 19260531    94.1
19260601 19260630    16.7
19260701 19260731    38.2
19260801 19260831    44.0
19260901 19260930    66.9
19261001 19261031    19.2
19261101 19261130    17.1
19261201 19261231    96.6
19270101 19270131    72.6
19270201 19270228     1.6
19270301 19270331    50.6
19270401 19270430    18.2
19270501 19270531     8.4
19270601 19270630    12.0
19270701 19270731    14.5
19270801 19270831    25.7
19270901 19270930    44.7
19271001 19271031    62.2
19271101 19271130    88.0
19271201 19271231    38.1
19280101 19280131    63.6
19280201 19280229   167.1
19280301 19280331   104.7
19280401 19280430    24.0
19280501 19280531    24.0
19280601 19280630    36.3
19280701 19280731    71.2
19280801 19280831     9.6
19280901 19280930    17.1
19281001 19281031    59.7
19281101 19281130    19.0
19281201 19281231    30.2
19290101 19290131     4.0
19290201 19290228    64.9
19290301 19290331    65.0
19290401 19290430    41.5
19290501 19290531    18.3
19290601 19290630    30.4
19290701 19290731     8.8
19290801 19290831    47.4
19290901 19290930    28.0
19291001 19291031    35.1
19291101 19291130    74.5
19291201 19291231    78.9
19300101 19300131    82.6
19300201 19300228    30.6
19300301 19300331    49.2
19300401 19300430    20.9
19300501 19300531    31.3
19300601 19300630    39.3
19300701 19300731    73.4
19300801 19300831    49.6
19300901 19300930    13.2
19301001 19301031   111.8
19301101 19301130    42.2
19301201 19301231    76.9
19310101 19310131    86.2
19310201 19310228    46.5
19310301 19310331    74.5
19310401 19310430    76.6
19310501 19310531   111.8
19310601 19310630    81.5
19310701 19310731    31.7
19310801 19310831    23.4
19310901 19310930    45.5
19311001 19311031    26.9
19311101 19311130    38.8
19311201 19311231     0.0
19320101 19320131     2.0
19320201 19320229    62.7
19320301 19320331   165.3
19320401 19320430    55.4
19320501 19320531     4.8
19320601 19320630    46.3
19320701 19320731    33.6
19320801 19320831    35.3
19320901 19320930    34.3
19321001 19321031    35.9
19321101 19321130   105.2
19321201 19321231    64.6
19330101 19330131    90.9
19330201 19330228     0.5
19330301 19330331    34.0
19330401 19330430    22.2
19330501 19330531    32.5
19330601 19330630    20.9
19330701 19330731    50.3
19330801 19330831    14.8
19330901 19330930    64.4
19331001 19331031    53.8
19331101 19331130    49.8
19331201 19331231    38.7
19340101 19340131    57.9
19340201 19340228   108.4
19340301 19340331     0.0
19340401 19340430    30.8
19340501 19340531     1.0
19340601 19340630    34.5
19340701 19340731    75.3
19340801 19340831    58.6
19340901 19340930    31.6
19341001 19341031    97.5
19341101 19341130   104.3
19341201 19341231    50.0
19350101 19350131    97.8
19350201 19350228    54.5
19350301 19350331     5.6
19350401 19350430    73.3
19350501 19350531     6.9
19350601 19350630    20.4
19350701 19350731    46.2
19350801 19350831    25.8
19350901 19350930    32.1
19351001 19351031    63.5
19351101 19351130    18.3
19351201 19351231    59.8
19360101 19360131   110.5
19360201 19360229    39.2
19360301 19360331    75.5
19360401 19360430    30.0
19360501 19360531    51.1
19360601 19360630    28.7
19360701 19360731    73.9
19360801 19360831    37.1
19360901 19360930    19.4
19361001 19361031    20.3
19361101 19361130     2.1
19361201 19361231    97.4
19370101 19370131    57.2
19370201 19370228     1.8
19370301 19370331    61.4
19370401 19370430    24.7
19370501 19370531    20.2
19370601 19370630    43.4
19370701 19370731    17.8
19370801 19370831    41.2
19370901 19370930    54.8
19371001 19371031    28.5
19371101 19371130    64.2
19371201 19371231    27.6
19380101 19380131    55.7
19380201 19380228    22.9
19380301 19380331     0.0
19380401 19380430    40.8
19380501 19380531    23.9
19380601 19380630    29.8
19380701 19380731    49.9
19380801 19380831    41.2
19380901 19380930     9.6
19381001 19381031    95.9
19381101 19381130    34.1
19381201 19381231     1.8
19390101 19390131    87.8
19390201 19390228    16.6
19390301 19390331    44.1
19390401 19390430    47.4
19390501 19390531    23.7
19390601 19390630    37.2
19390701 19390731    19.4
19390801 19390831    63.2
19390901 19390930    18.5
19391001 19391031    94.2
19391101 19391130    71.1
19391201 19391231    16.2
19400101 19400131    11.1
19400201 19400229    14.2
19400301 19400331     0.3
19400401 19400430    83.3
19400501 19400531    26.8
19400601 19400630    24.1
19400701 19400731    16.6
19400801 19400831    11.0
19400901 19400930    59.4
19401001 19401031     2.3
19401101 19401130    34.3
19401201 19401231   142.1
19410101 19410131   160.5
19410201 19410228    32.3
19410301 19410331    49.9
19410401 19410430     2.1
19410501 19410531    23.2
19410601 19410630    49.3
19410701 19410731    17.4
19410801 19410831    34.1
19410901 19410930    50.5
19411001 19411031    36.0
19411101 19411130    33.5
19411201 19411231    63.0
19420101 19420131     5.4
19420201 19420228    28.1
19420301 19420331    44.6
19420401 19420430     4.1
19420501 19420531    76.3
19420601 19420630   107.8
19420701 19420731   101.5
19420801 19420831    61.8
19420901 19420930    80.9
19421001 19421031    22.4
19421101 19421130   112.6
19421201 19421231    61.5
19430101 19430131    56.7
19430201 19430228    40.4
19430301 19430331     5.9
19430401 19430430    50.4
19430501 19430531    86.3
19430601 19430630    42.8
19430701 19430731    41.1
19430801 19430831    60.5
19430901 19430930   130.1
19431001 19431031    29.2
19431101 19431130   101.6
19431201 19431231    38.2
19440101 19440131    38.3
19440201 19440229     5.6
19440301 19440331    23.9
19440401 19440430    23.1
19440501 19440531    42.9
19440601 19440630     5.6
19440701 19440731    31.3
19440801 19440831    44.6
19440901 19440930    17.1
19441001 19441031    22.3
19441101 19441130    19.2
19441201 19441231     5.7
19450101 19450131    84.1
19450201 19450228   143.5
19450301 19450331    15.5
19450401 19450430    29.8
19450501 19450531    72.0
19450601 19450630   105.3
19450701 19450731    28.3
19450801 19450831    63.9
19450901 19450930    14.0
19451001 19451031    41.4
19451101 19451130    32.5
19451201 19451231    43.2
19460101 19460131    57.8
19460201 19460228    41.8
19460301 19460331    36.6
19460401 19460430    60.0
19460501 19460531    18.4
19460601 19460630    22.4
19460701 19460731    35.2
19460801 19460831    13.0
19460901 19460930    13.3
19461001 19461031    63.0
19461101 19461130    59.1
19461201 19461231    99.0
19470101 19470131     5.3
19470201 19470228    42.3
19470301 19470331    30.5
19470401 19470430    48.0
19470501 19470531    42.2
19470601 19470630    16.3
19470701 19470731    92.1
19470801 19470831    26.2
19470901 19470930    62.5
19471001 19471031    62.8
19471101 19471130    97.5
19471201 19471231   194.5
19480101 19480131    74.0
19480201 19480229    94.1
19480301 19480331    41.6
19480401 19480430    67.3
19480501 19480531    43.4
19480601 19480630    83.2
19480701 19480731    14.4
19480801 19480831    21.9
19480901 19480930    34.6
19481001 19481031    35.2
19481101 19481130    52.3
19481201 19481231    65.2
19490101 19490131    36.9
19490201 19490228    58.8
19490301 19490331    73.3
19490401 19490430    43.7
19490501 19490531    30.9
19490601 19490630    50.1
19490701 19490731    35.5
19490801 19490831    23.5
19490901 19490930    93.4
19491001 19491031    85.8
19491101 19491130    94.1
19491201 19491231    61.3
19500101 19500131   106.4
19500201 19500228   144.3
19500301 19500331   177.6
19500401 19500430    84.4
19500501 19500531    92.7
19500601 19500630   101.0
19500701 19500731   109.2
19500801 19500831    91.0
19500901 19500930    74.3
19501001 19501031   156.5
19501101 19501130   132.4
19501201 19501231     5.4
19510101 19510131    35.0
19510201 19510228    50.6
19510301 19510331    43.5
19510401 19510430    25.7
19510501 19510531    42.8
19510601 19510630    92.2
19510701 19510731    79.1
19510801 19510831    89.4
19510901 19510930    39.7
19511001 19511031    40.4
19511101 19511130    28.7
19511201 19511231    36.5
19520101 19520131    22.6
19520201 19520229    12.0
19520301 19520331    76.5
19520401 19520430   105.9
19520501 19520531    56.5
19520601 19520630    93.6
19520701 19520731    77.5
19520801 19520831    75.6
19520901 19520930    36.4
19521001 19521031    88.4
19521101 19521130    40.9
19521201 19521231    96.7
19530101 19530131    70.5
19530201 19530228    38.1
19530301 19530331    23.6
19530401 19530430    45.7
19530501 19530531    80.8
19530601 19530630    18.6
19530701 19530731     4.4
19530801 19530831    52.1
19530901 19530930    35.4
19531001 19531031    52.9
19531101 19531130    93.0
19531201 19531231    40.7
19540101 19540131   104.2
19540201 19540228   117.6
19540301 19540331     0.0
19540401 19540430    57.7
19540501 19540531     3.8
19540601 19540630    25.2
19540701 19540731    24.0
19540801 19540831    19.8
19540901 19540930    30.3
19541001 19541031   114.3
19541101 19541130   104.6
19541201 19541231    67.3
19550101 19550131   102.4
19550201 19550228   143.3
19550301 19550331    30.7
19550401 19550430    30.6
19550501 19550531    68.5
19550601 19550630    36.1
19550701 19550731    35.2
19550801 19550831    65.5
19550901 19550930    45.6
19551001 19551031   144.9
19551101 19551130   117.1
19551201 19551231    53.9
19560101 19560131    96.5
19560201 19560229   103.9
19560301 19560331   174.4
19560401 19560430    88.4
19560501 19560531    60.7
19560601 19560630    86.4
19560701 19560731    81.4
19560801 19560831    66.3
19560901 19560930    75.1
19561001 19561031   105.4
19561101 19561130    17.9
19561201 19561231     4.5
19570101 19570131    19.3
19570201 19570228    44.8
19570301 19570331    33.7
19570401 19570430    55.5
19570501 19570531     4.9
19570601 19570630    28.5
19570701 19570731    18.4
19570801 19570831    67.2
19570901 19570930     4.4
19571001 19571031     6.1
19571101 19571130     9.5
19571201 19571231    98.7
19580101 19580131    88.6
19580201 19580228    63.0
19580301 19580331    51.2
19580401 19580430    50.4
19580501 19580531    31.5
19580601 19580630    38.0
19580701 19580731    46.8
19580801 19580831    82.4
19580901 19580930    70.6
19581001 19581031    71.5
19581101 19581130    29.6
19581201 19581231   148.8
19590101 19590131    95.3
19590201 19590228    69.8
19590301 19590331    60.2
19590401 19590430    67.4
19590501 19590531    13.8
19590601 19590630    61.1
19590701 19590731    35.4
19590801 19590831    11.1
19590901 19590930    16.8
19591001 19591031   125.3
19591101 19591130    90.7
19591201 19591231    32.3
19600101 19600131   104.7
19600201 19600229   100.0
19600301 19600331    22.4
19600401 19600430    74.0
19600501 19600531    59.8
19600601 19600630    18.4
19600701 19600731    92.0
19600801 19600831    81.3
19600901 19600930    71.8
19601001 19601031    61.1
19601101 19601130    75.0
19601201 19601231    98.9
19610101 19610131    47.2
19610201 19610228    26.1
19610301 19610331    69.1
19610401 19610430    41.1
19610501 19610531     6.8
19610601 19610630    25.5
19610701 19610731    59.3
19610801 19610831    62.4
19610901 19610930    15.5
19611001 19611031    63.5
19611101 19611130   195.7
19611201 19611231    53.4
19620101 19620131   102.6
19620201 19620228    42.2
19620301 19620331    17.5
19620401 19620430    14.7
19620501 19620531    61.4
19620601 19620630     6.6
19620701 19620731    44.9
19620801 19620831    67.0
19620901 19620930    51.6
19621001 19621031    30.2
19621101 19621130    18.8
19621201 19621231   173.2
19630101 19630131   150.2
19630201 19630228    52.9
19630301 19630331    61.5
19630401 19630430    22.0
19630501 19630531    86.1
19630601 19630630    73.8
19630701 19630731    51.3
19630801 19630831    67.5
19630901 19630930    40.0
19631001 19631031    63.4
19631101 19631130    20.7
19631201 19631231    68.8
19640101 19640131    73.1
19640201 19640229    10.5
19640301 19640331    22.7
19640401 19640430   109.7
19640501 19640531    41.3
19640601 19640630   142.3
19640701 19640731    87.0
19640801 19640831    30.5
19640901 19640930    92.5
19641001 19641031   107.6
19641101 19641130    50.2
19641201 19641231    17.0
19650101 19650131     1.6
19650201 19650228     1.3
19650301 19650331    22.9
19650401 19650430    41.9
19650501 19650531    15.9
19650601 19650630    11.2
19650701 19650731    26.7
19650801 19650831    28.2
19650901 19650930    49.0
19651001 19651031    62.7
19651101 19651130    28.8
19651201 19651231    58.1
19660101 19660131    36.6
19660201 19660228    11.9
19660301 19660331   102.7
19660401 19660430    30.4
19660501 19660531    45.6
19660601 19660630    37.0
19660701 19660731    28.3
19660801 19660831    66.3
19660901 19660930    52.4
19661001 19661031   149.5
19661101 19661130    85.0
19661201 19661231   134.3
19670101 19670131   104.2
19670201 19670228    44.5
19670301 19670331    23.1
19670401 19670430     0.5
19670501 19670531    23.8
19670601 19670630    25.7
19670701 19670731    19.2
19670801 19670831   141.1
19670901 19670930    16.4
19671001 19671031    67.5
19671101 19671130    22.3
19671201 19671231    15.0
19680101 19680131    98.2
19680201 19680229     4.6
19680301 19680331    56.5
19680401 19680430    43.0
19680501 19680531   108.9
19680601 19680630    21.5
19680701 19680731    36.7
19680801 19680831    53.4
19680901 19680930    21.9
19681001 19681031    36.3
19681101 19681130    29.7
19681201 19681231   116.2
19690101 19690131    30.3
19690201 19690228   167.1
19690301 19690331   120.9
19690401 19690430    54.3
19690501 19690531    57.3
19690601 19690630    35.7
19690701 19690731    39.1
19690801 19690831    65.1
19690901 19690930    38.8
19691001 19691031    81.0
19691101 19691130    83.3
19691201 19691231    46.5
19700101 19700131    87.5
19700201 19700228    62.8
19700301 19700331    36.7
19700401 19700430    62.3
19700501 19700531    70.1
19700601 19700630    17.0
19700701 19700731     3.7
19700801 19700831    48.9
19700901 19700930   100.8
19701001 19701031    74.0
19701101 19701130    89.4
19701201 19701231   135.2
19710101 19710131   111.3
19710201 19710228   235.5
19710301 19710331     1.8
19710401 19710430    13.6
19710501 19710531    14.9
19710601 19710630    11.8
19710701 19710731    22.0
19710801 19710831    79.0
19710901 19710930    95.8
19711001 19711031     9.3
19711101 19711130   113.5
19711201 19711231   144.1
19720101 19720131   197.3
19720201 19720229    57.1
19720301 19720331    19.1
19720401 19720430    31.0
19720501 19720531    17.4
19720601 19720630     0.8
19720701 19720731    14.8
19720801 19720831    53.5
19720901 19720930    24.4
19721001 19721031    71.9
19721101 19721130    61.3
19721201 19721231    36.6
19730101 19730131    69.0
19730201 19730228   228.1
19730301 19730331    44.8
19730401 19730430    50.7
19730501 19730531    65.0
19730601 19730630    66.1
19730701 19730731    66.0
19730801 19730831    64.3
19730901 19730930    39.5
19731001 19731031   105.3
19731101 19731130   107.3
19731201 19731231    83.0
19740101 19740131   105.0
19740201 19740228    80.5
19740301 19740331    25.4
19740401 19740430   121.1
19740501 19740531    39.8
19740601 19740630    20.7
19740701 19740731    61.4
19740801 19740831    47.7
19740901 19740930    56.6
19741001 19741031    75.4
19741101 19741130    34.0
19741201 19741231     0.0
19750101 19750131    22.8
19750201 19750228    87.0
19750301 19750331    61.4
19750401 19750430    52.3
19750501 19750531    18.2
19750601 19750630    55.7
19750701 19750731    29.3
19750801 19750831    64.3
19750901 19750930    55.8
19751001 19751031   119.1
19751101 19751130    31.6
19751201 19751231    24.5
19760101 19760131   196.1
19760201 19760229    94.5
19760301 19760331    90.1
19760401 19760430    22.2
19760501 19760531     8.6
19760601 19760630    11.4
19760701 19760731    75.6
19760801 19760831    21.1
19760901 19760930    79.5
19761001 19761031   118.0
19761101 19761130    32.8
19761201 19761231    36.7
19770101 19770131    56.6
19770201 19770228    49.4
19770301 19770331    68.7
19770401 19770430    32.6
19770501 19770531    63.9
19770601 19770630    30.0
19770701 19770731     5.0
19770801 19770831    27.6
19770901 19770930    39.0
19771001 19771031    14.9
19771101 19771130    10.2
19771201 19771231    23.2
19780101 19780131   223.7
19780201 19780228     3.4
19780301 19780331   126.4
19780401 19780430     8.9
19780501 19780531    98.3
19780601 19780630    55.5
19780701 19780731    51.5
19780801 19780831    25.9
19780901 19780930   124.9
19781001 19781031    48.4
19781101 19781130    92.8
19781201 19781231    81.3
19790101 19790131    13.0
19790201 19790228     5.7
19790301 19790331   103.9
19790401 19790430    62.4
19790501 19790531    64.0
19790601 19790630    19.3
19790701 19790731    16.9
19790801 19790831    27.1
19790901 19790930    63.3
19791001 19791031    30.3
19791101 19791130    34.3
19791201 19791231     3.4
19800101 19800131    60.6
19800201 19800229    47.2
19800301 19800331    22.4
19800401 19800430     2.4
19800501 19800531    46.9
19800601 19800630    47.3
19800701 19800731    43.6
19800801 19800831    20.9
19800901 19800930     9.2
19801001 19801031    42.4
19801101 19801130    24.0
19801201 19801231    79.4
19810101 19810131    28.0
19810201 19810228    67.3
19810301 19810331     8.2
19810401 19810430     8.2
19810501 19810531    49.6
19810601 19810630    68.1
19810701 19810731   108.4
19810801 19810831    23.7
19810901 19810930    15.6
19811001 19811031    63.2
19811101 19811130    90.0
19811201 19811231    65.7
19820101 19820131    21.4
19820201 19820228    10.0
19820301 19820331    54.4
19820401 19820430     5.4
19820501 19820531    11.0
19820601 19820630    23.8
19820701 19820731    23.0
19820801 19820831     2.2
19820901 19820930    37.0
19821001 19821031     6.6
19821101 19821130     6.6
19821201 19821231    12.8
19830101 19830131    36.8
19830201 19830228    32.6
19830301 19830331    40.4
19830401 19830430    58.7
19830501 19830531    99.8
19830601 19830630    18.8
19830701 19830731    36.0
19830801 19830831    38.8
19830901 19830930    75.4
19831001 19831031    71.0
19831101 19831130    56.0
19831201 19831231   121.0
19840101 19840131   180.2
19840201 19840229    95.0
19840301 19840331    22.6
19840401 19840430    70.2
19840501 19840531    32.2
19840601 19840630     4.6
19840701 19840731   124.8
19840801 19840831    52.9
19840901 19840930    43.6
19841001 19841031    47.4
19841101 19841130    62.0
19841201 19841231    14.2
19850101 19850131     1.4
19850201 19850228    16.2
19850301 19850331    64.6
19850401 19850430    40.8
19850501 19850531    31.8
19850601 19850630    37.4
19850701 19850731     6.2
19850801 19850831    71.4
19850901 19850930    70.4
19851001 19851031    89.8
19851101 19851130    91.0
19851201 19851231    37.8
19860101 19860131   102.0
19860201 19860228    17.8
19860301 19860331     6.6
19860401 19860430    42.2
19860501 19860531    44.8
19860601 19860630     7.8
19860701 19860731    62.4
19860801 19860831   163.2
19860901 19860930    44.4
19861001 19861031    56.4
19861101 19861130    70.8
19861201 19861231    18.2
19870101 19870131    24.4
19870201 19870228    82.4
19870301 19870331   157.0
19870401 19870430    15.4
19870501 19870531    91.8
19870601 19870630    32.6
19870701 19870731    30.2
19870801 19870831    79.0
19870901 19870930    20.8
19871001 19871031    73.6
19871101 19871130    63.2
19871201 19871231   107.0
19880101 19880131    95.2
19880201 19880229    22.6
19880301 19880331    24.8
19880401 19880430   110.8
19880501 19880531    41.2
19880601 19880630    40.2
19880701 19880731    40.6
19880801 19880831    71.4
19880901 19880930    65.4
19881001 19881031    18.2
19881101 19881130    53.4
19881201 19881231   104.0
19890101 19890131    45.4
19890201 19890228    49.4
19890301 19890331   125.2
19890401 19890430   151.2
19890501 19890531    58.2
19890601 19890630    37.6
19890701 19890731    47.8
19890801 19890831    36.2
19890901 19890930    21.8
19891001 19891031    24.8
19891101 19891130    60.0
19891201 19891231    69.4
19900101 19900131    46.0
19900201 19900228    98.6
19900301 19900331    27.8
19900401 19900430   166.0
19900501 19900531    62.2
19900601 19900630    28.8
19900701 19900731    83.0
19900801 19900831   144.0
19900901 19900930    17.8
19901001 19901031    37.0
19901101 19901130    14.0
19901201 19901231     8.8
19910101 19910131    47.6
19910201 19910228     7.4
19910301 19910331    59.2
19910401 19910430     8.0
19910501 19910531    30.8
19910601 19910630    48.2
19910701 19910731    60.8
19910801 19910831    67.8
19910901 19910930    42.2
19911001 19911031    27.6
19911101 19911130    27.2
19911201 19911231    83.6
19920101 19920131   142.0
19920201 19920229   160.6
19920301 19920331    25.0
19920401 19920430    36.2
19920501 19920531    27.4
19920601 19920630    17.4
19920701 19920731    23.0
19920801 19920831    71.0
19920901 19920930    51.0
19921001 19921031    61.6
19921101 19921130    84.6
19921201 19921231   140.6
19930101 19930131    29.6
19930201 19930228    54.6
19930301 19930331    72.0
19930401 19930430    14.2
19930501 19930531    34.8
19930601 19930630    28.0
19930701 19930731    84.8
19930801 19930831    22.0
19930901 19930930    83.8
19931001 19931031    85.0
19931101 19931130    94.4
19931201 19931231    23.6
19940101 19940131     6.6
19940201 19940228   132.4
19940301 19940331    33.8
19940401 19940430    25.6
19940501 19940531     6.6
19940601 19940630    45.0
19940701 19940731    32.2
19940801 19940831    10.8
19940901 19940930    10.8
19941001 19941031    38.2
19941101 19941130    65.0
19941201 19941231    54.6
19950101 19950131   152.9
19950201 19950228     3.0
19950301 19950331     1.4
19950401 19950430     3.2
19950501 19950531   115.0
19950601 19950630    34.2
19950701 19950731    45.4
19950801 19950831     4.0
19950901 19950930    60.8
19951001 19951031    20.0
19951101 19951130    55.4
19951201 19951231    92.2
19960101 19960131    98.8
19960201 19960229    39.0
19960301 19960331    20.2
19960401 19960430     2.6
19960501 19960531    42.6
19960601 19960630    57.6
19960701 19960731   111.2
19960801 19960831    44.6
19960901 19960930    63.2
19961001 19961031    64.4
19961101 19961130    74.2
19961201 19961231    93.8
19970101 19970131    43.6
19970201 19970228    97.2
19970301 19970331     6.2
19970401 19970430     2.6
19970501 19970531    32.0
19970601 19970630    31.4
19970701 19970731    31.4
19970801 19970831    24.8
19970901 19970930    57.2
19971001 19971031    40.0
19971101 19971130    24.8
19971201 19971231    53.2
19980101 19980131   117.0
19980201 19980228    51.6
19980301 19980331     3.6
19980401 19980430    71.0
19980501 19980531    80.2
19980601 19980630    89.6
19980701 19980731    92.6
19980801 19980831   122.0
19980901 19980930    69.6
19981001 19981031   100.2
19981101 19981130    59.2
19981201 19981231    72.4
19990101 19990131    56.0
19990201 19990228     4.2
19990301 19990331    94.0
19990401 19990430    37.8
19990501 19990531    10.6
19990601 19990630    44.4
19990701 19990731    40.2
19990801 19990831    63.8
19990901 19990930    46.3
19991001 19991031   215.8
19991101 19991130    56.6
19991201 19991231    78.2
20000101 20000131    61.8
20000201 20000229    10.2
20000301 20000331   128.2
20000401 20000430    66.8
20000501 20000531    51.4
20000601 20000630    39.4
20000701 20000731    32.6
20000801 20000831    75.2
20000901 20000930    45.0
20001001 20001031    99.0
20001101 20001130   130.6
20001201 20001231    22.6
20010101 20010131    41.0
20010201 20010228    29.8
20010301 20010331    54.4
20010401 20010430    68.8
20010501 20010531    24.8
20010601 20010630    23.2
20010701 20010731    53.6
20010801 20010831    31.2
20010901 20010930    61.0
20011001 20011031    75.8
20011101 20011130    43.8
20011201 20011231    33.0
20020101 20020131    71.4
20020201 20020228   128.0
20020301 20020331    50.6
20020401 20020430    25.6
20020501 20020531    29.1
20020601 20020630    26.0
20020701 20020731    10.3
20020801 20020831     9.9
20020901 20020930    40.0
20021001 20021031     2.8
20021101 20021130    20.2
20021201 20021231    44.0
20030101 20030131    20.6
20030201 20030228   136.2
20030301 20030331    43.2
20030401 20030430    38.7
20030501 20030531    25.4
20030601 20030630    39.7
20030701 20030731    44.4
20030801 20030831   103.0
20030901 20030930    22.6
20031001 20031031   105.1
20031101 20031130    83.6
20031201 20031231    64.6
20040101 20040131    20.5
20040201 20040229    48.4
20040301 20040331    17.8
20040401 20040430     7.6
20040501 20040531    51.1
20040601 20040630    36.8
20040701 20040731    35.5
20040801 20040831    46.9
20040901 20040930    37.0
20041001 20041031    65.8
20041101 20041130    98.8
20041201 20041231   128.2
20050101 20050131    82.0
20050201 20050228    91.6
20050301 20050331    17.2
20050401 20050430     9.4
20050501 20050531     2.6
20050601 20050630    71.6
20050701 20050731    60.4
20050801 20050831    24.6
20050901 20050930    87.6
20051001 20051031   116.5
20051101 20051130   166.6
20051201 20051231    48.4
20060101 20060131   146.6
20060201 20060228    35.2
20060301 20060331     6.4
20060401 20060430     6.8
20060501 20060531     6.8
20060601 20060630    35.2
20060701 20060731    61.6
20060801 20060831     4.2
20060901 20060930    23.2
20061001 20061031     2.8
20061101 20061130    59.0
20061201 20061231    32.3
20070101 20070131    53.6
20070201 20070228   114.2
20070301 20070331    27.0
20070401 20070430    20.6
20070501 20070531    69.6
20070601 20070630    48.8
20070701 20070731    24.3
20070801 20070831    18.2
20070901 20070930     3.8
20071001 20071031    48.0
20071101 20071130   166.4
20071201 20071231    73.4
20080101 20080131    76.6
20080201 20080229    74.4
20080301 20080331    41.8
20080401 20080430    14.8
20080501 20080531    17.4
20080601 20080630    36.8
20080701 20080731    37.8
20080801 20080831    47.4
20080901 20080930    91.8
20081001 20081031    61.2
20081101 20081130   117.3
20081201 20081231   170.6
20090101 20090131    18.6
20090201 20090228    74.6
20090301 20090331    24.8
20090401 20090430    54.0
20090501 20090531     4.8
20090601 20090630    59.4
20090701 20090731    41.7
20090801 20090831    33.4
20090901 20090930    68.8
20091001 20091031    30.9
20091101 20091130    17.0
20091201 20091231   102.2
20100101 20100131    50.0
20100201 20100228   132.8
20100301 20100331   138.4
20100401 20100430    59.8
20100501 20100531    54.0
20100601 20100630    25.6
20100701 20100731    99.0
20100801 20100831   103.0
20100901 20100930    57.0
20101001 20101031    52.9
20101101 20101130    96.9
20101201 20101231   218.5
20110101 20110131    34.1
20110201 20110228    44.3
20110301 20110331   111.1
20110401 20110430    23.6
20110501 20110531    41.9
20110601 20110630    14.2
20110701 20110731    20.4
20110801 20110831    58.8
20110901 20110930   101.0
20111001 20111031    41.8
20111101 20111130   133.0
20111201 20111231   114.0
20120101 20120131    88.0
20120201 20120229   125.7
20120301 20120331   141.7
20120401 20120430    12.4
20120501 20120531    47.0
20120601 20120630    58.2
20120701 20120731    55.4
20120801 20120831    30.6
20120901 20120930    39.2
20121001 20121031     7.9
20121101 20121130    22.2
20121201 20121231    74.6
20130101 20130131    96.0
20130201 20130228    38.3
20130301 20130331   116.8
20130401 20130430    15.6
20130501 20130531    27.2
20130601 20130630    92.0
20130701 20130731    43.3
20130801 20130831    27.1
20130901 20130930    42.4
20131001 20131031    17.1
20131101 20131130    39.8
20131201 20131231    47.4
20140101 20140131    12.8
20140201 20140228    64.0
20140301 20140331    69.0
20140401 20140430    60.2
20140501 20140531    21.2
20140601 20140630    53.0
20140701 20140731    44.4
20140801 20140831    32.0
20140901 20140930    29.0
20141001 20141031    51.1
20141101 20141130    25.6
20141201 20141231    74.8
20150101 20150131    66.6
20150201 20150228    59.2
20150301 20150331    16.2
20150401 20150430   122.6
20150501 20150531    32.6
20150601 20150630    32.8
20150701 20150731    48.1
20150801 20150831    57.0
20150901 20150930     7.8
20151001 20151031    30.8
20151101 20151130    70.8
20151201 20151231    70.0
20160101 20160131    95.6
20160201 20160229     3.6
20160301 20160331    42.0
20160401 20160430    20.4
20160501 20160531    39.7
20160601 20160630   113.1
20160701 20160731   103.0
20160801 20160831    94.4
20160901 20160930   129.8
20161001 20161031    56.2
20161101 20161130    44.0
20161201 20161231    53.1
20170101 20170131     7.0
20170201 20170228    13.0
20170301 20170331    94.3
20170401 20170430     9.4
20170501 20170531    27.8
20170601 20170630     1.2
20170701 20170731     6.2
20170801 20170831    38.6
20170901 20170930    16.6
20171001 20171031    62.6
20171101 20171130    87.8
20171201 20171231    94.2
20180101 20180131    50.2
