PRCP       088060 18840201 20180131 missing_value=99999.9 WALLABY CREEK WEIR                        
18840201 18840229    69.8
18840301 18840331    62.9
18840401 18840430    29.0
18840501 18840531    77.4
18840601 18840630    94.7
18840701 18840731    34.4
18840801 18840831   146.4
18840901 18840930    77.9
18841001 18841031   129.4
18841101 18841130   121.3
18841201 18841231   140.9
18850101 18850131    31.2
18850201 18850228    88.6
18850301 18850331    93.9
18850401 18850430   121.2
18850501 18850531    81.5
18850601 18850630   189.1
18850701 18850731    72.8
18850801 18850831    81.2
18850901 18850930   201.2
18851001 18851031    99.1
18851101 18851130   118.8
18851201 18851231   117.7
18860101 18860131   139.4
18860201 18860228    82.7
18860301 18860331    55.2
18860401 18860430    55.2
18860501 18860531    85.7
18860601 18860630    74.1
18860701 18860731    79.4
18860801 18860831   132.9
18860901 18860930    77.6
18861001 18861031   174.2
18861101 18861130    94.6
18861201 18861231    90.3
18870101 18870131    63.6
18870201 18870228    55.0
18870301 18870331    39.8
18870401 18870430   110.8
18870501 18870531   109.8
18870601 18870630   163.0
18870701 18870731   178.9
18870801 18870831   100.0
18870901 18870930   160.4
18871001 18871031   154.2
18871101 18871130   265.9
18871201 18871231   155.6
18880101 18880131    70.1
18880201 18880229    20.2
18880301 18880331    88.4
18880401 18880430    25.5
18880501 18880531   150.3
18880601 18880630   126.5
18880701 18880731   117.3
18880801 18880831    92.5
18880901 18880930    56.2
18881001 18881031    74.6
18881101 18881130    35.2
18881201 18881231    70.1
18890101 18890131   176.9
18890201 18890228   144.0
18890301 18890331    23.7
18890401 18890430   171.5
18890501 18890531   202.5
18890601 18890630   269.8
18890701 18890731   130.9
18890801 18890831   209.3
18890901 18890930   118.8
18891001 18891031   103.4
18891101 18891130    97.2
18891201 18891231    43.0
18900101 18900131    24.2
18900201 18900228    36.6
18900301 18900331   115.3
18900401 18900430    52.0
18900501 18900531    93.8
18900601 18900630   238.6
18900701 18900731   153.9
18900801 18900831   143.4
18900901 18900930   131.0
18901001 18901031   141.8
18901101 18901130   168.4
18901201 18901231    53.9
18910101 18910131    34.0
18910201 18910228    11.4
18910301 18910331   115.7
18910401 18910430    81.5
18910501 18910531    62.5
18910601 18910630   118.5
18910701 18910731   347.7
18910801 18910831    81.6
18910901 18910930    78.4
18911001 18911031   110.7
18911101 18911130   123.4
18911201 18911231    74.5
18920101 18920131    26.2
18920201 18920229    21.1
18920301 18920331    34.6
18920401 18920430   192.6
18920501 18920531   133.7
18920601 18920630   133.2
18920701 18920731   114.6
18920801 18920831   124.0
18920901 18920930   118.3
18921001 18921031    81.2
18921101 18921130   125.3
18921201 18921231    79.9
18930101 18930131    65.7
18930201 18930228     9.1
18930301 18930331    53.8
18930401 18930430    57.5
18930501 18930531   209.7
18930601 18930630   239.6
18930701 18930731   132.1
18930801 18930831   125.7
18930901 18930930   183.7
18931001 18931031   137.2
18931101 18931130   122.5
18931201 18931231   182.2
18940101 18940131    23.4
18940201 18940228    19.0
18940301 18940331    39.8
18940401 18940430    96.3
18940501 18940531   152.0
18940601 18940630   143.0
18940701 18940731   201.1
18940801 18940831   198.0
18940901 18940930   164.4
18941001 18941031   163.2
18941101 18941130    30.3
18941201 18941231   128.5
18950101 18950131    49.7
18950201 18950228    25.9
18950301 18950331    58.3
18950401 18950430   101.3
18950501 18950531    40.4
18950601 18950630   138.4
18950701 18950731   103.2
18950801 18950831   114.1
18950901 18950930    82.5
18951001 18951031    49.2
18951101 18951130    15.8
18951201 18951231   123.7
18960101 18960131    72.9
18960201 18960229    55.6
18960301 18960331    50.5
18960401 18960430   128.2
18960501 18960531    71.4
18960601 18960630   129.4
18960701 18960731   122.3
18960801 18960831   213.2
18960901 18960930    70.6
18961001 18961031    14.6
18961101 18961130    57.6
18961201 18961231    41.3
18970101 18970131   235.8
18970201 18970228   130.5
18970301 18970331    76.9
18970401 18970430    51.3
18970501 18970531    76.8
18970601 18970630   106.4
18970701 18970731   110.2
18970801 18970831   135.9
18970901 18970930   101.3
18971001 18971031    64.1
18971101 18971130    48.3
18971201 18971231    15.5
18980101 18980131    17.1
18980201 18980228    73.0
18980301 18980331    15.3
18980401 18980430    44.5
18980501 18980531    91.7
18980601 18980630   207.6
18980701 18980731   102.9
18980801 18980831    73.0
18980901 18980930   126.6
18981001 18981031    79.4
18981101 18981130    53.6
18981201 18981231    48.0
18990101 18990131   119.4
18990201 18990228    42.9
18990301 18990331   139.2
18990401 18990430    62.8
18990501 18990531    95.2
18990601 18990630   258.2
18990701 18990731    69.6
18990801 18990831   125.7
18990901 18990930    78.7
18991001 18991031    87.0
18991101 18991130    83.0
18991201 18991231    46.7
19000101 19000131    92.7
19000201 19000228     8.2
19000301 19000331   134.6
19000401 19000430   149.1
19000501 19000531   174.1
19000601 19000630   160.0
19000701 19000731    62.1
19000801 19000831   161.1
19000901 19000930   118.9
19001001 19001031    66.1
19001101 19001130    48.2
19001201 19001231    51.0
19010101 19010131   127.3
19010201 19010228    31.0
19010301 19010331    70.9
19010401 19010430   375.6
19010501 19010531    58.5
19010601 19010630   197.6
19010701 19010731   113.4
19010801 19010831   101.3
19010901 19010930   166.8
19011001 19011031   117.8
19011101 19011130    41.7
19011201 19011231    33.5
19020101 19020131   112.9
19020201 19020228    32.8
19020301 19020331   126.2
19020401 19020430    14.2
19020501 19020531    52.2
19020601 19020630   151.2
19020701 19020731    43.7
19020801 19020831    56.1
19020901 19020930   124.3
19021001 19021031    94.4
19021101 19021130    28.4
19021201 19021231   171.5
19030101 19030131    60.8
19030201 19030228    59.0
19030301 19030331   105.1
19030401 19030430   141.7
19030501 19030531   106.3
19030601 19030630   153.4
19030701 19030731   143.0
19030801 19030831    52.8
19030901 19030930   167.2
19031001 19031031   105.7
19031101 19031130   107.7
19031201 19031231   111.1
19040101 19040131   240.3
19040201 19040229   172.0
19040301 19040331    31.2
19040401 19040430    37.9
19040501 19040531   106.3
19040601 19040630   231.3
19040701 19040731   180.8
19040801 19040831   169.9
19040901 19040930    60.0
19041001 19041031   131.7
19041101 19041130    64.0
19041201 19041231     6.9
19050101 19050131    53.3
19050201 19050228    53.4
19050301 19050331    17.0
19050401 19050430    92.0
19050501 19050531   113.2
19050601 19050630   124.4
19050701 19050731   233.9
19050801 19050831    64.9
19050901 19050930   136.1
19051001 19051031   164.8
19051101 19051130    34.1
19051201 19051231   201.7
19060101 19060131     8.1
19060201 19060228     4.3
19060301 19060331   130.1
19060401 19060430    25.8
19060501 19060531   126.5
19060601 19060630   157.9
19060701 19060731   124.2
19060801 19060831    99.5
19060901 19060930   213.2
19061001 19061031   145.8
19061101 19061130   157.6
19061201 19061231    68.5
19070101 19070131    29.8
19070201 19070228    29.8
19070301 19070331    35.8
19070401 19070430   116.7
19070501 19070531    80.4
19070601 19070630    73.8
19070701 19070731   142.1
19070801 19070831   103.1
19070901 19070930    66.7
19071001 19071031    59.3
19071101 19071130    78.8
19071201 19071231   138.7
19080101 19080131    33.7
19080201 19080229    20.7
19080301 19080331    53.0
19080401 19080430    15.5
19080501 19080531    97.3
19080601 19080630   206.3
19080701 19080731    87.2
19080801 19080831   131.3
19080901 19080930    97.7
19081001 19081031   117.3
19081101 19081130    37.0
19081201 19081231    17.6
19090101 19090131    93.3
19090201 19090228    54.9
19090301 19090331    45.5
19090401 19090430   133.9
19090501 19090531   177.4
19090601 19090630   160.6
19090701 19090731   130.2
19090801 19090831   221.2
19090901 19090930    85.9
19091001 19091031    62.6
19091101 19091130    20.1
19091201 19091231    65.4
19100101 19100131    47.1
19100201 19100228    12.5
19100301 19100331   123.4
19100401 19100430    25.9
19100501 19100531   100.7
19100601 19100630   195.6
19100701 19100731   127.2
19100801 19100831    96.8
19100901 19100930   177.7
19101001 19101031   131.8
19101101 19101130    98.6
19101201 19101231   103.5
19110101 19110131    66.2
19110201 19110228   202.6
19110301 19110331   208.8
19110401 19110430    29.2
19110501 19110531   228.0
19110601 19110630   258.0
19110701 19110731   119.7
19110801 19110831    66.1
19110901 19110930    83.5
19111001 19111031    59.7
19111101 19111130    57.7
19111201 19111231   121.7
19120101 19120131    28.2
19120201 19120229    47.5
19120301 19120331    36.0
19120401 19120430    94.2
19120501 19120531    43.2
19120601 19120630   107.4
19120701 19120731   125.3
19120801 19120831    67.3
19120901 19120930   153.9
19121001 19121031    46.5
19121101 19121130   116.6
19121201 19121231    87.5
19130101 19130131    21.1
19130201 19130228    28.9
19130301 19130331   193.7
19130401 19130430    56.5
19130501 19130531   130.7
19130601 19130630   130.6
19130701 19130731    66.5
19130801 19130831   134.6
19130901 19130930    85.0
19131001 19131031    69.7
19131101 19131130   119.1
19131201 19131231    38.7
19140101 19140131    25.2
19140201 19140228     2.9
19140301 19140331    48.0
19140401 19140430    84.2
19140501 19140531   122.3
19140601 19140630    59.4
19140701 19140731   108.5
19140801 19140831    28.6
19140901 19140930    91.0
19141001 19141031     4.1
19141101 19141130    65.7
19141201 19141231    97.8
19150101 19150131    54.2
19150201 19150228    37.1
19150301 19150331    15.9
19150401 19150430    83.6
19150501 19150531   213.5
19150601 19150630   134.6
19150701 19150731    70.4
19150801 19150831   165.9
19150901 19150930   130.1
19151001 19151031   127.4
19151101 19151130    46.6
19151201 19151231    12.6
19160101 19160131   113.5
19160201 19160229    88.1
19160301 19160331    15.7
19160401 19160430    78.5
19160501 19160531   113.5
19160601 19160630   131.9
19160701 19160731   171.0
19160801 19160831   146.3
19160901 19160930   237.3
19161001 19161031   186.8
19161101 19161130   243.6
19161201 19161231   148.0
19170101 19170131    33.4
19170201 19170228    61.3
19170301 19170331    67.8
19170401 19170430    69.4
19170501 19170531   128.0
19170601 19170630   210.6
19170701 19170731   123.6
19170801 19170831   175.5
19170901 19170930   138.1
19171001 19171031   151.2
19171101 19171130    87.3
19171201 19171231    61.1
19180101 19180131    60.8
19180201 19180228    46.8
19180301 19180331   128.3
19180401 19180430    80.4
19180501 19180531   211.6
19180601 19180630   126.1
19180701 19180731   114.2
19180801 19180831   199.4
19180901 19180930   114.1
19181001 19181031    83.7
19181101 19181130    40.8
19181201 19181231    66.2
19190101 19190131    15.7
19190201 19190228    99.7
19190301 19190331   162.4
19190401 19190430    35.1
19190501 19190531    81.1
19190601 19190630   101.2
19190701 19190731   113.4
19190801 19190831    51.2
19190901 19190930    65.1
19191001 19191031    69.2
19191101 19191130    41.4
19191201 19191231   118.5
19200101 19200131    31.5
19200201 19200229    18.6
19200301 19200331    73.1
19200401 19200430    66.0
19200501 19200531    90.6
19200601 19200630   169.3
19200701 19200731   125.0
19200801 19200831   179.7
19200901 19200930   265.9
19201001 19201031   199.9
19201101 19201130   100.6
19201201 19201231    26.8
19210101 19210131    76.7
19210201 19210228    55.5
19210301 19210331    56.5
19210401 19210430    22.6
19210501 19210531   128.0
19210601 19210630   108.7
19210701 19210731   104.5
19210801 19210831   173.2
19210901 19210930   155.0
19211001 19211031   108.5
19211101 19211130    65.4
19211201 19211231    52.4
19220101 19220131    66.0
19220201 19220228    70.3
19220301 19220331     7.9
19220401 19220430    50.2
19220501 19220531    74.1
19220601 19220630    79.4
19220701 19220731   131.8
19220801 19220831   125.2
19220901 19220930   151.0
19221001 19221031   129.6
19221101 19221130    48.3
19221201 19221231    55.4
19230101 19230131    39.6
19230201 19230228     8.7
19230301 19230331    10.9
19230401 19230430     0.0
19230501 19230531   125.3
19230601 19230630   136.2
19230701 19230731   208.9
19230801 19230831   113.0
19230901 19230930   132.8
19231001 19231031   243.0
19231101 19231130   155.3
19231201 19231231    68.0
19240101 19240131   124.9
19240201 19240229   102.5
19240301 19240331   154.0
19240401 19240430   127.1
19240501 19240531    54.2
19240601 19240630   124.4
19240701 19240731    54.3
19240801 19240831   211.4
19240901 19240930   102.1
19241001 19241031   135.5
19241101 19241130   190.8
19241201 19241231    63.6
19250101 19250131   118.4
19250201 19250228    62.6
19250301 19250331    33.4
19250401 19250430    58.7
19250501 19250531    74.7
19250601 19250630    47.2
19250701 19250731   165.6
19250801 19250831   104.5
19250901 19250930   129.9
19251001 19251031    37.1
19251101 19251130    86.0
19251201 19251231    24.5
19260101 19260131    57.5
19260201 19260228     2.3
19260301 19260331    47.4
19260401 19260430   114.6
19260501 19260531   111.8
19260601 19260630   158.1
19260701 19260731    92.2
19260801 19260831   103.5
19260901 19260930    57.3
19261001 19261031   124.1
19261101 19261130    62.3
19261201 19261231    42.0
19270101 19270131    22.4
19270201 19270228    26.4
19270301 19270331    22.6
19270401 19270430    37.7
19270501 19270531    88.8
19270601 19270630    87.1
19270701 19270731   137.1
19270801 19270831   140.5
19270901 19270930    97.8
19271001 19271031   114.5
19271101 19271130    25.4
19271201 19271231    65.2
19280101 19280131   101.0
19280201 19280229   167.4
19280301 19280331   115.8
19280401 19280430    97.5
19280501 19280531    99.2
19280601 19280630   147.2
19280701 19280731    90.5
19280801 19280831    28.7
19280901 19280930    92.8
19281001 19281031   148.2
19281101 19281130    25.9
19281201 19281231    52.2
19290101 19290131    45.5
19290201 19290228    53.3
19290301 19290331    56.5
19290401 19290430   152.1
19290501 19290531   124.3
19290601 19290630   102.9
19290701 19290731    85.2
19290801 19290831    98.9
19290901 19290930    80.8
19291001 19291031   104.9
19291101 19291130    78.8
19291201 19291231   170.2
19300101 19300131     2.6
19300201 19300228    65.9
19300301 19300331    29.1
19300401 19300430    52.7
19300501 19300531   181.5
19300601 19300630    72.5
19300701 19300731    90.1
19300801 19300831   178.8
19300901 19300930    96.7
19301001 19301031   166.5
19301101 19301130    91.8
19301201 19301231   274.9
19310101 19310131    76.3
19310201 19310228    27.7
19310301 19310331   277.3
19310401 19310430   116.3
19310501 19310531   155.2
19310601 19310630   301.4
19310701 19310731   105.3
19310801 19310831   134.9
19310901 19310930    82.3
19311001 19311031    71.2
19311101 19311130   166.7
19311201 19311231    31.0
19320101 19320131     5.7
19320201 19320229    54.7
19320301 19320331   166.4
19320401 19320430   224.7
19320501 19320531    37.5
19320601 19320630   177.4
19320701 19320731   102.5
19320801 19320831   182.1
19320901 19320930    45.4
19321001 19321031   166.9
19321101 19321130    16.9
19321201 19321231   120.3
19330101 19330131    84.2
19330201 19330228    12.5
19330301 19330331    71.5
19330401 19330430    34.0
19330501 19330531   103.2
19330601 19330630    54.9
19330701 19330731   155.9
19330801 19330831   108.3
19330901 19330930   172.1
19331001 19331031    84.2
19331101 19331130    77.8
19331201 19331231   225.4
19340101 19340131   199.4
19340201 19340228    70.6
19340301 19340331    30.6
19340401 19340430   192.3
19340501 19340531     2.9
19340601 19340630    85.5
19340701 19340731   123.5
19340801 19340831   143.7
19340901 19340930    57.2
19341001 19341031   243.4
19341101 19341130   207.5
19341201 19341231   168.9
19350101 19350131   105.7
19350201 19350228   110.9
19350301 19350331    59.2
19350401 19350430   360.8
19350501 19350531    94.4
19350601 19350630   116.4
19350701 19350731   132.5
19350801 19350831   119.0
19350901 19350930    99.7
19351001 19351031   101.0
19351101 19351130    69.7
19351201 19351231    92.1
19360101 19360131    45.3
19360201 19360229    19.3
19360301 19360331    11.5
19360401 19360430   152.3
19360501 19360531    60.3
19360601 19360630   127.8
19360701 19360731   185.7
19360801 19360831   162.4
19360901 19360930    62.7
19361001 19361031    99.1
19361101 19361130    88.2
19361201 19361231    98.7
19370101 19370131    93.6
19370201 19370228    56.9
19370301 19370331    51.6
19370401 19370430    48.2
19370501 19370531    70.4
19370601 19370630    63.7
19370701 19370731    88.5
19370801 19370831   107.0
19370901 19370930   115.1
19371001 19371031   217.9
19371101 19371130    31.3
19371201 19371231    65.9
19380101 19380131    64.2
19380201 19380228    59.2
19380301 19380331    75.7
19380401 19380430   144.4
19380501 19380531    26.5
19380601 19380630   149.2
19380701 19380731    82.6
19380801 19380831    76.1
19380901 19380930    26.7
19381001 19381031    12.0
19381101 19381130    27.3
19381201 19381231    21.7
19390101 19390131    15.8
19390201 19390228   258.8
19390301 19390331    51.2
19390401 19390430   236.3
19390501 19390531    98.7
19390601 19390630   194.5
19390701 19390731    79.1
19390801 19390831   295.6
19390901 19390930   132.8
19391001 19391031   110.9
19391101 19391130   157.7
19391201 19391231    54.0
19400101 19400131    37.3
19400201 19400229    27.6
19400301 19400331    45.6
19400401 19400430   134.2
19400501 19400531    80.6
19400601 19400630   117.6
19400701 19400731   146.4
19400801 19400831    68.9
19400901 19400930   154.0
19401001 19401031    27.2
19401101 19401130   117.1
19401201 19401231    37.0
19410101 19410131   179.8
19410201 19410228    30.6
19410301 19410331   147.0
19410401 19410430    50.0
19410501 19410531    41.0
19410601 19410630   223.5
19410701 19410731   131.8
19410801 19410831   133.5
19410901 19410930   112.7
19411001 19411031   100.5
19411101 19411130    73.2
19411201 19411231   210.1
19420101 19420131    51.8
19420201 19420228    96.1
19420301 19420331    93.4
19420401 19420430    63.9
19420501 19420531   268.4
19420601 19420630   123.5
19420701 19420731    93.8
19420801 19420831   133.5
19420901 19420930   101.8
19421001 19421031   132.7
19421101 19421130    74.5
19421201 19421231    22.6
19430101 19430131    95.2
19430201 19430228    51.4
19430301 19430331     8.6
19430401 19430430   108.0
19430501 19430531    53.7
19430601 19430630   117.7
19430701 19430731   100.6
19430801 19430831    63.0
19430901 19430930    97.4
19431001 19431031    37.0
19431101 19431130   102.6
19431201 19431231    25.2
19440101 19440131    28.3
19440201 19440229    22.0
19440301 19440331    53.9
19440401 19440430   149.9
19440501 19440531   226.1
19440601 19440630    64.0
19440701 19440731   114.2
19440801 19440831    34.9
19440901 19440930    53.6
19441001 19441031    95.3
19441101 19441130    44.8
19441201 19441231    71.4
19450101 19450131    56.5
19450201 19450228    15.0
19450301 19450331    18.8
19450401 19450430    26.3
19450501 19450531    63.1
19450601 19450630   108.0
19450701 19450731    75.0
19450801 19450831   186.7
19450901 19450930    78.3
19451001 19451031    77.0
19451101 19451130    99.2
19451201 19451231    16.1
19460101 19460131   110.5
19460201 19460228   183.2
19460301 19460331    92.4
19460401 19460430    85.5
19460501 19460531    51.4
19460601 19460630   113.2
19460701 19460731   162.7
19460801 19460831    89.0
19460901 19460930    79.4
19461001 19461031   108.6
19461101 19461130    69.7
19461201 19461231   119.9
19470101 19470131    17.2
19470201 19470228    22.1
19470301 19470331   176.0
19470401 19470430    46.0
19470501 19470531    33.1
19470601 19470630    80.7
19470701 19470731   193.5
19470801 19470831   125.3
19470901 19470930   131.3
19471001 19471031   162.2
19471101 19471130    93.4
19471201 19471231   174.1
19480101 19480131    22.0
19480201 19480229    61.5
19480301 19480331    13.4
19480401 19480430   164.2
19480501 19480531   104.0
19480601 19480630    89.0
19480701 19480731    90.9
19480801 19480831    51.6
19480901 19480930    90.4
19481001 19481031   126.0
19481101 19481130    90.5
19481201 19481231    34.5
19490101 19490131    68.0
19490201 19490228    90.2
19490301 19490331   194.5
19490401 19490430    43.6
19490501 19490531    78.1
19490601 19490630    64.7
19490701 19490731   122.1
19490801 19490831    35.3
19490901 19490930   104.9
19491001 19491031   227.9
19491101 19491130   204.9
19491201 19491231    31.6
19500101 19500131    18.4
19500201 19500228   119.5
19500301 19500331   136.4
19500401 19500430    52.4
19500501 19500531    93.8
19500601 19500630    33.1
19500701 19500731   108.8
19500801 19500831   115.2
19500901 19500930   163.9
19501001 19501031   149.4
19501101 19501130    81.3
19501201 19501231    53.3
19510101 19510131    48.5
19510201 19510228   145.4
19510301 19510331     2.1
19510401 19510430   209.4
19510501 19510531   201.9
19510601 19510630   125.7
19510701 19510731   186.2
19510801 19510831   144.5
19510901 19510930    48.6
19511001 19511031   127.7
19511101 19511130   107.9
19511201 19511231    65.3
19520101 19520131    40.5
19520201 19520229    43.6
19520301 19520331    46.6
19520401 19520430    95.7
19520501 19520531   118.7
19520601 19520630   195.9
19520701 19520731   197.6
19520801 19520831   107.0
19520901 19520930   138.9
19521001 19521031   163.8
19521101 19521130   254.7
19521201 19521231   152.1
19530101 19530131    80.7
19530201 19530228    45.2
19530301 19530331     8.7
19530401 19530430    49.7
19530501 19530531   125.0
19530601 19530630   138.2
19530701 19530731   123.3
19530801 19530831   171.3
19530901 19530930   164.1
19531001 19531031   160.3
19531101 19531130   164.3
19531201 19531231    63.8
19540101 19540131    83.1
19540201 19540228    44.1
19540301 19540331    14.8
19540401 19540430    82.9
19540501 19540531    88.9
19540601 19540630    79.3
19540701 19540731    82.3
19540801 19540831   138.7
19540901 19540930    65.0
19541001 19541031    95.1
19541101 19541130   235.1
19541201 19541231   188.7
19550101 19550131    29.2
19550201 19550228   120.2
19550301 19550331    33.8
19550401 19550430    50.6
19550501 19550531   118.2
19550601 19550630   188.0
19550701 19550731   149.9
19550801 19550831   233.3
19550901 19550930   133.9
19551001 19551031   175.2
19551101 19551130    85.7
19551201 19551231   208.4
19560101 19560131   123.8
19560201 19560229     1.8
19560301 19560331   127.1
19560401 19560430   184.8
19560501 19560531   288.2
19560601 19560630   151.4
19560701 19560731   175.3
19560801 19560831   195.2
19560901 19560930   141.1
19561001 19561031   268.1
19561101 19561130   104.1
19561201 19561231    52.9
19570101 19570131    14.7
19570201 19570228    64.0
19570301 19570331    62.4
19570401 19570430    52.6
19570501 19570531    91.2
19570601 19570630   109.5
19570701 19570731   130.7
19570801 19570831    77.2
19570901 19570930   147.1
19571001 19571031   134.7
19571101 19571130   123.5
19571201 19571231    56.1
19580101 19580131    17.0
19580201 19580228   102.6
19580301 19580331    40.0
19580401 19580430    30.5
19580501 19580531   172.3
19580601 19580630    52.0
19580701 19580731   140.3
19580801 19580831   287.9
19580901 19580930   120.4
19581001 19581031   166.7
19581101 19581130   110.3
19581201 19581231    51.0
19590101 19590131    23.7
19590201 19590228    93.0
19590301 19590331    79.8
19590401 19590430    53.9
19590501 19590531    70.0
19590601 19590630   126.7
19590701 19590731   162.3
19590801 19590831   102.9
19590901 19590930   204.9
19591001 19591031    68.0
19591101 19591130   137.9
19591201 19591231    74.0
19600101 19600131    45.3
19600201 19600229    59.0
19600301 19600331    25.5
19600401 19600430   225.5
19600501 19600531   331.2
19600601 19600630    94.3
19600701 19600731   168.1
19600801 19600831   141.4
19600901 19600930   259.5
19601001 19601031    71.3
19601101 19601130   233.9
19601201 19601231    54.8
19610101 19610131    36.6
19610201 19610228    53.8
19610301 19610331   116.4
19610401 19610430   112.8
19610501 19610531    75.2
19610601 19610630   167.7
19610701 19610731   148.5
19610801 19610831   121.8
19610901 19610930    41.4
19611001 19611031    76.9
19611101 19611130    45.4
19611201 19611231    44.9
19620101 19620131    79.3
19620201 19620228    43.5
19620301 19620331    39.0
19620401 19620430    26.1
19620501 19620531   217.3
19620601 19620630   106.6
19620701 19620731   108.3
19620801 19620831   171.3
19620901 19620930    93.9
19621001 19621031   131.9
19621101 19621130    59.1
19621201 19621231    80.4
19630101 19630131   139.9
19630201 19630228    26.3
19630301 19630331    47.8
19630401 19630430    23.0
19630501 19630531   159.1
19630601 19630630   120.7
19630701 19630731   188.4
19630801 19630831    75.9
19630901 19630930   130.4
19631001 19631031   135.1
19631101 19631130    52.7
19631201 19631231    57.2
19640101 19640131     3.3
19640201 19640229    91.1
19640301 19640331    20.0
19640401 19640430   103.0
19640501 19640531    86.3
19640601 19640630   145.8
19640701 19640731   217.0
19640801 19640831   131.0
19640901 19640930   165.1
19641001 19641031   150.7
19641101 19641130    42.8
19641201 19641231   161.2
19650101 19650131    19.7
19650201 19650228     6.5
19650301 19650331    38.7
19650401 19650430   144.5
19650501 19650531   106.7
19650601 19650630    25.9
19650701 19650731   210.7
19650801 19650831   140.9
19650901 19650930   108.6
19651001 19651031    26.6
19651101 19651130   144.5
19651201 19651231    74.8
19660101 19660131    45.7
19660201 19660228    92.7
19660301 19660331   117.7
19660401 19660430    88.7
19660501 19660531    79.7
19660601 19660630    52.9
19660701 19660731   167.6
19660801 19660831   202.7
19660901 19660930   159.6
19661001 19661031   104.2
19661101 19661130    99.7
19661201 19661231   120.3
19670101 19670131    28.2
19670201 19670228    15.1
19670301 19670331    38.1
19670401 19670430    35.3
19670501 19670531    62.9
19670601 19670630    82.3
19670701 19670731    68.4
19670801 19670831   178.6
19670901 19670930    96.9
19671001 19671031    36.1
19671101 19671130    16.5
19671201 19671231    69.5
19680101 19680131    40.7
19680201 19680229     0.6
19680301 19680331    61.4
19680401 19680430   134.0
19680501 19680531   212.5
19680601 19680630   176.0
19680701 19680731   158.7
19680801 19680831   158.9
19680901 19680930    55.1
19681001 19681031   127.5
19681101 19681130   100.1
19681201 19681231    76.1
19690101 19690131    32.0
19690201 19690228    90.1
19690301 19690331   149.3
19690401 19690430    96.6
19690501 19690531   213.7
19690601 19690630    24.4
19690701 19690731   140.2
19690801 19690831    70.5
19690901 19690930   128.1
19691001 19691031    40.9
19691101 19691130    88.2
19691201 19691231   105.9
19700101 19700131    90.3
19700201 19700228    21.1
19700301 19700331   173.7
19700401 19700430   155.7
19700501 19700531   145.1
19700601 19700630   112.2
19700701 19700731    53.7
19700801 19700831   176.8
19700901 19700930    85.3
19701001 19701031    51.3
19701101 19701130   100.8
19701201 19701231   109.8
19710101 19710131    65.3
19710201 19710228    54.7
19710301 19710331    23.6
19710401 19710430   134.8
19710501 19710531   172.7
19710601 19710630   121.3
19710701 19710731    79.6
19710801 19710831    93.8
19710901 19710930   113.7
19711001 19711031   164.4
19711101 19711130   242.6
19711201 19711231   129.9
19720101 19720131    76.1
19720201 19720229   194.4
19720301 19720331    22.8
19720401 19720430    78.8
19720501 19720531    60.8
19720601 19720630    40.1
19720701 19720731   104.7
19720801 19720831   127.1
19720901 19720930    59.0
19721001 19721031    74.7
19721101 19721130    59.3
19721201 19721231     3.1
19730101 19730131    44.0
19730201 19730228   230.4
19730301 19730331    78.6
19730401 19730430   109.0
19730501 19730531    92.7
19730601 19730630   157.4
19730701 19730731   103.0
19730801 19730831   208.7
19730901 19730930   167.6
19731001 19731031   192.5
19731101 19731130    64.7
19731201 19731231   113.1
19740101 19740131   107.2
19740201 19740228    37.4
19740301 19740331    50.2
19740401 19740430   290.2
19740501 19740531   243.8
19740601 19740630    45.0
19740701 19740731   179.8
19740801 19740831   145.0
19740901 19740930   171.4
19741001 19741031   175.2
19741101 19741130   122.2
19741201 19741231    45.4
19750101 19750131    32.8
19750201 19750228     6.6
19750301 19750331    64.6
19750401 19750430    56.4
19750501 19750531   104.0
19750601 19750630    91.0
19750701 19750731   109.8
19750801 19750831   221.2
19750901 19750930   203.4
19751001 19751031   254.8
19751101 19751130    78.6
19751201 19751231   170.9
19760101 19760131    46.8
19760201 19760229    14.4
19760301 19760331    32.6
19760401 19760430    42.0
19760501 19760531    35.2
19760601 19760630   120.6
19760701 19760731    55.0
19760801 19760831   156.8
19760901 19760930   151.4
19761001 19761031   144.6
19761101 19761130   183.6
19761201 19761231    66.6
19770101 19770131    68.4
19770201 19770228    61.6
19770301 19770331    77.6
19770401 19770430   129.6
19770501 19770531   113.6
19770601 19770630   349.6
19770701 19770731   133.8
19770801 19770831    46.0
19770901 19770930    70.4
19771001 19771031    46.6
19771101 19771130    79.2
19771201 19771231    47.2
19780101 19780131   111.6
19780201 19780228    35.6
19780301 19780331    64.4
19780401 19780430   107.6
19780501 19780531   167.4
19780601 19780630   111.8
19780701 19780731   151.4
19780801 19780831   189.6
19780901 19780930   203.6
19781001 19781031    83.4
19781101 19781130   137.6
19781201 19781231   113.0
19790101 19790131    60.6
19790201 19790228    32.8
19790301 19790331    30.2
19790401 19790430    88.4
19790501 19790531   130.6
19790601 19790630    54.0
19790701 19790731    56.0
19790801 19790831   153.8
19790901 19790930   201.6
19791001 19791031   187.6
19791101 19791130    52.6
19791201 19791231    28.6
19800101 19800131    67.0
19800201 19800229    15.6
19800301 19800331    31.2
19800401 19800430   108.8
19800501 19800531    71.2
19800601 19800630   188.0
19800701 19800731   123.6
19800801 19800831   115.6
19800901 19800930    92.6
19801001 19801031   124.2
19801101 19801130    56.0
19801201 19801231    99.8
19810101 19810131    36.6
19810201 19810228    23.0
19810301 19810331    75.0
19810401 19810430    37.0
19810501 19810531   143.6
19810601 19810630   186.6
19810701 19810731   289.2
19810801 19810831   238.2
19810901 19810930    61.0
19811001 19811031    69.6
19811101 19811130    67.4
19811201 19811231    27.2
19820101 19820131    88.8
19820201 19820228     2.2
19820301 19820331    71.0
19820401 19820430    70.4
19820501 19820531    81.6
19820601 19820630    92.4
19820701 19820731    36.6
19820801 19820831    33.4
19820901 19820930    81.6
19821001 19821031    62.6
19821101 19821130    18.8
19821201 19821231   121.4
19830101 19830131    28.0
19830201 19830228    11.8
19830301 19830331    87.4
19830401 19830430    69.4
19830501 19830531   128.6
19830601 19830630   106.6
19830701 19830731   208.8
19830801 19830831   156.4
19830901 19830930   157.8
19831001 19831031   114.0
19831101 19831130   114.4
19831201 19831231    42.2
19840101 19840131   157.8
19840201 19840229    34.8
19840301 19840331   117.6
19840401 19840430    86.2
19840501 19840531    22.6
19840601 19840630    84.8
19840701 19840731   138.8
19840801 19840831   212.8
19840901 19840930   213.4
19841001 19841031    82.2
19841101 19841130    89.6
19841201 19841231    72.2
19850101 19850131    61.4
19850201 19850228    11.8
19850301 19850331    49.6
19850401 19850430    92.6
19850501 19850531   103.0
19850601 19850630   102.8
19850701 19850731   112.8
19850801 19850831   269.8
19850901 19850930   115.4
19851001 19851031    87.2
19851101 19851130   102.2
19851201 19851231   233.6
19860101 19860131    80.2
19860201 19860228    33.4
19860301 19860331    35.8
19860401 19860430   119.4
19860501 19860531   107.2
19860601 19860630    85.4
19860701 19860731   186.6
19860801 19860831    94.8
19860901 19860930   118.0
19861001 19861031   176.2
19861101 19861130    46.4
19861201 19861231   111.0
19870101 19870131    78.2
19870201 19870228    55.0
19870301 19870331    99.8
19870401 19870430    58.0
19870501 19870531   166.8
19870601 19870630   139.8
19870701 19870731   180.4
19870801 19870831    81.2
19870901 19870930    87.6
19871001 19871031   121.2
19871101 19871130    91.8
19871201 19871231   138.4
19880101 19880131   124.2
19880201 19880229    32.0
19880301 19880331    82.4
19880401 19880430    33.2
19880501 19880531   121.2
19880601 19880630   145.8
19880701 19880731   119.8
19880801 19880831   114.2
19880901 19880930   126.4
19881001 19881031    55.8
19881101 19881130   299.0
19881201 19881231    81.8
19890101 19890131    78.4
19890201 19890228    25.6
19890301 19890331   112.8
19890401 19890430   147.6
19890501 19890531   137.4
19890601 19890630   205.0
19890701 19890731   134.6
19890801 19890831   201.0
19890901 19890930    98.2
19891001 19891031   173.4
19891101 19891130    59.2
19891201 19891231    78.4
19900101 19900131    10.2
19900201 19900228   142.4
19900301 19900331    47.6
19900401 19900430   167.8
19900501 19900531    64.0
19900601 19900630   106.2
19900701 19900731   143.2
19900801 19900831   155.8
19900901 19900930    93.8
19901001 19901031   119.8
19901101 19901130    59.2
19901201 19901231    39.6
19910101 19910131    91.8
19910201 19910228     1.4
19910301 19910331    57.2
19910401 19910430    42.4
19910501 19910531    39.4
19910601 19910630   180.4
19910701 19910731   167.4
19910801 19910831   147.0
19910901 19910930   135.0
19911001 19911031    63.2
19911101 19911130    54.0
19911201 19911231   177.8
19920101 19920131   104.4
19920201 19920229    55.4
19920301 19920331    48.2
19920401 19920430    98.0
19920501 19920531   155.0
19920601 19920630   112.2
19920701 19920731    79.8
19920801 19920831   118.4
19920901 19920930   213.6
19921001 19921031   205.2
19921101 19921130   165.6
19921201 19921231   140.6
19930101 19930131    97.0
19930201 19930228    69.8
19930301 19930331    69.0
19930401 19930430    29.2
19930501 19930531    57.2
19930601 19930630   103.2
19930701 19930731   147.8
19930801 19930831    94.4
19930901 19930930   239.6
19931001 19931031   145.8
19931101 19931130   100.0
19931201 19931231   254.4
19940101 19940131    63.2
19940201 19940228   122.6
19940301 19940331    93.4
19940401 19940430    76.2
19940501 19940531    51.4
19940601 19940630    80.4
19940701 19940731    48.0
19940801 19940831    67.4
19940901 19940930    68.8
19941001 19941031    52.2
19941101 19941130    88.8
19941201 19941231    10.4
19950101 19950131   117.2
19950201 19950228    18.2
19950301 19950331    83.2
19950401 19950430   173.4
19950501 19950531   158.0
19950601 19950630   156.8
19950701 19950731   119.0
19950801 19950831    84.2
19950901 19950930    64.0
19951001 19951031   108.2
19951101 19951130    92.0
19951201 19951231   104.6
19960101 19960131   108.0
19960201 19960229   208.8
19960301 19960331    87.8
19960401 19960430   185.0
19960501 19960531    77.4
19960601 19960630   183.4
19960701 19960731   167.2
19960801 19960831   111.4
19960901 19960930   164.8
19961001 19961031    67.8
19961101 19961130    95.4
19961201 19961231    51.8
19970101 19970131    64.0
19970201 19970228     7.6
19970301 19970331    38.8
19970401 19970430    41.6
19970501 19970531   112.8
19970601 19970630    70.2
19970701 19970731    36.4
19970801 19970831    74.8
19970901 19970930   123.8
19971001 19971031    57.6
19971101 19971130    96.0
19971201 19971231    15.6
19980101 19980131    84.6
19980201 19980228    64.0
19980301 19980331    31.4
19980401 19980430    81.0
19980501 19980531    98.4
19980601 19980630   154.6
19980701 19980731   137.8
19980801 19980831    53.8
19980901 19980930   101.2
19981001 19981031    88.0
19981101 19981130    93.2
19981201 19981231    77.4
19990101 19990131    75.0
19990201 19990228    91.8
19990301 19990331    88.4
19990401 19990430    52.0
19990501 19990531    91.4
19990601 19990630   160.7
19990701 19990731    74.0
19990801 19990831   198.4
19990901 19990930    63.6
19991001 19991031    79.0
19991101 19991130    77.4
19991201 19991231   172.8
20000101 20000131    81.4
20000201 20000229    82.6
20000301 20000331    37.4
20000401 20000430    49.6
20000501 20000531   195.8
20000601 20000630   126.4
20000701 20000731   126.0
20000801 20000831   120.2
20000901 20000930   143.2
20001001 20001031   223.7
20001101 20001130   155.4
20001201 20001231    27.2
20010101 20010131    40.9
20010201 20010228    27.2
20010301 20010331   137.6
20010401 20010430   139.0
20010501 20010531    54.4
20010601 20010630   109.6
20010701 20010731    52.0
20010801 20010831   129.6
20010901 20010930    74.0
20011001 20011031   149.2
20011101 20011130   107.4
20011201 20011231    41.0
20020101 20020131    74.6
20020201 20020228    63.6
20020301 20020331    44.6
20020401 20020430    61.2
20020501 20020531    93.2
20020601 20020630   113.8
20020701 20020731    43.4
20020801 20020831    58.6
20020901 20020930    74.4
20021001 20021031    71.4
20021101 20021130    53.2
20021201 20021231    41.6
20030101 20030131    55.6
20030201 20030228    22.0
20030301 20030331    56.2
20030401 20030430    91.1
20030501 20030531    80.6
20030601 20030630   109.4
20030701 20030731   128.3
20030801 20030831   171.4
20030901 20030930    94.8
20031001 20031031   113.5
20031101 20031130    51.9
20031201 20031231   153.4
20040101 20040131    59.6
20040201 20040229    32.0
20040301 20040331    41.8
20040401 20040430   111.2
20040501 20040531    68.8
20040601 20040630   101.0
20040701 20040731    92.9
20040801 20040831   140.1
20040901 20040930   130.0
20041001 20041031    65.0
20041101 20041130   248.6
20041201 20041231   105.6
20050101 20050131    58.4
20050201 20050228   232.8
20050301 20050331    19.2
20050401 20050430    53.2
20050501 20050531    26.0
20050601 20050630   117.6
20050701 20050731    98.6
20050801 20050831   161.6
20050901 20050930    76.4
20051001 20051031    78.8
20051101 20051130    84.4
20051201 20051231    69.8
20060101 20060131    90.4
20060201 20060228    50.2
20060301 20060331    33.6
20060401 20060430    92.6
20060501 20060531    96.8
20060601 20060630    40.4
20060701 20060731   110.6
20060801 20060831    57.0
20060901 20060930    60.6
20061001 20061031    25.4
20061101 20061130    37.4
20061201 20061231    46.0
20070101 20070131    25.8
20070201 20070228    25.8
20070301 20070331    86.2
20070401 20070430    34.4
20070501 20070531   107.8
20070601 20070630   145.4
20070701 20070731   122.6
20070801 20070831    56.8
20070901 20070930    61.6
20071001 20071031    25.4
20071101 20071130    82.2
20071201 20071231   143.0
20080101 20080131    70.8
20080201 20080229    65.4
20080301 20080331    44.2
20080401 20080430    21.4
20080501 20080531    46.4
20080601 20080630    96.6
20080701 20080731   125.8
20080801 20080831   131.0
20080901 20080930    41.0
20081001 20081031    34.0
20081101 20081130   146.0
20081201 20081231   117.4
20090101 20090131     2.8
20090201 20090228     3.2
20090301 20090331    57.6
20090401 20090430    76.2
20090501 20090531    29.4
20090601 20090630    60.4
20090701 20090731    79.2
20090801 20090831   107.4
20090901 20090930   169.6
20091001 20091031    74.8
20091101 20091130    82.6
20091201 20091231    71.4
20100101 20100131    97.6
20100201 20100228   117.0
20100301 20100331   140.0
20100401 20100430    73.8
20100501 20100531    68.0
20100601 20100630   154.6
20100701 20100731    91.0
20100801 20100831   182.4
20100901 20100930   131.8
20101001 20101031   200.0
20101101 20101130   197.2
20101201 20101231   150.0
20110101 20110131   195.0
20110201 20110228   155.8
20110301 20110331    74.4
20110401 20110430   154.6
20110501 20110531   124.2
20110601 20110630    62.4
20110701 20110731   105.6
20110801 20110831    69.6
20110901 20110930   113.0
20111001 20111031   100.4
20111101 20111130   228.2
20111201 20111231    88.0
20120101 20120131    58.4
20120201 20120229    80.0
20120301 20120331    92.6
20120401 20120430    87.0
20120501 20120531   125.8
20120601 20120630   130.0
20120701 20120731   171.0
20120801 20120831   136.4
20120901 20120930    64.6
20121001 20121031    54.2
20121101 20121130    63.2
20121201 20121231    46.8
20130101 20130131     8.6
20130201 20130228    68.0
20130301 20130331    93.0
20130401 20130430    44.6
20130501 20130531    76.6
20130601 20130630    91.0
20130701 20130731   143.0
20130801 20130831   125.2
20130901 20130930   111.0
20131001 20131031    87.8
20131101 20131130   107.8
20131201 20131231    83.4
20140101 20140131    33.6
20140201 20140228    48.0
20140301 20140331    33.0
20140401 20140430   119.4
20140501 20140531   105.8
20140601 20140630   133.4
20140701 20140731   100.4
20140801 20140831    56.2
20140901 20140930    87.4
20141001 20141031    84.6
20141101 20141130    75.2
20141201 20141231    41.2
20150101 20150131    35.4
20150201 20150228    84.6
20150301 20150331    74.0
20150401 20150430    96.8
20150501 20150531    82.2
20150601 20150630    59.4
20150701 20150731 99999.9
20150801 20150831 99999.9
20150901 20150930 99999.9
20151001 20151031 99999.9
20151101 20151130 99999.9
20151201 20151231 99999.9
20160101 20160131 99999.9
20160201 20160229 99999.9
20160301 20160331 99999.9
20160401 20160430    53.2
20160501 20160531   116.0
20160601 20160630   100.0
20160701 20160731    92.8
20160801 20160831    91.8
20160901 20160930   222.8
20161001 20161031    92.6
20161101 20161130    86.0
20161201 20161231    21.0
20170101 20170131    31.4
20170201 20170228    38.8
20170301 20170331    70.4
20170401 20170430 99999.9
20170501 20170531    46.0
20170601 20170630    25.4
20170701 20170731    61.6
20170801 20170831   101.4
20170901 20170930    61.6
20171001 20171031    36.2
20171101 20171130    58.4
20171201 20171231 99999.9
20180101 20180131    79.0
