PRCP       047031 18910501 20171231 missing_value=99999.9 STEPHENS CREEK RESERVOIR                  
18910501 18910531     7.4
18910601 18910630    39.4
18910701 18910731     0.0
18910801 18910831    41.8
18910901 18910930     7.5
18911001 18911031    22.1
18911101 18911130     3.6
18911201 18911231     3.8
18920101 18920131     5.6
18920201 18920229     3.1
18920301 18920331     0.0
18920401 18920430     0.5
18920501 18920531    49.8
18920601 18920630    10.4
18920701 18920731    14.5
18920801 18920831    17.8
18920901 18920930    31.1
18921001 18921031    46.5
18921101 18921130    49.5
18921201 18921231     0.0
18930101 18930131     0.0
18930201 18930228     0.0
18930301 18930331     3.8
18930401 18930430    41.8
18930501 18930531    51.3
18930601 18930630    39.4
18930701 18930731    13.7
18930801 18930831    18.3
18930901 18930930     1.6
18931001 18931031     7.6
18931101 18931130     3.0
18931201 18931231     6.6
18940101 18940131    27.3
18940201 18940228     1.3
18940301 18940331     1.9
18940401 18940430    13.8
18940501 18940531     5.4
18940601 18940630    37.2
18940701 18940731     3.1
18940801 18940831    31.0
18940901 18940930    24.9
18941001 18941031    32.7
18941101 18941130     2.8
18941201 18941231   112.7
18950101 18950131    24.9
18950201 18950228     1.3
18950301 18950331    12.5
18950401 18950430     8.3
18950501 18950531     8.4
18950601 18950630    14.7
18950701 18950731     1.0
18950801 18950831     5.1
18950901 18950930     5.6
18951001 18951031     0.0
18951101 18951130    12.4
18951201 18951231    24.7
18960101 18960131     1.5
18960201 18960229    53.5
18960301 18960331    15.2
18960401 18960430    39.6
18960501 18960531     6.4
18960601 18960630     1.3
18960701 18960731     7.9
18960801 18960831     9.2
18960901 18960930     4.8
18961001 18961031    29.8
18961101 18961130    47.1
18961201 18961231     5.1
18970101 18970131    28.9
18970201 18970228    12.7
18970301 18970331     0.0
18970401 18970430     0.8
18970501 18970531     0.5
18970601 18970630    27.7
18970701 18970731    16.7
18970801 18970831    15.0
18970901 18970930    11.2
18971001 18971031     0.0
18971101 18971130     0.0
18971201 18971231     0.0
18980101 18980131     0.0
18980201 18980228    91.1
18980301 18980331     0.0
18980401 18980430     1.3
18980501 18980531     1.3
18980601 18980630    45.0
18980701 18980731     0.0
18980801 18980831    29.5
18980901 18980930     2.5
18981001 18981031     6.8
18981101 18981130     0.8
18981201 18981231     4.3
18990101 18990131    14.2
18990201 18990228    14.0
18990301 18990331    11.7
18990401 18990430    12.7
18990501 18990531     0.8
18990601 18990630    29.4
18990701 18990731     1.1
18990801 18990831     1.0
18990901 18990930    10.7
18991001 18991031    11.7
18991101 18991130     2.3
18991201 18991231     0.0
19000101 19000131    33.6
19000201 19000228     0.0
19000301 19000331    31.5
19000401 19000430    14.6
19000501 19000531    11.3
19000601 19000630    24.4
19000701 19000731     4.1
19000801 19000831    15.2
19000901 19000930     3.6
19001001 19001031     1.3
19001101 19001130     7.6
19001201 19001231     0.0
19010101 19010131     0.5
19010201 19010228    45.7
19010301 19010331    21.3
19010401 19010430    13.7
19010501 19010531     2.5
19010601 19010630     4.8
19010701 19010731    11.6
19010801 19010831    59.6
19010901 19010930     8.6
19011001 19011031    10.2
19011101 19011130     1.9
19011201 19011231     0.0
19020101 19020131     0.8
19020201 19020228     0.3
19020301 19020331    21.1
19020401 19020430     1.0
19020501 19020531     0.0
19020601 19020630     1.8
19020701 19020731     3.6
19020801 19020831     8.1
19020901 19020930     2.0
19021001 19021031     5.9
19021101 19021130     1.3
19021201 19021231    31.0
19030101 19030131     0.0
19030201 19030228     6.4
19030301 19030331    13.2
19030401 19030430     6.1
19030501 19030531     5.0
19030601 19030630     4.3
19030701 19030731     2.5
19030801 19030831    24.4
19030901 19030930    58.2
19031001 19031031    52.6
19031101 19031130    55.1
19031201 19031231    88.0
19040101 19040131     3.8
19040201 19040229     4.6
19040301 19040331     1.3
19040401 19040430     5.6
19040501 19040531     9.2
19040601 19040630    11.2
19040701 19040731    37.3
19040801 19040831     9.9
19040901 19040930    15.0
19041001 19041031    87.6
19041101 19041130     2.8
19041201 19041231    16.5
19050101 19050131    10.7
19050201 19050228     0.0
19050301 19050331     0.0
19050401 19050430    66.6
19050501 19050531    16.0
19050601 19050630    41.2
19050701 19050731    24.1
19050801 19050831     3.6
19050901 19050930     3.5
19051001 19051031     2.8
19051101 19051130     0.0
19051201 19051231     0.0
19060101 19060131     0.0
19060201 19060228     0.0
19060301 19060331    38.1
19060401 19060430     1.3
19060501 19060531    27.5
19060601 19060630    25.0
19060701 19060731     5.1
19060801 19060831    20.8
19060901 19060930    23.2
19061001 19061031     8.9
19061101 19061130     2.5
19061201 19061231     7.1
19070101 19070131    13.2
19070201 19070228     1.0
19070301 19070331     3.8
19070401 19070430     1.5
19070501 19070531     6.9
19070601 19070630    46.7
19070701 19070731     9.6
19070801 19070831    34.7
19070901 19070930     4.5
19071001 19071031     5.6
19071101 19071130    11.7
19071201 19071231    53.9
19080101 19080131     2.9
19080201 19080229    29.9
19080301 19080331    12.2
19080401 19080430    10.4
19080501 19080531     8.9
19080601 19080630     8.4
19080701 19080731    10.2
19080801 19080831    24.0
19080901 19080930    22.1
19081001 19081031    21.3
19081101 19081130     6.9
19081201 19081231     9.2
19090101 19090131     3.9
19090201 19090228     8.6
19090301 19090331    13.7
19090401 19090430     8.1
19090501 19090531    26.9
19090601 19090630    55.4
19090701 19090731     3.5
19090801 19090831    16.2
19090901 19090930     2.8
19091001 19091031    12.2
19091101 19091130    11.2
19091201 19091231     0.0
19100101 19100131    33.7
19100201 19100228     1.0
19100301 19100331    36.6
19100401 19100430     0.0
19100501 19100531    25.7
19100601 19100630    59.5
19100701 19100731    14.2
19100801 19100831    12.3
19100901 19100930    12.7
19101001 19101031    10.2
19101101 19101130    41.7
19101201 19101231     2.8
19110101 19110131    73.6
19110201 19110228    63.7
19110301 19110331     2.0
19110401 19110430     0.0
19110501 19110531    40.5
19110601 19110630     9.7
19110701 19110731    44.8
19110801 19110831    15.5
19110901 19110930     5.8
19111001 19111031    43.1
19111101 19111130    85.9
19111201 19111231   122.9
19120101 19120131     0.0
19120201 19120229    26.9
19120301 19120331     5.6
19120401 19120430     0.0
19120501 19120531     0.0
19120601 19120630   107.2
19120701 19120731    12.2
19120801 19120831    17.0
19120901 19120930     4.1
19121001 19121031    26.5
19121101 19121130    89.7
19121201 19121231    18.0
19130101 19130131     0.0
19130201 19130228    15.8
19130301 19130331    11.4
19130401 19130430     0.0
19130501 19130531    16.2
19130601 19130630     3.6
19130701 19130731     0.0
19130801 19130831     0.0
19130901 19130930    11.6
19131001 19131031    41.1
19131101 19131130     7.9
19131201 19131231     7.4
19140101 19140131     7.1
19140201 19140228     0.0
19140301 19140331    19.3
19140401 19140430    21.6
19140501 19140531     7.1
19140601 19140630    21.6
19140701 19140731     1.8
19140801 19140831     0.0
19140901 19140930     0.5
19141001 19141031    13.7
19141101 19141130    22.4
19141201 19141231    54.3
19150101 19150131     0.5
19150201 19150228    28.2
19150301 19150331     0.5
19150401 19150430     3.9
19150501 19150531    36.7
19150601 19150630     9.7
19150701 19150731    15.5
19150801 19150831    17.1
19150901 19150930    47.8
19151001 19151031     9.5
19151101 19151130     0.0
19151201 19151231    10.9
19160101 19160131     1.8
19160201 19160229     0.0
19160301 19160331     1.0
19160401 19160430     6.9
19160501 19160531    10.6
19160601 19160630    17.6
19160701 19160731    59.7
19160801 19160831    13.6
19160901 19160930    61.6
19161001 19161031    24.9
19161101 19161130    14.3
19161201 19161231     8.9
19170101 19170131    80.7
19170201 19170228    71.7
19170301 19170331    10.1
19170401 19170430     1.5
19170501 19170531     7.7
19170601 19170630     9.2
19170701 19170731    43.5
19170801 19170831    37.2
19170901 19170930    17.2
19171001 19171031    15.4
19171101 19171130    56.3
19171201 19171231     3.1
19180101 19180131    34.1
19180201 19180228     0.8
19180301 19180331    11.3
19180401 19180430    37.9
19180501 19180531    70.9
19180601 19180630     6.9
19180701 19180731     5.9
19180801 19180831    15.5
19180901 19180930     5.1
19181001 19181031    13.7
19181101 19181130     0.0
19181201 19181231     0.0
19190101 19190131     2.8
19190201 19190228    49.3
19190301 19190331     0.0
19190401 19190430    12.0
19190501 19190531    83.5
19190601 19190630     0.5
19190701 19190731     0.3
19190801 19190831     4.1
19190901 19190930     1.3
19191001 19191031     6.9
19191101 19191130    11.8
19191201 19191231    14.9
19200101 19200131     4.6
19200201 19200229     1.5
19200301 19200331     0.0
19200401 19200430     9.6
19200501 19200531     4.4
19200601 19200630    28.4
19200701 19200731     2.0
19200801 19200831    24.1
19200901 19200930    53.4
19201001 19201031    56.1
19201101 19201130    19.6
19201201 19201231    22.1
19210101 19210131     3.3
19210201 19210228    84.1
19210301 19210331    53.3
19210401 19210430    55.1
19210501 19210531    58.2
19210601 19210630    45.9
19210701 19210731     2.1
19210801 19210831    11.7
19210901 19210930    16.5
19211001 19211031    10.5
19211101 19211130    27.4
19211201 19211231    15.4
19220101 19220131     5.1
19220201 19220228    17.3
19220301 19220331     0.0
19220401 19220430    16.8
19220501 19220531    22.6
19220601 19220630    22.6
19220701 19220731    16.5
19220801 19220831     3.7
19220901 19220930     6.1
19221001 19221031     5.6
19221101 19221130     0.0
19221201 19221231    16.8
19230101 19230131     3.6
19230201 19230228     1.1
19230301 19230331     5.1
19230401 19230430     0.0
19230501 19230531    27.2
19230601 19230630    77.4
19230701 19230731    22.3
19230801 19230831     3.9
19230901 19230930     4.8
19231001 19231031     5.1
19231101 19231130     0.0
19231201 19231231    39.0
19240101 19240131    24.6
19240201 19240229     5.1
19240301 19240331     4.1
19240401 19240430     0.0
19240501 19240531     0.0
19240601 19240630     4.5
19240701 19240731     0.0
19240801 19240831    10.2
19240901 19240930    24.1
19241001 19241031     7.4
19241101 19241130    38.4
19241201 19241231    19.1
19250101 19250131    26.7
19250201 19250228    14.2
19250301 19250331    21.8
19250401 19250430     9.1
19250501 19250531    58.0
19250601 19250630     2.5
19250701 19250731    28.2
19250801 19250831     3.8
19250901 19250930    11.4
19251001 19251031     1.5
19251101 19251130     4.9
19251201 19251231     0.0
19260101 19260131    26.7
19260201 19260228     0.0
19260301 19260331    60.2
19260401 19260430     9.3
19260501 19260531    29.0
19260601 19260630    35.6
19260701 19260731     4.8
19260801 19260831    30.5
19260901 19260930    24.9
19261001 19261031     0.0
19261101 19261130     0.0
19261201 19261231     4.0
19270101 19270131     7.7
19270201 19270228     3.0
19270301 19270331     3.8
19270401 19270430     0.0
19270501 19270531     1.0
19270601 19270630     5.0
19270701 19270731     0.0
19270801 19270831     0.0
19270901 19270930     3.0
19271001 19271031    22.3
19271101 19271130    14.0
19271201 19271231    11.7
19280101 19280131     2.3
19280201 19280229    97.9
19280301 19280331    22.9
19280401 19280430     6.9
19280501 19280531     2.5
19280601 19280630    30.9
19280701 19280731    36.3
19280801 19280831     0.0
19280901 19280930     0.8
19281001 19281031     3.0
19281101 19281130     0.5
19281201 19281231     0.0
19290101 19290131     1.5
19290201 19290228     1.5
19290301 19290331     4.9
19290401 19290430    18.6
19290501 19290531     0.0
19290601 19290630     0.0
19290701 19290731     0.0
19290801 19290831     7.6
19290901 19290930    10.2
19291001 19291031     0.0
19291101 19291130    16.5
19291201 19291231    38.1
19300101 19300131     0.0
19300201 19300228    43.3
19300301 19300331     3.8
19300401 19300430     6.1
19300501 19300531    22.6
19300601 19300630     0.0
19300701 19300731     2.5
19300801 19300831    11.9
19300901 19300930    11.4
19301001 19301031    33.5
19301101 19301130    11.5
19301201 19301231    39.9
19310101 19310131     0.0
19310201 19310228     0.0
19310301 19310331    18.8
19310401 19310430    98.1
19310501 19310531    10.9
19310601 19310630    39.9
19310701 19310731    10.7
19310801 19310831     0.0
19310901 19310930    13.5
19311001 19311031    15.0
19311101 19311130     5.8
19311201 19311231     0.0
19320101 19320131     0.0
19320201 19320229    32.5
19320301 19320331     3.8
19320401 19320430    24.6
19320501 19320531    16.8
19320601 19320630    13.0
19320701 19320731     8.6
19320801 19320831    15.2
19320901 19320930    10.4
19321001 19321031     7.1
19321101 19321130    27.4
19321201 19321231    10.7
19330101 19330131     0.0
19330201 19330228     8.1
19330301 19330331    14.0
19330401 19330430     4.6
19330501 19330531     5.1
19330601 19330630     1.5
19330701 19330731     6.4
19330801 19330831     6.8
19330901 19330930    11.4
19331001 19331031     4.8
19331101 19331130    90.7
19331201 19331231    26.1
19340101 19340131     2.6
19340201 19340228     1.3
19340301 19340331     9.7
19340401 19340430    12.2
19340501 19340531     0.0
19340601 19340630     2.5
19340701 19340731    41.9
19340801 19340831     6.1
19340901 19340930     7.4
19341001 19341031    46.2
19341101 19341130    42.4
19341201 19341231     0.0
19350101 19350131     0.8
19350201 19350228     7.1
19350301 19350331    10.0
19350401 19350430    26.6
19350501 19350531     0.8
19350601 19350630     4.8
19350701 19350731     2.4
19350801 19350831     2.5
19350901 19350930    34.1
19351001 19351031    19.5
19351101 19351130     5.8
19351201 19351231    27.2
19360101 19360131    49.0
19360201 19360229     4.4
19360301 19360331     4.8
19360401 19360430     1.1
19360501 19360531    38.1
19360601 19360630     3.8
19360701 19360731    36.7
19360801 19360831    23.9
19360901 19360930     4.6
19361001 19361031    14.8
19361101 19361130     5.7
19361201 19361231    68.4
19370101 19370131    56.7
19370201 19370228    29.3
19370301 19370331     2.1
19370401 19370430     0.5
19370501 19370531    12.0
19370601 19370630    32.8
19370701 19370731     0.0
19370801 19370831    26.9
19370901 19370930     1.0
19371001 19371031    22.6
19371101 19371130     6.1
19371201 19371231    36.1
19380101 19380131     3.1
19380201 19380228     9.4
19380301 19380331     0.0
19380401 19380430     0.5
19380501 19380531     9.7
19380601 19380630     5.4
19380701 19380731    17.7
19380801 19380831    13.0
19380901 19380930     0.8
19381001 19381031    79.2
19381101 19381130     1.0
19381201 19381231     0.0
19390101 19390131     5.3
19390201 19390228   121.7
19390301 19390331    47.8
19390401 19390430    43.2
19390501 19390531    21.9
19390601 19390630    21.6
19390701 19390731     6.5
19390801 19390831     6.6
19390901 19390930     1.8
19391001 19391031    10.5
19391101 19391130    60.1
19391201 19391231     0.0
19400101 19400131     1.8
19400201 19400229     0.0
19400301 19400331     1.0
19400401 19400430    45.5
19400501 19400531     7.1
19400601 19400630     0.5
19400701 19400731     4.3
19400801 19400831     1.6
19400901 19400930     3.5
19401001 19401031     0.8
19401101 19401130     0.0
19401201 19401231     2.3
19410101 19410131    74.0
19410201 19410228     3.3
19410301 19410331    12.5
19410401 19410430     1.0
19410501 19410531     0.0
19410601 19410630    10.8
19410701 19410731    16.2
19410801 19410831     2.6
19410901 19410930     7.8
19411001 19411031    14.9
19411101 19411130    13.2
19411201 19411231     5.3
19420101 19420131     5.9
19420201 19420228    53.6
19420301 19420331     0.0
19420401 19420430     3.3
19420501 19420531    55.6
19420601 19420630    26.8
19420701 19420731    20.4
19420801 19420831    10.8
19420901 19420930     2.9
19421001 19421031    31.3
19421101 19421130     0.0
19421201 19421231     7.9
19430101 19430131     3.0
19430201 19430228    21.1
19430301 19430331     0.8
19430401 19430430    11.2
19430501 19430531     2.4
19430601 19430630     8.4
19430701 19430731    14.3
19430801 19430831    11.0
19430901 19430930    13.2
19431001 19431031    17.4
19431101 19431130    10.1
19431201 19431231     0.0
19440101 19440131     8.6
19440201 19440229    19.3
19440301 19440331     2.3
19440401 19440430     8.4
19440501 19440531     5.3
19440601 19440630     6.4
19440701 19440731     7.6
19440801 19440831    33.5
19440901 19440930     1.3
19441001 19441031     3.6
19441101 19441130     2.8
19441201 19441231    23.6
19450101 19450131     0.0
19450201 19450228     2.5
19450301 19450331     2.0
19450401 19450430     1.3
19450501 19450531     3.8
19450601 19450630    21.2
19450701 19450731    23.9
19450801 19450831    14.3
19450901 19450930     7.9
19451001 19451031    23.1
19451101 19451130     8.4
19451201 19451231    18.3
19460101 19460131    61.8
19460201 19460228    59.7
19460301 19460331     0.5
19460401 19460430     1.3
19460501 19460531     3.4
19460601 19460630    26.5
19460701 19460731     6.1
19460801 19460831     1.3
19460901 19460930     7.3
19461001 19461031     2.5
19461101 19461130    34.9
19461201 19461231    16.3
19470101 19470131     1.3
19470201 19470228   131.1
19470301 19470331    79.3
19470401 19470430     5.2
19470501 19470531     4.0
19470601 19470630     5.3
19470701 19470731    21.6
19470801 19470831    15.7
19470901 19470930    53.1
19471001 19471031    15.2
19471101 19471130    30.5
19471201 19471231     8.1
19480101 19480131     0.0
19480201 19480229    21.7
19480301 19480331     0.0
19480401 19480430    18.3
19480501 19480531    10.9
19480601 19480630    11.2
19480701 19480731     1.0
19480801 19480831    10.2
19480901 19480930     6.1
19481001 19481031    14.5
19481101 19481130     4.8
19481201 19481231   100.3
19490101 19490131     0.0
19490201 19490228    33.0
19490301 19490331    59.5
19490401 19490430     3.8
19490501 19490531    27.7
19490601 19490630     9.6
19490701 19490731    17.6
19490801 19490831     6.1
19490901 19490930    28.2
19491001 19491031    34.9
19491101 19491130    16.0
19491201 19491231     3.8
19500101 19500131     0.0
19500201 19500228   123.0
19500301 19500331    59.2
19500401 19500430     0.0
19500501 19500531    21.2
19500601 19500630    38.8
19500701 19500731    60.9
19500801 19500831     6.4
19500901 19500930     2.1
19501001 19501031    22.8
19501101 19501130    26.3
19501201 19501231    24.6
19510101 19510131     4.6
19510201 19510228    16.2
19510301 19510331     0.0
19510401 19510430     6.4
19510501 19510531     2.8
19510601 19510630    27.1
19510701 19510731    10.9
19510801 19510831     9.9
19510901 19510930    47.5
19511001 19511031    18.9
19511101 19511130     6.9
19511201 19511231     2.1
19520101 19520131    12.0
19520201 19520229     0.0
19520301 19520331    21.5
19520401 19520430    31.3
19520501 19520531    31.2
19520601 19520630     5.4
19520701 19520731    23.7
19520801 19520831    11.2
19520901 19520930    25.4
19521001 19521031    35.4
19521101 19521130    15.7
19521201 19521231     1.3
19530101 19530131    77.0
19530201 19530228     3.6
19530301 19530331     4.3
19530401 19530430     1.8
19530501 19530531     1.3
19530601 19530630     0.8
19530701 19530731     2.0
19530801 19530831    11.9
19530901 19530930    19.7
19531001 19531031    32.9
19531101 19531130     4.3
19531201 19531231     9.1
19540101 19540131    21.6
19540201 19540228     0.0
19540301 19540331     0.0
19540401 19540430    28.7
19540501 19540531     0.0
19540601 19540630     1.8
19540701 19540731     0.0
19540801 19540831     0.0
19540901 19540930     6.4
19541001 19541031    18.5
19541101 19541130    64.6
19541201 19541231    78.5
19550101 19550131     7.6
19550201 19550228    88.2
19550301 19550331    34.5
19550401 19550430    10.9
19550501 19550531    79.6
19550601 19550630    15.2
19550701 19550731    11.3
19550801 19550831    49.7
19550901 19550930    30.5
19551001 19551031    17.0
19551101 19551130    21.6
19551201 19551231     0.5
19560101 19560131    15.2
19560201 19560229    17.8
19560301 19560331    94.5
19560401 19560430    25.8
19560501 19560531    23.4
19560601 19560630    25.3
19560701 19560731    70.0
19560801 19560831     3.2
19560901 19560930    24.6
19561001 19561031     9.1
19561101 19561130     4.1
19561201 19561231     0.8
19570101 19570131     0.0
19570201 19570228    19.1
19570301 19570331    17.0
19570401 19570430     5.1
19570501 19570531     0.5
19570601 19570630    26.5
19570701 19570731    10.0
19570801 19570831    31.0
19570901 19570930     0.5
19571001 19571031     4.8
19571101 19571130     4.1
19571201 19571231    27.3
19580101 19580131    16.5
19580201 19580228     1.3
19580301 19580331    28.5
19580401 19580430    18.4
19580501 19580531     6.8
19580601 19580630     0.8
19580701 19580731    15.9
19580801 19580831    35.2
19580901 19580930     3.4
19581001 19581031    38.3
19581101 19581130   109.8
19581201 19581231    42.4
19590101 19590131     0.8
19590201 19590228     1.8
19590301 19590331    16.3
19590401 19590430     1.0
19590501 19590531    20.1
19590601 19590630     2.0
19590701 19590731    12.3
19590801 19590831    22.3
19590901 19590930     7.4
19591001 19591031    32.4
19591101 19591130     0.0
19591201 19591231    11.0
19600101 19600131    58.0
19600201 19600229    20.4
19600301 19600331     2.3
19600401 19600430     4.5
19600501 19600531    24.5
19600601 19600630     1.6
19600701 19600731    30.8
19600801 19600831     3.8
19600901 19600930    20.6
19601001 19601031     1.5
19601101 19601130    52.0
19601201 19601231     2.1
19610101 19610131    34.3
19610201 19610228     0.3
19610301 19610331     0.5
19610401 19610430    38.2
19610501 19610531     0.8
19610601 19610630    15.5
19610701 19610731    25.0
19610801 19610831     6.7
19610901 19610930     6.5
19611001 19611031    11.7
19611101 19611130    64.3
19611201 19611231    14.3
19620101 19620131   116.1
19620201 19620228     3.3
19620301 19620331    16.6
19620401 19620430     1.3
19620501 19620531    34.7
19620601 19620630     1.9
19620701 19620731     9.7
19620801 19620831     8.1
19620901 19620930     0.0
19621001 19621031    20.9
19621101 19621130     1.3
19621201 19621231    97.6
19630101 19630131    25.9
19630201 19630228     4.1
19630301 19630331     7.6
19630401 19630430    11.2
19630501 19630531    63.7
19630601 19630630    48.4
19630701 19630731     9.4
19630801 19630831    16.1
19630901 19630930     5.3
19631001 19631031     8.4
19631101 19631130     3.0
19631201 19631231    13.0
19640101 19640131     6.2
19640201 19640229     0.0
19640301 19640331     0.0
19640401 19640430    21.9
19640501 19640531     5.7
19640601 19640630     2.8
19640701 19640731     4.6
19640801 19640831    17.8
19640901 19640930    94.5
19641001 19641031    43.7
19641101 19641130     0.8
19641201 19641231     4.9
19650101 19650131     0.0
19650201 19650228     0.0
19650301 19650331     1.3
19650401 19650430     0.0
19650501 19650531    13.9
19650601 19650630    24.4
19650701 19650731     5.4
19650801 19650831    26.9
19650901 19650930     9.5
19651001 19651031    10.5
19651101 19651130     2.4
19651201 19651231    45.0
19660101 19660131    15.0
19660201 19660228    21.1
19660301 19660331    10.2
19660401 19660430     0.5
19660501 19660531     5.4
19660601 19660630     3.3
19660701 19660731    13.6
19660801 19660831    16.3
19660901 19660930     1.8
19661001 19661031    11.4
19661101 19661130    19.5
19661201 19661231    47.3
19670101 19670131    15.3
19670201 19670228    27.2
19670301 19670331    12.2
19670401 19670430     0.0
19670501 19670531     3.0
19670601 19670630     9.7
19670701 19670731     1.1
19670801 19670831     2.6
19670901 19670930     0.5
19671001 19671031    13.8
19671101 19671130     1.0
19671201 19671231     0.0
19680101 19680131    75.0
19680201 19680229     1.3
19680301 19680331    13.2
19680401 19680430    31.8
19680501 19680531    67.8
19680601 19680630    15.0
19680701 19680731    18.3
19680801 19680831    14.5
19680901 19680930     3.8
19681001 19681031     4.0
19681101 19681130    10.2
19681201 19681231    14.9
19690101 19690131    10.5
19690201 19690228    11.0
19690301 19690331    47.6
19690401 19690430     1.8
19690501 19690531    15.0
19690601 19690630    12.7
19690701 19690731    18.8
19690801 19690831     2.3
19690901 19690930    12.2
19691001 19691031    10.9
19691101 19691130     1.5
19691201 19691231     4.1
19700101 19700131    19.1
19700201 19700228     4.6
19700301 19700331     3.8
19700401 19700430    43.2
19700501 19700531     1.8
19700601 19700630     0.8
19700701 19700731     3.8
19700801 19700831    10.4
19700901 19700930    24.4
19701001 19701031     2.0
19701101 19701130    14.0
19701201 19701231     9.1
19710101 19710131     0.0
19710201 19710228    20.4
19710301 19710331    45.7
19710401 19710430    46.5
19710501 19710531     9.3
19710601 19710630     4.1
19710701 19710731    25.4
19710801 19710831    15.5
19710901 19710930    31.9
19711001 19711031     0.0
19711101 19711130    25.4
19711201 19711231    15.7
19720101 19720131    67.3
19720201 19720229     6.9
19720301 19720331     0.0
19720401 19720430    18.3
19720501 19720531     1.3
19720601 19720630     3.6
19720701 19720731     5.6
19720801 19720831    21.7
19720901 19720930     7.1
19721001 19721031    18.3
19721101 19721130     0.3
19721201 19721231     3.6
19730101 19730131     6.8
19730201 19730228    36.4
19730301 19730331    18.6
19730401 19730430    27.4
19730501 19730531     7.8
19730601 19730630    22.4
19730701 19730731    24.3
19730801 19730831    49.1
19730901 19730930     5.3
19731001 19731031    92.4
19731101 19731130    57.6
19731201 19731231    53.6
19740101 19740131   177.8
19740201 19740228    49.2
19740301 19740331    32.4
19740401 19740430   190.6
19740501 19740531    74.8
19740601 19740630    12.4
19740701 19740731    20.8
19740801 19740831    29.2
19740901 19740930    31.1
19741001 19741031    61.2
19741101 19741130    29.2
19741201 19741231     3.6
19750101 19750131     8.8
19750201 19750228    25.2
19750301 19750331    10.4
19750401 19750430     3.0
19750501 19750531     2.8
19750601 19750630     1.6
19750701 19750731    11.2
19750801 19750831    36.6
19750901 19750930    38.3
19751001 19751031    97.4
19751101 19751130     5.8
19751201 19751231   107.8
19760101 19760131    65.6
19760201 19760229   116.2
19760301 19760331     1.2
19760401 19760430    32.6
19760501 19760531     0.0
19760601 19760630     1.4
19760701 19760731    18.4
19760801 19760831     1.0
19760901 19760930    14.8
19761001 19761031    39.2
19761101 19761130    13.8
19761201 19761231     2.8
19770101 19770131    18.6
19770201 19770228    14.4
19770301 19770331     8.0
19770401 19770430     0.0
19770501 19770531    11.3
19770601 19770630    16.2
19770701 19770731     1.0
19770801 19770831     0.8
19770901 19770930    24.9
19771001 19771031    18.6
19771101 19771130    16.3
19771201 19771231     2.6
19780101 19780131     9.0
19780201 19780228     0.0
19780301 19780331    15.7
19780401 19780430     1.0
19780501 19780531    29.0
19780601 19780630    50.6
19780701 19780731    24.1
19780801 19780831    36.8
19780901 19780930   107.8
19781001 19781031    39.3
19781101 19781130    45.5
19781201 19781231     0.0
19790101 19790131    25.4
19790201 19790228    51.8
19790301 19790331    26.8
19790401 19790430    13.6
19790501 19790531    44.0
19790601 19790630    16.7
19790701 19790731     2.4
19790801 19790831    28.0
19790901 19790930    51.3
19791001 19791031    15.6
19791101 19791130    12.1
19791201 19791231     4.2
19800101 19800131     7.8
19800201 19800229    13.4
19800301 19800331     0.0
19800401 19800430    74.7
19800501 19800531    24.4
19800601 19800630    15.7
19800701 19800731    18.0
19800801 19800831    27.1
19800901 19800930     1.5
19801001 19801031    22.2
19801101 19801130    19.4
19801201 19801231     4.0
19810101 19810131     9.2
19810201 19810228    12.4
19810301 19810331     1.2
19810401 19810430     0.0
19810501 19810531    76.8
19810601 19810630    15.4
19810701 19810731    41.2
19810801 19810831     5.4
19810901 19810930    13.6
19811001 19811031    11.4
19811101 19811130    16.1
19811201 19811231    14.6
19820101 19820131    20.8
19820201 19820228     0.0
19820301 19820331    23.2
19820401 19820430     2.0
19820501 19820531     1.0
19820601 19820630     3.6
19820701 19820731     1.6
19820801 19820831     0.6
19820901 19820930    18.0
19821001 19821031     0.2
19821101 19821130     0.0
19821201 19821231     0.2
19830101 19830131     0.6
19830201 19830228    13.4
19830301 19830331    17.8
19830401 19830430    19.8
19830501 19830531    14.2
19830601 19830630     3.2
19830701 19830731    25.8
19830801 19830831    34.6
19830901 19830930     6.6
19831001 19831031    75.6
19831101 19831130    66.8
19831201 19831231   103.6
19840101 19840131    91.0
19840201 19840229     0.8
19840301 19840331     8.8
19840401 19840430    56.2
19840501 19840531     1.0
19840601 19840630     7.0
19840701 19840731    35.4
19840801 19840831    13.2
19840901 19840930     9.8
19841001 19841031    13.0
19841101 19841130     1.4
19841201 19841231     7.0
19850101 19850131     3.8
19850201 19850228     0.0
19850301 19850331     4.0
19850401 19850430     4.4
19850501 19850531    48.6
19850601 19850630    15.8
19850701 19850731     1.8
19850801 19850831    44.2
19850901 19850930     1.2
19851001 19851031    43.0
19851101 19851130    18.0
19851201 19851231    14.6
19860101 19860131     0.0
19860201 19860228     2.4
19860301 19860331     0.0
19860401 19860430     0.4
19860501 19860531    20.2
19860601 19860630     0.8
19860701 19860731    15.0
19860801 19860831    28.4
19860901 19860930    24.2
19861001 19861031    48.8
19861101 19861130     7.8
19861201 19861231    38.6
19870101 19870131    29.4
19870201 19870228    36.4
19870301 19870331    39.8
19870401 19870430     1.2
19870501 19870531    11.6
19870601 19870630    39.4
19870701 19870731     8.3
19870801 19870831    50.2
19870901 19870930    30.8
19871001 19871031    10.8
19871101 19871130    12.6
19871201 19871231    50.8
19880101 19880131     7.2
19880201 19880229     0.2
19880301 19880331    58.5
19880401 19880430    29.4
19880501 19880531    49.2
19880601 19880630    27.2
19880701 19880731    33.4
19880801 19880831     2.8
19880901 19880930    11.0
19881001 19881031     2.0
19881101 19881130     7.5
19881201 19881231    30.4
19890101 19890131     4.2
19890201 19890228     0.0
19890301 19890331   199.2
19890401 19890430    29.2
19890501 19890531    97.6
19890601 19890630    15.6
19890701 19890731    26.8
19890801 19890831     4.8
19890901 19890930     0.0
19891001 19891031     5.0
19891101 19891130     6.6
19891201 19891231     5.2
19900101 19900131    35.6
19900201 19900228     5.6
19900301 19900331     1.6
19900401 19900430    40.6
19900501 19900531    61.6
19900601 19900630     4.8
19900701 19900731    42.8
19900801 19900831     3.6
19900901 19900930     9.6
19901001 19901031     9.6
19901101 19901130     0.0
19901201 19901231     0.0
19910101 19910131    21.6
19910201 19910228     0.0
19910301 19910331     1.2
19910401 19910430     5.2
19910501 19910531    17.4
19910601 19910630    27.1
19910701 19910731    22.0
19910801 19910831    14.0
19910901 19910930     3.0
19911001 19911031     0.0
19911101 19911130    19.8
19911201 19911231 99999.9
19920101 19920131     0.0
19920201 19920229    34.6
19920301 19920331     0.0
19920401 19920430    20.2
19920501 19920531    33.2
19920601 19920630     8.8
19920701 19920731     2.4
19920801 19920831    35.4
19920901 19920930    41.6
19921001 19921031    24.1
19921101 19921130    75.8
19921201 19921231   190.1
19930101 19930131    91.4
19930201 19930228     8.6
19930301 19930331     2.8
19930401 19930430     0.3
19930501 19930531    23.2
19930601 19930630     2.4
19930701 19930731 99999.9
19930801 19930831     3.6
19930901 19930930    43.8
19931001 19931031    77.8
19931101 19931130    36.0
19931201 19931231   121.4
19940101 19940131     2.2
19940201 19940228    89.2
19940301 19940331     0.0
19940401 19940430     0.0
19940501 19940531     3.8
19940601 19940630    15.8
19940701 19940731     3.4
19940801 19940831     0.4
19940901 19940930     8.4
19941001 19941031    10.4
19941101 19941130     0.0
19941201 19941231     5.1
19950101 19950131    21.4
19950201 19950228     8.5
19950301 19950331     0.0
19950401 19950430     0.0
19950501 19950531    33.6
19950601 19950630    23.9
19950701 19950731     8.9
19950801 19950831     0.0
19950901 19950930    30.9
19951001 19951031    50.4
19951101 19951130    31.1
19951201 19951231     6.8
19960101 19960131    25.4
19960201 19960229    17.0
19960301 19960331    64.6
19960401 19960430     0.0
19960501 19960531     5.6
19960601 19960630    10.4
19960701 19960731    55.2
19960801 19960831    23.6
19960901 19960930    25.3
19961001 19961031    11.0
19961101 19961130    15.2
19961201 19961231    23.0
19970101 19970131    21.8
19970201 19970228    34.2
19970301 19970331     0.4
19970401 19970430     0.0
19970501 19970531    37.8
19970601 19970630     2.6
19970701 19970731     0.0
19970801 19970831    12.4
19970901 19970930    35.7
19971001 19971031    25.6
19971101 19971130    16.2
19971201 19971231    14.2
19980101 19980131   113.6
19980201 19980228    12.2
19980301 19980331     1.8
19980401 19980430     6.2
19980501 19980531     0.0
19980601 19980630     7.4
19980701 19980731    46.2
19980801 19980831     9.6
19980901 19980930    17.2
19981001 19981031    10.0
19981101 19981130    17.8
19981201 19981231     7.8
19990101 19990131     2.0
19990201 19990228    10.4
19990301 19990331    20.2
19990401 19990430     0.0
19990501 19990531     5.8
19990601 19990630     5.7
19990701 19990731    26.4
19990801 19990831     5.0
19990901 19990930     7.8
19991001 19991031    38.0
19991101 19991130    37.6
19991201 19991231    33.0
20000101 20000131     0.4
20000201 20000229   143.0
20000301 20000331     1.0
20000401 20000430    60.4
20000501 20000531    16.2
20000601 20000630     5.0
20000701 20000731     8.8
20000801 20000831    14.8
20000901 20000930    25.6
20001001 20001031    31.8
20001101 20001130    37.8
20001201 20001231    12.6
20010101 20010131     2.2
20010201 20010228    17.2
20010301 20010331     3.0
20010401 20010430     0.0
20010501 20010531     9.0
20010601 20010630    32.2
20010701 20010731    16.8
20010801 20010831     1.6
20010901 20010930    42.8
20011001 20011031    27.7
20011101 20011130     0.6
20011201 20011231     0.0
20020101 20020131     8.1
20020201 20020228    12.0
20020301 20020331     1.6
20020401 20020430    18.6
20020501 20020531     5.6
20020601 20020630     1.4
20020701 20020731     2.2
20020801 20020831     3.2
20020901 20020930     3.4
20021001 20021031     0.0
20021101 20021130     2.4
20021201 20021231     6.8
20030101 20030131     2.0
20030201 20030228    41.6
20030301 20030331     0.0
20030401 20030430     4.2
20030501 20030531    48.8
20030601 20030630    13.0
20030701 20030731    18.6
20030801 20030831    41.2
20030901 20030930     0.2
20031001 20031031    31.4
20031101 20031130    12.0
20031201 20031231    49.8
20040101 20040131     0.0
20040201 20040229     8.0
20040301 20040331     0.0
20040401 20040430     0.2
20040501 20040531     5.2
20040601 20040630    23.0
20040701 20040731     1.6
20040801 20040831    42.8
20040901 20040930    24.2
20041001 20041031    21.6
20041101 20041130    26.4
20041201 20041231    26.6
20050101 20050131    11.0
20050201 20050228     0.8
20050301 20050331     1.2
20050401 20050430     0.6
20050501 20050531     0.8
20050601 20050630    35.2
20050701 20050731    41.8
20050801 20050831     5.6
20050901 20050930    40.0
20051001 20051031    20.8
20051101 20051130    30.8
20051201 20051231     0.6
20060101 20060131    21.4
20060201 20060228     5.4
20060301 20060331     4.8
20060401 20060430    10.2
20060501 20060531     0.6
20060601 20060630    14.6
20060701 20060731    24.6
20060801 20060831     1.8
20060901 20060930     2.0
20061001 20061031     0.8
20061101 20061130    10.8
20061201 20061231     1.8
20070101 20070131    49.8
20070201 20070228    31.6
20070301 20070331    13.6
20070401 20070430    13.0
20070501 20070531    59.0
20070601 20070630     7.2
20070701 20070731     1.0
20070801 20070831     0.0
20070901 20070930     0.0
20071001 20071031    18.8
20071101 20071130    40.6
20071201 20071231    12.0
20080101 20080131    21.2
20080201 20080229     1.8
20080301 20080331     4.6
20080401 20080430     2.0
20080501 20080531     2.4
20080601 20080630    76.4
20080701 20080731     8.2
20080801 20080831    14.4
20080901 20080930    24.6
20081001 20081031     1.2
20081101 20081130    26.2
20081201 20081231    32.8
20090101 20090131     1.8
20090201 20090228     1.2
20090301 20090331    10.6
20090401 20090430     5.4
20090501 20090531     6.2
20090601 20090630    15.4
20090701 20090731    11.8
20090801 20090831     5.8
20090901 20090930     3.4
20091001 20091031     1.2
20091101 20091130    48.3
20091201 20091231    16.8
20100101 20100131     9.0
20100201 20100228   122.0
20100301 20100331    70.6
20100401 20100430    17.6
20100501 20100531    37.2
20100601 20100630    15.8
20100701 20100731    21.8
20100801 20100831    11.4
20100901 20100930    31.8
20101001 20101031    89.4
20101101 20101130    62.8
20101201 20101231    33.6
20110101 20110131   151.8
20110201 20110228   146.0
20110301 20110331    81.6
20110401 20110430    14.4
20110501 20110531    24.2
20110601 20110630     2.0
20110701 20110731    12.4
20110801 20110831    11.0
20110901 20110930     2.2
20111001 20111031    32.0
20111101 20111130    52.6
20111201 20111231    66.2
20120101 20120131   124.4
20120201 20120229    48.8
20120301 20120331    92.2
20120401 20120430     0.6
20120501 20120531     0.0
20120601 20120630     8.6
20120701 20120731    42.4
20120801 20120831     5.0
20120901 20120930     1.8
20121001 20121031     2.8
20121101 20121130    40.0
20121201 20121231     3.0
20130101 20130131     0.0
20130201 20130228    21.2
20130301 20130331    11.2
20130401 20130430     5.4
20130501 20130531    22.8
20130601 20130630    65.2
20130701 20130731     8.8
20130801 20130831     1.8
20130901 20130930     9.2
20131001 20131031     6.2
20131101 20131130     6.2
20131201 20131231    15.0
20140101 20140131     1.0
20140201 20140228     9.4
20140301 20140331    26.4
20140401 20140430    79.6
20140501 20140531    27.6
20140601 20140630    18.7
20140701 20140731     3.6
20140801 20140831    44.8
20140901 20140930    34.0
20141001 20141031     0.0
20141101 20141130    21.2
20141201 20141231     0.8
20150101 20150131   142.6
20150201 20150228     0.0
20150301 20150331     0.0
20150401 20150430    32.4
20150501 20150531     9.8
20150601 20150630    35.2
20150701 20150731     7.6
20150801 20150831    27.2
20150901 20150930     6.0
20151001 20151031     3.8
20151101 20151130    20.6
20151201 20151231    21.8
20160101 20160131    10.6
20160201 20160229     0.0
20160301 20160331    31.4
20160401 20160430    26.4
20160501 20160531    59.0
20160601 20160630     9.6
20160701 20160731    24.4
20160801 20160831    45.6
20160901 20160930   132.0
20161001 20161031    14.4
20161101 20161130    13.2
20161201 20161231    58.2
20170101 20170131    26.4
20170201 20170228     0.6
20170301 20170331     0.4
20170401 20170430    15.0
20170501 20170531     4.6
20170601 20170630     2.6
20170701 20170731     1.0
20170801 20170831    27.2
20170901 20170930     2.4
20171001 20171031    19.4
20171101 20171130     3.5
20171201 20171231    22.2
