PRCP       026026 19010101 20180131 missing_value=99999.9 ROBE                                      
19010101 19010131    39.6
19010201 19010228     3.0
19010301 19010331    35.2
19010401 19010430    70.3
19010501 19010531    45.1
19010601 19010630   160.5
19010701 19010731    79.2
19010801 19010831    69.1
19010901 19010930    78.9
19011001 19011031    33.2
19011101 19011130    17.7
19011201 19011231    32.8
19020101 19020131     6.6
19020201 19020228    23.8
19020301 19020331    32.4
19020401 19020430     7.1
19020501 19020531    27.9
19020601 19020630   112.1
19020701 19020731    70.4
19020801 19020831    75.7
19020901 19020930    40.7
19021001 19021031    39.3
19021101 19021130    18.3
19021201 19021231    90.3
19030101 19030131    27.4
19030201 19030228    46.6
19030301 19030331    62.6
19030401 19030430    93.2
19030501 19030531    39.3
19030601 19030630   149.7
19030701 19030731    87.2
19030801 19030831    76.8
19030901 19030930    62.3
19031001 19031031    38.1
19031101 19031130    39.2
19031201 19031231    19.8
19040101 19040131    49.3
19040201 19040229    18.1
19040301 19040331     7.1
19040401 19040430    39.6
19040501 19040531    90.6
19040601 19040630    69.7
19040701 19040731   102.8
19040801 19040831    63.8
19040901 19040930    43.8
19041001 19041031    55.7
19041101 19041130    21.7
19041201 19041231     1.3
19050101 19050131    11.5
19050201 19050228    17.4
19050301 19050331     3.6
19050401 19050430    49.8
19050501 19050531    50.5
19050601 19050630   115.0
19050701 19050731   158.8
19050801 19050831    93.6
19050901 19050930    58.2
19051001 19051031    80.0
19051101 19051130    21.5
19051201 19051231     4.3
19060101 19060131     5.3
19060201 19060228     1.8
19060301 19060331    76.2
19060401 19060430    30.5
19060501 19060531   106.2
19060601 19060630   144.5
19060701 19060731   180.0
19060801 19060831    73.9
19060901 19060930    82.7
19061001 19061031    47.9
19061101 19061130    32.9
19061201 19061231     4.6
19070101 19070131     5.9
19070201 19070228     2.5
19070301 19070331    12.3
19070401 19070430    85.4
19070501 19070531    53.6
19070601 19070630    54.3
19070701 19070731    75.5
19070801 19070831   100.1
19070901 19070930    23.1
19071001 19071031    52.8
19071101 19071130    42.4
19071201 19071231    23.8
19080101 19080131     1.5
19080201 19080229    30.4
19080301 19080331    36.1
19080401 19080430    13.0
19080501 19080531    94.9
19080601 19080630   149.0
19080701 19080731    60.5
19080801 19080831    66.0
19080901 19080930    64.7
19081001 19081031    64.6
19081101 19081130    17.1
19081201 19081231    16.2
19090101 19090131    17.9
19090201 19090228    11.6
19090301 19090331    29.5
19090401 19090430    97.4
19090501 19090531   143.6
19090601 19090630   135.0
19090701 19090731   111.3
19090801 19090831   105.5
19090901 19090930    63.9
19091001 19091031    60.8
19091101 19091130    34.8
19091201 19091231    26.7
19100101 19100131     1.0
19100201 19100228     3.3
19100301 19100331    96.2
19100401 19100430    27.4
19100501 19100531   158.8
19100601 19100630   116.1
19100701 19100731   147.0
19100801 19100831    70.9
19100901 19100930   121.2
19101001 19101031    71.0
19101101 19101130    49.6
19101201 19101231    57.1
19110101 19110131     0.5
19110201 19110228   103.8
19110301 19110331    32.4
19110401 19110430    32.9
19110501 19110531    80.4
19110601 19110630   144.1
19110701 19110731    90.7
19110801 19110831    29.2
19110901 19110930    39.1
19111001 19111031    25.7
19111101 19111130     3.0
19111201 19111231    61.7
19120101 19120131     2.1
19120201 19120229    20.9
19120301 19120331    23.0
19120401 19120430    47.1
19120501 19120531    27.9
19120601 19120630    70.5
19120701 19120731    97.7
19120801 19120831    75.7
19120901 19120930   120.0
19121001 19121031    37.5
19121101 19121130    57.1
19121201 19121231    50.2
19130101 19130131    14.0
19130201 19130228    15.8
19130301 19130331    58.4
19130401 19130430    31.9
19130501 19130531    22.0
19130601 19130630    31.6
19130701 19130731    76.9
19130801 19130831   100.5
19130901 19130930    40.1
19131001 19131031    35.3
19131101 19131130    40.5
19131201 19131231    53.7
19140101 19140131     9.8
19140201 19140228    47.0
19140301 19140331    50.6
19140401 19140430    78.8
19140501 19140531    70.5
19140601 19140630    45.8
19140701 19140731    69.7
19140801 19140831    11.0
19140901 19140930    14.2
19141001 19141031    20.0
19141101 19141130    41.4
19141201 19141231    32.8
19150101 19150131    16.6
19150201 19150228     1.5
19150301 19150331     7.9
19150401 19150430    34.0
19150501 19150531    43.2
19150601 19150630   190.7
19150701 19150731   108.5
19150801 19150831   117.1
19150901 19150930   137.4
19151001 19151031    30.8
19151101 19151130    18.1
19151201 19151231     1.3
19160101 19160131    23.7
19160201 19160229    24.3
19160301 19160331     5.1
19160401 19160430    47.7
19160501 19160531    42.0
19160601 19160630   200.9
19160701 19160731    95.9
19160801 19160831    95.3
19160901 19160930    38.8
19161001 19161031    49.2
19161101 19161130    65.1
19161201 19161231    30.0
19170101 19170131    15.8
19170201 19170228    42.7
19170301 19170331    22.9
19170401 19170430    35.3
19170501 19170531   131.2
19170601 19170630    57.9
19170701 19170731   162.8
19170801 19170831    65.6
19170901 19170930   102.9
19171001 19171031    71.8
19171101 19171130    15.0
19171201 19171231    22.0
19180101 19180131     5.0
19180201 19180228     5.9
19180301 19180331    14.2
19180401 19180430     6.4
19180501 19180531   105.0
19180601 19180630   144.4
19180701 19180731    86.6
19180801 19180831    65.3
19180901 19180930    26.6
19181001 19181031    79.3
19181101 19181130    14.3
19181201 19181231    32.5
19190101 19190131     8.7
19190201 19190228    68.0
19190301 19190331    27.1
19190401 19190430     1.8
19190501 19190531    54.9
19190601 19190630    45.0
19190701 19190731    70.4
19190801 19190831    59.4
19190901 19190930    75.1
19191001 19191031    34.1
19191101 19191130     8.5
19191201 19191231    24.4
19200101 19200131     3.3
19200201 19200229     5.3
19200301 19200331    13.0
19200401 19200430    16.9
19200501 19200531    74.9
19200601 19200630   152.4
19200701 19200731   132.5
19200801 19200831    87.4
19200901 19200930    48.8
19201001 19201031    23.5
19201101 19201130    42.7
19201201 19201231     6.8
19210101 19210131    30.7
19210201 19210228     9.8
19210301 19210331    12.8
19210401 19210430    17.1
19210501 19210531    53.7
19210601 19210630    83.2
19210701 19210731    83.4
19210801 19210831    71.5
19210901 19210930    85.0
19211001 19211031    37.3
19211101 19211130    84.0
19211201 19211231    28.4
19220101 19220131    35.7
19220201 19220228     2.3
19220301 19220331    14.8
19220401 19220430    38.4
19220501 19220531   153.8
19220601 19220630    94.1
19220701 19220731    96.7
19220801 19220831   104.0
19220901 19220930    92.5
19221001 19221031    39.8
19221101 19221130     4.8
19221201 19221231    37.5
19230101 19230131     9.2
19230201 19230228     2.5
19230301 19230331     0.0
19230401 19230430     0.0
19230501 19230531   118.7
19230601 19230630   177.4
19230701 19230731   112.7
19230801 19230831    56.0
19230901 19230930    57.3
19231001 19231031    36.8
19231101 19231130    15.5
19231201 19231231    47.4
19240101 19240131    29.1
19240201 19240229    57.3
19240301 19240331    67.0
19240401 19240430    42.4
19240501 19240531    50.3
19240601 19240630    78.3
19240701 19240731    30.3
19240801 19240831    70.1
19240901 19240930    78.1
19241001 19241031    49.1
19241101 19241130    53.4
19241201 19241231    10.3
19250101 19250131    12.6
19250201 19250228    23.6
19250301 19250331     2.8
19250401 19250430    62.1
19250501 19250531   203.1
19250601 19250630    64.9
19250701 19250731    97.1
19250801 19250831    48.9
19250901 19250930   118.3
19251001 19251031    19.0
19251101 19251130    23.7
19251201 19251231     2.5
19260101 19260131     0.0
19260201 19260228    19.9
19260301 19260331     1.5
19260401 19260430   121.4
19260501 19260531   112.0
19260601 19260630    55.3
19260701 19260731    94.4
19260801 19260831   103.9
19260901 19260930    32.6
19261001 19261031    74.2
19261101 19261130    29.2
19261201 19261231    36.3
19270101 19270131    18.4
19270201 19270228    33.3
19270301 19270331    23.7
19270401 19270430     0.0
19270501 19270531   128.0
19270601 19270630    52.2
19270701 19270731   105.7
19270801 19270831   112.4
19270901 19270930    16.4
19271001 19271031    20.3
19271101 19271130    50.8
19271201 19271231    44.3
19280101 19280131    10.2
19280201 19280229    28.9
19280301 19280331    32.6
19280401 19280430    29.7
19280501 19280531    77.8
19280601 19280630   149.8
19280701 19280731   105.8
19280801 19280831    53.6
19280901 19280930    78.4
19281001 19281031    90.9
19281101 19281130    15.8
19281201 19281231    10.8
19290101 19290131    33.5
19290201 19290228     8.8
19290301 19290331     3.3
19290401 19290430    31.4
19290501 19290531    65.3
19290601 19290630   102.7
19290701 19290731   131.3
19290801 19290831    77.8
19290901 19290930    77.8
19291001 19291031    35.0
19291101 19291130    12.2
19291201 19291231    59.1
19300101 19300131     0.0
19300201 19300228   100.7
19300301 19300331     2.3
19300401 19300430    35.9
19300501 19300531    19.9
19300601 19300630    31.1
19300701 19300731   104.0
19300801 19300831   135.6
19300901 19300930    74.6
19301001 19301031    63.1
19301101 19301130    18.4
19301201 19301231    13.6
19310101 19310131    31.5
19310201 19310228     5.1
19310301 19310331    27.1
19310401 19310430    38.7
19310501 19310531   105.4
19310601 19310630   136.7
19310701 19310731   124.8
19310801 19310831    90.9
19310901 19310930    53.3
19311001 19311031     3.9
19311101 19311130     6.9
19311201 19311231     2.3
19320101 19320131     0.0
19320201 19320229    90.3
19320301 19320331    32.7
19320401 19320430    68.9
19320501 19320531    17.7
19320601 19320630   147.8
19320701 19320731    94.1
19320801 19320831    87.9
19320901 19320930    60.9
19321001 19321031    65.7
19321101 19321130    25.4
19321201 19321231     7.9
19330101 19330131    51.4
19330201 19330228     0.0
19330301 19330331    21.9
19330401 19330430    26.0
19330501 19330531   127.6
19330601 19330630    43.2
19330701 19330731    34.2
19330801 19330831    93.5
19330901 19330930    97.6
19331001 19331031    29.7
19331101 19331130    33.4
19331201 19331231    12.8
19340101 19340131     9.3
19340201 19340228     1.5
19340301 19340331     3.3
19340401 19340430    78.9
19340501 19340531    41.6
19340601 19340630    14.7
19340701 19340731    45.7
19340801 19340831   109.6
19340901 19340930    85.1
19341001 19341031   104.6
19341101 19341130    67.8
19341201 19341231     9.5
19350101 19350131    17.7
19350201 19350228     0.0
19350301 19350331    55.8
19350401 19350430    38.7
19350501 19350531   106.6
19350601 19350630   102.2
19350701 19350731   137.9
19350801 19350831    61.4
19350901 19350930    45.3
19351001 19351031    26.4
19351101 19351130    34.6
19351201 19351231     6.1
19360101 19360131    30.8
19360201 19360229     0.8
19360301 19360331     4.3
19360401 19360430    28.4
19360501 19360531    64.3
19360601 19360630    84.4
19360701 19360731    73.4
19360801 19360831   113.6
19360901 19360930    31.2
19361001 19361031    66.5
19361101 19361130    13.1
19361201 19361231    54.9
19370101 19370131    51.9
19370201 19370228    10.8
19370301 19370331    15.3
19370401 19370430    27.5
19370501 19370531    99.4
19370601 19370630    22.3
19370701 19370731    36.8
19370801 19370831    91.2
19370901 19370930    90.5
19371001 19371031    19.4
19371101 19371130    47.6
19371201 19371231   112.7
19380101 19380131    10.3
19380201 19380228    29.9
19380301 19380331     3.8
19380401 19380430   103.7
19380501 19380531    20.6
19380601 19380630   116.3
19380701 19380731    88.8
19380801 19380831    53.3
19380901 19380930    26.1
19381001 19381031    25.7
19381101 19381130    39.6
19381201 19381231    16.1
19390101 19390131    26.1
19390201 19390228    12.1
19390301 19390331    25.9
19390401 19390430    93.2
19390501 19390531    29.4
19390601 19390630   199.1
19390701 19390731    29.8
19390801 19390831    96.3
19390901 19390930    49.4
19391001 19391031    53.7
19391101 19391130    30.3
19391201 19391231    19.6
19400101 19400131    36.5
19400201 19400229     8.1
19400301 19400331    11.7
19400401 19400430    93.2
19400501 19400531    35.3
19400601 19400630    36.4
19400701 19400731    93.5
19400801 19400831    26.6
19400901 19400930    27.8
19401001 19401031     9.8
19401101 19401130    52.7
19401201 19401231     7.9
19410101 19410131    52.9
19410201 19410228    18.6
19410301 19410331    68.6
19410401 19410430    47.4
19410501 19410531    33.3
19410601 19410630    19.2
19410701 19410731    92.5
19410801 19410831    32.0
19410901 19410930    73.7
19411001 19411031    19.1
19411101 19411130     8.5
19411201 19411231    10.0
19420101 19420131    38.7
19420201 19420228     0.0
19420301 19420331    16.6
19420401 19420430    18.1
19420501 19420531   147.0
19420601 19420630   130.7
19420701 19420731    79.7
19420801 19420831   100.1
19420901 19420930    84.0
19421001 19421031    62.3
19421101 19421130    12.9
19421201 19421231    16.1
19430101 19430131    12.8
19430201 19430228    37.1
19430301 19430331     3.3
19430401 19430430    70.0
19430501 19430531    59.4
19430601 19430630    87.7
19430701 19430731   129.2
19430801 19430831   110.7
19430901 19430930    94.3
19431001 19431031    28.9
19431101 19431130    36.6
19431201 19431231    16.4
19440101 19440131     4.9
19440201 19440229    30.2
19440301 19440331    13.4
19440401 19440430    70.9
19440501 19440531    97.1
19440601 19440630    35.1
19440701 19440731    97.4
19440801 19440831    11.3
19440901 19440930    66.4
19441001 19441031    62.0
19441101 19441130    42.6
19441201 19441231    45.0
19450101 19450131    14.0
19450201 19450228    40.1
19450301 19450331     6.4
19450401 19450430     4.6
19450501 19450531    42.9
19450601 19450630    93.6
19450701 19450731    74.9
19450801 19450831    84.7
19450901 19450930    74.7
19451001 19451031    92.6
19451101 19451130    51.0
19451201 19451231    49.3
19460101 19460131    91.2
19460201 19460228    89.2
19460301 19460331    81.1
19460401 19460430    23.7
19460501 19460531    80.3
19460601 19460630    58.8
19460701 19460731   154.2
19460801 19460831    49.8
19460901 19460930    56.8
19461001 19461031    27.6
19461101 19461130    21.7
19461201 19461231    19.4
19470101 19470131    13.0
19470201 19470228    17.9
19470301 19470331    93.0
19470401 19470430    67.2
19470501 19470531    59.3
19470601 19470630   101.5
19470701 19470731   166.9
19470801 19470831    71.1
19470901 19470930    97.5
19471001 19471031    72.0
19471101 19471130    73.3
19471201 19471231    29.9
19480101 19480131     6.9
19480201 19480229    18.2
19480301 19480331    13.1
19480401 19480430   110.9
19480501 19480531    62.2
19480601 19480630    49.3
19480701 19480731   111.8
19480801 19480831    98.4
19480901 19480930    36.4
19481001 19481031    80.9
19481101 19481130    48.4
19481201 19481231    15.9
19490101 19490131    28.8
19490201 19490228    64.5
19490301 19490331     9.2
19490401 19490430    10.5
19490501 19490531    71.1
19490601 19490630    41.8
19490701 19490731    72.9
19490801 19490831    28.0
19490901 19490930    31.7
19491001 19491031   111.9
19491101 19491130    63.5
19491201 19491231     6.7
19500101 19500131     8.6
19500201 19500228    21.7
19500301 19500331    15.4
19500401 19500430    20.7
19500501 19500531   108.3
19500601 19500630    37.8
19500701 19500731   114.7
19500801 19500831    91.9
19500901 19500930    55.2
19501001 19501031    75.3
19501101 19501130    32.5
19501201 19501231     3.9
19510101 19510131    13.0
19510201 19510228    29.4
19510301 19510331     1.3
19510401 19510430    81.7
19510501 19510531   140.7
19510601 19510630    51.2
19510701 19510731   163.4
19510801 19510831   120.8
19510901 19510930    24.0
19511001 19511031    77.9
19511101 19511130    14.5
19511201 19511231    28.9
19520101 19520131    38.1
19520201 19520229    37.0
19520301 19520331     2.8
19520401 19520430    90.5
19520501 19520531    80.6
19520601 19520630   116.3
19520701 19520731    93.7
19520801 19520831    89.9
19520901 19520930    65.6
19521001 19521031    54.7
19521101 19521130    88.8
19521201 19521231    40.6
19530101 19530131     5.8
19530201 19530228    15.9
19530301 19530331     3.0
19530401 19530430    30.3
19530501 19530531    45.5
19530601 19530630   157.9
19530701 19530731   145.1
19530801 19530831   134.3
19530901 19530930    86.2
19531001 19531031    35.3
19531101 19531130    54.9
19531201 19531231    41.2
19540101 19540131    16.9
19540201 19540228     5.9
19540301 19540331    12.0
19540401 19540430   120.2
19540501 19540531    62.8
19540601 19540630    93.9
19540701 19540731    65.9
19540801 19540831    38.4
19540901 19540930    53.9
19541001 19541031    44.2
19541101 19541130    36.5
19541201 19541231    19.4
19550101 19550131    14.1
19550201 19550228    26.1
19550301 19550331     2.9
19550401 19550430    91.4
19550501 19550531   111.9
19550601 19550630   115.8
19550701 19550731    47.7
19550801 19550831   153.2
19550901 19550930    60.6
19551001 19551031    81.8
19551101 19551130    37.4
19551201 19551231    19.3
19560101 19560131    29.0
19560201 19560229     0.0
19560301 19560331    17.4
19560401 19560430   117.8
19560501 19560531    77.7
19560601 19560630   140.2
19560701 19560731   134.9
19560801 19560831   138.2
19560901 19560930    86.1
19561001 19561031    60.5
19561101 19561130    17.6
19561201 19561231    38.3
19570101 19570131     1.3
19570201 19570228     2.9
19570301 19570331    31.5
19570401 19570430    63.3
19570501 19570531    73.7
19570601 19570630    51.8
19570701 19570731    78.6
19570801 19570831    40.3
19570901 19570930    78.9
19571001 19571031    49.3
19571101 19571130    37.9
19571201 19571231    34.8
19580101 19580131     1.3
19580201 19580228    10.8
19580301 19580331    17.9
19580401 19580430    15.1
19580501 19580531   136.4
19580601 19580630    66.3
19580701 19580731   110.7
19580801 19580831   136.3
19580901 19580930    83.6
19581001 19581031    73.7
19581101 19581130    29.1
19581201 19581231    12.1
19590101 19590131     1.8
19590201 19590228    26.3
19590301 19590331    58.2
19590401 19590430    15.6
19590501 19590531    11.7
19590601 19590630    31.3
19590701 19590731    61.1
19590801 19590831    64.9
19590901 19590930    52.5
19591001 19591031    16.1
19591101 19591130    29.9
19591201 19591231    51.3
19600101 19600131     9.5
19600201 19600229    65.1
19600301 19600331    43.5
19600401 19600430    73.0
19600501 19600531   128.0
19600601 19600630    78.2
19600701 19600731    93.5
19600801 19600831   106.3
19600901 19600930   121.2
19601001 19601031    29.6
19601101 19601130    18.4
19601201 19601231    16.1
19610101 19610131     7.4
19610201 19610228     7.9
19610301 19610331    10.2
19610401 19610430    92.3
19610501 19610531    41.3
19610601 19610630    57.3
19610701 19610731   108.0
19610801 19610831    53.1
19610901 19610930    40.1
19611001 19611031    33.2
19611101 19611130    14.3
19611201 19611231    18.3
19620101 19620131     8.5
19620201 19620228    36.2
19620301 19620331    29.2
19620401 19620430    18.5
19620501 19620531   110.6
19620601 19620630   102.0
19620701 19620731    81.9
19620801 19620831    83.0
19620901 19620930    86.2
19621001 19621031    63.7
19621101 19621130    28.5
19621201 19621231    48.8
19630101 19630131    95.0
19630201 19630228     1.0
19630301 19630331     6.1
19630401 19630430    39.2
19630501 19630531    43.7
19630601 19630630    65.3
19630701 19630731   110.8
19630801 19630831    89.4
19630901 19630930    92.6
19631001 19631031     9.3
19631101 19631130    11.4
19631201 19631231     3.9
19640101 19640131    12.1
19640201 19640229    19.5
19640301 19640331    17.7
19640401 19640430    23.2
19640501 19640531    69.0
19640601 19640630   118.6
19640701 19640731   210.2
19640801 19640831    81.5
19640901 19640930    69.6
19641001 19641031    89.7
19641101 19641130    60.4
19641201 19641231    59.6
19650101 19650131     3.9
19650201 19650228     0.0
19650301 19650331    36.0
19650401 19650430    54.8
19650501 19650531   102.1
19650601 19650630    71.2
19650701 19650731   104.6
19650801 19650831    98.8
19650901 19650930    44.2
19651001 19651031    15.1
19651101 19651130    34.6
19651201 19651231    18.4
19660101 19660131     6.1
19660201 19660228    14.2
19660301 19660331    21.4
19660401 19660430    12.2
19660501 19660531    80.8
19660601 19660630    57.5
19660701 19660731   112.6
19660801 19660831    54.3
19660901 19660930    98.2
19661001 19661031    34.7
19661101 19661130    32.3
19661201 19661231    63.9
19670101 19670131     4.8
19670201 19670228    22.0
19670301 19670331     9.6
19670401 19670430     8.9
19670501 19670531    14.3
19670601 19670630    25.7
19670701 19670731   111.9
19670801 19670831    60.8
19670901 19670930    27.2
19671001 19671031     6.4
19671101 19671130    12.6
19671201 19671231    39.0
19680101 19680131    13.6
19680201 19680229    10.5
19680301 19680331    51.1
19680401 19680430   100.1
19680501 19680531   119.6
19680601 19680630    64.2
19680701 19680731   102.0
19680801 19680831   110.3
19680901 19680930    45.8
19681001 19681031    61.9
19681101 19681130    60.5
19681201 19681231    24.8
19690101 19690131    11.5
19690201 19690228    47.0
19690301 19690331    22.2
19690401 19690430    43.6
19690501 19690531   126.7
19690601 19690630    26.3
19690701 19690731   115.2
19690801 19690831    35.7
19690901 19690930    76.0
19691001 19691031    22.9
19691101 19691130    21.5
19691201 19691231    41.4
19700101 19700131    26.0
19700201 19700228     2.1
19700301 19700331    22.7
19700401 19700430    68.8
19700501 19700531    65.9
19700601 19700630    96.2
19700701 19700731    78.5
19700801 19700831    93.5
19700901 19700930    65.5
19701001 19701031    22.2
19701101 19701130    53.7
19701201 19701231    44.6
19710101 19710131     3.9
19710201 19710228     0.6
19710301 19710331    13.2
19710401 19710430   115.0
19710501 19710531    76.3
19710601 19710630   130.7
19710701 19710731    79.0
19710801 19710831   129.3
19710901 19710930    52.8
19711001 19711031    65.5
19711101 19711130    74.3
19711201 19711231    62.0
19720101 19720131    91.8
19720201 19720229    28.5
19720301 19720331     4.5
19720401 19720430    52.0
19720501 19720531    24.0
19720601 19720630    79.3
19720701 19720731   123.2
19720801 19720831    72.1
19720901 19720930    28.7
19721001 19721031    22.4
19721101 19721130    24.4
19721201 19721231     3.1
19730101 19730131     9.6
19730201 19730228    22.4
19730301 19730331    70.8
19730401 19730430    63.8
19730501 19730531    78.5
19730601 19730630   135.9
19730701 19730731    73.0
19730801 19730831   103.1
19730901 19730930    80.8
19731001 19731031    40.4
19731101 19731130    14.5
19731201 19731231    33.1
19740101 19740131    23.7
19740201 19740228    62.1
19740301 19740331    17.4
19740401 19740430    89.4
19740501 19740531    43.3
19740601 19740630    51.1
19740701 19740731   175.6
19740801 19740831    83.0
19740901 19740930    96.0
19741001 19741031    96.4
19741101 19741130    28.5
19741201 19741231    19.5
19750101 19750131    16.8
19750201 19750228     4.5
19750301 19750331    42.6
19750401 19750430    22.4
19750501 19750531   133.4
19750601 19750630    92.2
19750701 19750731   173.4
19750801 19750831   100.8
19750901 19750930    48.8
19751001 19751031   105.7
19751101 19751130    37.6
19751201 19751231     7.8
19760101 19760131     8.4
19760201 19760229    39.0
19760301 19760331     3.4
19760401 19760430    43.2
19760501 19760531    38.0
19760601 19760630   105.5
19760701 19760731    75.2
19760801 19760831    75.8
19760901 19760930    71.1
19761001 19761031    24.8
19761101 19761130    28.9
19761201 19761231    73.8
19770101 19770131    25.6
19770201 19770228    19.1
19770301 19770331    52.3
19770401 19770430    44.9
19770501 19770531    78.1
19770601 19770630    91.4
19770701 19770731    54.3
19770801 19770831    53.1
19770901 19770930    32.7
19771001 19771031    36.1
19771101 19771130    72.3
19771201 19771231    11.4
19780101 19780131    13.0
19780201 19780228     9.4
19780301 19780331    20.9
19780401 19780430    35.6
19780501 19780531    48.4
19780601 19780630    98.3
19780701 19780731   140.0
19780801 19780831    91.4
19780901 19780930    62.4
19781001 19781031    17.0
19781101 19781130    42.3
19781201 19781231    25.4
19790101 19790131    12.0
19790201 19790228    33.6
19790301 19790331    11.3
19790401 19790430    61.0
19790501 19790531    79.7
19790601 19790630    94.2
19790701 19790731    85.6
19790801 19790831   107.6
19790901 19790930   116.2
19791001 19791031    54.6
19791101 19791130    68.4
19791201 19791231    24.2
19800101 19800131    19.7
19800201 19800229     1.2
19800301 19800331     1.1
19800401 19800430    88.1
19800501 19800531    77.6
19800601 19800630    93.6
19800701 19800731   112.8
19800801 19800831    58.0
19800901 19800930    55.7
19801001 19801031    66.4
19801101 19801130    24.3
19801201 19801231    17.1
19810101 19810131    21.0
19810201 19810228     5.4
19810301 19810331    52.0
19810401 19810430    18.8
19810501 19810531    69.8
19810601 19810630   140.6
19810701 19810731   140.0
19810801 19810831   154.0
19810901 19810930    31.0
19811001 19811031    37.8
19811101 19811130    27.8
19811201 19811231     4.1
19820101 19820131    42.4
19820201 19820228     2.0
19820301 19820331    42.2
19820401 19820430    48.2
19820501 19820531    73.2
19820601 19820630   101.6
19820701 19820731    78.4
19820801 19820831    39.0
19820901 19820930    32.6
19821001 19821031    21.2
19821101 19821130     6.6
19821201 19821231     5.2
19830101 19830131    20.6
19830201 19830228     0.8
19830301 19830331   123.6
19830401 19830430    50.8
19830501 19830531    89.6
19830601 19830630    61.6
19830701 19830731    96.8
19830801 19830831   123.8
19830901 19830930    80.4
19831001 19831031    18.2
19831101 19831130    43.4
19831201 19831231    35.7
19840101 19840131     4.6
19840201 19840229     4.8
19840301 19840331    63.4
19840401 19840430    38.4
19840501 19840531    54.4
19840601 19840630    79.0
19840701 19840731   101.2
19840801 19840831   192.0
19840901 19840930    82.9
19841001 19841031    37.4
19841101 19841130    80.0
19841201 19841231    20.6
19850101 19850131     4.8
19850201 19850228     4.2
19850301 19850331    42.6
19850401 19850430   107.4
19850501 19850531    68.8
19850601 19850630    88.0
19850701 19850731    91.6
19850801 19850831    94.6
19850901 19850930    43.6
19851001 19851031    48.0
19851101 19851130    15.2
19851201 19851231    29.8
19860101 19860131     7.0
19860201 19860228     2.8
19860301 19860331     3.4
19860401 19860430    84.8
19860501 19860531    53.4
19860601 19860630    57.8
19860701 19860731   105.4
19860801 19860831   127.4
19860901 19860930    65.8
19861001 19861031    60.6
19861101 19861130    10.4
19861201 19861231    54.8
19870101 19870131     1.4
19870201 19870228     8.6
19870301 19870331    12.4
19870401 19870430    19.3
19870501 19870531   131.4
19870601 19870630    76.0
19870701 19870731   125.2
19870801 19870831    58.0
19870901 19870930    22.2
19871001 19871031    45.6
19871101 19871130    10.0
19871201 19871231    36.2
19880101 19880131    40.2
19880201 19880229    25.6
19880301 19880331    29.0
19880401 19880430    18.0
19880501 19880531    95.4
19880601 19880630   125.0
19880701 19880731   145.8
19880801 19880831    91.2
19880901 19880930    70.8
19881001 19881031    36.4
19881101 19881130    28.3
19881201 19881231    17.2
19890101 19890131    13.8
19890201 19890228     3.0
19890301 19890331    14.9
19890401 19890430    49.8
19890501 19890531    81.0
19890601 19890630   178.6
19890701 19890731   132.8
19890801 19890831   115.8
19890901 19890930    46.6
19891001 19891031    61.4
19891101 19891130     6.6
19891201 19891231     7.6
19900101 19900131    12.0
19900201 19900228    19.2
19900301 19900331     7.1
19900401 19900430    10.8
19900501 19900531    13.4
19900601 19900630    83.0
19900701 19900731   164.6
19900801 19900831   177.6
19900901 19900930    58.6
19901001 19901031    35.8
19901101 19901130    21.8
19901201 19901231    40.8
19910101 19910131    15.6
19910201 19910228     0.0
19910301 19910331    22.4
19910401 19910430    26.2
19910501 19910531    12.4
19910601 19910630   162.8
19910701 19910731    91.0
19910801 19910831   156.8
19910901 19910930    51.6
19911001 19911031    10.4
19911101 19911130    30.0
19911201 19911231    10.6
19920101 19920131     8.4
19920201 19920229     5.8
19920301 19920331    29.8
19920401 19920430    84.0
19920501 19920531    70.0
19920601 19920630    65.6
19920701 19920731    92.6
19920801 19920831    95.2
19920901 19920930    91.0
19921001 19921031    83.6
19921101 19921130    56.4
19921201 19921231    31.0
19930101 19930131    15.6
19930201 19930228    20.6
19930301 19930331    17.4
19930401 19930430     6.6
19930501 19930531    40.8
19930601 19930630    84.2
19930701 19930731    74.2
19930801 19930831    90.6
19930901 19930930    74.8
19931001 19931031    66.0
19931101 19931130    32.4
19931201 19931231    62.4
19940101 19940131    26.0
19940201 19940228     6.0
19940301 19940331     2.4
19940401 19940430    21.2
19940501 19940531    62.4
19940601 19940630    96.4
19940701 19940731    98.8
19940801 19940831    51.0
19940901 19940930    32.0
19941001 19941031    58.6
19941101 19941130    26.4
19941201 19941231    30.0
19950101 19950131    24.4
19950201 19950228    23.4
19950301 19950331    36.0
19950401 19950430    62.8
19950501 19950531    36.0
19950601 19950630    78.6
19950701 19950731   135.6
19950801 19950831    44.8
19950901 19950930    39.2
19951001 19951031    19.4
19951101 19951130    11.6
19951201 19951231    14.8
19960101 19960131    17.6
19960201 19960229    18.4
19960301 19960331     9.0
19960401 19960430    25.8
19960501 19960531    11.2
19960601 19960630   138.8
19960701 19960731   129.0
19960801 19960831   123.0
19960901 19960930   103.2
19961001 19961031    43.4
19961101 19961130    12.0
19961201 19961231    11.8
19970101 19970131    33.6
19970201 19970228    13.6
19970301 19970331    17.2
19970401 19970430     7.2
19970501 19970531   115.4
19970601 19970630    73.8
19970701 19970731    48.8
19970801 19970831    78.2
19970901 19970930    62.2
19971001 19971031    28.2
19971101 19971130    48.0
19971201 19971231     8.0
19980101 19980131     4.4
19980201 19980228    25.4
19980301 19980331    21.8
19980401 19980430    76.0
19980501 19980531    37.4
19980601 19980630   102.2
19980701 19980731    75.8
19980801 19980831    49.2
19980901 19980930    64.2
19981001 19981031    28.6
19981101 19981130    15.2
19981201 19981231    16.0
19990101 19990131     3.8
19990201 19990228     9.2
19990301 19990331    23.4
19990401 19990430    14.4
19990501 19990531    75.8
19990601 19990630   100.2
19990701 19990731    39.8
19990801 19990831    56.8
19990901 19990930    64.0
19991001 19991031    40.8
19991101 19991130    49.0
19991201 19991231    57.0
20000101 20000131     4.2
20000201 20000229    32.0
20000301 20000331    21.0
20000401 20000430    72.0
20000501 20000531   120.2
20000601 20000630    88.8
20000701 20000731   165.8
20000801 20000831   146.8
20000901 20000930   109.0
20001001 20001031    76.8
20001101 20001130     4.0
20001201 20001231    10.2
20010101 20010131     7.2
20010201 20010228    17.0
20010301 20010331    83.6
20010401 20010430    23.0
20010501 20010531    80.4
20010601 20010630    84.6
20010701 20010731    46.4
20010801 20010831   108.0
20010901 20010930    81.2
20011001 20011031    66.0
20011101 20011130    49.4
20011201 20011231    36.2
20020101 20020131    15.6
20020201 20020228     3.8
20020301 20020331    18.6
20020401 20020430    16.6
20020501 20020531    70.8
20020601 20020630    67.8
20020701 20020731   135.2
20020801 20020831    61.4
20020901 20020930    71.4
20021001 20021031    48.8
20021101 20021130    43.2
20021201 20021231    14.0
20030101 20030131    19.4
20030201 20030228    10.7
20030301 20030331    71.2
20030401 20030430    39.0
20030501 20030531    37.8
20030601 20030630   142.0
20030701 20030731   101.6
20030801 20030831   127.8
20030901 20030930    48.6
20031001 20031031    58.0
20031101 20031130    18.8
20031201 20031231    48.6
20040101 20040131    14.8
20040201 20040229    27.8
20040301 20040331    68.2
20040401 20040430    35.4
20040501 20040531    59.6
20040601 20040630   124.0
20040701 20040731    94.6
20040801 20040831   138.4
20040901 20040930    55.2
20041001 20041031    20.4
20041101 20041130    67.1
20041201 20041231    19.8
20050101 20050131     5.6
20050201 20050228    41.8
20050301 20050331     9.4
20050401 20050430    19.0
20050501 20050531    13.2
20050601 20050630   141.8
20050701 20050731    76.8
20050801 20050831    65.4
20050901 20050930    46.6
20051001 20051031    53.4
20051101 20051130    27.6
20051201 20051231    40.0
20060101 20060131    38.4
20060201 20060228    49.0
20060301 20060331    15.4
20060401 20060430    55.2
20060501 20060531    37.8
20060601 20060630    47.4
20060701 20060731    56.6
20060801 20060831    28.6
20060901 20060930    45.2
20061001 20061031     9.0
20061101 20061130     8.2
20061201 20061231     7.0
20070101 20070131    50.6
20070201 20070228     0.6
20070301 20070331    16.6
20070401 20070430    19.6
20070501 20070531   110.8
20070601 20070630    73.8
20070701 20070731    98.0
20070801 20070831    54.0
20070901 20070930    46.2
20071001 20071031    38.6
20071101 20071130    97.4
20071201 20071231    17.6
20080101 20080131     2.6
20080201 20080229    13.4
20080301 20080331    18.6
20080401 20080430    56.6
20080501 20080531    35.2
20080601 20080630    31.8
20080701 20080731   128.6
20080801 20080831   117.6
20080901 20080930    38.2
20081001 20081031     9.8
20081101 20081130    18.2
20081201 20081231    89.2
20090101 20090131     5.2
20090201 20090228     0.0
20090301 20090331    37.2
20090401 20090430    56.0
20090501 20090531    64.8
20090601 20090630    82.4
20090701 20090731   171.2
20090801 20090831    84.6
20090901 20090930    80.8
20091001 20091031    35.2
20091101 20091130    33.0
20091201 20091231    31.8
20100101 20100131    11.4
20100201 20100228    15.2
20100301 20100331    28.8
20100401 20100430    43.8
20100501 20100531    36.4
20100601 20100630   103.8
20100701 20100731    89.2
20100801 20100831   128.8
20100901 20100930    73.8
20101001 20101031    38.8
20101101 20101130    28.0
20101201 20101231    86.4
20110101 20110131    41.0
20110201 20110228    49.6
20110301 20110331    39.2
20110401 20110430    34.2
20110501 20110531    63.2
20110601 20110630    73.0
20110701 20110731    65.2
20110801 20110831    60.4
20110901 20110930    43.8
20111001 20111031    31.4
20111101 20111130    41.4
20111201 20111231    10.0
20120101 20120131     9.4
20120201 20120229    12.4
20120301 20120331    45.2
20120401 20120430    37.4
20120501 20120531    82.8
20120601 20120630   126.6
20120701 20120731    64.8
20120801 20120831   119.0
20120901 20120930    37.2
20121001 20121031    35.8
20121101 20121130    37.8
20121201 20121231    15.2
20130101 20130131     3.6
20130201 20130228    13.9
20130301 20130331    21.1
20130401 20130430    25.9
20130501 20130531    78.3
20130601 20130630    79.6
20130701 20130731   125.5
20130801 20130831   154.9
20130901 20130930    57.8
20131001 20131031    76.6
20131101 20131130    21.2
20131201 20131231    28.4
20140101 20140131    20.0
20140201 20140228    33.8
20140301 20140331    26.4
20140401 20140430    41.6
20140501 20140531    66.7
20140601 20140630    86.5
20140701 20140731    91.4
20140801 20140831    37.3
20140901 20140930    36.7
20141001 20141031    12.4
20141101 20141130    22.8
20141201 20141231    30.9
20150101 20150131    21.2
20150201 20150228     2.1
20150301 20150331    21.4
20150401 20150430    45.2
20150501 20150531    78.6
20150601 20150630    36.8
20150701 20150731   105.6
20150801 20150831    64.2
20150901 20150930    38.8
20151001 20151031     5.6
20151101 20151130    36.2
20151201 20151231    11.5
20160101 20160131    32.4
20160201 20160229    46.1
20160301 20160331    19.0
20160401 20160430    29.2
20160501 20160531   118.6
20160601 20160630   139.1
20160701 20160731   169.5
20160801 20160831   106.8
20160901 20160930   115.2
20161001 20161031    61.5
20161101 20161130    18.7
20161201 20161231    60.3
20170101 20170131    57.9
20170201 20170228    22.2
20170301 20170331    49.1
20170401 20170430    69.4
20170501 20170531    69.8
20170601 20170630    43.8
20170701 20170731   141.9
20170801 20170831   116.4
20170901 20170930    82.0
20171001 20171031    36.7
20171101 20171130    40.0
20171201 20171231    19.8
20180101 20180131    14.3
