PRCP       055045 19030101 20171231 missing_value=99999.9 CURLEWIS (PINE CLIFF)                     
19030101 19030131    12.4
19030201 19030228     7.9
19030301 19030331    29.8
19030401 19030430    71.7
19030501 19030531    97.0
19030601 19030630     5.6
19030701 19030731    35.3
19030801 19030831    52.4
19030901 19030930    97.3
19031001 19031031    71.8
19031101 19031130    45.2
19031201 19031231    74.2
19040101 19040131    19.6
19040201 19040229   163.1
19040301 19040331    48.3
19040401 19040430   119.1
19040501 19040531    30.8
19040601 19040630    26.4
19040701 19040731    68.3
19040801 19040831    23.9
19040901 19040930    18.7
19041001 19041031    73.6
19041101 19041130    31.7
19041201 19041231    48.3
19050101 19050131    33.3
19050201 19050228   130.1
19050301 19050331    32.2
19050401 19050430    94.8
19050501 19050531    42.1
19050601 19050630    30.0
19050701 19050731    28.9
19050801 19050831    31.9
19050901 19050930     3.1
19051001 19051031    27.9
19051101 19051130    48.6
19051201 19051231    29.8
19060101 19060131    44.4
19060201 19060228    41.6
19060301 19060331    76.8
19060401 19060430    30.7
19060501 19060531    25.4
19060601 19060630    27.7
19060701 19060731    14.5
19060801 19060831   109.3
19060901 19060930    83.1
19061001 19061031    36.6
19061101 19061130   103.4
19061201 19061231    33.3
19070101 19070131    62.7
19070201 19070228     6.4
19070301 19070331    78.9
19070401 19070430    24.6
19070501 19070531     7.4
19070601 19070630    64.4
19070701 19070731    10.0
19070801 19070831    33.1
19070901 19070930    11.4
19071001 19071031     8.7
19071101 19071130    60.5
19071201 19071231   100.6
19080101 19080131    28.9
19080201 19080229   159.3
19080301 19080331   146.6
19080401 19080430    40.4
19080501 19080531    34.3
19080601 19080630    32.0
19080701 19080731    27.7
19080801 19080831    21.9
19080901 19080930    58.1
19081001 19081031    42.7
19081101 19081130    88.7
19081201 19081231    69.7
19090101 19090131    20.3
19090201 19090228   167.4
19090301 19090331     4.1
19090401 19090430    52.1
19090501 19090531    18.3
19090601 19090630    77.4
19090701 19090731    21.0
19090801 19090831   114.9
19090901 19090930    63.1
19091001 19091031    55.5
19091101 19091130    56.4
19091201 19091231   110.0
19100101 19100131   117.7
19100201 19100228     1.8
19100301 19100331    42.2
19100401 19100430     4.1
19100501 19100531    14.6
19100601 19100630    99.1
19100701 19100731    31.1
19100801 19100831    13.8
19100901 19100930    19.9
19101001 19101031    45.0
19101101 19101130    30.5
19101201 19101231    69.6
19110101 19110131   118.0
19110201 19110228   107.6
19110301 19110331    55.4
19110401 19110430    19.5
19110501 19110531    35.2
19110601 19110630    11.0
19110701 19110731    33.1
19110801 19110831    31.4
19110901 19110930    43.5
19111001 19111031    37.6
19111101 19111130    59.4
19111201 19111231    75.9
19120101 19120131    44.4
19120201 19120229    30.2
19120301 19120331    26.2
19120401 19120430     1.0
19120501 19120531     4.6
19120601 19120630    83.5
19120701 19120731    65.1
19120801 19120831    28.8
19120901 19120930     6.9
19121001 19121031    54.6
19121101 19121130    19.1
19121201 19121231     0.8
19130101 19130131    41.2
19130201 19130228    54.9
19130301 19130331    29.4
19130401 19130430    89.8
19130501 19130531   100.1
19130601 19130630    51.6
19130701 19130731     9.7
19130801 19130831     7.7
19130901 19130930    20.5
19131001 19131031    55.7
19131101 19131130    11.7
19131201 19131231    49.1
19140101 19140131    19.2
19140201 19140228    60.2
19140301 19140331    89.5
19140401 19140430    31.8
19140501 19140531    48.5
19140601 19140630     6.9
19140701 19140731    37.1
19140801 19140831     0.0
19140901 19140930    17.0
19141001 19141031    14.7
19141101 19141130    48.3
19141201 19141231   130.1
19150101 19150131    43.0
19150201 19150228     6.7
19150301 19150331    26.4
19150401 19150430    26.0
19150501 19150531    39.7
19150601 19150630    29.0
19150701 19150731    68.5
19150801 19150831    31.8
19150901 19150930    18.2
19151001 19151031    31.5
19151101 19151130     2.5
19151201 19151231    87.3
19160101 19160131    18.9
19160201 19160229    44.3
19160301 19160331    13.3
19160401 19160430    69.6
19160501 19160531     9.9
19160601 19160630    76.5
19160701 19160731    90.2
19160801 19160831    70.4
19160901 19160930    92.1
19161001 19161031    58.7
19161101 19161130    74.7
19161201 19161231    85.8
19170101 19170131   100.3
19170201 19170228    37.1
19170301 19170331     8.1
19170401 19170430    10.4
19170501 19170531     3.4
19170601 19170630    59.9
19170701 19170731    17.8
19170801 19170831    39.6
19170901 19170930    72.8
19171001 19171031    51.9
19171101 19171130   161.2
19171201 19171231    87.6
19180101 19180131    97.1
19180201 19180228     4.1
19180301 19180331     5.4
19180401 19180430    20.6
19180501 19180531    15.1
19180601 19180630    12.0
19180701 19180731    28.4
19180801 19180831    87.9
19180901 19180930     6.4
19181001 19181031     2.8
19181101 19181130    48.7
19181201 19181231     0.8
19190101 19190131    48.6
19190201 19190228    77.5
19190301 19190331    71.3
19190401 19190430    13.8
19190501 19190531    71.4
19190601 19190630    21.8
19190701 19190731    17.1
19190801 19190831     6.9
19190901 19190930     8.2
19191001 19191031     9.2
19191101 19191130    21.3
19191201 19191231    63.2
19200101 19200131    55.6
19200201 19200229    32.3
19200301 19200331     1.0
19200401 19200430     6.8
19200501 19200531     9.7
19200601 19200630   169.6
19200701 19200731   151.3
19200801 19200831    44.6
19200901 19200930    73.5
19201001 19201031    26.5
19201101 19201130    27.5
19201201 19201231    84.2
19210101 19210131    14.5
19210201 19210228    42.2
19210301 19210331    74.7
19210401 19210430   121.5
19210501 19210531    75.7
19210601 19210630    90.8
19210701 19210731    89.7
19210801 19210831    29.9
19210901 19210930    13.0
19211001 19211031    62.5
19211101 19211130    54.6
19211201 19211231    94.3
19220101 19220131    67.9
19220201 19220228    30.5
19220301 19220331    16.0
19220401 19220430    18.5
19220501 19220531     2.3
19220601 19220630    24.6
19220701 19220731    71.9
19220801 19220831    14.6
19220901 19220930    25.9
19221001 19221031    36.4
19221101 19221130    20.6
19221201 19221231   142.4
19230101 19230131    31.8
19230201 19230228     0.0
19230301 19230331     9.8
19230401 19230430     0.0
19230501 19230531     1.5
19230601 19230630    62.8
19230701 19230731    35.0
19230801 19230831     8.9
19230901 19230930    35.2
19231001 19231031    16.4
19231101 19231130    39.4
19231201 19231231    97.3
19240101 19240131    41.6
19240201 19240229    80.3
19240301 19240331    12.5
19240401 19240430    45.9
19240501 19240531    19.0
19240601 19240630    18.5
19240701 19240731    37.7
19240801 19240831    35.8
19240901 19240930    53.5
19241001 19241031    39.5
19241101 19241130   178.0
19241201 19241231    25.4
19250101 19250131    29.0
19250201 19250228    33.6
19250301 19250331    14.8
19250401 19250430     0.0
19250501 19250531    53.4
19250601 19250630    18.3
19250701 19250731    21.9
19250801 19250831    40.6
19250901 19250930     3.0
19251001 19251031     9.7
19251101 19251130    65.8
19251201 19251231    29.8
19260101 19260131    30.8
19260201 19260228     0.0
19260301 19260331   153.8
19260401 19260430    59.2
19260501 19260531    72.4
19260601 19260630    14.1
19260701 19260731    37.4
19260801 19260831    13.0
19260901 19260930    67.3
19261001 19261031     4.9
19261101 19261130     3.8
19261201 19261231   128.9
19270101 19270131    56.9
19270201 19270228     0.0
19270301 19270331    10.2
19270401 19270430    71.3
19270501 19270531     4.4
19270601 19270630    24.6
19270701 19270731     0.0
19270801 19270831    29.3
19270901 19270930     4.6
19271001 19271031    55.7
19271101 19271130    60.8
19271201 19271231    80.0
19280101 19280131    27.7
19280201 19280229   144.1
19280301 19280331   119.7
19280401 19280430    53.6
19280501 19280531     9.6
19280601 19280630    58.9
19280701 19280731    69.4
19280801 19280831     0.0
19280901 19280930     0.0
19281001 19281031    39.1
19281101 19281130    47.8
19281201 19281231    16.3
19290101 19290131    25.6
19290201 19290228   143.0
19290301 19290331     8.4
19290401 19290430    79.3
19290501 19290531     5.8
19290601 19290630    15.0
19290701 19290731    15.5
19290801 19290831    50.3
19290901 19290930    30.5
19291001 19291031    23.5
19291101 19291130    59.1
19291201 19291231    13.9
19300101 19300131    82.0
19300201 19300228     4.3
19300301 19300331    34.3
19300401 19300430    17.9
19300501 19300531    11.9
19300601 19300630   108.6
19300701 19300731    44.8
19300801 19300831    12.0
19300901 19300930    19.0
19301001 19301031   106.5
19301101 19301130    27.2
19301201 19301231    31.2
19310101 19310131    29.7
19310201 19310228    14.0
19310301 19310331   134.2
19310401 19310430    67.4
19310501 19310531    91.5
19310601 19310630   110.2
19310701 19310731    24.6
19310801 19310831    26.5
19310901 19310930    16.5
19311001 19311031     1.0
19311101 19311130    54.9
19311201 19311231    83.7
19320101 19320131     4.3
19320201 19320229    33.6
19320301 19320331    53.6
19320401 19320430    31.0
19320501 19320531    21.3
19320601 19320630    11.9
19320701 19320731    26.2
19320801 19320831    15.1
19320901 19320930    95.3
19321001 19321031    32.8
19321101 19321130    58.9
19321201 19321231    29.3
19330101 19330131   105.9
19330201 19330228     1.3
19330301 19330331    15.7
19330401 19330430    22.0
19330501 19330531    32.7
19330601 19330630    45.2
19330701 19330731    94.4
19330801 19330831     9.1
19330901 19330930    54.4
19331001 19331031   118.6
19331101 19331130   132.9
19331201 19331231    31.5
19340101 19340131   116.6
19340201 19340228   154.1
19340301 19340331     0.0
19340401 19340430    15.0
19340501 19340531     2.8
19340601 19340630    31.2
19340701 19340731    69.2
19340801 19340831    51.5
19340901 19340930    47.6
19341001 19341031   112.3
19341101 19341130    33.7
19341201 19341231    16.0
19350101 19350131    86.4
19350201 19350228    50.0
19350301 19350331     4.8
19350401 19350430    13.6
19350501 19350531     7.1
19350601 19350630     5.7
19350701 19350731    51.6
19350801 19350831    17.7
19350901 19350930    57.7
19351001 19351031    54.6
19351101 19351130    46.2
19351201 19351231     1.0
19360101 19360131    62.2
19360201 19360229   127.5
19360301 19360331    91.2
19360401 19360430    11.7
19360501 19360531    14.1
19360601 19360630     9.1
19360701 19360731    72.5
19360801 19360831    33.2
19360901 19360930    51.5
19361001 19361031     4.6
19361101 19361130     0.0
19361201 19361231    76.2
19370101 19370131    91.1
19370201 19370228    45.8
19370301 19370331    33.8
19370401 19370430    15.3
19370501 19370531    11.7
19370601 19370630    30.6
19370701 19370731    31.8
19370801 19370831    25.9
19370901 19370930     8.9
19371001 19371031    49.8
19371101 19371130   152.4
19371201 19371231    44.2
19380101 19380131    53.0
19380201 19380228    41.4
19380301 19380331     4.1
19380401 19380430    26.7
19380501 19380531    69.1
19380601 19380630    29.7
19380701 19380731    36.9
19380801 19380831    58.7
19380901 19380930     7.9
19381001 19381031    35.4
19381101 19381130    85.8
19381201 19381231    16.2
19390101 19390131    76.9
19390201 19390228     8.6
19390301 19390331    77.9
19390401 19390430    53.4
19390501 19390531    23.4
19390601 19390630    30.0
19390701 19390731    12.9
19390801 19390831    46.2
19390901 19390930     1.6
19391001 19391031    53.9
19391101 19391130    32.2
19391201 19391231     5.1
19400101 19400131     1.8
19400201 19400229     8.2
19400301 19400331    86.1
19400401 19400430    68.3
19400501 19400531     2.1
19400601 19400630     9.7
19400701 19400731     5.1
19400801 19400831    14.7
19400901 19400930    23.9
19401001 19401031     9.7
19401101 19401130    29.2
19401201 19401231    72.4
19410101 19410131   144.9
19410201 19410228    20.6
19410301 19410331   182.5
19410401 19410430     9.9
19410501 19410531    40.1
19410601 19410630    54.1
19410701 19410731     3.8
19410801 19410831    23.1
19410901 19410930    11.0
19411001 19411031    36.4
19411101 19411130     9.9
19411201 19411231    13.7
19420101 19420131    23.4
19420201 19420228    34.9
19420301 19420331    11.4
19420401 19420430     0.0
19420501 19420531    34.6
19420601 19420630    54.3
19420701 19420731   122.7
19420801 19420831    14.8
19420901 19420930    22.7
19421001 19421031    31.8
19421101 19421130    87.0
19421201 19421231    94.3
19430101 19430131    60.7
19430201 19430228    29.0
19430301 19430331    16.5
19430401 19430430    66.3
19430501 19430531    46.8
19430601 19430630    27.2
19430701 19430731    15.5
19430801 19430831    17.9
19430901 19430930    16.5
19431001 19431031    66.6
19431101 19431130    50.0
19431201 19431231    50.5
19440101 19440131    37.4
19440201 19440229    30.6
19440301 19440331     3.5
19440401 19440430    31.3
19440501 19440531    55.4
19440601 19440630    10.9
19440701 19440731    36.8
19440801 19440831   107.6
19440901 19440930     8.4
19441001 19441031     0.0
19441101 19441130    18.8
19441201 19441231     4.8
19450101 19450131    83.9
19450201 19450228    42.5
19450301 19450331     6.9
19450401 19450430    63.0
19450501 19450531    93.3
19450601 19450630    72.5
19450701 19450731    34.8
19450801 19450831    65.1
19450901 19450930     4.1
19451001 19451031    23.4
19451101 19451130    12.2
19451201 19451231    13.5
19460101 19460131    76.7
19460201 19460228     9.4
19460301 19460331    16.3
19460401 19460430    19.3
19460501 19460531     2.8
19460601 19460630    10.4
19460701 19460731     1.0
19460801 19460831     0.0
19460901 19460930    40.4
19461001 19461031     3.4
19461101 19461130    25.7
19461201 19461231    37.6
19470101 19470131     6.6
19470201 19470228   150.3
19470301 19470331    76.0
19470401 19470430    11.9
19470501 19470531    43.1
19470601 19470630    12.5
19470701 19470731    27.1
19470801 19470831    51.9
19470901 19470930    48.3
19471001 19471031    78.9
19471101 19471130    99.3
19471201 19471231   173.4
19480101 19480131    41.1
19480201 19480229     5.9
19480301 19480331    77.2
19480401 19480430    52.3
19480501 19480531    31.2
19480601 19480630    66.6
19480701 19480731    21.3
19480801 19480831    11.7
19480901 19480930    42.5
19481001 19481031     8.2
19481101 19481130    23.0
19481201 19481231   107.2
19490101 19490131    38.1
19490201 19490228    65.3
19490301 19490331    97.4
19490401 19490430    55.1
19490501 19490531    10.2
19490601 19490630    64.1
19490701 19490731    13.3
19490801 19490831    53.6
19490901 19490930    86.3
19491001 19491031    58.2
19491101 19491130   146.1
19491201 19491231     8.1
19500101 19500131   124.2
19500201 19500228   110.3
19500301 19500331     4.3
19500401 19500430   193.0
19500501 19500531    55.9
19500601 19500630    92.1
19500701 19500731   112.1
19500801 19500831    23.3
19500901 19500930    61.9
19501001 19501031   100.3
19501101 19501130   180.2
19501201 19501231     5.6
19510101 19510131    47.6
19510201 19510228     0.0
19510301 19510331    10.7
19510401 19510430    18.6
19510501 19510531    18.5
19510601 19510630    38.3
19510701 19510731    28.0
19510801 19510831    44.2
19510901 19510930    27.7
19511001 19511031     6.0
19511101 19511130    17.3
19511201 19511231    12.7
19520101 19520131     7.1
19520201 19520229    84.3
19520301 19520331    59.6
19520401 19520430    29.5
19520501 19520531    36.0
19520601 19520630    36.8
19520701 19520731    36.4
19520801 19520831   141.0
19520901 19520930    19.4
19521001 19521031    40.1
19521101 19521130    24.4
19521201 19521231    67.8
19530101 19530131    65.4
19530201 19530228   119.4
19530301 19530331     8.9
19530401 19530430     6.3
19530501 19530531    56.2
19530601 19530630     0.8
19530701 19530731    19.6
19530801 19530831    70.7
19530901 19530930    13.2
19531001 19531031    42.1
19531101 19531130    38.5
19531201 19531231     4.6
19540101 19540131    81.5
19540201 19540228   127.1
19540301 19540331     0.0
19540401 19540430     7.6
19540501 19540531     0.0
19540601 19540630    51.0
19540701 19540731     9.4
19540801 19540831    14.2
19540901 19540930    25.8
19541001 19541031   144.4
19541101 19541130    83.8
19541201 19541231    32.8
19550101 19550131   148.6
19550201 19550228   193.0
19550301 19550331     0.0
19550401 19550430    37.3
19550501 19550531    42.1
19550601 19550630    30.6
19550701 19550731    29.7
19550801 19550831    49.5
19550901 19550930    39.1
19551001 19551031   132.2
19551101 19551130    60.4
19551201 19551231    33.8
19560101 19560131   119.6
19560201 19560229   136.5
19560301 19560331    59.8
19560401 19560430    54.4
19560501 19560531    78.8
19560601 19560630    83.6
19560701 19560731    57.1
19560801 19560831     7.3
19560901 19560930    17.6
19561001 19561031    73.1
19561101 19561130    10.7
19561201 19561231    25.8
19570101 19570131    31.9
19570201 19570228    77.6
19570301 19570331    13.0
19570401 19570430    55.9
19570501 19570531     2.5
19570601 19570630    25.4
19570701 19570731    15.1
19570801 19570831    22.1
19570901 19570930     2.6
19571001 19571031     5.4
19571101 19571130    14.5
19571201 19571231    66.4
19580101 19580131    86.2
19580201 19580228    34.1
19580301 19580331    22.4
19580401 19580430     8.2
19580501 19580531    71.5
19580601 19580630    37.8
19580701 19580731    13.2
19580801 19580831    28.2
19580901 19580930    89.8
19581001 19581031    93.6
19581101 19581130    32.6
19581201 19581231    25.3
19590101 19590131    40.6
19590201 19590228    77.0
19590301 19590331    64.7
19590401 19590430    69.2
19590501 19590531    13.7
19590601 19590630    15.2
19590701 19590731    34.1
19590801 19590831     0.0
19590901 19590930    44.6
19591001 19591031    55.7
19591101 19591130    69.1
19591201 19591231   124.2
19600101 19600131    54.5
19600201 19600229    19.8
19600301 19600331    26.2
19600401 19600430    46.2
19600501 19600531    32.2
19600601 19600630    14.0
19600701 19600731    51.5
19600801 19600831    25.7
19600901 19600930    74.7
19601001 19601031    71.1
19601101 19601130   107.7
19601201 19601231   103.7
19610101 19610131    53.8
19610201 19610228    72.9
19610301 19610331   122.1
19610401 19610430    41.4
19610501 19610531     3.1
19610601 19610630     7.1
19610701 19610731    38.1
19610801 19610831    47.5
19610901 19610930     5.1
19611001 19611031    49.0
19611101 19611130   137.1
19611201 19611231   133.4
19620101 19620131   127.3
19620201 19620228    57.0
19620301 19620331    23.4
19620401 19620430    38.7
19620501 19620531    27.7
19620601 19620630     9.1
19620701 19620731    21.7
19620801 19620831    52.2
19620901 19620930    59.5
19621001 19621031   152.4
19621101 19621130    31.0
19621201 19621231    58.3
19630101 19630131    94.3
19630201 19630228    24.9
19630301 19630331   104.4
19630401 19630430    38.8
19630501 19630531   128.8
19630601 19630630    49.0
19630701 19630731    10.2
19630801 19630831    40.8
19630901 19630930    39.1
19631001 19631031    22.0
19631101 19631130    58.3
19631201 19631231   105.0
19640101 19640131    97.0
19640201 19640229    12.7
19640301 19640331    50.4
19640401 19640430   151.2
19640501 19640531    51.3
19640601 19640630    34.6
19640701 19640731    30.5
19640801 19640831    22.1
19640901 19640930    88.1
19641001 19641031    68.4
19641101 19641130     9.4
19641201 19641231    25.4
19650101 19650131    14.4
19650201 19650228     1.8
19650301 19650331     1.0
19650401 19650430    28.2
19650501 19650531     1.9
19650601 19650630     5.3
19650701 19650731     7.4
19650801 19650831    33.4
19650901 19650930    58.5
19651001 19651031    65.3
19651101 19651130    29.5
19651201 19651231   137.4
19660101 19660131    14.2
19660201 19660228    24.2
19660301 19660331    48.3
19660401 19660430     6.8
19660501 19660531    15.8
19660601 19660630    68.6
19660701 19660731    12.7
19660801 19660831   115.0
19660901 19660930    35.6
19661001 19661031    56.5
19661101 19661130   129.1
19661201 19661231    71.1
19670101 19670131    59.1
19670201 19670228    37.4
19670301 19670331   135.0
19670401 19670430     8.6
19670501 19670531    36.8
19670601 19670630    41.7
19670701 19670731    10.4
19670801 19670831    31.0
19670901 19670930     8.3
19671001 19671031    75.9
19671101 19671130     4.6
19671201 19671231    26.1
19680101 19680131   166.1
19680201 19680229    17.5
19680301 19680331    79.2
19680401 19680430     9.7
19680501 19680531   118.4
19680601 19680630     9.7
19680701 19680731    36.6
19680801 19680831    69.6
19680901 19680930    40.0
19681001 19681031    21.3
19681101 19681130    29.2
19681201 19681231    74.2
19690101 19690131   133.6
19690201 19690228   127.7
19690301 19690331    58.8
19690401 19690430    59.2
19690501 19690531    53.8
19690601 19690630    48.8
19690701 19690731    62.1
19690801 19690831    58.9
19690901 19690930    48.6
19691001 19691031   140.2
19691101 19691130    76.6
19691201 19691231    96.4
19700101 19700131    72.1
19700201 19700228    40.6
19700301 19700331    22.5
19700401 19700430    48.7
19700501 19700531    29.5
19700601 19700630    15.0
19700701 19700731     0.5
19700801 19700831    22.7
19700901 19700930   122.1
19701001 19701031    36.4
19701101 19701130   128.5
19701201 19701231   164.5
19710101 19710131   164.3
19710201 19710228   191.4
19710301 19710331     2.3
19710401 19710430     3.0
19710501 19710531     2.1
19710601 19710630     2.0
19710701 19710731    56.4
19710801 19710831    60.9
19710901 19710930    55.2
19711001 19711031    18.0
19711101 19711130    72.9
19711201 19711231    40.4
19720101 19720131   110.3
19720201 19720229    73.4
19720301 19720331    28.2
19720401 19720430    26.6
19720501 19720531    26.7
19720601 19720630    15.7
19720701 19720731     3.1
19720801 19720831    16.1
19720901 19720930     1.8
19721001 19721031   130.0
19721101 19721130   169.0
19721201 19721231    50.4
19730101 19730131   130.5
19730201 19730228    95.5
19730301 19730331    16.8
19730401 19730430     9.3
19730501 19730531    40.1
19730601 19730630    48.0
19730701 19730731    58.1
19730801 19730831    88.4
19730901 19730930    40.4
19731001 19731031   120.8
19731101 19731130    72.4
19731201 19731231   101.5
19740101 19740131   287.1
19740201 19740228     8.4
19740301 19740331     3.8
19740401 19740430    51.2
19740501 19740531    37.2
19740601 19740630    27.8
19740701 19740731    11.8
19740801 19740831    33.4
19740901 19740930    12.6
19741001 19741031    61.0
19741101 19741130    45.0
19741201 19741231     0.0
19750101 19750131    93.0
19750201 19750228   124.6
19750301 19750331    30.8
19750401 19750430     7.8
19750501 19750531     2.8
19750601 19750630    77.6
19750701 19750731    26.8
19750801 19750831    32.0
19750901 19750930    32.6
19751001 19751031    62.2
19751101 19751130    29.2
19751201 19751231    68.8
19760101 19760131   259.8
19760201 19760229   140.4
19760301 19760331    63.4
19760401 19760430    10.4
19760501 19760531    18.4
19760601 19760630    60.6
19760701 19760731    64.8
19760801 19760831    11.4
19760901 19760930    56.2
19761001 19761031    75.8
19761101 19761130    37.4
19761201 19761231    41.8
19770101 19770131   164.7
19770201 19770228   161.6
19770301 19770331   119.8
19770401 19770430    92.4
19770501 19770531   156.1
19770601 19770630    21.5
19770701 19770731     0.0
19770801 19770831    23.0
19770901 19770930    27.2
19771001 19771031    16.2
19771101 19771130    33.2
19771201 19771231    33.7
19780101 19780131   134.1
19780201 19780228    66.5
19780301 19780331    44.8
19780401 19780430     8.8
19780501 19780531    83.2
19780601 19780630    79.4
19780701 19780731    59.7
19780801 19780831     9.0
19780901 19780930   109.2
19781001 19781031    32.6
19781101 19781130    50.5
19781201 19781231    81.0
19790101 19790131    23.6
19790201 19790228     0.0
19790301 19790331    47.2
19790401 19790430     8.0
19790501 19790531    54.2
19790601 19790630    38.6
19790701 19790731    14.4
19790801 19790831    12.0
19790901 19790930    68.2
19791001 19791031    56.6
19791101 19791130    90.6
19791201 19791231     6.0
19800101 19800131   115.4
19800201 19800229    10.2
19800301 19800331    32.4
19800401 19800430     1.6
19800501 19800531    69.4
19800601 19800630    26.8
19800701 19800731    24.2
19800801 19800831    21.8
19800901 19800930     0.0
19801001 19801031    66.2
19801101 19801130     2.6
19801201 19801231    98.2
19810101 19810131     3.4
19810201 19810228   104.4
19810301 19810331     0.0
19810401 19810430     6.2
19810501 19810531    52.2
19810601 19810630    59.4
19810701 19810731    41.4
19810801 19810831     8.6
19810901 19810930    13.4
19811001 19811031   107.8
19811101 19811130    79.4
19811201 19811231    17.6
19820101 19820131    77.8
19820201 19820228    21.6
19820301 19820331   117.6
19820401 19820430     0.4
19820501 19820531     8.4
19820601 19820630    18.0
19820701 19820731    17.8
19820801 19820831     0.0
19820901 19820930    13.6
19821001 19821031    20.0
19821101 19821130     9.6
19821201 19821231    52.8
19830101 19830131    75.2
19830201 19830228    36.0
19830301 19830331    46.6
19830401 19830430   135.6
19830501 19830531   133.0
19830601 19830630    18.8
19830701 19830731    57.8
19830801 19830831    48.4
19830901 19830930    58.0
19831001 19831031    51.4
19831101 19831130    75.2
19831201 19831231    64.6
19840101 19840131   252.8
19840201 19840229    37.8
19840301 19840331    33.0
19840401 19840430    38.0
19840501 19840531     4.6
19840601 19840630     5.2
19840701 19840731   110.6
19840801 19840831    24.4
19840901 19840930    30.2
19841001 19841031    44.8
19841101 19841130   105.4
19841201 19841231    64.0
19850101 19850131    22.4
19850201 19850228    14.8
19850301 19850331    19.4
19850401 19850430    60.0
19850501 19850531    27.8
19850601 19850630    20.6
19850701 19850731     8.4
19850801 19850831    86.8
19850901 19850930    14.0
19851001 19851031    96.4
19851101 19851130    55.8
19851201 19851231    92.6
19860101 19860131    86.8
19860201 19860228    37.4
19860301 19860331     3.8
19860401 19860430    37.6
19860501 19860531    39.4
19860601 19860630     2.2
19860701 19860731   142.6
19860801 19860831    28.4
19860901 19860930    48.0
19861001 19861031    31.4
19861101 19861130    45.8
19861201 19861231    25.4
19870101 19870131   107.0
19870201 19870228    37.2
19870301 19870331   111.8
19870401 19870430     0.8
19870501 19870531    82.2
19870601 19870630    29.6
19870701 19870731    18.2
19870801 19870831    87.6
19870901 19870930    13.2
19871001 19871031    82.0
19871101 19871130    21.4
19871201 19871231    59.0
19880101 19880131   144.0
19880201 19880229    73.4
19880301 19880331    11.4
19880401 19880430   151.2
19880501 19880531    46.0
19880601 19880630    47.8
19880701 19880731    48.0
19880801 19880831    58.2
19880901 19880930    55.2
19881001 19881031     7.4
19881101 19881130    38.8
19881201 19881231   145.8
19890101 19890131    58.4
19890201 19890228    56.4
19890301 19890331    98.6
19890401 19890430   149.0
19890501 19890531   103.4
19890601 19890630    77.8
19890701 19890731    71.4
19890801 19890831     2.2
19890901 19890930     0.0
19891001 19891031    41.8
19891101 19891130   102.2
19891201 19891231    57.2
19900101 19900131    94.6
19900201 19900228    75.2
19900301 19900331    58.8
19900401 19900430   135.0
19900501 19900531    66.6
19900601 19900630    25.8
19900701 19900731    74.2
19900801 19900831    18.0
19900901 19900930    35.0
19901001 19901031    53.0
19901101 19901130    11.6
19901201 19901231    16.8
19910101 19910131   134.2
19910201 19910228    74.4
19910301 19910331    25.0
19910401 19910430     1.0
19910501 19910531   147.2
19910601 19910630    57.4
19910701 19910731    54.8
19910801 19910831     0.4
19910901 19910930    23.0
19911001 19911031     3.8
19911101 19911130    43.8
19911201 19911231   135.6
19920101 19920131    32.0
19920201 19920229   199.0
19920301 19920331    34.4
19920401 19920430    37.2
19920501 19920531    35.6
19920601 19920630    10.6
19920701 19920731    37.0
19920801 19920831    68.0
19920901 19920930    19.6
19921001 19921031    15.6
19921101 19921130   101.4
19921201 19921231   114.6
19930101 19930131    35.6
19930201 19930228    58.6
19930301 19930331    32.4
19930401 19930430     0.0
19930501 19930531    85.0
19930601 19930630   109.4
19930701 19930731   101.2
19930801 19930831    22.6
19930901 19930930    54.2
19931001 19931031   139.0
19931101 19931130    43.0
19931201 19931231    93.2
19940101 19940131    65.4
19940201 19940228    76.5
19940301 19940331    60.8
19940401 19940430     3.8
19940501 19940531     0.4
19940601 19940630    18.8
19940701 19940731    18.0
19940801 19940831     7.8
19940901 19940930     1.4
19941001 19941031    13.2
19941101 19941130    62.6
19941201 19941231    23.0
19950101 19950131   151.4
19950201 19950228    40.2
19950301 19950331     0.4
19950401 19950430     0.0
19950501 19950531    68.4
19950601 19950630    27.4
19950701 19950731    20.6
19950801 19950831     0.0
19950901 19950930    64.6
19951001 19951031    27.0
19951101 19951130   103.4
19951201 19951231    65.6
19960101 19960131   193.8
19960201 19960229     4.8
19960301 19960331    31.8
19960401 19960430     1.8
19960501 19960531    46.4
19960601 19960630    39.8
19960701 19960731    48.2
19960801 19960831    71.0
19960901 19960930    26.6
19961001 19961031    41.4
19961101 19961130    60.4
19961201 19961231   112.8
19970101 19970131   135.0
19970201 19970228   172.6
19970301 19970331    15.8
19970401 19970430     0.0
19970501 19970531    40.8
19970601 19970630    19.0
19970701 19970731    13.4
19970801 19970831    10.8
19970901 19970930   103.8
19971001 19971031    52.4
19971101 19971130    54.6
19971201 19971231   139.4
19980101 19980131    20.4
19980201 19980228    52.2
19980301 19980331     1.6
19980401 19980430    49.0
19980501 19980531   101.6
19980601 19980630   105.4
19980701 19980731   194.4
19980801 19980831    69.0
19980901 19980930   115.4
19981001 19981031    84.4
19981101 19981130    99.4
19981201 19981231    44.0
19990101 19990131    30.6
19990201 19990228    50.2
19990301 19990331    50.4
19990401 19990430   137.2
19990501 19990531     4.2
19990601 19990630    60.4
19990701 19990731    41.0
19990801 19990831    64.4
19990901 19990930    31.8
19991001 19991031   152.0
19991101 19991130    91.2
19991201 19991231    64.4
20000101 20000131    34.8
20000201 20000229    13.4
20000301 20000331    98.2
20000401 20000430    65.4
20000501 20000531    95.0
20000601 20000630    23.4
20000701 20000731    39.2
20000801 20000831    58.6
20000901 20000930     3.8
20001001 20001031   125.2
20001101 20001130   260.6
20001201 20001231    69.0
20010101 20010131    54.2
20010201 20010228    36.0
20010301 20010331    82.6
20010401 20010430    12.2
20010501 20010531    28.8
20010601 20010630    31.2
20010701 20010731    80.6
20010801 20010831    12.2
20010901 20010930    26.8
20011001 20011031    47.2
20011101 20011130    83.6
20011201 20011231    36.6
20020101 20020131    64.2
20020201 20020228    81.0
20020301 20020331    37.2
20020401 20020430    11.2
20020501 20020531     0.4
20020601 20020630    16.8
20020701 20020731     3.4
20020801 20020831    11.6
20020901 20020930    34.2
20021001 20021031     0.4
20021101 20021130    32.8
20021201 20021231    77.0
20030101 20030131    13.6
20030201 20030228    38.2
20030301 20030331    27.4
20030401 20030430   111.0
20030501 20030531     2.8
20030601 20030630    37.8
20030701 20030731    42.2
20030801 20030831    75.6
20030901 20030930     5.6
20031001 20031031    56.4
20031101 20031130    90.2
20031201 20031231    36.0
20040101 20040131   115.6
20040201 20040229    94.4
20040301 20040331    30.8
20040401 20040430    31.6
20040501 20040531    20.2
20040601 20040630    16.6
20040701 20040731    44.8
20040801 20040831    40.4
20040901 20040930    36.6
20041001 20041031    59.6
20041101 20041130    79.8
20041201 20041231   159.8
20050101 20050131    45.6
20050201 20050228    16.8
20050301 20050331    27.2
20050401 20050430     2.2
20050501 20050531     8.6
20050601 20050630   137.2
20050701 20050731    30.6
20050801 20050831    17.6
20050901 20050930    67.2
20051001 20051031    61.0
20051101 20051130   130.8
20051201 20051231    43.4
20060101 20060131    16.6
20060201 20060228    46.2
20060301 20060331    18.6
20060401 20060430    53.0
20060501 20060531     0.0
20060601 20060630    52.0
20060701 20060731    69.6
20060801 20060831     5.6
20060901 20060930    70.6
20061001 20061031    17.2
20061101 20061130    38.8
20061201 20061231    23.4
20070101 20070131    56.4
20070201 20070228   125.4
20070301 20070331    96.6
20070401 20070430    15.9
20070501 20070531    65.4
20070601 20070630    85.5
20070701 20070731     1.4
20070801 20070831    55.6
20070901 20070930     0.6
20071001 20071031    28.7
20071101 20071130    63.8
20071201 20071231   120.1
20080101 20080131    62.5
20080201 20080229   108.9
20080301 20080331     4.0
20080401 20080430    27.4
20080501 20080531    12.8
20080601 20080630    65.8
20080701 20080731    18.7
20080801 20080831    41.6
20080901 20080930    73.3
20081001 20081031    69.7
20081101 20081130   147.7
20081201 20081231    69.5
20090101 20090131    58.0
20090201 20090228   114.2
20090301 20090331     1.8
20090401 20090430    64.7
20090501 20090531    25.9
20090601 20090630    46.0
20090701 20090731    21.4
20090801 20090831     4.6
20090901 20090930    44.8
20091001 20091031    33.2
20091101 20091130    25.2
20091201 20091231   114.8
20100101 20100131   127.3
20100201 20100228    82.6
20100301 20100331   129.0
20100401 20100430    18.6
20100501 20100531    35.2
20100601 20100630    27.8
20100701 20100731   101.4
20100801 20100831    50.7
20100901 20100930    50.7
20101001 20101031    73.3
20101101 20101130 99999.9
20101201 20101231 99999.9
20110101 20110131    17.6
20110201 20110228    37.0
20110301 20110331    17.6
20110401 20110430    20.8
20110501 20110531    43.5
20110601 20110630     8.6
20110701 20110731     2.6
20110801 20110831    21.4
20110901 20110930    73.0
20111001 20111031    55.4
20111101 20111130   136.3
20111201 20111231    51.5
20120101 20120131 99999.9
20120201 20120229 99999.9
20120301 20120331 99999.9
20120401 20120430 99999.9
20120501 20120531 99999.9
20120601 20120630 99999.9
20120701 20120731 99999.9
20120801 20120831 99999.9
20120901 20120930 99999.9
20121001 20121031 99999.9
20121101 20121130 99999.9
20121201 20121231 99999.9
20130101 20130131   122.0
20130201 20130228 99999.9
20130301 20130331    75.8
20130401 20130430     0.0
20130501 20130531    23.2
20130601 20130630    80.9
20130701 20130731    27.2
20130801 20130831     4.0
20130901 20130930    21.8
20131001 20131031     8.0
20131101 20131130    64.5
20131201 20131231    14.4
20140101 20140131 99999.9
20140201 20140228    16.0
20140301 20140331   145.7
20140401 20140430    16.2
20140501 20140531    14.4
20140601 20140630    37.0
20140701 20140731     6.1
20140801 20140831    47.0
20140901 20140930    17.6
20141001 20141031    18.2
20141101 20141130    11.8
20141201 20141231   105.1
20150101 20150131    81.6
20150201 20150228    12.6
20150301 20150331    29.2
20150401 20150430    86.6
20150501 20150531    51.0
20150601 20150630    58.4
20150701 20150731    43.8
20150801 20150831    37.4
20150901 20150930    23.4
20151001 20151031    33.8
20151101 20151130 99999.9
20151201 20151231    60.2
20160101 20160131   115.0
20160201 20160229     4.2
20160301 20160331    21.2
20160401 20160430     3.8
20160501 20160531    38.4
20160601 20160630    82.8
20160701 20160731    31.4
20160801 20160831    73.1
20160901 20160930   135.6
20161001 20161031    63.8
20161101 20161130    11.4
20161201 20161231    29.4
20170101 20170131    47.6
20170201 20170228    24.0
20170301 20170331   181.5
20170401 20170430     4.4
20170501 20170531    37.2
20170601 20170630    28.0
20170701 20170731     4.0
20170801 20170831    21.6
20170901 20170930     3.8
20171001 20171031    71.2
20171101 20171130    61.0
20171201 20171231    65.0
