PRCP       015590 19001001 20180131 missing_value=99999.9 ALICE SPRINGS AIRPORT                     
19001001 19001031     3.6
19001101 19001130    21.5
19001201 19001231    45.7
19010101 19010131     1.1
19010201 19010228   101.6
19010301 19010331    26.9
19010401 19010430     0.0
19010501 19010531     0.0
19010601 19010630    31.1
19010701 19010731     1.5
19010801 19010831    10.2
19010901 19010930     3.7
19011001 19011031     2.1
19011101 19011130     1.5
19011201 19011231     5.5
19020101 19020131     7.5
19020201 19020228     8.1
19020301 19020331     0.0
19020401 19020430     0.0
19020501 19020531     0.0
19020601 19020630     0.6
19020701 19020731     0.0
19020801 19020831     0.4
19020901 19020930     0.0
19021001 19021031     4.9
19021101 19021130    98.4
19021201 19021231     6.3
19030101 19030131    16.0
19030201 19030228     0.9
19030301 19030331    65.3
19030401 19030430   108.7
19030501 19030531     0.2
19030601 19030630     0.0
19030701 19030731     0.0
19030801 19030831     0.0
19030901 19030930    10.9
19031001 19031031    18.3
19031101 19031130     7.4
19031201 19031231    71.0
19040101 19040131    28.8
19040201 19040229    60.5
19040301 19040331   108.5
19040401 19040430    21.7
19040501 19040531    70.0
19040601 19040630     0.2
19040701 19040731     8.6
19040801 19040831     0.0
19040901 19040930     3.7
19041001 19041031    23.0
19041101 19041130     0.0
19041201 19041231     0.0
19050101 19050131    26.0
19050201 19050228     0.0
19050301 19050331    35.7
19050401 19050430    11.1
19050501 19050531     5.4
19050601 19050630    25.8
19050701 19050731    11.7
19050801 19050831    53.6
19050901 19050930     0.0
19051001 19051031    13.8
19051101 19051130     6.7
19051201 19051231     0.0
19060101 19060131     7.5
19060201 19060228    17.2
19060301 19060331     2.2
19060401 19060430     0.9
19060501 19060531     0.0
19060601 19060630    32.8
19060701 19060731     2.6
19060801 19060831     0.0
19060901 19060930    14.0
19061001 19061031     6.1
19061101 19061130    22.1
19061201 19061231   108.0
19070101 19070131    13.8
19070201 19070228     5.4
19070301 19070331     2.2
19070401 19070430     0.0
19070501 19070531     5.9
19070601 19070630    43.6
19070701 19070731    11.5
19070801 19070831     0.0
19070901 19070930     0.0
19071001 19071031    13.5
19071101 19071130    49.7
19071201 19071231    32.2
19080101 19080131     3.1
19080201 19080229    46.1
19080301 19080331    49.4
19080401 19080430    75.3
19080501 19080531     0.0
19080601 19080630     0.0
19080701 19080731    38.3
19080801 19080831     1.9
19080901 19080930     0.0
19081001 19081031     4.8
19081101 19081130    10.1
19081201 19081231    25.2
19090101 19090131     7.2
19090201 19090228    17.0
19090301 19090331     5.7
19090401 19090430    20.8
19090501 19090531     0.0
19090601 19090630    32.2
19090701 19090731     0.0
19090801 19090831    24.7
19090901 19090930     1.8
19091001 19091031    34.8
19091101 19091130    16.8
19091201 19091231     0.0
19100101 19100131     0.6
19100201 19100228    17.2
19100301 19100331   246.1
19100401 19100430     2.2
19100501 19100531    14.4
19100601 19100630     6.7
19100701 19100731    21.1
19100801 19100831     0.0
19100901 19100930     3.7
19101001 19101031    16.8
19101101 19101130    25.3
19101201 19101231    45.3
19110101 19110131     0.0
19110201 19110228     0.0
19110301 19110331     0.4
19110401 19110430     7.8
19110501 19110531     0.0
19110601 19110630     0.0
19110701 19110731     8.0
19110801 19110831     6.5
19110901 19110930    11.3
19111001 19111031     3.1
19111101 19111130    44.7
19111201 19111231    50.9
19120101 19120131     3.8
19120201 19120229    96.1
19120301 19120331     0.8
19120401 19120430     7.8
19120501 19120531     0.0
19120601 19120630     0.0
19120701 19120731    26.1
19120801 19120831     2.0
19120901 19120930     0.0
19121001 19121031     0.0
19121101 19121130    67.2
19121201 19121231    16.5
19130101 19130131    38.6
19130201 19130228     4.9
19130301 19130331    18.8
19130401 19130430     0.0
19130501 19130531     0.0
19130601 19130630     0.0
19130701 19130731     0.0
19130801 19130831     0.0
19130901 19130930    10.7
19131001 19131031    22.8
19131101 19131130     7.9
19131201 19131231    12.2
19140101 19140131    74.0
19140201 19140228     0.0
19140301 19140331     0.0
19140401 19140430     0.0
19140501 19140531    67.4
19140601 19140630     0.4
19140701 19140731     0.0
19140801 19140831     0.0
19140901 19140930     0.0
19141001 19141031     1.7
19141101 19141130    39.1
19141201 19141231    41.3
19150101 19150131    55.8
19150201 19150228     5.7
19150301 19150331     0.0
19150401 19150430     0.0
19150501 19150531    27.3
19150601 19150630     0.0
19150701 19150731     2.0
19150801 19150831     0.0
19150901 19150930     1.1
19151001 19151031     5.5
19151101 19151130     0.0
19151201 19151231    11.1
19160101 19160131    14.4
19160201 19160229    18.1
19160301 19160331    24.3
19160401 19160430    24.3
19160501 19160531     0.9
19160601 19160630    20.0
19160701 19160731    13.5
19160801 19160831     0.0
19160901 19160930     6.5
19161001 19161031   115.6
19161101 19161130     8.1
19161201 19161231    20.8
19170101 19170131    42.3
19170201 19170228    59.5
19170301 19170331     8.6
19170401 19170430     0.0
19170501 19170531     0.0
19170601 19170630     8.3
19170701 19170731     8.8
19170801 19170831    15.0
19170901 19170930    18.6
19171001 19171031    19.6
19171101 19171130    30.6
19171201 19171231    29.3
19180101 19180131    14.4
19180201 19180228    46.4
19180301 19180331     0.0
19180401 19180430     0.0
19180501 19180531    13.4
19180601 19180630     0.0
19180701 19180731     6.7
19180801 19180831     6.8
19180901 19180930     0.0
19181001 19181031    10.9
19181101 19181130     4.4
19181201 19181231     0.0
19190101 19190131    49.0
19190201 19190228    30.6
19190301 19190331     0.0
19190401 19190430     0.0
19190501 19190531     2.8
19190601 19190630     0.0
19190701 19190731     0.0
19190801 19190831     0.4
19190901 19190930     0.0
19191001 19191031     0.0
19191101 19191130    15.8
19191201 19191231    15.8
19200101 19200131    52.9
19200201 19200229     2.0
19200301 19200331     2.2
19200401 19200430     4.6
19200501 19200531     0.0
19200601 19200630     5.7
19200701 19200731    23.2
19200801 19200831    32.5
19200901 19200930     9.0
19201001 19201031    21.1
19201101 19201130    81.7
19201201 19201231   145.7
19210101 19210131    31.3
19210201 19210228   168.0
19210301 19210331    66.6
19210401 19210430     0.0
19210501 19210531    64.2
19210601 19210630    53.1
19210701 19210731     0.0
19210801 19210831     0.0
19210901 19210930    17.1
19211001 19211031    10.2
19211101 19211130     2.2
19211201 19211231    14.5
19220101 19220131    11.6
19220201 19220228    50.2
19220301 19220331     0.4
19220401 19220430     1.1
19220501 19220531    27.6
19220601 19220630    12.9
19220701 19220731     0.0
19220801 19220831     0.0
19220901 19220930     0.0
19221001 19221031    22.5
19221101 19221130    13.3
19221201 19221231   127.9
19230101 19230131     5.4
19230201 19230228     0.0
19230301 19230331    25.8
19230401 19230430     0.0
19230501 19230531    19.7
19230601 19230630    61.6
19230701 19230731     0.0
19230801 19230831     0.0
19230901 19230930     0.0
19231001 19231031    37.0
19231101 19231130     0.2
19231201 19231231    74.3
19240101 19240131     5.4
19240201 19240229     4.1
19240301 19240331     0.0
19240401 19240430     6.6
19240501 19240531     0.0
19240601 19240630     0.0
19240701 19240731     0.2
19240801 19240831     0.2
19240901 19240930     0.2
19241001 19241031    20.9
19241101 19241130    53.1
19241201 19241231     6.8
19250101 19250131    80.4
19250201 19250228     1.8
19250301 19250331    12.3
19250401 19250430    13.4
19250501 19250531    13.4
19250601 19250630     0.0
19250701 19250731     4.6
19250801 19250831     9.9
19250901 19250930     0.0
19251001 19251031     0.0
19251101 19251130     7.6
19251201 19251231     0.0
19260101 19260131     1.1
19260201 19260228     0.0
19260301 19260331    91.2
19260401 19260430     7.5
19260501 19260531    34.9
19260601 19260630     0.0
19260701 19260731     0.0
19260801 19260831     0.0
19260901 19260930    14.4
19261001 19261031     0.0
19261101 19261130     6.7
19261201 19261231     9.0
19270101 19270131     6.7
19270201 19270228    15.7
19270301 19270331     0.9
19270401 19270430     0.0
19270501 19270531     0.4
19270601 19270630    13.6
19270701 19270731     0.0
19270801 19270831     0.0
19270901 19270930    10.5
19271001 19271031     7.9
19271101 19271130     7.7
19271201 19271231    26.8
19280101 19280131    18.6
19280201 19280229     0.0
19280301 19280331    17.3
19280401 19280430     0.0
19280501 19280531     0.0
19280601 19280630     0.2
19280701 19280731     0.0
19280801 19280831     0.0
19280901 19280930     0.7
19281001 19281031    21.2
19281101 19281130     0.0
19281201 19281231     0.0
19290101 19290131     0.0
19290201 19290228    12.0
19290301 19290331   114.2
19290401 19290430     0.0
19290501 19290531     0.0
19290601 19290630    13.3
19290701 19290731     0.0
19290801 19290831     1.3
19290901 19290930     2.4
19291001 19291031    12.5
19291101 19291130    12.4
19291201 19291231    52.5
19300101 19300131    73.7
19300201 19300228    24.4
19300301 19300331     7.0
19300401 19300430     0.0
19300501 19300531     9.8
19300601 19300630     0.0
19300701 19300731     0.0
19300801 19300831     0.0
19300901 19300930     2.6
19301001 19301031    26.7
19301101 19301130    10.9
19301201 19301231    92.7
19310101 19310131     3.7
19310201 19310228     0.0
19310301 19310331     0.0
19310401 19310430    22.0
19310501 19310531    25.3
19310601 19310630    14.7
19310701 19310731     0.0
19310801 19310831     0.0
19310901 19310930     7.4
19311001 19311031    14.7
19311101 19311130    20.4
19311201 19311231    16.7
19320101 19320131     0.0
19320201 19320229     2.4
19320301 19320331    76.6
19320401 19320430    11.5
19320501 19320531    18.4
19320601 19320630     1.3
19320701 19320731     0.0
19320801 19320831     3.3
19320901 19320930     1.7
19321001 19321031    41.4
19321101 19321130     2.0
19321201 19321231    11.6
19330101 19330131     0.4
19330201 19330228    15.3
19330301 19330331    33.0
19330401 19330430    17.0
19330501 19330531     2.0
19330601 19330630     0.0
19330701 19330731     0.0
19330801 19330831    39.7
19330901 19330930     3.9
19331001 19331031     8.0
19331101 19331130    47.6
19331201 19331231    18.5
19340101 19340131     8.1
19340201 19340228     3.0
19340301 19340331     0.0
19340401 19340430     0.0
19340501 19340531     0.0
19340601 19340630     0.0
19340701 19340731    23.0
19340801 19340831     6.3
19340901 19340930     4.6
19341001 19341031    33.6
19341101 19341130    58.5
19341201 19341231     0.0
19350101 19350131    43.4
19350201 19350228     2.8
19350301 19350331    16.0
19350401 19350430    17.6
19350501 19350531     0.0
19350601 19350630    24.1
19350701 19350731     0.0
19350801 19350831    10.2
19350901 19350930    14.7
19351001 19351031     9.1
19351101 19351130    14.4
19351201 19351231     5.4
19360101 19360131    33.8
19360201 19360229   125.0
19360301 19360331    37.2
19360401 19360430     0.0
19360501 19360531    42.8
19360601 19360630     0.0
19360701 19360731    21.0
19360801 19360831     5.6
19360901 19360930     0.0
19361001 19361031     0.6
19361101 19361130     2.4
19361201 19361231    10.7
19370101 19370131    91.6
19370201 19370228     5.0
19370301 19370331     0.0
19370401 19370430     4.9
19370501 19370531     0.0
19370601 19370630     4.2
19370701 19370731     0.0
19370801 19370831     2.2
19370901 19370930     0.0
19371001 19371031     3.0
19371101 19371130    59.3
19371201 19371231    29.3
19380101 19380131    23.5
19380201 19380228    36.0
19380301 19380331     3.9
19380401 19380430     0.0
19380501 19380531     0.0
19380601 19380630    40.5
19380701 19380731     0.0
19380801 19380831     0.0
19380901 19380930     0.0
19381001 19381031    16.9
19381101 19381130    18.6
19381201 19381231     0.0
19390101 19390131    54.7
19390201 19390228    59.0
19390301 19390331    32.0
19390401 19390430     1.5
19390501 19390531     0.0
19390601 19390630    35.5
19390701 19390731    63.1
19390801 19390831     0.0
19390901 19390930     0.0
19391001 19391031    18.2
19391101 19391130    26.4
19391201 19391231     0.0
19400101 19400131    70.8
19400201 19400229    83.6
19400301 19400331     0.0
19400401 19400430    16.4
19400501 19400531     0.0
19400601 19400630     0.0
19400701 19400731     0.0
19400801 19400831     0.0
19400901 19400930     0.0
19401001 19401031     3.9
19401101 19401130     0.0
19401201 19401231     3.5
19410101 19410131     7.2
19410201 19410228     0.0
19410301 19410331   145.7
19410401 19410430     0.0
19410501 19410531     3.1
19410601 19410630    24.2
19410701 19410731     0.0
19410801 19410831     0.0
19410901 19410930     0.0
19411001 19411031     8.0
19411101 19411130    73.8
19411201 19411231    35.6
19420101 19420131    63.6
19420201 19420228    10.4
19420301 19420331     7.1
19420401 19420430    11.9
19420501 19420531    41.7
19420601 19420630    18.4
19420701 19420731     0.0
19420801 19420831     2.1
19420901 19420930     1.0
19421001 19421031    25.4
19421101 19421130    14.8
19421201 19421231    20.7
19430101 19430131    23.6
19430201 19430228    28.6
19430301 19430331     6.6
19430401 19430430    30.1
19430501 19430531    15.0
19430601 19430630     2.3
19430701 19430731    20.2
19430801 19430831    24.7
19430901 19430930     0.0
19431001 19431031    58.5
19431101 19431130    64.5
19431201 19431231    25.7
19440101 19440131    10.9
19440201 19440229   110.0
19440301 19440331     4.8
19440401 19440430     0.0
19440501 19440531     0.0
19440601 19440630     3.3
19440701 19440731     2.3
19440801 19440831     0.0
19440901 19440930     3.8
19441001 19441031    35.1
19441101 19441130     1.8
19441201 19441231    43.0
19450101 19450131    34.8
19450201 19450228    39.7
19450301 19450331    66.8
19450401 19450430     0.3
19450501 19450531     3.3
19450601 19450630     0.3
19450701 19450731    12.8
19450801 19450831     0.0
19450901 19450930     1.5
19451001 19451031    17.1
19451101 19451130     0.0
19451201 19451231    46.2
19460101 19460131    25.9
19460201 19460228   180.5
19460301 19460331    10.7
19460401 19460430     0.0
19460501 19460531     0.0
19460601 19460630     4.0
19460701 19460731     0.0
19460801 19460831     0.0
19460901 19460930     0.0
19461001 19461031     0.8
19461101 19461130    29.6
19461201 19461231    42.6
19470101 19470131     5.1
19470201 19470228    59.4
19470301 19470331    38.1
19470401 19470430     0.0
19470501 19470531     0.0
19470601 19470630     7.4
19470701 19470731     5.8
19470801 19470831   114.1
19470901 19470930    60.8
19471001 19471031    19.8
19471101 19471130    20.1
19471201 19471231    39.5
19480101 19480131    44.0
19480201 19480229    90.4
19480301 19480331     0.0
19480401 19480430     1.5
19480501 19480531     0.0
19480601 19480630     0.0
19480701 19480731    30.8
19480801 19480831     0.0
19480901 19480930     0.3
19481001 19481031     7.1
19481101 19481130     1.3
19481201 19481231    18.9
19490101 19490131     0.8
19490201 19490228   152.2
19490301 19490331    28.5
19490401 19490430     0.0
19490501 19490531    60.8
19490601 19490630     2.8
19490701 19490731     0.0
19490801 19490831     0.0
19490901 19490930     7.1
19491001 19491031     6.6
19491101 19491130    11.7
19491201 19491231    22.3
19500101 19500131     8.9
19500201 19500228    17.0
19500301 19500331    12.2
19500401 19500430     0.0
19500501 19500531    45.1
19500601 19500630    71.1
19500701 19500731     0.0
19500801 19500831     0.0
19500901 19500930     0.6
19501001 19501031    35.4
19501101 19501130    44.5
19501201 19501231   139.5
19510101 19510131     7.2
19510201 19510228    13.2
19510301 19510331    10.9
19510401 19510430     3.8
19510501 19510531     0.0
19510601 19510630    54.7
19510701 19510731     0.0
19510801 19510831     0.0
19510901 19510930    11.2
19511001 19511031     0.3
19511101 19511130    54.4
19511201 19511231     3.6
19520101 19520131    52.3
19520201 19520229     1.8
19520301 19520331     0.0
19520401 19520430     7.9
19520501 19520531    28.8
19520601 19520630     0.0
19520701 19520731    27.2
19520801 19520831     0.3
19520901 19520930     0.0
19521001 19521031    58.9
19521101 19521130    21.0
19521201 19521231     9.7
19530101 19530131    46.2
19530201 19530228    47.6
19530301 19530331     4.1
19530401 19530430    68.0
19530501 19530531     2.3
19530601 19530630     0.0
19530701 19530731    15.3
19530801 19530831     0.8
19530901 19530930     0.8
19531001 19531031     1.3
19531101 19531130    18.6
19531201 19531231   119.8
19540101 19540131    31.0
19540201 19540228     0.0
19540301 19540331     0.0
19540401 19540430    31.0
19540501 19540531     2.5
19540601 19540630     2.8
19540701 19540731     4.5
19540801 19540831    42.7
19540901 19540930     0.0
19541001 19541031    69.6
19541101 19541130    27.7
19541201 19541231    13.3
19550101 19550131     1.5
19550201 19550228     5.3
19550301 19550331    52.7
19550401 19550430    17.0
19550501 19550531    11.8
19550601 19550630    18.3
19550701 19550731    91.0
19550801 19550831    16.9
19550901 19550930     1.0
19551001 19551031    17.9
19551101 19551130     7.8
19551201 19551231     0.0
19560101 19560131     2.6
19560201 19560229   106.0
19560301 19560331    11.2
19560401 19560430     0.0
19560501 19560531    22.6
19560601 19560630    37.4
19560701 19560731    41.8
19560801 19560831     0.0
19560901 19560930    20.4
19561001 19561031    20.7
19561101 19561130     0.3
19561201 19561231    13.2
19570101 19570131     2.3
19570201 19570228    17.5
19570301 19570331     0.8
19570401 19570430    15.9
19570501 19570531     0.0
19570601 19570630    43.2
19570701 19570731    22.4
19570801 19570831     1.1
19570901 19570930     0.0
19571001 19571031     7.7
19571101 19571130     4.0
19571201 19571231   123.0
19580101 19580131     3.6
19580201 19580228     1.0
19580301 19580331     3.8
19580401 19580430     0.0
19580501 19580531    61.5
19580601 19580630    15.5
19580701 19580731     4.8
19580801 19580831     0.3
19580901 19580930     2.1
19581001 19581031    18.8
19581101 19581130    26.1
19581201 19581231    39.4
19590101 19590131     2.1
19590201 19590228     2.0
19590301 19590331    39.4
19590401 19590430     0.0
19590501 19590531    48.3
19590601 19590630     1.5
19590701 19590731     1.3
19590801 19590831     0.0
19590901 19590930     0.3
19591001 19591031    21.6
19591101 19591130    24.9
19591201 19591231    13.5
19600101 19600131   106.3
19600201 19600229    28.5
19600301 19600331     0.0
19600401 19600430     7.9
19600501 19600531    22.2
19600601 19600630     1.1
19600701 19600731     1.4
19600801 19600831     6.9
19600901 19600930     3.0
19601001 19601031    25.4
19601101 19601130    16.0
19601201 19601231    13.3
19610101 19610131    21.4
19610201 19610228     1.5
19610301 19610331     0.0
19610401 19610430    62.2
19610501 19610531     0.0
19610601 19610630     0.0
19610701 19610731     0.0
19610801 19610831     0.5
19610901 19610930     0.3
19611001 19611031     0.3
19611101 19611130     4.9
19611201 19611231     1.8
19620101 19620131    28.4
19620201 19620228     4.8
19620301 19620331    39.1
19620401 19620430     0.0
19620501 19620531     2.3
19620601 19620630    21.5
19620701 19620731    20.2
19620801 19620831    29.6
19620901 19620930     0.0
19621001 19621031    40.9
19621101 19621130     6.7
19621201 19621231     2.3
19630101 19630131    10.2
19630201 19630228     0.5
19630301 19630331    18.8
19630401 19630430     6.9
19630501 19630531    27.0
19630601 19630630    11.5
19630701 19630731     0.0
19630801 19630831     1.6
19630901 19630930     0.0
19631001 19631031     7.1
19631101 19631130     8.7
19631201 19631231    15.8
19640101 19640131     5.4
19640201 19640229     0.0
19640301 19640331     0.0
19640401 19640430    13.2
19640501 19640531    23.2
19640601 19640630    14.0
19640701 19640731     0.0
19640801 19640831     3.9
19640901 19640930    23.7
19641001 19641031    17.8
19641101 19641130    17.8
19641201 19641231     4.5
19650101 19650131     0.0
19650201 19650228     0.0
19650301 19650331    11.9
19650401 19650430     0.0
19650501 19650531     0.0
19650601 19650630     4.4
19650701 19650731     0.0
19650801 19650831     8.1
19650901 19650930     0.5
19651001 19651031     6.4
19651101 19651130    10.2
19651201 19651231    40.6
19660101 19660131   182.4
19660201 19660228     7.1
19660301 19660331     0.0
19660401 19660430     0.0
19660501 19660531     9.9
19660601 19660630    55.2
19660701 19660731     0.3
19660801 19660831    63.5
19660901 19660930     0.0
19661001 19661031    36.9
19661101 19661130    18.1
19661201 19661231    16.0
19670101 19670131     7.1
19670201 19670228   155.1
19670301 19670331    22.1
19670401 19670430     0.0
19670501 19670531    37.9
19670601 19670630     2.3
19670701 19670731     0.0
19670801 19670831     0.0
19670901 19670930     0.0
19671001 19671031     1.0
19671101 19671130     2.8
19671201 19671231     7.9
19680101 19680131    77.0
19680201 19680229    22.9
19680301 19680331    24.1
19680401 19680430    37.8
19680501 19680531    67.9
19680601 19680630     9.8
19680701 19680731    61.0
19680801 19680831    11.9
19680901 19680930    33.1
19681001 19681031    21.5
19681101 19681130    47.5
19681201 19681231    48.0
19690101 19690131    29.1
19690201 19690228    45.6
19690301 19690331    26.7
19690401 19690430     0.3
19690501 19690531     3.3
19690601 19690630     3.8
19690701 19690731    45.5
19690801 19690831     0.3
19690901 19690930     0.0
19691001 19691031     6.6
19691101 19691130    13.2
19691201 19691231    10.5
19700101 19700131     0.0
19700201 19700228    14.2
19700301 19700331     8.6
19700401 19700430    51.3
19700501 19700531    11.0
19700601 19700630     0.0
19700701 19700731     0.0
19700801 19700831     0.3
19700901 19700930    12.0
19701001 19701031     3.8
19701101 19701130    18.6
19701201 19701231    56.0
19710101 19710131     0.5
19710201 19710228     0.3
19710301 19710331    13.7
19710401 19710430    14.3
19710501 19710531     0.0
19710601 19710630    11.7
19710701 19710731     7.9
19710801 19710831    12.6
19710901 19710930     3.6
19711001 19711031     0.0
19711101 19711130    39.5
19711201 19711231    21.4
19720101 19720131     2.8
19720201 19720229     1.1
19720301 19720331   225.8
19720401 19720430     0.0
19720501 19720531     0.0
19720601 19720630     0.0
19720701 19720731     0.0
19720801 19720831    10.4
19720901 19720930     6.4
19721001 19721031     0.0
19721101 19721130    22.8
19721201 19721231     2.0
19730101 19730131    53.5
19730201 19730228     9.2
19730301 19730331     0.8
19730401 19730430    13.4
19730501 19730531    10.4
19730601 19730630   101.2
19730701 19730731    22.5
19730801 19730831    59.0
19730901 19730930    13.7
19731001 19731031    19.6
19731101 19731130    91.9
19731201 19731231    54.2
19740101 19740131   241.2
19740201 19740228   146.0
19740301 19740331    62.6
19740401 19740430    91.6
19740501 19740531    24.0
19740601 19740630     0.0
19740701 19740731     0.0
19740801 19740831    30.6
19740901 19740930    54.4
19741001 19741031    73.1
19741101 19741130    10.8
19741201 19741231    48.2
19750101 19750131    17.0
19750201 19750228    84.2
19750301 19750331    60.2
19750401 19750430     0.2
19750501 19750531     0.0
19750601 19750630     3.5
19750701 19750731    28.4
19750801 19750831    33.0
19750901 19750930    57.4
19751001 19751031    31.5
19751101 19751130    56.9
19751201 19751231   228.9
19760101 19760131    97.8
19760201 19760229   210.5
19760301 19760331   157.4
19760401 19760430     0.0
19760501 19760531     0.0
19760601 19760630     0.0
19760701 19760731     3.0
19760801 19760831     0.0
19760901 19760930     0.4
19761001 19761031    47.4
19761101 19761130    34.0
19761201 19761231     1.4
19770101 19770131    13.6
19770201 19770228   140.0
19770301 19770331    40.2
19770401 19770430     0.0
19770501 19770531    11.0
19770601 19770630     0.4
19770701 19770731     0.0
19770801 19770831     0.0
19770901 19770930    21.0
19771001 19771031    24.6
19771101 19771130   110.4
19771201 19771231    10.8
19780101 19780131   126.2
19780201 19780228     2.4
19780301 19780331    20.0
19780401 19780430     0.0
19780501 19780531    61.4
19780601 19780630    31.0
19780701 19780731    81.6
19780801 19780831    17.6
19780901 19780930    15.2
19781001 19781031    28.0
19781101 19781130    24.0
19781201 19781231    21.4
19790101 19790131    76.2
19790201 19790228    19.0
19790301 19790331    44.4
19790401 19790430    25.2
19790501 19790531    73.8
19790601 19790630     1.0
19790701 19790731     0.0
19790801 19790831     0.8
19790901 19790930    28.0
19791001 19791031     6.4
19791101 19791130    27.8
19791201 19791231     5.4
19800101 19800131     8.0
19800201 19800229     7.2
19800301 19800331     0.6
19800401 19800430    25.8
19800501 19800531    38.6
19800601 19800630     6.6
19800701 19800731    10.8
19800801 19800831     4.8
19800901 19800930     0.0
19801001 19801031    44.4
19801101 19801130     0.6
19801201 19801231    22.0
19810101 19810131    92.6
19810201 19810228    18.8
19810301 19810331     1.2
19810401 19810430     0.0
19810501 19810531     7.2
19810601 19810630     6.6
19810701 19810731    13.0
19810801 19810831     0.0
19810901 19810930     5.2
19811001 19811031     7.4
19811101 19811130    65.0
19811201 19811231    92.6
19820101 19820131     4.6
19820201 19820228   185.6
19820301 19820331    48.6
19820401 19820430     3.6
19820501 19820531     0.0
19820601 19820630     0.2
19820701 19820731     2.6
19820801 19820831     0.0
19820901 19820930    17.2
19821001 19821031     5.4
19821101 19821130     0.0
19821201 19821231    25.8
19830101 19830131    23.2
19830201 19830228     1.4
19830301 19830331   356.8
19830401 19830430    68.2
19830501 19830531     0.0
19830601 19830630     0.0
19830701 19830731     0.0
19830801 19830831    12.4
19830901 19830930     0.4
19831001 19831031    21.6
19831101 19831130    18.6
19831201 19831231    46.0
19840101 19840131   105.0
19840201 19840229     0.6
19840301 19840331     1.2
19840401 19840430    28.2
19840501 19840531     0.2
19840601 19840630     0.0
19840701 19840731    24.6
19840801 19840831     5.8
19840901 19840930    29.0
19841001 19841031    32.0
19841101 19841130     4.4
19841201 19841231    58.0
19850101 19850131     0.0
19850201 19850228    17.0
19850301 19850331    25.6
19850401 19850430     0.8
19850501 19850531     0.8
19850601 19850630    17.0
19850701 19850731     1.0
19850801 19850831     3.0
19850901 19850930     0.0
19851001 19851031    31.0
19851101 19851130    21.8
19851201 19851231     2.6
19860101 19860131    13.4
19860201 19860228     0.4
19860301 19860331     0.0
19860401 19860430     0.4
19860501 19860531     8.0
19860601 19860630    80.6
19860701 19860731   144.0
19860801 19860831    13.2
19860901 19860930     0.2
19861001 19861031    36.6
19861101 19861130    77.6
19861201 19861231    19.6
19870101 19870131     3.0
19870201 19870228    25.4
19870301 19870331     4.6
19870401 19870430     7.0
19870501 19870531     2.6
19870601 19870630    36.0
19870701 19870731     0.0
19870801 19870831     3.8
19870901 19870930     3.6
19871001 19871031     1.2
19871101 19871130    24.4
19871201 19871231    72.6
19880101 19880131     2.8
19880201 19880229     0.2
19880301 19880331   222.2
19880401 19880430    29.4
19880501 19880531    17.4
19880601 19880630     1.6
19880701 19880731    16.2
19880801 19880831     7.2
19880901 19880930     1.0
19881001 19881031     2.6
19881101 19881130    17.4
19881201 19881231    57.6
19890101 19890131     1.8
19890201 19890228     0.6
19890301 19890331   110.2
19890401 19890430    14.2
19890501 19890531     6.4
19890601 19890630     0.0
19890701 19890731     6.4
19890801 19890831     0.8
19890901 19890930     0.2
19891001 19891031     5.2
19891101 19891130    23.8
19891201 19891231    68.0
19900101 19900131    19.2
19900201 19900228     0.4
19900301 19900331     2.4
19900401 19900430    12.6
19900501 19900531   103.6
19900601 19900630     0.0
19900701 19900731     1.0
19900801 19900831    15.6
19900901 19900930     0.0
19901001 19901031    17.4
19901101 19901130     0.0
19901201 19901231    16.6
19910101 19910131    40.6
19910201 19910228    53.8
19910301 19910331     0.0
19910401 19910430     0.0
19910501 19910531     0.0
19910601 19910630    17.8
19910701 19910731     2.6
19910801 19910831     0.0
19910901 19910930     7.2
19911001 19911031     0.2
19911101 19911130    19.6
19911201 19911231     6.0
19920101 19920131     9.4
19920201 19920229     9.6
19920301 19920331     0.0
19920401 19920430     6.8
19920501 19920531    65.6
19920601 19920630     0.6
19920701 19920731     0.0
19920801 19920831     6.0
19920901 19920930     7.6
19921001 19921031    20.4
19921101 19921130     7.4
19921201 19921231    61.4
19930101 19930131    13.2
19930201 19930228     3.8
19930301 19930331    14.0
19930401 19930430     4.2
19930501 19930531    90.2
19930601 19930630    36.6
19930701 19930731     7.0
19930801 19930831    15.0
19930901 19930930    33.6
19931001 19931031    63.8
19931101 19931130    20.4
19931201 19931231    40.6
19940101 19940131     0.0
19940201 19940228    43.2
19940301 19940331     0.2
19940401 19940430     1.0
19940501 19940531     0.0
19940601 19940630     7.8
19940701 19940731     0.0
19940801 19940831     0.0
19940901 19940930     0.4
19941001 19941031     0.0
19941101 19941130    26.2
19941201 19941231    10.0
19950101 19950131   153.6
19950201 19950228     6.8
19950301 19950331    15.2
19950401 19950430     1.8
19950501 19950531    50.4
19950601 19950630    36.6
19950701 19950731     3.6
19950801 19950831     0.0
19950901 19950930     3.0
19951001 19951031     4.8
19951101 19951130    39.2
19951201 19951231    38.4
19960101 19960131     2.8
19960201 19960229     1.8
19960301 19960331     2.0
19960401 19960430     7.0
19960501 19960531     0.0
19960601 19960630    13.0
19960701 19960731    23.2
19960801 19960831    10.2
19960901 19960930     0.0
19961001 19961031     6.0
19961101 19961130     0.8
19961201 19961231    18.4
19970101 19970131    80.4
19970201 19970228   187.4
19970301 19970331     0.0
19970401 19970430     0.0
19970501 19970531    40.2
19970601 19970630     2.8
19970701 19970731     6.0
19970801 19970831     0.2
19970901 19970930    17.2
19971001 19971031    53.6
19971101 19971130    18.6
19971201 19971231    27.0
19980101 19980131     3.6
19980201 19980228    17.4
19980301 19980331     0.2
19980401 19980430    98.2
19980501 19980531     0.0
19980601 19980630    14.2
19980701 19980731    24.6
19980801 19980831    12.0
19980901 19980930    13.0
19981001 19981031    55.2
19981101 19981130    31.8
19981201 19981231    25.0
19990101 19990131     3.6
19990201 19990228    20.2
19990301 19990331     1.0
19990401 19990430     0.0
19990501 19990531     0.0
19990601 19990630    28.2
19990701 19990731     0.0
19990801 19990831     2.2
19990901 19990930     0.2
19991001 19991031    23.4
19991101 19991130    11.0
19991201 19991231    73.0
20000101 20000131    29.0
20000201 20000229   241.6
20000301 20000331     6.8
20000401 20000430   269.2
20000501 20000531     6.8
20000601 20000630     0.0
20000701 20000731     0.0
20000801 20000831     1.0
20000901 20000930     0.0
20001001 20001031    34.0
20001101 20001130    47.4
20001201 20001231    28.0
20010101 20010131   251.4
20010201 20010228     6.0
20010301 20010331   127.8
20010401 20010430     0.2
20010501 20010531     0.0
20010601 20010630    27.6
20010701 20010731    29.8
20010801 20010831     0.0
20010901 20010930     1.4
20011001 20011031    37.2
20011101 20011130    76.0
20011201 20011231   183.8
20020101 20020131     5.2
20020201 20020228    54.2
20020301 20020331     1.2
20020401 20020430     0.0
20020501 20020531     4.0
20020601 20020630     0.0
20020701 20020731     0.0
20020801 20020831     0.0
20020901 20020930     0.4
20021001 20021031     0.0
20021101 20021130   132.6
20021201 20021231     0.2
20030101 20030131    33.0
20030201 20030228    38.4
20030301 20030331     1.2
20030401 20030430     1.0
20030501 20030531     3.4
20030601 20030630    19.0
20030701 20030731     0.4
20030801 20030831     0.6
20030901 20030930     6.8
20031001 20031031    15.0
20031101 20031130    16.4
20031201 20031231    24.2
20040101 20040131    30.4
20040201 20040229    60.8
20040301 20040331    19.8
20040401 20040430     0.0
20040501 20040531    85.4
20040601 20040630     3.2
20040701 20040731     0.0
20040801 20040831     5.8
20040901 20040930     2.4
20041001 20041031     2.8
20041101 20041130     5.2
20041201 20041231     3.0
20050101 20050131     8.2
20050201 20050228     5.2
20050301 20050331     0.8
20050401 20050430     0.0
20050501 20050531     0.0
20050601 20050630    32.2
20050701 20050731    57.4
20050801 20050831     0.0
20050901 20050930     5.2
20051001 20051031    73.4
20051101 20051130    24.0
20051201 20051231    40.0
20060101 20060131    12.2
20060201 20060228    11.2
20060301 20060331    12.4
20060401 20060430    14.6
20060501 20060531     4.4
20060601 20060630     0.0
20060701 20060731    29.0
20060801 20060831     4.2
20060901 20060930     0.0
20061001 20061031     9.4
20061101 20061130     4.8
20061201 20061231    34.2
20070101 20070131    95.4
20070201 20070228     0.0
20070301 20070331    55.2
20070401 20070430     0.0
20070501 20070531    17.0
20070601 20070630     6.6
20070701 20070731     0.0
20070801 20070831     3.0
20070901 20070930     0.0
20071001 20071031     6.8
20071101 20071130    27.2
20071201 20071231    21.0
20080101 20080131     6.6
20080201 20080229     6.4
20080301 20080331     0.0
20080401 20080430     0.0
20080501 20080531     0.0
20080601 20080630    16.4
20080701 20080731     0.0
20080801 20080831     2.2
20080901 20080930     3.4
20081001 20081031     1.6
20081101 20081130   156.0
20081201 20081231    54.8
20090101 20090131    15.0
20090201 20090228     9.0
20090301 20090331     0.4
20090401 20090430     0.0
20090501 20090531    21.2
20090601 20090630     2.4
20090701 20090731     0.0
20090801 20090831    11.6
20090901 20090930     5.8
20091001 20091031     0.0
20091101 20091130     0.4
20091201 20091231    11.0
20100101 20100131   137.0
20100201 20100228   182.4
20100301 20100331    31.2
20100401 20100430    39.8
20100501 20100531    11.6
20100601 20100630     0.0
20100701 20100731   102.8
20100801 20100831    16.4
20100901 20100930    48.8
20101001 20101031    70.2
20101101 20101130    61.6
20101201 20101231    67.8
20110101 20110131    64.2
20110201 20110228   107.6
20110301 20110331   120.0
20110401 20110430     0.0
20110501 20110531     2.0
20110601 20110630     9.2
20110701 20110731     6.4
20110801 20110831     0.0
20110901 20110930     0.2
20111001 20111031    12.4
20111101 20111130    40.2
20111201 20111231     4.2
20120101 20120131    26.6
20120201 20120229    44.4
20120301 20120331    41.2
20120401 20120430    25.8
20120501 20120531     0.0
20120601 20120630     0.0
20120701 20120731     0.0
20120801 20120831     0.0
20120901 20120930     4.0
20121001 20121031     0.6
20121101 20121130    42.4
20121201 20121231    25.4
20130101 20130131    23.2
20130201 20130228    11.8
20130301 20130331    25.2
20130401 20130430     0.8
20130501 20130531    43.4
20130601 20130630     4.0
20130701 20130731    43.2
20130801 20130831     0.0
20130901 20130930     0.6
20131001 20131031     0.0
20131101 20131130     1.2
20131201 20131231    30.8
20140101 20140131    33.4
20140201 20140228    46.2
20140301 20140331     1.0
20140401 20140430    90.6
20140501 20140531     5.4
20140601 20140630     0.0
20140701 20140731    26.4
20140801 20140831     0.0
20140901 20140930     0.0
20141001 20141031     0.0
20141101 20141130    13.6
20141201 20141231    34.8
20150101 20150131   195.2
20150201 20150228     0.0
20150301 20150331     0.0
20150401 20150430     7.6
20150501 20150531     0.0
20150601 20150630     2.4
20150701 20150731     0.0
20150801 20150831     0.4
20150901 20150930     0.0
20151001 20151031     0.0
20151101 20151130    23.8
20151201 20151231   119.8
20160101 20160131    40.0
20160201 20160229    26.4
20160301 20160331    16.2
20160401 20160430     0.0
20160501 20160531    56.8
20160601 20160630    28.0
20160701 20160731     0.0
20160801 20160831    20.4
20160901 20160930    49.2
20161001 20161031     3.4
20161101 20161130     7.0
20161201 20161231   125.8
20170101 20170131    73.2
20170201 20170228     4.4
20170301 20170331     0.0
20170401 20170430     0.2
20170501 20170531     0.0
20170601 20170630     0.4
20170701 20170731     0.8
20170801 20170831     0.0
20170901 20170930     5.2
20171001 20171031    19.0
20171101 20171130    57.8
20171201 20171231     6.0
20180101 20180131    31.2
