PRCP       048039 18911201 20150630 missing_value=99999.9 ENNGONIA (SHEARER STREET)                 
18911201 18911231    26.6
18920101 18920131     1.3
18920201 18920229     7.6
18920301 18920331    42.1
18920401 18920430     0.0
18920501 18920531   123.7
18920601 18920630     6.3
18920701 18920731     5.6
18920801 18920831     0.0
18920901 18920930    67.5
18921001 18921031   103.1
18921101 18921130     9.9
18921201 18921231     0.0
18930101 18930131     0.0
18930201 18930228     0.0
18930301 18930331    42.9
18930401 18930430     7.9
18930501 18930531    14.7
18930601 18930630    83.4
18930701 18930731     3.3
18930801 18930831   126.0
18930901 18930930     0.0
18931001 18931031    16.4
18931101 18931130    45.7
18931201 18931231     3.8
18940101 18940131    15.6
18940201 18940228    36.9
18940301 18940331   110.0
18940401 18940430    86.7
18940501 18940531     5.3
18940601 18940630    44.2
18940701 18940731     1.8
18940801 18940831    25.4
18940901 18940930    17.8
18941001 18941031    46.7
18941101 18941130     0.0
18941201 18941231    35.0
18950101 18950131    11.4
18950201 18950228    20.3
18950301 18950331     1.0
18950401 18950430     6.6
18950501 18950531    35.1
18950601 18950630    15.2
18950701 18950731     1.5
18950801 18950831     1.0
18950901 18950930     9.2
18951001 18951031    34.3
18951101 18951130   146.6
18951201 18951231    48.3
18960101 18960131     4.6
18960201 18960229   179.3
18960301 18960331    20.6
18960401 18960430    40.1
18960501 18960531    53.1
18960601 18960630     0.0
18960701 18960731    11.4
18960801 18960831     9.9
18960901 18960930     3.0
18961001 18961031     1.0
18961101 18961130    33.8
18961201 18961231    64.3
18970101 18970131    33.0
18970201 18970228    14.2
18970301 18970331    38.3
18970401 18970430     0.0
18970501 18970531     0.0
18970601 18970630    84.5
18970701 18970731     7.0
18970801 18970831    10.4
18970901 18970930    36.6
18971001 18971031    82.3
18971101 18971130     0.0
18971201 18971231    50.3
18980101 18980131   120.0
18980201 18980228   135.2
18980301 18980331    12.7
18980401 18980430     0.0
18980501 18980531     0.0
18980601 18980630    20.1
18980701 18980731     0.0
18980801 18980831    22.4
18980901 18980930     2.5
18981001 18981031    14.8
18981101 18981130     5.9
18981201 18981231    37.3
18990101 18990131    55.7
18990201 18990228    19.8
18990301 18990331    11.1
18990401 18990430     0.0
18990501 18990531     0.0
18990601 18990630    20.0
18990701 18990731     7.9
18990801 18990831    48.8
18990901 18990930    19.1
18991001 18991031     0.0
18991101 18991130     0.0
18991201 18991231     0.0
19000101 19000131    61.6
19000201 19000228     4.6
19000301 19000331    45.6
19000401 19000430     4.4
19000501 19000531    13.0
19000601 19000630    12.7
19000701 19000731    32.7
19000801 19000831     0.0
19000901 19000930     0.0
19001001 19001031     0.0
19001101 19001130     0.0
19001201 19001231    28.2
19010101 19010131     0.0
19010201 19010228     7.6
19010301 19010331    43.9
19010401 19010430    10.7
19010501 19010531    25.4
19010601 19010630    25.4
19010701 19010731    51.3
19010801 19010831    62.5
19010901 19010930     0.0
19011001 19011031    10.4
19011101 19011130     0.0
19011201 19011231     0.0
19020101 19020131     0.0
19020201 19020228     0.0
19020301 19020331     0.0
19020401 19020430     7.3
19020501 19020531     0.0
19020601 19020630     2.0
19020701 19020731     1.3
19020801 19020831    29.7
19020901 19020930    11.4
19021001 19021031    15.3
19021101 19021130    92.2
19021201 19021231    46.6
19030101 19030131    29.2
19030201 19030228     0.0
19030301 19030331    38.1
19030401 19030430    75.8
19030501 19030531    30.7
19030601 19030630    20.1
19030701 19030731    34.8
19030801 19030831     7.5
19030901 19030930    75.5
19031001 19031031    10.4
19031101 19031130    15.7
19031201 19031231    26.7
19040101 19040131    66.5
19040201 19040229    41.0
19040301 19040331     0.0
19040401 19040430    66.1
19040501 19040531   112.9
19040601 19040630     0.0
19040701 19040731    18.5
19040801 19040831     5.1
19040901 19040930    13.2
19041001 19041031   114.1
19041101 19041130     0.0
19041201 19041231     3.0
19050101 19050131     0.0
19050201 19050228    16.3
19050301 19050331    76.4
19050401 19050430   142.6
19050501 19050531     4.6
19050601 19050630    16.5
19050701 19050731    18.6
19050801 19050831    10.1
19050901 19050930     0.0
19051001 19051031     6.4
19051101 19051130     2.5
19051201 19051231     1.0
19060101 19060131     2.3
19060201 19060228    82.6
19060301 19060331    30.1
19060401 19060430     3.8
19060501 19060531    38.1
19060601 19060630    29.9
19060701 19060731     2.6
19060801 19060831    29.2
19060901 19060930    81.0
19061001 19061031    56.6
19061101 19061130    43.4
19061201 19061231    43.4
19070101 19070131   148.6
19070201 19070228    14.0
19070301 19070331    46.3
19070401 19070430     0.0
19070501 19070531     3.6
19070601 19070630    22.9
19070701 19070731    10.2
19070801 19070831    21.6
19070901 19070930     5.3
19071001 19071031    15.3
19071101 19071130    32.6
19071201 19071231    44.4
19080101 19080131    14.0
19080201 19080229    44.5
19080301 19080331    25.9
19080401 19080430     4.1
19080501 19080531    16.2
19080601 19080630     4.8
19080701 19080731    42.3
19080801 19080831    32.5
19080901 19080930     0.0
19081001 19081031    36.6
19081101 19081130    34.8
19081201 19081231    53.6
19090101 19090131    37.6
19090201 19090228    23.6
19090301 19090331    26.4
19090401 19090430    47.5
19090501 19090531     1.8
19090601 19090630    41.5
19090701 19090731     3.6
19090801 19090831   117.3
19090901 19090930     0.0
19091001 19091031    19.5
19091101 19091130    24.3
19091201 19091231    65.8
19100101 19100131    45.5
19100201 19100228     8.0
19100301 19100331    34.5
19100401 19100430    19.1
19100501 19100531    16.5
19100601 19100630    35.6
19100701 19100731    17.2
19100801 19100831    17.0
19100901 19100930    14.7
19101001 19101031    24.1
19101101 19101130   109.8
19101201 19101231    43.5
19110101 19110131    33.2
19110201 19110228   149.5
19110301 19110331    14.0
19110401 19110430     0.0
19110501 19110531    47.4
19110601 19110630     6.6
19110701 19110731     7.1
19110801 19110831     1.8
19110901 19110930    26.9
19111001 19111031     1.3
19111101 19111130    37.6
19111201 19111231    48.8
19120101 19120131     0.0
19120201 19120229    25.0
19120301 19120331    25.7
19120401 19120430     0.0
19120501 19120531     0.0
19120601 19120630    59.2
19120701 19120731    46.5
19120801 19120831     4.1
19120901 19120930     7.6
19121001 19121031    20.0
19121101 19121130     1.8
19121201 19121231     6.3
19130101 19130131    26.6
19130201 19130228    87.1
19130301 19130331    20.0
19130401 19130430    32.8
19130501 19130531   100.8
19130601 19130630     9.2
19130701 19130731     0.0
19130801 19130831     0.0
19130901 19130930     0.8
19131001 19131031    12.7
19131101 19131130    25.4
19131201 19131231    18.7
19140101 19140131     7.6
19140201 19140228    55.1
19140301 19140331     7.3
19140401 19140430     5.6
19140501 19140531    26.9
19140601 19140630     8.9
19140701 19140731    19.0
19140801 19140831     0.0
19140901 19140930    14.7
19141001 19141031     6.1
19141101 19141130    69.1
19141201 19141231    33.5
19150101 19150131     1.0
19150201 19150228     0.0
19150301 19150331     4.1
19150401 19150430    12.7
19150501 19150531    41.4
19150601 19150630    11.7
19150701 19150731    14.7
19150801 19150831     5.6
19150901 19150930     1.5
19151001 19151031    21.0
19151101 19151130     0.0
19151201 19151231    36.6
19160101 19160131     3.8
19160201 19160229     0.0
19160301 19160331     1.3
19160401 19160430    37.4
19160501 19160531     0.0
19160601 19160630    71.4
19160701 19160731    87.9
19160801 19160831     4.1
19160901 19160930    34.8
19161001 19161031    70.6
19161101 19161130    62.7
19161201 19161231    73.2
19170101 19170131    72.9
19170201 19170228    84.8
19170301 19170331     4.3
19170401 19170430     0.0
19170501 19170531     3.6
19170601 19170630    59.7
19170701 19170731    12.2
19170801 19170831    14.7
19170901 19170930    25.3
19171001 19171031     9.7
19171101 19171130    85.0
19171201 19171231    16.2
19180101 19180131   100.3
19180201 19180228     0.0
19180301 19180331     8.9
19180401 19180430    88.2
19180501 19180531    16.0
19180601 19180630     0.0
19180701 19180731    13.7
19180801 19180831    45.4
19180901 19180930    41.1
19181001 19181031     0.0
19181101 19181130    16.0
19181201 19181231    25.8
19190101 19190131     0.0
19190201 19190228    32.9
19190301 19190331     0.0
19190401 19190430     0.0
19190501 19190531    10.7
19190601 19190630     0.0
19190701 19190731     0.0
19190801 19190831    18.6
19190901 19190930     6.1
19191001 19191031     7.6
19191101 19191130     0.0
19191201 19191231     0.0
19200101 19200131     3.6
19200201 19200229    26.7
19200301 19200331    17.8
19200401 19200430    24.9
19200501 19200531     0.0
19200601 19200630   175.5
19200701 19200731    91.9
19200801 19200831    32.8
19200901 19200930   103.4
19201001 19201031    19.3
19201101 19201130    33.3
19201201 19201231    39.9
19210101 19210131    50.8
19210201 19210228    39.8
19210301 19210331    33.8
19210401 19210430    63.4
19210501 19210531    28.1
19210601 19210630    24.1
19210701 19210731    68.8
19210801 19210831     4.1
19210901 19210930    33.0
19211001 19211031    12.7
19211101 19211130    44.7
19211201 19211231    35.8
19220101 19220131     8.1
19220201 19220228    64.0
19220301 19220331     0.0
19220401 19220430     0.0
19220501 19220531     0.0
19220601 19220630     7.6
19220701 19220731     3.0
19220801 19220831     0.0
19220901 19220930     0.0
19221001 19221031    10.7
19221101 19221130     0.0
19221201 19221231    73.4
19230101 19230131    22.9
19230201 19230228    14.0
19230301 19230331     0.0
19230401 19230430     0.0
19230501 19230531    10.7
19230601 19230630    92.0
19230701 19230731    13.2
19230801 19230831     0.0
19230901 19230930     0.0
19231001 19231031    21.4
19231101 19231130     9.4
19231201 19231231    94.2
19240101 19240131     0.0
19240201 19240229    62.8
19240301 19240331     7.4
19240401 19240430     3.6
19240501 19240531     0.0
19240601 19240630    27.2
19240701 19240731    13.7
19240801 19240831    14.5
19240901 19240930    38.3
19241001 19241031    41.3
19241101 19241130   102.5
19241201 19241231    21.9
19250101 19250131   159.6
19250201 19250228    25.1
19250301 19250331    24.4
19250401 19250430     0.0
19250501 19250531    17.1
19250601 19250630    13.5
19250701 19250731    10.7
19250801 19250831    20.2
19250901 19250930     7.1
19251001 19251031     0.0
19251101 19251130   114.1
19251201 19251231    29.0
19260101 19260131    38.2
19260201 19260228     3.0
19260301 19260331   195.9
19260401 19260430    55.8
19260501 19260531    44.5
19260601 19260630    19.6
19260701 19260731     3.0
19260801 19260831     0.0
19260901 19260930    78.0
19261001 19261031     0.0
19261101 19261130    14.7
19261201 19261231    64.8
19270101 19270131    20.3
19270201 19270228     0.0
19270301 19270331    36.8
19270401 19270430     0.0
19270501 19270531     0.0
19270601 19270630    29.5
19270701 19270731     0.0
19270801 19270831     0.0
19270901 19270930     6.1
19271001 19271031    18.6
19271101 19271130    28.4
19271201 19271231    90.5
19280101 19280131     7.9
19280201 19280229    69.6
19280301 19280331    20.4
19280401 19280430    41.6
19280501 19280531     0.0
19280601 19280630    24.4
19280701 19280731    18.9
19280801 19280831     0.0
19280901 19280930     0.0
19281001 19281031     4.3
19281101 19281130    14.2
19281201 19281231    15.1
19290101 19290131     0.0
19290201 19290228     3.6
19290301 19290331     5.8
19290401 19290430    19.3
19290501 19290531     0.0
19290601 19290630     5.8
19290701 19290731     0.0
19290801 19290831     2.3
19290901 19290930     6.6
19291001 19291031     0.0
19291101 19291130    40.1
19291201 19291231    27.7
19300101 19300131    71.2
19300201 19300228    14.5
19300301 19300331    32.3
19300401 19300430    10.1
19300501 19300531    35.3
19300601 19300630    54.6
19300701 19300731    53.9
19300801 19300831    13.0
19300901 19300930     2.8
19301001 19301031    45.2
19301101 19301130    19.5
19301201 19301231    48.0
19310101 19310131     8.9
19310201 19310228     0.0
19310301 19310331    48.1
19310401 19310430    62.5
19310501 19310531   114.3
19310601 19310630    55.9
19310701 19310731    24.4
19310801 19310831     0.0
19310901 19310930     3.6
19311001 19311031     2.5
19311101 19311130    35.1
19311201 19311231   128.4
19320101 19320131     0.0
19320201 19320229    48.0
19320301 19320331    25.7
19320401 19320430     6.3
19320501 19320531    31.2
19320601 19320630     3.8
19320701 19320731    12.4
19320801 19320831     3.8
19320901 19320930    23.6
19321001 19321031     4.9
19321101 19321130    15.3
19321201 19321231     2.8
19330101 19330131     6.6
19330201 19330228    15.0
19330301 19330331     5.7
19330401 19330430    18.4
19330501 19330531    18.1
19330601 19330630     5.8
19330701 19330731    16.0
19330801 19330831    30.2
19330901 19330930    47.7
19331001 19331031    14.8
19331101 19331130   114.5
19331201 19331231   106.4
19340101 19340131     4.8
19340201 19340228    30.2
19340301 19340331     0.0
19340401 19340430     4.3
19340501 19340531     2.3
19340601 19340630    48.0
19340701 19340731    24.1
19340801 19340831    13.9
19340901 19340930     7.1
19341001 19341031    78.2
19341101 19341130    49.8
19341201 19341231     0.0
19350101 19350131    15.2
19350201 19350228     0.0
19350301 19350331     3.0
19350401 19350430     0.0
19350501 19350531     0.0
19350601 19350630     2.0
19350701 19350731    43.4
19350801 19350831    15.5
19350901 19350930    23.8
19351001 19351031    14.7
19351101 19351130     5.8
19351201 19351231    18.8
19360101 19360131   194.4
19360201 19360229    29.7
19360301 19360331    36.1
19360401 19360430     0.0
19360501 19360531    16.5
19360601 19360630    20.3
19360701 19360731    34.8
19360801 19360831    23.9
19360901 19360930     0.0
19361001 19361031    10.2
19361101 19361130     0.0
19361201 19361231   148.6
19370101 19370131     2.3
19370201 19370228   109.9
19370301 19370331     6.3
19370401 19370430     4.1
19370501 19370531     0.8
19370601 19370630     8.1
19370701 19370731     0.0
19370801 19370831    24.9
19370901 19370930     6.0
19371001 19371031     0.0
19371101 19371130     2.6
19371201 19371231     4.5
19380101 19380131    40.1
19380201 19380228     3.3
19380301 19380331    19.6
19380401 19380430     7.6
19380501 19380531   106.7
19380601 19380630    58.5
19380701 19380731    44.8
19380801 19380831    13.2
19380901 19380930     0.0
19381001 19381031    11.7
19381101 19381130    31.5
19381201 19381231     0.0
19390101 19390131    51.6
19390201 19390228   105.6
19390301 19390331    63.9
19390401 19390430    33.1
19390501 19390531    11.9
19390601 19390630    31.0
19390701 19390731    29.4
19390801 19390831    53.3
19390901 19390930     0.5
19391001 19391031    38.1
19391101 19391130    26.6
19391201 19391231     5.1
19400101 19400131    28.2
19400201 19400229     1.5
19400301 19400331     0.0
19400401 19400430    51.9
19400501 19400531     2.0
19400601 19400630     1.5
19400701 19400731     3.8
19400801 19400831     3.3
19400901 19400930    11.7
19401001 19401031     8.1
19401101 19401130    18.1
19401201 19401231    32.8
19410101 19410131   160.4
19410201 19410228    18.3
19410301 19410331    35.2
19410401 19410430     0.3
19410501 19410531    17.5
19410601 19410630    12.2
19410701 19410731     1.3
19410801 19410831     0.0
19410901 19410930     1.3
19411001 19411031    18.1
19411101 19411130     7.2
19411201 19411231     6.8
19420101 19420131     3.0
19420201 19420228    42.7
19420301 19420331     7.6
19420401 19420430    11.5
19420501 19420531    80.3
19420601 19420630    38.3
19420701 19420731    19.2
19420801 19420831     0.0
19420901 19420930    19.3
19421001 19421031    37.6
19421101 19421130    33.8
19421201 19421231    97.5
19430101 19430131    88.7
19430201 19430228    22.1
19430301 19430331     0.0
19430401 19430430     5.6
19430501 19430531     0.5
19430601 19430630    14.5
19430701 19430731     7.4
19430801 19430831     5.5
19430901 19430930    28.0
19431001 19431031     8.9
19431101 19431130    16.0
19431201 19431231     0.0
19440101 19440131    20.3
19440201 19440229    41.1
19440301 19440331     2.0
19440401 19440430    11.7
19440501 19440531    12.9
19440601 19440630     0.0
19440701 19440731    34.6
19440801 19440831    83.6
19440901 19440930     0.0
19441001 19441031     1.3
19441101 19441130    21.6
19441201 19441231     2.8
19450101 19450131     3.8
19450201 19450228    20.6
19450301 19450331    17.6
19450401 19450430     0.8
19450501 19450531    24.6
19450601 19450630    24.6
19450701 19450731    57.6
19450801 19450831    16.6
19450901 19450930    18.0
19451001 19451031     2.1
19451101 19451130     2.0
19451201 19451231    45.8
19460101 19460131    50.1
19460201 19460228    19.6
19460301 19460331    16.0
19460401 19460430     5.1
19460501 19460531     0.0
19460601 19460630     6.4
19460701 19460731     2.3
19460801 19460831     0.0
19460901 19460930    53.6
19461001 19461031     0.0
19461101 19461130    10.1
19461201 19461231    74.7
19470101 19470131     6.4
19470201 19470228   164.1
19470301 19470331    16.5
19470401 19470430     2.8
19470501 19470531    24.4
19470601 19470630    23.4
19470701 19470731    22.4
19470801 19470831    37.6
19470901 19470930    43.5
19471001 19471031    39.1
19471101 19471130    35.6
19471201 19471231    34.2
19480101 19480131    10.7
19480201 19480229   110.6
19480301 19480331     3.3
19480401 19480430     0.0
19480501 19480531    47.3
19480601 19480630    71.5
19480701 19480731     4.1
19480801 19480831     3.8
19480901 19480930    31.5
19481001 19481031     0.8
19481101 19481130     4.3
19481201 19481231    23.6
19490101 19490131     6.1
19490201 19490228    78.2
19490301 19490331   132.2
19490401 19490430    41.2
19490501 19490531    21.0
19490601 19490630     8.6
19490701 19490731     7.1
19490801 19490831     2.1
19490901 19490930    49.3
19491001 19491031    59.3
19491101 19491130    38.8
19491201 19491231     0.0
19500101 19500131    31.3
19500201 19500228    74.8
19500301 19500331   230.9
19500401 19500430   100.1
19500501 19500531    24.1
19500601 19500630    64.3
19500701 19500731    65.4
19500801 19500831     3.3
19500901 19500930    25.4
19501001 19501031   119.3
19501101 19501130   194.4
19501201 19501231     0.0
19510101 19510131     5.1
19510201 19510228     0.8
19510301 19510331    15.2
19510401 19510430     0.5
19510501 19510531    13.5
19510601 19510630    50.1
19510701 19510731     0.0
19510801 19510831    11.9
19510901 19510930    13.4
19511001 19511031    19.1
19511101 19511130    14.0
19511201 19511231    12.7
19520101 19520131    10.6
19520201 19520229    40.7
19520301 19520331    80.3
19520401 19520430    30.5
19520501 19520531    14.7
19520601 19520630     0.5
19520701 19520731    39.3
19520801 19520831    24.6
19520901 19520930     0.8
19521001 19521031    36.2
19521101 19521130    16.5
19521201 19521231    22.9
19530101 19530131    40.2
19530201 19530228    60.1
19530301 19530331     4.1
19530401 19530430    55.9
19530501 19530531    23.1
19530601 19530630     0.0
19530701 19530731     0.0
19530801 19530831    22.6
19530901 19530930     8.9
19531001 19531031    63.5
19531101 19531130    39.3
19531201 19531231    11.4
19540101 19540131    41.4
19540201 19540228    30.5
19540301 19540331     0.0
19540401 19540430     0.0
19540501 19540531     0.0
19540601 19540630    40.7
19540701 19540731    57.2
19540801 19540831    15.2
19540901 19540930     7.1
19541001 19541031    49.9
19541101 19541130     8.6
19541201 19541231    39.9
19550101 19550131    28.7
19550201 19550228   112.3
19550301 19550331    24.2
19550401 19550430    71.2
19550501 19550531    24.4
19550601 19550630     6.6
19550701 19550731    48.8
19550801 19550831    12.7
19550901 19550930     0.0
19551001 19551031   176.2
19551101 19551130    32.1
19551201 19551231     7.4
19560101 19560131    85.1
19560201 19560229   134.6
19560301 19560331   175.8
19560401 19560430     6.1
19560501 19560531    51.9
19560601 19560630    23.2
19560701 19560731    79.0
19560801 19560831     0.0
19560901 19560930    11.8
19561001 19561031    33.4
19561101 19561130     4.8
19561201 19561231    27.9
19570101 19570131     0.0
19570201 19570228    52.3
19570301 19570331    23.1
19570401 19570430     7.4
19570501 19570531     0.0
19570601 19570630    21.4
19570701 19570731     2.0
19570801 19570831     3.3
19570901 19570930     0.5
19571001 19571031     0.0
19571101 19571130     0.0
19571201 19571231    17.8
19580101 19580131     3.5
19580201 19580228     0.8
19580301 19580331     3.9
19580401 19580430     9.8
19580501 19580531    62.5
19580601 19580630    53.9
19580701 19580731    18.1
19580801 19580831    32.6
19580901 19580930    20.9
19581001 19581031    48.9
19581101 19581130    60.3
19581201 19581231    50.1
19590101 19590131    81.9
19590201 19590228    14.0
19590301 19590331    68.8
19590401 19590430    62.2
19590501 19590531    28.7
19590601 19590630    12.2
19590701 19590731    11.7
19590801 19590831     4.9
19590901 19590930    19.3
19591001 19591031    33.7
19591101 19591130     0.0
19591201 19591231     2.1
19600101 19600131    43.1
19600201 19600229     9.7
19600301 19600331    19.0
19600401 19600430     2.8
19600501 19600531    57.7
19600601 19600630    17.8
19600701 19600731    16.0
19600801 19600831    27.5
19600901 19600930     9.3
19601001 19601031     0.5
19601101 19601130    61.5
19601201 19601231     1.8
19610101 19610131    93.5
19610201 19610228    19.3
19610301 19610331    45.7
19610401 19610430   151.4
19610501 19610531     0.5
19610601 19610630     9.7
19610701 19610731    12.7
19610801 19610831     7.2
19610901 19610930     0.0
19611001 19611031    21.9
19611101 19611130    16.3
19611201 19611231    19.3
19620101 19620131    89.7
19620201 19620228     8.9
19620301 19620331    67.6
19620401 19620430     0.0
19620501 19620531     8.9
19620601 19620630    11.4
19620701 19620731    19.4
19620801 19620831    26.7
19620901 19620930    20.1
19621001 19621031    22.1
19621101 19621130     3.8
19621201 19621231    92.6
19630101 19630131    72.6
19630201 19630228    21.8
19630301 19630331   243.1
19630401 19630430    28.0
19630501 19630531    37.4
19630601 19630630    30.8
19630701 19630731     2.1
19630801 19630831    14.5
19630901 19630930     8.4
19631001 19631031    42.7
19631101 19631130    16.5
19631201 19631231    21.0
19640101 19640131   105.9
19640201 19640229    41.2
19640301 19640331     1.3
19640401 19640430     2.6
19640501 19640531    33.4
19640601 19640630     1.3
19640701 19640731    16.5
19640801 19640831    21.6
19640901 19640930    49.5
19641001 19641031    21.9
19641101 19641130     7.3
19641201 19641231     1.5
19650101 19650131    13.5
19650201 19650228     1.3
19650301 19650331     0.0
19650401 19650430     1.8
19650501 19650531     2.3
19650601 19650630     6.9
19650701 19650731     3.3
19650801 19650831    13.7
19650901 19650930     2.3
19651001 19651031    12.5
19651101 19651130     6.1
19651201 19651231    74.6
19660101 19660131    37.8
19660201 19660228     1.5
19660301 19660331    20.1
19660401 19660430     0.0
19660501 19660531    31.0
19660601 19660630     2.5
19660701 19660731    21.3
19660801 19660831    84.1
19660901 19660930     2.8
19661001 19661031    40.7
19661101 19661130    15.5
19661201 19661231    28.9
19670101 19670131    25.2
19670201 19670228    11.0
19670301 19670331   186.2
19670401 19670430     0.0
19670501 19670531    25.9
19670601 19670630    27.0
19670701 19670731     0.0
19670801 19670831     5.6
19670901 19670930     0.0
19671001 19671031     0.2
19671101 19671130    30.0
19671201 19671231    37.6
19680101 19680131   114.7
19680201 19680229    23.9
19680301 19680331    54.9
19680401 19680430    31.0
19680501 19680531    82.3
19680601 19680630     4.3
19680701 19680731    20.4
19680801 19680831    15.8
19680901 19680930     3.5
19681001 19681031     3.5
19681101 19681130     7.7
19681201 19681231    14.9
19690101 19690131     0.0
19690201 19690228    13.9
19690301 19690331   149.5
19690401 19690430     1.0
19690501 19690531     1.5
19690601 19690630    27.4
19690701 19690731    23.2
19690801 19690831    17.8
19690901 19690930    18.3
19691001 19691031    16.5
19691101 19691130    14.5
19691201 19691231     3.0
19700101 19700131    24.1
19700201 19700228     1.8
19700301 19700331    27.4
19700401 19700430    58.6
19700501 19700531     2.0
19700601 19700630     0.0
19700701 19700731     0.0
19700801 19700831    11.5
19700901 19700930    98.4
19701001 19701031    21.8
19701101 19701130    27.9
19701201 19701231    25.4
19710101 19710131    37.9
19710201 19710228    42.6
19710301 19710331   139.3
19710401 19710430    36.3
19710501 19710531     7.1
19710601 19710630     0.0
19710701 19710731    25.0
19710801 19710831    25.1
19710901 19710930    50.1
19711001 19711031     1.5
19711101 19711130     5.1
19711201 19711231    20.4
19720101 19720131    75.3
19720201 19720229     7.1
19720301 19720331     0.0
19720401 19720430     6.9
19720501 19720531    49.8
19720601 19720630     2.9
19720701 19720731     1.3
19720801 19720831    19.6
19720901 19720930     2.8
19721001 19721031    38.3
19721101 19721130    29.0
19721201 19721231    10.8
19730101 19730131    35.1
19730201 19730228   153.5
19730301 19730331     6.6
19730401 19730430     6.4
19730501 19730531    13.3
19730601 19730630    18.8
19730701 19730731    19.4
19730801 19730831    32.8
19730901 19730930    15.5
19731001 19731031    96.8
19731101 19731130    29.0
19731201 19731231    98.3
19740101 19740131   207.6
19740201 19740228   109.4
19740301 19740331    13.6
19740401 19740430   129.4
19740501 19740531    19.6
19740601 19740630     1.8
19740701 19740731    11.8
19740801 19740831    30.0
19740901 19740930    17.0
19741001 19741031    45.2
19741101 19741130    29.4
19741201 19741231     0.2
19750101 19750131    65.8
19750201 19750228   161.6
19750301 19750331     4.4
19750401 19750430     0.0
19750501 19750531     0.0
19750601 19750630    30.6
19750701 19750731    13.8
19750801 19750831    24.8
19750901 19750930    38.4
19751001 19751031    16.3
19751101 19751130     0.0
19751201 19751231    97.6
19760101 19760131   125.2
19760201 19760229   376.8
19760301 19760331    35.2
19760401 19760430     0.0
19760501 19760531     1.7
19760601 19760630     6.0
19760701 19760731    55.5
19760801 19760831     1.4
19760901 19760930    19.2
19761001 19761031    52.4
19761101 19761130    16.1
19761201 19761231    22.6
19770101 19770131     9.5
19770201 19770228   158.4
19770301 19770331    43.4
19770401 19770430    53.4
19770501 19770531   120.6
19770601 19770630    14.2
19770701 19770731     0.0
19770801 19770831     5.2
19770901 19770930     7.0
19771001 19771031    37.8
19771101 19771130     1.7
19771201 19771231     4.8
19780101 19780131    60.4
19780201 19780228     5.4
19780301 19780331    24.8
19780401 19780430     0.0
19780501 19780531    81.6
19780601 19780630    41.6
19780701 19780731    33.4
19780801 19780831    21.6
19780901 19780930    37.6
19781001 19781031     7.2
19781101 19781130    79.8
19781201 19781231    22.6
19790101 19790131    24.4
19790201 19790228     8.0
19790301 19790331    30.8
19790401 19790430     5.2
19790501 19790531    23.4
19790601 19790630    11.4
19790701 19790731     4.4
19790801 19790831     9.2
19790901 19790930    50.6
19791001 19791031    17.0
19791101 19791130     4.8
19791201 19791231     0.0
19800101 19800131    15.0
19800201 19800229    10.0
19800301 19800331    11.0
19800401 19800430    10.6
19800501 19800531    17.6
19800601 19800630     8.0
19800701 19800731    40.0
19800801 19800831    10.4
19800901 19800930     0.0
19801001 19801031    14.6
19801101 19801130     0.0
19801201 19801231    25.6
19810101 19810131     3.0
19810201 19810228    12.6
19810301 19810331    15.0
19810401 19810430    19.0
19810501 19810531   121.0
19810601 19810630    19.4
19810701 19810731    76.0
19810801 19810831     2.0
19810901 19810930     8.8
19811001 19811031    23.0
19811101 19811130    46.0
19811201 19811231     5.6
19820101 19820131    20.4
19820201 19820228     1.0
19820301 19820331    42.8
19820401 19820430     5.2
19820501 19820531    21.0
19820601 19820630     0.0
19820701 19820731     4.2
19820801 19820831     0.0
19820901 19820930     7.4
19821001 19821031     6.6
19821101 19821130     8.2
19821201 19821231     0.0
19830101 19830131    71.6
19830201 19830228    31.2
19830301 19830331   117.2
19830401 19830430    65.2
19830501 19830531   173.2
19830601 19830630    14.6
19830701 19830731    12.8
19830801 19830831    83.2
19830901 19830930     5.6
19831001 19831031     1.6
19831101 19831130    64.4
19831201 19831231    34.2
19840101 19840131   132.4
19840201 19840229    53.4
19840301 19840331     6.2
19840401 19840430    20.0
19840501 19840531     0.0
19840601 19840630    19.8
19840701 19840731    62.4
19840801 19840831     5.2
19840901 19840930    16.0
19841001 19841031    42.6
19841101 19841130    33.6
19841201 19841231     2.4
19850101 19850131     1.2
19850201 19850228    23.4
19850301 19850331     4.2
19850401 19850430     0.0
19850501 19850531     5.0
19850601 19850630     7.2
19850701 19850731    29.6
19850801 19850831    51.2
19850901 19850930     0.8
19851001 19851031    31.8
19851101 19851130    79.8
19851201 19851231    60.4
19860101 19860131     0.0
19860201 19860228     0.4
19860301 19860331     3.4
19860401 19860430     8.2
19860501 19860531    89.6
19860601 19860630     5.6
19860701 19860731   102.0
19860801 19860831    34.7
19860901 19860930    51.6
19861001 19861031    38.0
19861101 19861130    60.0
19861201 19861231    16.3
19870101 19870131    16.0
19870201 19870228    43.0
19870301 19870331    35.0
19870401 19870430     0.0
19870501 19870531    31.6
19870601 19870630    49.5
19870701 19870731     0.0
19870801 19870831    15.5
19870901 19870930    14.7
19871001 19871031    20.0
19871101 19871130    75.4
19871201 19871231    65.8
19880101 19880131    19.8
19880201 19880229    22.0
19880301 19880331    79.5
19880401 19880430   109.9
19880501 19880531    26.1
19880601 19880630    33.1
19880701 19880731    61.6
19880801 19880831    25.0
19880901 19880930    39.0
19881001 19881031     0.0
19881101 19881130    16.1
19881201 19881231    27.4
19890101 19890131     5.8
19890201 19890228    11.0
19890301 19890331    16.8
19890401 19890430    81.8
19890501 19890531   109.1
19890601 19890630     7.4
19890701 19890731    23.2
19890801 19890831     0.0
19890901 19890930     0.0
19891001 19891031     9.4
19891101 19891130     1.2
19891201 19891231    25.0
19900101 19900131    21.2
19900201 19900228    15.8
19900301 19900331    65.8
19900401 19900430   308.4
19900501 19900531    26.0
19900601 19900630     8.2
19900701 19900731    35.8
19900801 19900831     4.0
19900901 19900930     5.4
19901001 19901031    18.2
19901101 19901130     0.2
19901201 19901231    43.4
19910101 19910131     6.0
19910201 19910228   100.0
19910301 19910331     0.0
19910401 19910430     0.0
19910501 19910531    50.2
19910601 19910630     2.0
19910701 19910731     7.6
19910801 19910831     0.0
19910901 19910930     0.4
19911001 19911031     2.4
19911101 19911130    16.6
19911201 19911231   103.0
19920101 19920131    17.0
19920201 19920229   101.7
19920301 19920331     0.0
19920401 19920430     0.0
19920501 19920531     0.0
19920601 19920630     7.0
19920701 19920731    16.0
19920801 19920831    41.0
19920901 19920930     4.0
19921001 19921031    23.0
19921101 19921130    30.8
19921201 19921231    84.6
19930101 19930131    11.0
19930201 19930228    11.0
19930301 19930331     0.0
19930401 19930430     0.0
19930501 19930531     8.4
19930601 19930630    48.0
19930701 19930731    35.0
19930801 19930831     7.0
19930901 19930930    44.6
19931001 19931031    54.0
19931101 19931130     0.0
19931201 19931231     2.7
19940101 19940131     0.0
19940201 19940228   110.0
19940301 19940331     4.0
19940401 19940430     0.0
19940501 19940531     8.4
19940601 19940630    25.0
19940701 19940731     8.0
19940801 19940831     0.0
19940901 19940930     3.0
19941001 19941031    25.6
19941101 19941130    28.4
19941201 19941231    15.0
19950101 19950131   197.4
19950201 19950228     1.4
19950301 19950331     0.0
19950401 19950430    54.0
19950501 19950531    88.2
19950601 19950630    34.0
19950701 19950731     1.0
19950801 19950831     0.0
19950901 19950930     7.2
19951001 19951031    28.2
19951101 19951130    74.8
19951201 19951231    17.0
19960101 19960131    20.4
19960201 19960229     0.0
19960301 19960331     0.0
19960401 19960430    98.0
19960501 19960531    67.0
19960601 19960630    12.4
19960701 19960731    46.4
19960801 19960831    23.6
19960901 19960930    15.2
19961001 19961031    32.2
19961101 19961130    11.4
19961201 19961231    26.0
19970101 19970131    89.0
19970201 19970228    27.0
19970301 19970331    18.0
19970401 19970430     0.0
19970501 19970531    35.4
19970601 19970630     4.4
19970701 19970731     5.0
19970801 19970831     3.0
19970901 19970930    45.6
19971001 19971031    43.4
19971101 19971130    46.8
19971201 19971231    43.2
19980101 19980131   100.8
19980201 19980228    26.6
19980301 19980331     2.0
19980401 19980430   101.0
19980501 19980531    11.0
19980601 19980630    76.6
19980701 19980731   135.0
19980801 19980831    68.0
19980901 19980930    59.4
19981001 19981031    12.0
19981101 19981130    12.2
19981201 19981231     2.0
19990101 19990131    44.0
19990201 19990228    79.0
19990301 19990331    24.0
19990401 19990430    83.0
19990501 19990531    40.0
19990601 19990630     5.0
19990701 19990731    21.0
19990801 19990831     9.6
19990901 19990930    18.0
19991001 19991031    77.0
19991101 19991130   147.0
19991201 19991231   114.8
20000101 20000131    12.0
20000201 20000229    47.0
20000301 20000331   340.0
20000401 20000430    28.0
20000501 20000531   116.0
20000601 20000630     6.0
20000701 20000731     7.0
20000801 20000831    15.6
20000901 20000930     0.0
20001001 20001031    77.2
20001101 20001130    73.0
20001201 20001231     9.0
20010101 20010131     7.0
20010201 20010228    10.0
20010301 20010331    51.0
20010401 20010430     0.0
20010501 20010531     0.0
20010601 20010630    57.0
20010701 20010731     7.0
20010801 20010831     3.4
20010901 20010930     8.0
20011001 20011031    33.4
20011101 20011130    35.6
20011201 20011231     2.0
20020101 20020131     2.0
20020201 20020228    72.0
20020301 20020331    14.2
20020401 20020430     3.0
20020501 20020531     5.0
20020601 20020630     7.6
20020701 20020731     3.0
20020801 20020831    15.0
20020901 20020930    18.0
20021001 20021031     0.0
20021101 20021130     0.0
20021201 20021231     7.0
20030101 20030131    22.0
20030201 20030228    27.8
20030301 20030331    12.0
20030401 20030430    44.0
20030501 20030531    11.0
20030601 20030630     6.4
20030701 20030731    16.4
20030801 20030831    37.4
20030901 20030930     0.0
20031001 20031031    23.0
20031101 20031130     7.0
20031201 20031231    20.0
20040101 20040131    51.4
20040201 20040229    22.0
20040301 20040331    27.0
20040401 20040430   131.0
20040501 20040531    24.0
20040601 20040630    13.0
20040701 20040731    23.0
20040801 20040831    20.0
20040901 20040930     3.0
20041001 20041031    10.0
20041101 20041130    25.0
20041201 20041231    42.0
20050101 20050131     4.0
20050201 20050228    13.0
20050301 20050331     0.0
20050401 20050430     0.0
20050501 20050531     8.4
20050601 20050630    47.0
20050701 20050731     0.0
20050801 20050831    25.2
20050901 20050930    36.4
20051001 20051031    17.2
20051101 20051130    54.2
20051201 20051231     0.0
20060101 20060131    23.5
20060201 20060228    20.0
20060301 20060331     0.0
20060401 20060430     3.0
20060501 20060531     0.0
20060601 20060630    23.2
20060701 20060731    40.8
20060801 20060831    14.0
20060901 20060930     9.8
20061001 20061031     0.0
20061101 20061130     0.0
20061201 20061231     9.0
20070101 20070131    42.0
20070201 20070228    13.6
20070301 20070331    70.4
20070401 20070430    15.0
20070501 20070531    89.0
20070601 20070630     4.6
20070701 20070731     0.0
20070801 20070831     0.0
20070901 20070930     0.0
20071001 20071031    52.0
20071101 20071130    34.0
20071201 20071231   156.5
20080101 20080131    80.5
20080201 20080229    38.0
20080301 20080331    80.0
20080401 20080430     0.0
20080501 20080531     6.6
20080601 20080630    14.6
20080701 20080731    13.0
20080801 20080831    16.4
20080901 20080930    16.2
20081001 20081031    23.0
20081101 20081130    60.8
20081201 20081231    67.6
20090101 20090131    22.0
20090201 20090228   111.0
20090301 20090331    14.0
20090401 20090430    19.0
20090501 20090531    13.0
20090601 20090630    46.0
20090701 20090731     0.0
20090801 20090831     2.0
20090901 20090930    21.0
20091001 20091031    31.6
20091101 20091130     3.0
20091201 20091231   142.0
20100101 20100131    50.0
20100201 20100228   134.4
20100301 20100331    83.1
20100401 20100430    35.0
20100501 20100531     8.0
20100601 20100630     2.0
20100701 20100731    52.0
20100801 20100831    15.4
20100901 20100930    45.0
20101001 20101031    83.0
20101101 20101130   120.0
20101201 20101231    83.0
20110101 20110131    46.5
20110201 20110228   105.0
20110301 20110331     3.0
20110401 20110430     2.0
20110501 20110531    12.0
20110601 20110630    15.0
20110701 20110731    30.0
20110801 20110831     3.0
20110901 20110930    42.0
20111001 20111031    21.0
20111101 20111130    65.8
20111201 20111231   173.6
20120101 20120131   163.0
20120201 20120229    23.0
20120301 20120331   151.0
20120401 20120430     0.0
20120501 20120531    11.0
20120601 20120630    18.0
20120701 20120731    23.0
20120801 20120831     0.0
20120901 20120930    10.0
20121001 20121031     0.0
20121101 20121130    35.0
20121201 20121231     3.0
20130101 20130131    27.0
20130201 20130228     4.0
20130301 20130331    41.0
20130401 20130430     0.0
20130501 20130531    29.0
20130601 20130630    19.0
20130701 20130731    27.0
20130801 20130831     0.0
20130901 20130930    21.0
20131001 20131031     0.0
20131101 20131130     3.0
20131201 20131231     0.0
20140101 20140131    13.4
20140201 20140228    47.8
20140301 20140331    89.6
20140401 20140430     4.0
20140501 20140531     5.0
20140601 20140630    21.0
20140701 20140731     0.0
20140801 20140831    35.0
20140901 20140930    19.4
20141001 20141031     0.0
20141101 20141130     7.0
20141201 20141231    56.0
20150101 20150131     0.0
20150201 20150228    17.0
20150301 20150331    31.0
20150401 20150430     7.0
20150501 20150531    36.0
20150601 20150630    37.0
