PRCP       037051 18840101 20120531 missing_value=99999.9 WINTON POST OFFICE                        
18840101 18840131     8.6
18840201 18840229    52.1
18840301 18840331    52.1
18840401 18840430     6.6
18840501 18840531     2.3
18840601 18840630     1.3
18840701 18840731     0.0
18840801 18840831     0.0
18840901 18840930    52.8
18841001 18841031     0.0
18841101 18841130     9.4
18841201 18841231    37.8
18850101 18850131   110.2
18850201 18850228    20.8
18850301 18850331    17.8
18850401 18850430    59.7
18850501 18850531     0.0
18850601 18850630    32.0
18850701 18850731     0.0
18850801 18850831     0.0
18850901 18850930     0.0
18851001 18851031     0.0
18851101 18851130    14.0
18851201 18851231   112.8
18860101 18860131    28.2
18860201 18860228     0.0
18860301 18860331    11.2
18860401 18860430    55.6
18860501 18860531    16.5
18860601 18860630    58.2
18860701 18860731    62.0
18860801 18860831    69.1
18860901 18860930    11.4
18861001 18861031    26.2
18861101 18861130    31.2
18861201 18861231   240.8
18870101 18870131   131.1
18870201 18870228    74.1
18870301 18870331   184.4
18870401 18870430    10.9
18870501 18870531    20.3
18870601 18870630    20.2
18870701 18870731    16.2
18870801 18870831    18.5
18870901 18870930     0.0
18871001 18871031     7.7
18871101 18871130    85.8
18871201 18871231    65.1
18880101 18880131     6.4
18880201 18880229   165.0
18880301 18880331    11.7
18880401 18880430     0.0
18880501 18880531    56.4
18880601 18880630     0.0
18880701 18880731     0.0
18880801 18880831     1.8
18880901 18880930     0.0
18881001 18881031     0.0
18881101 18881130    58.7
18881201 18881231     8.6
18890101 18890131    51.6
18890201 18890228     5.6
18890301 18890331    18.7
18890401 18890430    49.1
18890501 18890531    17.3
18890601 18890630    12.2
18890701 18890731    14.5
18890801 18890831     9.9
18890901 18890930     3.3
18891001 18891031     0.0
18891101 18891130    84.0
18891201 18891231    55.1
18900101 18900131   321.3
18900201 18900228    12.9
18900301 18900331   163.7
18900401 18900430    26.4
18900501 18900531    86.9
18900601 18900630    11.6
18900701 18900731     7.6
18900801 18900831     0.0
18900901 18900930    50.4
18901001 18901031    36.8
18901101 18901130     2.5
18901201 18901231 99999.9
18910101 18910131   308.2
18910201 18910228    63.7
18910301 18910331    84.3
18910401 18910430   114.7
18910501 18910531    32.8
18910601 18910630    43.1
18910701 18910731     0.0
18910801 18910831     0.0
18910901 18910930     1.8
18911001 18911031     1.6
18911101 18911130    16.9
18911201 18911231 99999.9
18920101 18920131   184.2
18920201 18920229     5.9
18920301 18920331     7.9
18920401 18920430     0.0
18920501 18920531     7.2
18920601 18920630     0.0
18920701 18920731     2.5
18920801 18920831     0.0
18920901 18920930     5.6
18921001 18921031    20.6
18921101 18921130    17.0
18921201 18921231     0.8
18930101 18930131    31.2
18930201 18930228    26.0
18930301 18930331    37.0
18930401 18930430     2.1
18930501 18930531    48.5
18930601 18930630    16.0
18930701 18930731    39.5
18930801 18930831    20.9
18930901 18930930     0.5
18931001 18931031     0.0
18931101 18931130    44.0
18931201 18931231    38.1
18940101 18940131    51.6
18940201 18940228   254.1
18940301 18940331   153.6
18940401 18940430    68.1
18940501 18940531     1.1
18940601 18940630    75.2
18940701 18940731     0.0
18940801 18940831     7.9
18940901 18940930    24.6
18941001 18941031    19.1
18941101 18941130    83.9
18941201 18941231    34.1
18950101 18950131   109.0
18950201 18950228   234.1
18950301 18950331    10.5
18950401 18950430     3.6
18950501 18950531    49.3
18950601 18950630     0.0
18950701 18950731    73.8
18950801 18950831     0.0
18950901 18950930     3.3
18951001 18951031     6.1
18951101 18951130    17.5
18951201 18951231     5.4
18960101 18960131     7.6
18960201 18960229   146.1
18960301 18960331    10.2
18960401 18960430     8.9
18960501 18960531     0.0
18960601 18960630     0.0
18960701 18960731    47.8
18960801 18960831     0.0
18960901 18960930     5.8
18961001 18961031    12.2
18961101 18961130    32.7
18961201 18961231     6.4
18970101 18970131   124.0
18970201 18970228     7.6
18970301 18970331     3.1
18970401 18970430     0.0
18970501 18970531     0.0
18970601 18970630    18.0
18970701 18970731     0.0
18970801 18970831     0.0
18970901 18970930    18.7
18971001 18971031    42.9
18971101 18971130     7.1
18971201 18971231    11.9
18980101 18980131    36.6
18980201 18980228   150.8
18980301 18980331    10.2
18980401 18980430     1.3
18980501 18980531     0.0
18980601 18980630    10.4
18980701 18980731     0.0
18980801 18980831     5.8
18980901 18980930    30.7
18981001 18981031     0.0
18981101 18981130     0.0
18981201 18981231     8.1
18990101 18990131   111.1
18990201 18990228    85.8
18990301 18990331    64.0
18990401 18990430     3.0
18990501 18990531     0.0
18990601 18990630     2.6
18990701 18990731    45.1
18990801 18990831     6.4
18990901 18990930     0.0
18991001 18991031     0.0
18991101 18991130     7.6
18991201 18991231     0.0
19000101 19000131    81.3
19000201 19000228     8.2
19000301 19000331     5.6
19000401 19000430     0.0
19000501 19000531     6.9
19000601 19000630     3.3
19000701 19000731    81.4
19000801 19000831    11.0
19000901 19000930     1.8
19001001 19001031     0.0
19001101 19001130    31.0
19001201 19001231    15.7
19010101 19010131    15.6
19010201 19010228    68.4
19010301 19010331   122.2
19010401 19010430    27.4
19010501 19010531    45.2
19010601 19010630     2.8
19010701 19010731     0.0
19010801 19010831    15.2
19010901 19010930     3.6
19011001 19011031     3.0
19011101 19011130     0.0
19011201 19011231     2.0
19020101 19020131    55.9
19020201 19020228    22.5
19020301 19020331     3.8
19020401 19020430     0.0
19020501 19020531     0.0
19020601 19020630     0.0
19020701 19020731     0.0
19020801 19020831     1.8
19020901 19020930     3.3
19021001 19021031     0.0
19021101 19021130    40.2
19021201 19021231    27.0
19030101 19030131    57.5
19030201 19030228    14.7
19030301 19030331    45.5
19030401 19030430     7.4
19030501 19030531    13.2
19030601 19030630     0.0
19030701 19030731     1.0
19030801 19030831     0.0
19030901 19030930    26.0
19031001 19031031    46.2
19031101 19031130    13.5
19031201 19031231   198.0
19040101 19040131    50.2
19040201 19040229    35.6
19040301 19040331    65.7
19040401 19040430     3.0
19040501 19040531    58.7
19040601 19040630     1.8
19040701 19040731     0.0
19040801 19040831     0.0
19040901 19040930     2.8
19041001 19041031    41.1
19041101 19041130     6.8
19041201 19041231    52.3
19050101 19050131     5.4
19050201 19050228     2.3
19050301 19050331     9.7
19050401 19050430     0.8
19050501 19050531     0.0
19050601 19050630     0.5
19050701 19050731     0.0
19050801 19050831     0.0
19050901 19050930     0.0
19051001 19051031     1.8
19051101 19051130    22.7
19051201 19051231    43.7
19060101 19060131   104.4
19060201 19060228   161.0
19060301 19060331   215.6
19060401 19060430     0.5
19060501 19060531     0.5
19060601 19060630     0.0
19060701 19060731     3.6
19060801 19060831     0.0
19060901 19060930    56.3
19061001 19061031    28.7
19061101 19061130    25.7
19061201 19061231    44.9
19070101 19070131     6.6
19070201 19070228    19.6
19070301 19070331    54.8
19070401 19070430     5.9
19070501 19070531    15.3
19070601 19070630    27.7
19070701 19070731     6.1
19070801 19070831     0.0
19070901 19070930     0.0
19071001 19071031    21.1
19071101 19071130    24.1
19071201 19071231    62.6
19080101 19080131     8.1
19080201 19080229   135.7
19080301 19080331   117.0
19080401 19080430    33.8
19080501 19080531    35.8
19080601 19080630     4.6
19080701 19080731     9.7
19080801 19080831     1.5
19080901 19080930     0.0
19081001 19081031    36.5
19081101 19081130    18.1
19081201 19081231    38.3
19090101 19090131    33.8
19090201 19090228    48.2
19090301 19090331    68.3
19090401 19090430    40.6
19090501 19090531     0.8
19090601 19090630    26.1
19090701 19090731     0.0
19090801 19090831    22.7
19090901 19090930     0.0
19091001 19091031    13.2
19091101 19091130     0.0
19091201 19091231    67.5
19100101 19100131    94.1
19100201 19100228   159.0
19100301 19100331    16.7
19100401 19100430     2.8
19100501 19100531     0.0
19100601 19100630    35.8
19100701 19100731    31.7
19100801 19100831     0.0
19100901 19100930    43.8
19101001 19101031     1.8
19101101 19101130    93.3
19101201 19101231     3.8
19110101 19110131   128.4
19110201 19110228    90.2
19110301 19110331     1.5
19110401 19110430    36.0
19110501 19110531     6.1
19110601 19110630     0.0
19110701 19110731     6.6
19110801 19110831     1.0
19110901 19110930     4.8
19111001 19111031     5.6
19111101 19111130    99.6
19111201 19111231    50.3
19120101 19120131    38.7
19120201 19120229    62.1
19120301 19120331    62.7
19120401 19120430     0.0
19120501 19120531     0.5
19120601 19120630   158.1
19120701 19120731    34.2
19120801 19120831     0.5
19120901 19120930     4.6
19121001 19121031     0.0
19121101 19121130    19.4
19121201 19121231    40.5
19130101 19130131    25.8
19130201 19130228   294.0
19130301 19130331    47.2
19130401 19130430    25.4
19130501 19130531     0.0
19130601 19130630    13.7
19130701 19130731     0.0
19130801 19130831     0.0
19130901 19130930     3.8
19131001 19131031    10.1
19131101 19131130     1.8
19131201 19131231    54.6
19140101 19140131   102.9
19140201 19140228   124.0
19140301 19140331     3.1
19140401 19140430     3.8
19140501 19140531     3.6
19140601 19140630    62.3
19140701 19140731     0.0
19140801 19140831     0.0
19140901 19140930     0.0
19141001 19141031    34.8
19141101 19141130    25.9
19141201 19141231    53.2
19150101 19150131    22.8
19150201 19150228    16.0
19150301 19150331     2.3
19150401 19150430     1.0
19150501 19150531    56.2
19150601 19150630     0.0
19150701 19150731     0.0
19150801 19150831    17.8
19150901 19150930    48.5
19151001 19151031     3.8
19151101 19151130     0.0
19151201 19151231    90.0
19160101 19160131   175.8
19160201 19160229   102.7
19160301 19160331     2.6
19160401 19160430     5.9
19160501 19160531     0.0
19160601 19160630     9.9
19160701 19160731   113.5
19160801 19160831     7.8
19160901 19160930     8.4
19161001 19161031    23.8
19161101 19161130   113.8
19161201 19161231   128.5
19170101 19170131    71.2
19170201 19170228   136.9
19170301 19170331   249.8
19170401 19170430     0.0
19170501 19170531     0.0
19170601 19170630     1.8
19170701 19170731     1.0
19170801 19170831    34.3
19170901 19170930    27.7
19171001 19171031    31.3
19171101 19171130   126.5
19171201 19171231    91.2
19180101 19180131   362.6
19180201 19180228    40.4
19180301 19180331    76.4
19180401 19180430     8.6
19180501 19180531     0.0
19180601 19180630     0.0
19180701 19180731     0.0
19180801 19180831     0.8
19180901 19180930     5.3
19181001 19181031     0.5
19181101 19181130     0.0
19181201 19181231    28.7
19190101 19190131    56.1
19190201 19190228   109.5
19190301 19190331    67.6
19190401 19190430    10.2
19190501 19190531    15.1
19190601 19190630     0.0
19190701 19190731     0.0
19190801 19190831     3.0
19190901 19190930     0.0
19191001 19191031     0.0
19191101 19191130     0.0
19191201 19191231     7.4
19200101 19200131   212.3
19200201 19200229     0.0
19200301 19200331    14.0
19200401 19200430    67.0
19200501 19200531    67.4
19200601 19200630    24.2
19200701 19200731   102.6
19200801 19200831     6.4
19200901 19200930     8.1
19201001 19201031    44.0
19201101 19201130   114.0
19201201 19201231    85.6
19210101 19210131     7.9
19210201 19210228    57.4
19210301 19210331    59.5
19210401 19210430    32.5
19210501 19210531    15.0
19210601 19210630    47.7
19210701 19210731    30.5
19210801 19210831     8.5
19210901 19210930     0.0
19211001 19211031   119.0
19211101 19211130     0.0
19211201 19211231   175.2
19220101 19220131   214.1
19220201 19220228    60.4
19220301 19220331     0.0
19220401 19220430     0.0
19220501 19220531     0.0
19220601 19220630    11.4
19220701 19220731     0.0
19220801 19220831     0.0
19220901 19220930     0.0
19221001 19221031     8.4
19221101 19221130    11.1
19221201 19221231   110.1
19230101 19230131    54.7
19230201 19230228    31.2
19230301 19230331     6.1
19230401 19230430     1.5
19230501 19230531     6.9
19230601 19230630    54.3
19230701 19230731     0.0
19230801 19230831     0.0
19230901 19230930     0.0
19231001 19231031    25.2
19231101 19231130     4.8
19231201 19231231    40.7
19240101 19240131    94.7
19240201 19240229   208.6
19240301 19240331    92.4
19240401 19240430    49.5
19240501 19240531     0.5
19240601 19240630     4.1
19240701 19240731     0.0
19240801 19240831    10.2
19240901 19240930     4.3
19241001 19241031    24.4
19241101 19241130    91.3
19241201 19241231    67.6
19250101 19250131    32.7
19250201 19250228    97.7
19250301 19250331   120.6
19250401 19250430     0.0
19250501 19250531     0.0
19250601 19250630     0.0
19250701 19250731     0.3
19250801 19250831     0.0
19250901 19250930    10.4
19251001 19251031     0.0
19251101 19251130    50.0
19251201 19251231    13.0
19260101 19260131    16.9
19260201 19260228     0.5
19260301 19260331     0.0
19260401 19260430     2.0
19260501 19260531    13.5
19260601 19260630     0.0
19260701 19260731     1.8
19260801 19260831     0.0
19260901 19260930    58.0
19261001 19261031     5.8
19261101 19261130     3.3
19261201 19261231    32.8
19270101 19270131    62.5
19270201 19270228    30.9
19270301 19270331    19.0
19270401 19270430     0.5
19270501 19270531     0.0
19270601 19270630    16.5
19270701 19270731     0.0
19270801 19270831     0.0
19270901 19270930     7.6
19271001 19271031     6.4
19271101 19271130     1.0
19271201 19271231    42.9
19280101 19280131     0.0
19280201 19280229    38.7
19280301 19280331     6.9
19280401 19280430    10.2
19280501 19280531     0.0
19280601 19280630    19.3
19280701 19280731     9.1
19280801 19280831     0.0
19280901 19280930     0.0
19281001 19281031     1.8
19281101 19281130    22.8
19281201 19281231    89.3
19290101 19290131   136.2
19290201 19290228    16.3
19290301 19290331    50.3
19290401 19290430    63.7
19290501 19290531     0.0
19290601 19290630     2.1
19290701 19290731     0.0
19290801 19290831     0.0
19290901 19290930     0.0
19291001 19291031     0.0
19291101 19291130    19.8
19291201 19291231    10.5
19300101 19300131   142.3
19300201 19300228   153.0
19300301 19300331    18.8
19300401 19300430     0.0
19300501 19300531    66.6
19300601 19300630    18.8
19300701 19300731     0.5
19300801 19300831     0.0
19300901 19300930     0.0
19301001 19301031   171.8
19301101 19301130    26.3
19301201 19301231    27.5
19310101 19310131    29.4
19310201 19310228     0.0
19310301 19310331    93.9
19310401 19310430     7.1
19310501 19310531    23.9
19310601 19310630     7.1
19310701 19310731     0.0
19310801 19310831     0.0
19310901 19310930    13.5
19311001 19311031    16.8
19311101 19311130    36.8
19311201 19311231    58.2
19320101 19320131    16.8
19320201 19320229    24.2
19320301 19320331    11.2
19320401 19320430     2.8
19320501 19320531    72.4
19320601 19320630    17.3
19320701 19320731     0.0
19320801 19320831     0.0
19320901 19320930     0.0
19321001 19321031    13.0
19321101 19321130    21.7
19321201 19321231     4.0
19330101 19330131    37.1
19330201 19330228   154.0
19330301 19330331     5.3
19330401 19330430     0.0
19330501 19330531     0.8
19330601 19330630    17.5
19330701 19330731    56.6
19330801 19330831     1.6
19330901 19330930     2.5
19331001 19331031     5.3
19331101 19331130    49.1
19331201 19331231    20.3
19340101 19340131    79.7
19340201 19340228   111.1
19340301 19340331     5.1
19340401 19340430    42.9
19340501 19340531     0.8
19340601 19340630    29.2
19340701 19340731    44.5
19340801 19340831     0.0
19340901 19340930     0.0
19341001 19341031    20.1
19341101 19341130     4.1
19341201 19341231     1.3
19350101 19350131    35.6
19350201 19350228     0.8
19350301 19350331     0.0
19350401 19350430     0.0
19350501 19350531     2.5
19350601 19350630   155.5
19350701 19350731     0.0
19350801 19350831     3.5
19350901 19350930    21.4
19351001 19351031    10.4
19351101 19351130    37.0
19351201 19351231     6.1
19360101 19360131    63.0
19360201 19360229    71.8
19360301 19360331   142.6
19360401 19360430     3.1
19360501 19360531    86.4
19360601 19360630     6.7
19360701 19360731    11.4
19360801 19360831     3.6
19360901 19360930     5.3
19361001 19361031     0.0
19361101 19361130    21.6
19361201 19361231    28.2
19370101 19370131    57.9
19370201 19370228    54.6
19370301 19370331   240.3
19370401 19370430     0.0
19370501 19370531     0.0
19370601 19370630    52.7
19370701 19370731     0.0
19370801 19370831     3.3
19370901 19370930     2.5
19371001 19371031     3.0
19371101 19371130    63.4
19371201 19371231     5.4
19380101 19380131    47.6
19380201 19380228   224.0
19380301 19380331     1.3
19380401 19380430     0.0
19380501 19380531     8.1
19380601 19380630    19.9
19380701 19380731    40.9
19380801 19380831     0.5
19380901 19380930     0.0
19381001 19381031     0.0
19381101 19381130    41.2
19381201 19381231     0.0
19390101 19390131    27.2
19390201 19390228   138.6
19390301 19390331     4.8
19390401 19390430    42.0
19390501 19390531     0.0
19390601 19390630    37.1
19390701 19390731    11.4
19390801 19390831    14.0
19390901 19390930     3.6
19391001 19391031   140.1
19391101 19391130    39.5
19391201 19391231    30.2
19400101 19400131    76.7
19400201 19400229   328.1
19400301 19400331    15.4
19400401 19400430     4.0
19400501 19400531     0.5
19400601 19400630    43.5
19400701 19400731     0.0
19400801 19400831     0.0
19400901 19400930     0.0
19401001 19401031     0.0
19401101 19401130    18.6
19401201 19401231    47.6
19410101 19410131   235.5
19410201 19410228    11.4
19410301 19410331   239.1
19410401 19410430   120.9
19410501 19410531    16.3
19410601 19410630    63.4
19410701 19410731     0.0
19410801 19410831     0.0
19410901 19410930     0.0
19411001 19411031     8.7
19411101 19411130    32.3
19411201 19411231    57.6
19420101 19420131    23.1
19420201 19420228    66.7
19420301 19420331     0.0
19420401 19420430    31.6
19420501 19420531    42.2
19420601 19420630     0.5
19420701 19420731     0.0
19420801 19420831     0.0
19420901 19420930    17.5
19421001 19421031    17.8
19421101 19421130     3.3
19421201 19421231    61.7
19430101 19430131    21.6
19430201 19430228    58.1
19430301 19430331     4.1
19430401 19430430    14.2
19430501 19430531     8.7
19430601 19430630     0.8
19430701 19430731     0.0
19430801 19430831     0.3
19430901 19430930    39.4
19431001 19431031     3.8
19431101 19431130     9.3
19431201 19431231    25.5
19440101 19440131    28.7
19440201 19440229   277.4
19440301 19440331     9.9
19440401 19440430     0.0
19440501 19440531    43.4
19440601 19440630     0.5
19440701 19440731    54.8
19440801 19440831     2.3
19440901 19440930     0.5
19441001 19441031     6.3
19441101 19441130     1.5
19441201 19441231    48.1
19450101 19450131    24.1
19450201 19450228    64.8
19450301 19450331    14.3
19450401 19450430     2.6
19450501 19450531    37.6
19450601 19450630    19.7
19450701 19450731    41.1
19450801 19450831     0.0
19450901 19450930     0.5
19451001 19451031     2.8
19451101 19451130     0.3
19451201 19451231    55.3
19460101 19460131   147.1
19460201 19460228    42.2
19460301 19460331     0.0
19460401 19460430     0.0
19460501 19460531     0.0
19460601 19460630     0.8
19460701 19460731     0.0
19460801 19460831     0.0
19460901 19460930     0.0
19461001 19461031     0.0
19461101 19461130    27.7
19461201 19461231    17.6
19470101 19470131    22.3
19470201 19470228   165.0
19470301 19470331    24.9
19470401 19470430     0.0
19470501 19470531     0.0
19470601 19470630     1.5
19470701 19470731     0.0
19470801 19470831    49.6
19470901 19470930    62.8
19471001 19471031    12.8
19471101 19471130    28.7
19471201 19471231    39.8
19480101 19480131    38.1
19480201 19480229    12.9
19480301 19480331    14.5
19480401 19480430     0.0
19480501 19480531     2.0
19480601 19480630    11.5
19480701 19480731    16.5
19480801 19480831     0.0
19480901 19480930     0.0
19481001 19481031    12.9
19481101 19481130     3.5
19481201 19481231    60.6
19490101 19490131    55.4
19490201 19490228    56.5
19490301 19490331   201.8
19490401 19490430     1.5
19490501 19490531     0.0
19490601 19490630     0.0
19490701 19490731     0.0
19490801 19490831     0.0
19490901 19490930     1.9
19491001 19491031   131.3
19491101 19491130     0.0
19491201 19491231   146.1
19500101 19500131   222.8
19500201 19500228    98.3
19500301 19500331   245.8
19500401 19500430    78.6
19500501 19500531    63.3
19500601 19500630    63.5
19500701 19500731    99.3
19500801 19500831     0.0
19500901 19500930    24.2
19501001 19501031    29.3
19501101 19501130   100.8
19501201 19501231    35.4
19510101 19510131   225.0
19510201 19510228    18.5
19510301 19510331    17.0
19510401 19510430     0.0
19510501 19510531     1.8
19510601 19510630    26.2
19510701 19510731     0.0
19510801 19510831     3.8
19510901 19510930     0.8
19511001 19511031     6.4
19511101 19511130    16.3
19511201 19511231     6.6
19520101 19520131     6.1
19520201 19520229    59.4
19520301 19520331     0.0
19520401 19520430    32.8
19520501 19520531    49.1
19520601 19520630     0.0
19520701 19520731     0.5
19520801 19520831    15.5
19520901 19520930     0.3
19521001 19521031    20.5
19521101 19521130    57.6
19521201 19521231     9.4
19530101 19530131   120.7
19530201 19530228   105.8
19530301 19530331     3.6
19530401 19530430     0.0
19530501 19530531    17.5
19530601 19530630     0.0
19530701 19530731     0.0
19530801 19530831    17.5
19530901 19530930     0.3
19531001 19531031     7.4
19531101 19531130     1.6
19531201 19531231     7.1
19540101 19540131   231.0
19540201 19540228   141.8
19540301 19540331    23.3
19540401 19540430    45.5
19540501 19540531     0.0
19540601 19540630    33.0
19540701 19540731     2.8
19540801 19540831    18.8
19540901 19540930     0.8
19541001 19541031     7.4
19541101 19541130     3.6
19541201 19541231    23.4
19550101 19550131   130.3
19550201 19550228   175.4
19550301 19550331   191.0
19550401 19550430    29.7
19550501 19550531   214.9
19550601 19550630    16.8
19550701 19550731    12.7
19550801 19550831     0.8
19550901 19550930     0.0
19551001 19551031    39.7
19551101 19551130     2.8
19551201 19551231    13.0
19560101 19560131   107.0
19560201 19560229    66.9
19560301 19560331   115.7
19560401 19560430    16.2
19560501 19560531    38.1
19560601 19560630    35.6
19560701 19560731    90.6
19560801 19560831     0.8
19560901 19560930     7.4
19561001 19561031     4.8
19561101 19561130    40.6
19561201 19561231   147.9
19570101 19570131   212.9
19570201 19570228   100.4
19570301 19570331    68.6
19570401 19570430     3.5
19570501 19570531     2.3
19570601 19570630    14.7
19570701 19570731    16.5
19570801 19570831     0.0
19570901 19570930     0.0
19571001 19571031    19.8
19571101 19571130     0.5
19571201 19571231    23.1
19580101 19580131    35.0
19580201 19580228     9.9
19580301 19580331    77.2
19580401 19580430   138.4
19580501 19580531     9.1
19580601 19580630    87.7
19580701 19580731     4.2
19580801 19580831     0.0
19580901 19580930     0.0
19581001 19581031     4.1
19581101 19581130    26.2
19581201 19581231    16.5
19590101 19590131    46.5
19590201 19590228     6.1
19590301 19590331    35.3
19590401 19590430    14.5
19590501 19590531    83.3
19590601 19590630     0.0
19590701 19590731     2.8
19590801 19590831    16.0
19590901 19590930     3.5
19591001 19591031     4.8
19591101 19591130     8.1
19591201 19591231    23.4
19600101 19600131    11.1
19600201 19600229   160.4
19600301 19600331     6.6
19600401 19600430     9.1
19600501 19600531    35.4
19600601 19600630     3.8
19600701 19600731     6.6
19600801 19600831    17.3
19600901 19600930    20.6
19601001 19601031     1.0
19601101 19601130    11.2
19601201 19601231   173.5
19610101 19610131    11.4
19610201 19610228    43.5
19610301 19610331    14.7
19610401 19610430    30.4
19610501 19610531     0.3
19610601 19610630     0.0
19610701 19610731    19.8
19610801 19610831     0.0
19610901 19610930     0.0
19611001 19611031     0.5
19611101 19611130    17.2
19611201 19611231   121.7
19620101 19620131    63.6
19620201 19620228    23.7
19620301 19620331    33.1
19620401 19620430    15.5
19620501 19620531    23.4
19620601 19620630    14.5
19620701 19620731     6.3
19620801 19620831     0.0
19620901 19620930    34.6
19621001 19621031    11.4
19621101 19621130    34.3
19621201 19621231   103.2
19630101 19630131    16.2
19630201 19630228    29.0
19630301 19630331   218.3
19630401 19630430    90.7
19630501 19630531     4.8
19630601 19630630     0.0
19630701 19630731     0.0
19630801 19630831     6.6
19630901 19630930     0.0
19631001 19631031     1.5
19631101 19631130     0.3
19631201 19631231    27.2
19640101 19640131    44.4
19640201 19640229    60.7
19640301 19640331    79.6
19640401 19640430    11.2
19640501 19640531     0.8
19640601 19640630     5.6
19640701 19640731     1.6
19640801 19640831     0.0
19640901 19640930    24.4
19641001 19641031    44.4
19641101 19641130     7.1
19641201 19641231    28.7
19650101 19650131     5.3
19650201 19650228     6.3
19650301 19650331    67.4
19650401 19650430    43.7
19650501 19650531     0.0
19650601 19650630     0.0
19650701 19650731     0.0
19650801 19650831     0.0
19650901 19650930     1.0
19651001 19651031     1.3
19651101 19651130     0.0
19651201 19651231    45.3
19660101 19660131   100.0
19660201 19660228    11.9
19660301 19660331     3.6
19660401 19660430     0.0
19660501 19660531     1.5
19660601 19660630     0.8
19660701 19660731     0.0
19660801 19660831    31.3
19660901 19660930     0.0
19661001 19661031     0.0
19661101 19661130    41.4
19661201 19661231     4.1
19670101 19670131     2.3
19670201 19670228    64.5
19670301 19670331    77.2
19670401 19670430     0.0
19670501 19670531     0.5
19670601 19670630    54.3
19670701 19670731     0.0
19670801 19670831     0.0
19670901 19670930     0.0
19671001 19671031     4.6
19671101 19671130     5.7
19671201 19671231    13.0
19680101 19680131     1.0
19680201 19680229   163.9
19680301 19680331     0.0
19680401 19680430    63.3
19680501 19680531    97.8
19680601 19680630     0.0
19680701 19680731     5.1
19680801 19680831     0.0
19680901 19680930     1.0
19681001 19681031     0.0
19681101 19681130     7.6
19681201 19681231    24.4
19690101 19690131     4.3
19690201 19690228    13.2
19690301 19690331    14.8
19690401 19690430     6.6
19690501 19690531    39.7
19690601 19690630     0.0
19690701 19690731     2.0
19690801 19690831     0.0
19690901 19690930     0.0
19691001 19691031     6.4
19691101 19691130     3.8
19691201 19691231    66.3
19700101 19700131     2.8
19700201 19700228   100.9
19700301 19700331    16.5
19700401 19700430    19.6
19700501 19700531     0.0
19700601 19700630     0.0
19700701 19700731     0.0
19700801 19700831     0.0
19700901 19700930    18.6
19701001 19701031     6.9
19701101 19701130    86.9
19701201 19701231    48.2
19710101 19710131    46.6
19710201 19710228    18.1
19710301 19710331    99.6
19710401 19710430    95.5
19710501 19710531     0.0
19710601 19710630    10.9
19710701 19710731    32.0
19710801 19710831    28.5
19710901 19710930     4.3
19711001 19711031    78.5
19711101 19711130    27.2
19711201 19711231   115.8
19720101 19720131    91.9
19720201 19720229    14.2
19720301 19720331   114.9
19720401 19720430     0.0
19720501 19720531    22.9
19720601 19720630     1.8
19720701 19720731     0.0
19720801 19720831     1.8
19720901 19720930     0.0
19721001 19721031     0.0
19721101 19721130    19.9
19721201 19721231    24.7
19730101 19730131    51.9
19730201 19730228   288.3
19730301 19730331   245.2
19730401 19730430    16.5
19730501 19730531    14.7
19730601 19730630     2.0
19730701 19730731     7.4
19730801 19730831     1.3
19730901 19730930    28.3
19731001 19731031    13.5
19731101 19731130    44.3
19731201 19731231    53.2
19740101 19740131   562.8
19740201 19740228   108.6
19740301 19740331    37.4
19740401 19740430   186.2
19740501 19740531    44.6
19740601 19740630     1.4
19740701 19740731     0.0
19740801 19740831    26.2
19740901 19740930    13.0
19741001 19741031    11.2
19741101 19741130    16.2
19741201 19741231    78.5
19750101 19750131   160.6
19750201 19750228    77.8
19750301 19750331    61.4
19750401 19750430     0.0
19750501 19750531     0.0
19750601 19750630     1.6
19750701 19750731     0.0
19750801 19750831    10.3
19750901 19750930    13.0
19751001 19751031    49.6
19751101 19751130     0.8
19751201 19751231    78.4
19760101 19760131   126.4
19760201 19760229   349.5
19760301 19760331    38.6
19760401 19760430     4.6
19760501 19760531     1.0
19760601 19760630     0.0
19760701 19760731     2.4
19760801 19760831     5.2
19760901 19760930     4.6
19761001 19761031    17.0
19761101 19761130    32.1
19761201 19761231   113.0
19770101 19770131   124.2
19770201 19770228   163.5
19770301 19770331    39.4
19770401 19770430     8.6
19770501 19770531    73.5
19770601 19770630     0.0
19770701 19770731     0.0
19770801 19770831     0.0
19770901 19770930     0.0
19771001 19771031     1.2
19771101 19771130     0.0
19771201 19771231    85.2
19780101 19780131   100.4
19780201 19780228    31.5
19780301 19780331     7.4
19780401 19780430     0.6
19780501 19780531    35.9
19780601 19780630     4.9
19780701 19780731   112.8
19780801 19780831     1.3
19780901 19780930    28.9
19781001 19781031    70.2
19781101 19781130    25.8
19781201 19781231    47.6
19790101 19790131    67.4
19790201 19790228   183.5
19790301 19790331    18.1
19790401 19790430     0.2
19790501 19790531     5.6
19790601 19790630    31.4
19790701 19790731     0.0
19790801 19790831     0.2
19790901 19790930     1.5
19791001 19791031    24.0
19791101 19791130     6.5
19791201 19791231    47.5
19800101 19800131   126.6
19800201 19800229    29.6
19800301 19800331    19.3
19800401 19800430     2.6
19800501 19800531     2.5
19800601 19800630     0.0
19800701 19800731     1.0
19800801 19800831    11.7
19800901 19800930     0.0
19801001 19801031     7.7
19801101 19801130     0.0
19801201 19801231    26.0
19810101 19810131   234.2
19810201 19810228    44.3
19810301 19810331    22.8
19810401 19810430     3.2
19810501 19810531    40.3
19810601 19810630    69.3
19810701 19810731    88.7
19810801 19810831     1.2
19810901 19810930     0.4
19811001 19811031     5.2
19811101 19811130    13.9
19811201 19811231    19.7
19820101 19820131    89.0
19820201 19820228     3.6
19820301 19820331    53.4
19820401 19820430     3.6
19820501 19820531     0.0
19820601 19820630     0.0
19820701 19820731     0.0
19820801 19820831     0.0
19820901 19820930     6.2
19821001 19821031     0.0
19821101 19821130    31.8
19821201 19821231    11.9
19830101 19830131    15.6
19830201 19830228     5.2
19830301 19830331    20.8
19830401 19830430    58.0
19830501 19830531    30.8
19830601 19830630     0.0
19830701 19830731     0.0
19830801 19830831     5.5
19830901 19830930     0.0
19831001 19831031     1.8
19831101 19831130    40.8
19831201 19831231    10.6
19840101 19840131   166.8
19840201 19840229   110.8
19840301 19840331    26.0
19840401 19840430     0.0
19840501 19840531     0.0
19840601 19840630     0.4
19840701 19840731    82.9
19840801 19840831     0.4
19840901 19840930    18.0
19841001 19841031     4.0
19841101 19841130     0.0
19841201 19841231   145.7
19850101 19850131     0.0
19850201 19850228    20.4
19850301 19850331    15.1
19850401 19850430     9.0
19850501 19850531     1.4
19850601 19850630    59.6
19850701 19850731     8.8
19850801 19850831     6.6
19850901 19850930     0.0
19851001 19851031    30.3
19851101 19851130   150.5
19851201 19851231    76.4
19860101 19860131     0.2
19860201 19860228   183.8
19860301 19860331     0.0
19860401 19860430     0.5
19860501 19860531    24.0
19860601 19860630     0.0
19860701 19860731    34.2
19860801 19860831    13.5
19860901 19860930     1.0
19861001 19861031    53.6
19861101 19861130    23.0
19861201 19861231    18.7
19870101 19870131    83.2
19870201 19870228    83.6
19870301 19870331    21.5
19870401 19870430    16.4
19870501 19870531     3.8
19870601 19870630    12.0
19870701 19870731     2.6
19870801 19870831     6.4
19870901 19870930     8.0
19871001 19871031     5.4
19871101 19871130    27.9
19871201 19871231    38.8
19880101 19880131    17.2
19880201 19880229     7.8
19880301 19880331     1.2
19880401 19880430   104.2
19880501 19880531    40.4
19880601 19880630     0.0
19880701 19880731    75.8
19880801 19880831    20.6
19880901 19880930     4.0
19881001 19881031     0.0
19881101 19881130     1.6
19881201 19881231    36.0
19890101 19890131    11.0
19890201 19890228   119.8
19890301 19890331    77.8
19890401 19890430    23.4
19890501 19890531    87.2
19890601 19890630    20.4
19890701 19890731    24.0
19890801 19890831     0.0
19890901 19890930     0.0
19891001 19891031    16.6
19891101 19891130   185.6
19891201 19891231    29.4
19900101 19900131    26.0
19900201 19900228    26.8
19900301 19900331    85.8
19900401 19900430   181.0
19900501 19900531    81.3
19900601 19900630    43.2
19900701 19900731     0.0
19900801 19900831     0.2
19900901 19900930     0.0
19901001 19901031     3.4
19901101 19901130     1.0
19901201 19901231     1.0
19910101 19910131   119.4
19910201 19910228   282.8
19910301 19910331    10.6
19910401 19910430     2.6
19910501 19910531     1.8
19910601 19910630    23.4
19910701 19910731     1.4
19910801 19910831     0.0
19910901 19910930     0.0
19911001 19911031     3.0
19911101 19911130     9.2
19911201 19911231    41.2
19920101 19920131     7.6
19920201 19920229   152.6
19920301 19920331    10.0
19920401 19920430     0.0
19920501 19920531    87.4
19920601 19920630     0.0
19920701 19920731     0.0
19920801 19920831     1.4
19920901 19920930    25.8
19921001 19921031    15.0
19921101 19921130     3.6
19921201 19921231    34.8
19930101 19930131    67.6
19930201 19930228   120.8
19930301 19930331    13.8
19930401 19930430     0.0
19930501 19930531     2.8
19930601 19930630     2.8
19930701 19930731    26.9
19930801 19930831    49.4
19930901 19930930     0.0
19931001 19931031     7.2
19931101 19931130    30.6
19931201 19931231    31.6
19940101 19940131    33.8
19940201 19940228   175.2
19940301 19940331   218.4
19940401 19940430     0.0
19940501 19940531     0.0
19940601 19940630     0.1
19940701 19940731     0.0
19940801 19940831     0.0
19940901 19940930     3.0
19941001 19941031     7.0
19941101 19941130    20.2
19941201 19941231    25.2
19950101 19950131    78.4
19950201 19950228    86.6
19950301 19950331    32.4
19950401 19950430     2.0
19950501 19950531     8.0
19950601 19950630     0.2
19950701 19950731     4.8
19950801 19950831     0.6
19950901 19950930    14.0
19951001 19951031    21.0
19951101 19951130     3.4
19951201 19951231    86.8
19960101 19960131    39.2
19960201 19960229    11.0
19960301 19960331    64.7
19960401 19960430     2.0
19960501 19960531     0.0
19960601 19960630    17.0
19960701 19960731     6.6
19960801 19960831    27.8
19960901 19960930     1.6
19961001 19961031   122.2
19961101 19961130     6.2
19961201 19961231    32.0
19970101 19970131    83.2
19970201 19970228   145.3
19970301 19970331    22.4
19970401 19970430     0.0
19970501 19970531    63.2
19970601 19970630     2.4
19970701 19970731     1.0
19970801 19970831     0.0
19970901 19970930    13.0
19971001 19971031     3.0
19971101 19971130    33.4
19971201 19971231    77.4
19980101 19980131    64.9
19980201 19980228    36.2
19980301 19980331     0.0
19980401 19980430    49.8
19980501 19980531     2.7
19980601 19980630    51.8
19980701 19980731    12.4
19980801 19980831    17.8
19980901 19980930    28.6
19981001 19981031    60.4
19981101 19981130    85.8
19981201 19981231    80.4
19990101 19990131    92.0
19990201 19990228     5.4
19990301 19990331    76.6
19990401 19990430     5.0
19990501 19990531     5.2
19990601 19990630     0.0
19990701 19990731     0.0
19990801 19990831     0.0
19990901 19990930     0.0
19991001 19991031    23.8
19991101 19991130   165.2
19991201 19991231    94.8
20000101 20000131     2.4
20000201 20000229   463.8
20000301 20000331   131.5
20000401 20000430    60.5
20000501 20000531     8.0
20000601 20000630    20.4
20000701 20000731     0.0
20000801 20000831     0.0
20000901 20000930     2.2
20001001 20001031    41.9
20001101 20001130   243.2
20001201 20001231   197.2
20010101 20010131    43.6
20010201 20010228    25.8
20010301 20010331    22.1
20010401 20010430     0.0
20010501 20010531     0.0
20010601 20010630    10.2
20010701 20010731     7.6
20010801 20010831     0.0
20010901 20010930     0.0
20011001 20011031    35.4
20011101 20011130     9.6
20011201 20011231    60.0
20020101 20020131    31.8
20020201 20020228     5.5
20020301 20020331     1.7
20020401 20020430     0.0
20020501 20020531     0.0
20020601 20020630     0.0
20020701 20020731     0.0
20020801 20020831     4.8
20020901 20020930     0.0
20021001 20021031     0.0
20021101 20021130     1.5
20021201 20021231     7.3
20030101 20030131    37.2
20030201 20030228   136.8
20030301 20030331    55.6
20030401 20030430    16.1
20030501 20030531    10.2
20030601 20030630    27.8
20030701 20030731     0.0
20030801 20030831    15.7
20030901 20030930     1.0
20031001 20031031     3.6
20031101 20031130     5.2
20031201 20031231    45.8
20040101 20040131   206.8
20040201 20040229    58.3
20040301 20040331     0.1
20040401 20040430    10.8
20040501 20040531    14.7
20040601 20040630     0.0
20040701 20040731     0.0
20040801 20040831     6.6
20040901 20040930     1.8
20041001 20041031     0.0
20041101 20041130    59.8
20041201 20041231    40.2
20050101 20050131    70.9
20050201 20050228    86.3
20050301 20050331     7.3
20050401 20050430     0.0
20050501 20050531    19.0
20050601 20050630    94.9
20050701 20050731     7.5
20050801 20050831    51.2
20050901 20050930     0.9
20051001 20051031    14.3
20051101 20051130     5.1
20051201 20051231    13.6
20060101 20060131    30.2
20060201 20060228    40.3
20060301 20060331   111.9
20060401 20060430   109.7
20060501 20060531    18.6
20060601 20060630     6.4
20060701 20060731     9.4
20060801 20060831     0.0
20060901 20060930     0.0
20061001 20061031     4.8
20061101 20061130     5.4
20061201 20061231    24.5
20070101 20070131   212.5
20070201 20070228    52.4
20070301 20070331    42.2
20070401 20070430     0.0
20070501 20070531     4.0
20070601 20070630    81.6
20070701 20070731     0.0
20070801 20070831     8.4
20070901 20070930     0.4
20071001 20071031     7.5
20071101 20071130    28.6
20071201 20071231    84.8
20080101 20080131    96.6
20080201 20080229    53.2
20080301 20080331     2.2
20080401 20080430     0.0
20080501 20080531    11.6
20080601 20080630     4.2
20080701 20080731    27.1
20080801 20080831     0.0
20080901 20080930    34.7
20081001 20081031     0.0
20081101 20081130    38.5
20081201 20081231    17.4
20090101 20090131   263.6
20090201 20090228   147.8
20090301 20090331    18.6
20090401 20090430    20.4
20090501 20090531     2.2
20090601 20090630    17.9
20090701 20090731     0.0
20090801 20090831     0.0
20090901 20090930     0.0
20091001 20091031     0.4
20091101 20091130    23.0
20091201 20091231    44.5
20100101 20100131   174.4
20100201 20100228    81.5
20100301 20100331    70.1
20100401 20100430    94.8
20100501 20100531    23.0
20100601 20100630     0.0
20100701 20100731    15.6
20100801 20100831    18.0
20100901 20100930    46.3
20101001 20101031    34.8
20101101 20101130   119.1
20101201 20101231    96.3
20110101 20110131    67.0
20110201 20110228    74.7
20110301 20110331   133.1
20110401 20110430     5.2
20110501 20110531     0.0
20110601 20110630    26.0
20110701 20110731     2.4
20110801 20110831     0.0
20110901 20110930     0.0
20111001 20111031    12.4
20111101 20111130    90.3
20111201 20111231    63.3
20120101 20120131    53.4
20120201 20120229   131.9
20120301 20120331    84.6
20120401 20120430    14.0
20120501 20120531     0.0
