PRCP       025015 19060801 20171130 missing_value=99999.9 PINNAROO                                  
19060801 19060831    48.5
19060901 19060930    62.5
19061001 19061031    25.8
19061101 19061130    16.1
19061201 19061231    23.3
19070101 19070131     0.0
19070201 19070228    16.5
19070301 19070331     2.3
19070401 19070430    75.0
19070501 19070531    59.2
19070601 19070630    34.6
19070701 19070731    27.0
19070801 19070831    51.4
19070901 19070930    18.8
19071001 19071031    21.3
19071101 19071130    33.9
19071201 19071231    29.0
19080101 19080131     9.2
19080201 19080229    17.0
19080301 19080331    14.0
19080401 19080430     0.0
19080501 19080531    70.0
19080601 19080630    39.3
19080701 19080731    34.2
19080801 19080831    41.7
19080901 19080930    87.5
19081001 19081031    80.0
19081101 19081130    10.2
19081201 19081231    13.7
19090101 19090131    16.9
19090201 19090228     4.1
19090301 19090331    14.8
19090401 19090430    35.1
19090501 19090531    70.4
19090601 19090630    61.6
19090701 19090731    45.5
19090801 19090831   107.8
19090901 19090930    30.9
19091001 19091031    21.5
19091101 19091130    29.0
19091201 19091231     4.0
19100101 19100131    15.0
19100201 19100228     8.9
19100301 19100331   156.9
19100401 19100430     1.0
19100501 19100531    71.3
19100601 19100630    46.1
19100701 19100731    39.4
19100801 19100831    37.6
19100901 19100930    80.7
19101001 19101031    28.8
19101101 19101130    53.6
19101201 19101231    15.3
19110101 19110131     7.1
19110201 19110228   119.1
19110301 19110331    23.5
19110401 19110430     2.8
19110501 19110531    39.1
19110601 19110630    29.5
19110701 19110731    33.3
19110801 19110831    22.7
19110901 19110930    45.1
19111001 19111031     6.8
19111101 19111130     0.8
19111201 19111231    48.6
19120101 19120131     0.0
19120201 19120229     2.3
19120301 19120331     7.4
19120401 19120430     3.3
19120501 19120531     6.0
19120601 19120630   112.7
19120701 19120731    35.0
19120801 19120831    54.5
19120901 19120930    45.3
19121001 19121031    18.2
19121101 19121130    56.6
19121201 19121231    32.7
19130101 19130131     0.5
19130201 19130228    44.2
19130301 19130331    48.3
19130401 19130430    26.7
19130501 19130531    20.7
19130601 19130630     1.8
19130701 19130731    24.6
19130801 19130831    23.8
19130901 19130930    61.7
19131001 19131031    53.2
19131101 19131130    22.9
19131201 19131231    14.5
19140101 19140131     6.3
19140201 19140228     3.3
19140301 19140331    16.2
19140401 19140430    28.8
19140501 19140531    15.6
19140601 19140630    12.9
19140701 19140731    25.9
19140801 19140831     4.1
19140901 19140930     5.7
19141001 19141031     0.0
19141101 19141130    29.6
19141201 19141231    25.4
19150101 19150131    19.1
19150201 19150228     7.4
19150301 19150331     0.8
19150401 19150430    18.4
19150501 19150531    50.1
19150601 19150630    52.6
19150701 19150731    25.2
19150801 19150831    51.3
19150901 19150930    67.0
19151001 19151031    24.1
19151101 19151130     6.1
19151201 19151231    12.4
19160101 19160131    13.6
19160201 19160229     4.3
19160301 19160331     5.8
19160401 19160430    17.8
19160501 19160531    16.6
19160601 19160630    81.7
19160701 19160731    62.9
19160801 19160831    89.3
19160901 19160930    74.1
19161001 19161031    56.9
19161101 19161130    88.7
19161201 19161231    25.6
19170101 19170131    16.7
19170201 19170228    24.4
19170301 19170331    13.5
19170401 19170430     8.1
19170501 19170531    82.4
19170601 19170630    39.3
19170701 19170731    51.7
19170801 19170831    78.3
19170901 19170930    56.9
19171001 19171031    55.6
19171101 19171130    72.4
19171201 19171231    23.3
19180101 19180131     8.2
19180201 19180228    33.3
19180301 19180331    14.4
19180401 19180430    43.0
19180501 19180531    51.9
19180601 19180630    43.8
19180701 19180731    20.4
19180801 19180831    48.9
19180901 19180930     5.9
19181001 19181031    35.4
19181101 19181130     2.8
19181201 19181231     0.0
19190101 19190131     3.6
19190201 19190228    95.5
19190301 19190331     4.8
19190401 19190430     3.3
19190501 19190531    45.8
19190601 19190630    15.3
19190701 19190731    17.5
19190801 19190831    23.3
19190901 19190930    28.2
19191001 19191031    12.2
19191101 19191130    11.0
19191201 19191231    39.9
19200101 19200131     3.3
19200201 19200229     2.0
19200301 19200331     7.9
19200401 19200430     2.0
19200501 19200531    20.3
19200601 19200630    64.7
19200701 19200731    30.5
19200801 19200831    84.2
19200901 19200930    85.0
19201001 19201031    47.5
19201101 19201130    18.3
19201201 19201231    36.5
19210101 19210131    34.3
19210201 19210228    73.1
19210301 19210331   119.6
19210401 19210430     8.6
19210501 19210531    74.4
19210601 19210630    36.7
19210701 19210731    31.0
19210801 19210831    35.0
19210901 19210930    42.1
19211001 19211031    25.1
19211101 19211130    29.7
19211201 19211231     8.7
19220101 19220131    14.1
19220201 19220228     0.0
19220301 19220331     0.8
19220401 19220430    18.5
19220501 19220531    79.7
19220601 19220630    40.6
19220701 19220731    41.9
19220801 19220831    23.2
19220901 19220930    37.1
19221001 19221031    36.1
19221101 19221130     3.1
19221201 19221231    35.9
19230101 19230131     4.8
19230201 19230228     0.5
19230301 19230331     0.0
19230401 19230430     0.0
19230501 19230531    67.3
19230601 19230630    96.3
19230701 19230731    98.0
19230801 19230831    42.2
19230901 19230930    68.1
19231001 19231031    28.3
19231101 19231130     7.1
19231201 19231231    27.3
19240101 19240131    12.8
19240201 19240229    32.7
19240301 19240331    30.2
19240401 19240430    17.3
19240501 19240531    30.5
19240601 19240630    59.4
19240701 19240731    12.0
19240801 19240831    54.2
19240901 19240930    54.3
19241001 19241031    55.5
19241101 19241130    68.0
19241201 19241231     3.5
19250101 19250131    25.4
19250201 19250228    29.3
19250301 19250331    30.2
19250401 19250430     7.1
19250501 19250531    67.4
19250601 19250630    23.6
19250701 19250731    31.0
19250801 19250831    30.9
19250901 19250930    69.4
19251001 19251031     7.1
19251101 19251130    11.4
19251201 19251231     2.3
19260101 19260131     0.0
19260201 19260228     4.8
19260301 19260331     3.6
19260401 19260430    83.1
19260501 19260531    63.2
19260601 19260630    19.7
19260701 19260731    30.7
19260801 19260831    43.5
19260901 19260930    41.4
19261001 19261031    24.6
19261101 19261130     3.7
19261201 19261231     9.2
19270101 19270131     2.8
19270201 19270228     6.6
19270301 19270331    15.0
19270401 19270430     0.0
19270501 19270531    23.1
19270601 19270630    13.8
19270701 19270731    42.1
19270801 19270831    31.3
19270901 19270930    23.2
19271001 19271031     9.0
19271101 19271130    13.2
19271201 19271231    21.4
19280101 19280131    29.5
19280201 19280229    55.0
19280301 19280331    28.7
19280401 19280430    16.9
19280501 19280531    19.9
19280601 19280630    52.8
19280701 19280731    28.4
19280801 19280831     8.1
19280901 19280930    19.9
19281001 19281031    49.9
19281101 19281130     1.5
19281201 19281231     8.4
19290101 19290131     8.2
19290201 19290228     5.9
19290301 19290331     5.6
19290401 19290430     6.3
19290501 19290531    27.8
19290601 19290630    30.5
19290701 19290731    19.1
19290801 19290831    21.0
19290901 19290930    30.8
19291001 19291031     9.3
19291101 19291130    19.2
19291201 19291231    54.7
19300101 19300131     0.5
19300201 19300228    19.6
19300301 19300331     3.3
19300401 19300430    18.3
19300501 19300531    20.6
19300601 19300630     5.8
19300701 19300731    34.7
19300801 19300831    58.4
19300901 19300930    24.3
19301001 19301031    76.2
19301101 19301130    20.8
19301201 19301231    45.9
19310101 19310131     8.6
19310201 19310228     3.8
19310301 19310331    21.8
19310401 19310430    39.1
19310501 19310531    37.8
19310601 19310630    73.8
19310701 19310731    25.0
19310801 19310831    40.4
19310901 19310930    42.6
19311001 19311031    11.3
19311101 19311130    11.5
19311201 19311231     0.8
19320101 19320131     3.0
19320201 19320229    69.3
19320301 19320331    25.6
19320401 19320430    39.4
19320501 19320531    31.8
19320601 19320630    67.1
19320701 19320731    44.2
19320801 19320831    54.6
19320901 19320930    15.6
19321001 19321031    19.6
19321101 19321130     3.3
19321201 19321231    17.1
19330101 19330131    31.3
19330201 19330228     0.8
19330301 19330331    11.3
19330401 19330430    14.2
19330501 19330531    55.3
19330601 19330630    10.4
19330701 19330731    12.5
19330801 19330831    41.0
19330901 19330930    38.3
19331001 19331031     9.7
19331101 19331130    23.9
19331201 19331231    29.7
19340101 19340131    14.5
19340201 19340228     4.0
19340301 19340331     8.4
19340401 19340430    36.1
19340501 19340531     0.5
19340601 19340630    10.6
19340701 19340731    22.5
19340801 19340831    26.2
19340901 19340930    29.4
19341001 19341031    97.9
19341101 19341130    58.5
19341201 19341231     8.7
19350101 19350131    14.3
19350201 19350228     2.3
19350301 19350331    14.5
19350401 19350430    16.3
19350501 19350531    19.6
19350601 19350630    24.2
19350701 19350731    29.3
19350801 19350831    27.1
19350901 19350930    34.1
19351001 19351031    34.1
19351101 19351130    15.3
19351201 19351231     9.2
19360101 19360131    81.1
19360201 19360229     6.6
19360301 19360331    16.6
19360401 19360430    16.8
19360501 19360531    29.1
19360601 19360630    20.9
19360701 19360731    71.6
19360801 19360831    16.4
19360901 19360930     6.6
19361001 19361031    26.7
19361101 19361130     6.2
19361201 19361231    22.8
19370101 19370131    35.1
19370201 19370228     3.6
19370301 19370331    21.0
19370401 19370430     2.8
19370501 19370531    10.8
19370601 19370630    32.9
19370701 19370731    24.5
19370801 19370831    46.8
19370901 19370930    23.0
19371001 19371031    50.0
19371101 19371130    23.4
19371201 19371231    45.6
19380101 19380131    22.3
19380201 19380228    27.8
19380301 19380331     0.3
19380401 19380430    51.0
19380501 19380531     0.8
19380601 19380630    26.9
19380701 19380731    47.1
19380801 19380831    19.7
19380901 19380930     4.4
19381001 19381031     0.6
19381101 19381130    11.2
19381201 19381231     0.3
19390101 19390131     5.4
19390201 19390228    32.9
19390301 19390331     1.8
19390401 19390430    21.6
19390501 19390531    43.1
19390601 19390630    28.8
19390701 19390731    16.8
19390801 19390831    39.7
19390901 19390930     7.2
19391001 19391031     8.6
19391101 19391130    44.2
19391201 19391231     1.5
19400101 19400131    15.6
19400201 19400229     2.3
19400301 19400331     6.4
19400401 19400430    51.1
19400501 19400531     8.5
19400601 19400630     4.4
19400701 19400731    20.9
19400801 19400831     9.2
19400901 19400930    29.7
19401001 19401031    18.8
19401101 19401130    16.8
19401201 19401231    24.4
19410101 19410131    96.5
19410201 19410228     3.1
19410301 19410331    47.0
19410401 19410430    16.5
19410501 19410531     7.1
19410601 19410630    42.5
19410701 19410731    56.7
19410801 19410831    21.4
19410901 19410930    53.6
19411001 19411031    39.7
19411101 19411130    25.1
19411201 19411231    13.3
19420101 19420131    25.7
19420201 19420228    22.4
19420301 19420331     1.0
19420401 19420430    25.5
19420501 19420531    49.6
19420601 19420630    39.8
19420701 19420731    46.3
19420801 19420831    51.3
19420901 19420930    43.1
19421001 19421031    21.1
19421101 19421130    44.4
19421201 19421231     9.9
19430101 19430131     8.9
19430201 19430228    25.8
19430301 19430331     0.0
19430401 19430430    30.0
19430501 19430531    11.3
19430601 19430630    31.0
19430701 19430731    22.5
19430801 19430831    39.2
19430901 19430930    23.0
19431001 19431031    46.0
19431101 19431130    18.8
19431201 19431231    29.5
19440101 19440131     1.3
19440201 19440229     8.7
19440301 19440331    12.8
19440401 19440430    17.8
19440501 19440531    41.4
19440601 19440630     3.0
19440701 19440731    24.4
19440801 19440831     2.8
19440901 19440930     8.0
19441001 19441031    25.0
19441101 19441130    23.7
19441201 19441231    28.1
19450101 19450131     3.6
19450201 19450228    21.9
19450301 19450331     0.8
19450401 19450430     1.3
19450501 19450531    20.7
19450601 19450630    42.6
19450701 19450731    21.2
19450801 19450831    29.2
19450901 19450930    35.3
19451001 19451031    56.8
19451101 19451130    45.7
19451201 19451231    31.5
19460101 19460131    26.2
19460201 19460228   116.1
19460301 19460331    41.8
19460401 19460430    12.0
19460501 19460531    19.9
19460601 19460630    33.2
19460701 19460731    32.3
19460801 19460831    29.8
19460901 19460930    16.0
19461001 19461031    11.2
19461101 19461130    27.8
19461201 19461231    43.0
19470101 19470131     0.0
19470201 19470228    53.0
19470301 19470331    58.7
19470401 19470430    12.0
19470501 19470531     7.1
19470601 19470630    23.0
19470701 19470731    46.2
19470801 19470831    32.5
19470901 19470930    46.1
19471001 19471031    52.1
19471101 19471130    23.9
19471201 19471231    33.0
19480101 19480131     0.6
19480201 19480229     9.7
19480301 19480331     2.5
19480401 19480430    68.2
19480501 19480531    23.9
19480601 19480630    55.2
19480701 19480731    19.0
19480801 19480831    22.0
19480901 19480930     4.8
19481001 19481031    75.2
19481101 19481130    46.8
19481201 19481231    25.2
19490101 19490131     5.4
19490201 19490228    40.1
19490301 19490331     4.1
19490401 19490430     1.5
19490501 19490531    40.3
19490601 19490630     6.8
19490701 19490731    16.0
19490801 19490831     8.2
19490901 19490930    21.6
19491001 19491031    47.5
19491101 19491130    47.0
19491201 19491231     0.0
19500101 19500131     0.8
19500201 19500228    77.2
19500301 19500331    43.7
19500401 19500430    37.0
19500501 19500531    76.5
19500601 19500630    15.0
19500701 19500731    23.3
19500801 19500831    24.4
19500901 19500930    35.1
19501001 19501031    27.5
19501101 19501130    17.3
19501201 19501231    16.9
19510101 19510131    16.0
19510201 19510228     4.9
19510301 19510331     6.3
19510401 19510430    19.4
19510501 19510531    45.8
19510601 19510630    87.8
19510701 19510731    37.8
19510801 19510831    68.9
19510901 19510930     8.9
19511001 19511031    48.4
19511101 19511130     1.6
19511201 19511231    31.0
19520101 19520131    41.9
19520201 19520229    10.1
19520301 19520331    23.4
19520401 19520430    18.1
19520501 19520531    60.1
19520601 19520630    32.8
19520701 19520731    21.8
19520801 19520831    18.2
19520901 19520930    17.8
19521001 19521031    32.4
19521101 19521130    38.4
19521201 19521231     6.1
19530101 19530131    36.4
19530201 19530228     0.5
19530301 19530331     4.3
19530401 19530430     9.5
19530501 19530531    10.7
19530601 19530630    46.6
19530701 19530731    51.3
19530801 19530831    39.9
19530901 19530930    29.3
19531001 19531031    29.2
19531101 19531130    28.4
19531201 19531231    34.8
19540101 19540131    40.2
19540201 19540228     0.0
19540301 19540331     1.8
19540401 19540430    88.6
19540501 19540531    15.5
19540601 19540630    26.0
19540701 19540731    30.8
19540801 19540831    23.2
19540901 19540930     8.5
19541001 19541031    26.0
19541101 19541130    31.2
19541201 19541231    65.5
19550101 19550131    20.4
19550201 19550228    53.0
19550301 19550331    10.4
19550401 19550430     5.4
19550501 19550531    67.0
19550601 19550630    79.4
19550701 19550731    22.4
19550801 19550831    44.2
19550901 19550930    34.5
19551001 19551031    35.6
19551101 19551130    22.1
19551201 19551231     9.3
19560101 19560131     7.3
19560201 19560229    13.0
19560301 19560331    57.5
19560401 19560430    27.4
19560501 19560531    90.7
19560601 19560630    37.6
19560701 19560731    55.5
19560801 19560831    36.7
19560901 19560930    37.3
19561001 19561031    81.0
19561101 19561130    22.7
19561201 19561231     2.0
19570101 19570131     0.3
19570201 19570228    15.7
19570301 19570331     8.2
19570401 19570430    10.4
19570501 19570531    16.4
19570601 19570630    18.0
19570701 19570731    29.3
19570801 19570831    39.5
19570901 19570930    14.6
19571001 19571031    24.8
19571101 19571130     9.6
19571201 19571231     1.6
19580101 19580131     4.9
19580201 19580228     0.8
19580301 19580331    11.7
19580401 19580430    10.7
19580501 19580531    45.3
19580601 19580630     2.8
19580701 19580731    45.8
19580801 19580831    57.7
19580901 19580930    30.9
19581001 19581031    44.8
19581101 19581130    39.2
19581201 19581231     3.8
19590101 19590131     1.8
19590201 19590228    16.8
19590301 19590331    34.8
19590401 19590430     0.5
19590501 19590531    12.7
19590601 19590630     5.4
19590701 19590731    11.4
19590801 19590831    24.2
19590901 19590930    21.3
19591001 19591031    43.9
19591101 19591130    13.5
19591201 19591231    14.0
19600101 19600131    29.5
19600201 19600229    41.1
19600301 19600331     2.9
19600401 19600430    31.4
19600501 19600531    48.5
19600601 19600630    14.6
19600701 19600731    35.9
19600801 19600831    18.5
19600901 19600930    60.3
19601001 19601031    13.4
19601101 19601130    46.2
19601201 19601231    13.5
19610101 19610131     0.0
19610201 19610228    16.7
19610301 19610331     7.9
19610401 19610430    68.5
19610501 19610531     9.7
19610601 19610630    26.1
19610701 19610731    43.4
19610801 19610831    20.7
19610901 19610930    32.9
19611001 19611031    10.6
19611101 19611130    44.9
19611201 19611231    28.4
19620101 19620131    36.1
19620201 19620228     2.3
19620301 19620331    18.6
19620401 19620430     2.6
19620501 19620531    31.7
19620601 19620630    28.5
19620701 19620731    12.8
19620801 19620831    21.3
19620901 19620930    27.6
19621001 19621031    25.1
19621101 19621130     5.8
19621201 19621231    62.6
19630101 19630131    48.8
19630201 19630228     5.6
19630301 19630331     1.9
19630401 19630430    37.6
19630501 19630531    47.9
19630601 19630630   107.7
19630701 19630731    35.5
19630801 19630831    46.9
19630901 19630930    19.3
19631001 19631031    10.1
19631101 19631130     3.3
19631201 19631231     3.6
19640101 19640131    10.5
19640201 19640229     2.6
19640301 19640331     6.7
19640401 19640430    41.7
19640501 19640531    16.0
19640601 19640630    20.4
19640701 19640731    33.8
19640801 19640831    26.6
19640901 19640930   105.4
19641001 19641031    49.5
19641101 19641130    51.1
19641201 19641231    33.4
19650101 19650131     0.5
19650201 19650228     0.0
19650301 19650331     8.2
19650401 19650430    14.0
19650501 19650531    28.5
19650601 19650630    14.5
19650701 19650731    39.4
19650801 19650831    50.2
19650901 19650930    25.4
19651001 19651031     1.5
19651101 19651130    33.4
19651201 19651231    13.4
19660101 19660131    14.8
19660201 19660228    31.6
19660301 19660331     7.4
19660401 19660430     5.4
19660501 19660531    25.3
19660601 19660630    14.9
19660701 19660731    61.2
19660801 19660831    12.6
19660901 19660930    23.7
19661001 19661031    24.7
19661101 19661130     7.4
19661201 19661231    69.6
19670101 19670131     0.0
19670201 19670228    39.1
19670301 19670331     4.1
19670401 19670430     0.0
19670501 19670531    17.3
19670601 19670630     7.1
19670701 19670731    30.4
19670801 19670831    26.9
19670901 19670930    20.1
19671001 19671031    10.0
19671101 19671130     0.0
19671201 19671231    15.5
19680101 19680131    34.5
19680201 19680229    15.5
19680301 19680331    34.6
19680401 19680430    29.5
19680501 19680531    62.3
19680601 19680630    45.9
19680701 19680731    35.0
19680801 19680831    46.4
19680901 19680930    14.1
19681001 19681031    49.4
19681101 19681130    28.2
19681201 19681231    25.9
19690101 19690131     1.6
19690201 19690228   163.8
19690301 19690331    65.5
19690401 19690430     8.2
19690501 19690531    48.0
19690601 19690630     7.2
19690701 19690731    51.3
19690801 19690831    14.4
19690901 19690930    36.6
19691001 19691031     0.0
19691101 19691130    15.0
19691201 19691231    28.5
19700101 19700131    15.6
19700201 19700228     2.1
19700301 19700331    11.1
19700401 19700430    62.9
19700501 19700531    19.4
19700601 19700630    31.7
19700701 19700731    12.5
19700801 19700831    36.6
19700901 19700930    39.8
19701001 19701031    12.0
19701101 19701130    68.9
19701201 19701231    26.9
19710101 19710131     0.0
19710201 19710228     4.6
19710301 19710331    20.9
19710401 19710430    77.0
19710501 19710531    61.9
19710601 19710630    40.7
19710701 19710731     8.3
19710801 19710831    51.1
19710901 19710930    41.2
19711001 19711031    16.7
19711101 19711130    43.7
19711201 19711231     7.7
19720101 19720131    22.1
19720201 19720229    11.5
19720301 19720331     0.0
19720401 19720430    25.1
19720501 19720531    17.6
19720601 19720630     6.1
19720701 19720731    33.5
19720801 19720831    39.1
19720901 19720930    19.9
19721001 19721031    10.4
19721101 19721130    26.5
19721201 19721231     5.1
19730101 19730131    11.5
19730201 19730228   127.2
19730301 19730331    18.1
19730401 19730430    33.3
19730501 19730531    28.4
19730601 19730630    48.0
19730701 19730731    67.2
19730801 19730831    37.7
19730901 19730930    24.9
19731001 19731031   166.0
19731101 19731130    27.9
19731201 19731231    13.0
19740101 19740131   130.4
19740201 19740228    20.8
19740301 19740331    22.3
19740401 19740430    58.0
19740501 19740531    46.4
19740601 19740630    11.4
19740701 19740731    61.6
19740801 19740831    41.0
19740901 19740930    60.8
19741001 19741031    68.4
19741101 19741130     3.4
19741201 19741231     1.2
19750101 19750131     3.8
19750201 19750228     0.2
19750301 19750331    25.8
19750401 19750430     5.7
19750501 19750531    27.4
19750601 19750630     9.4
19750701 19750731    45.8
19750801 19750831    24.2
19750901 19750930    48.3
19751001 19751031   150.0
19751101 19751130    12.8
19751201 19751231    13.8
19760101 19760131    10.2
19760201 19760229    13.6
19760301 19760331     4.2
19760401 19760430     9.2
19760501 19760531     1.4
19760601 19760630    24.0
19760701 19760731    22.6
19760801 19760831    23.2
19760901 19760930    35.4
19761001 19761031    46.2
19761101 19761130    47.0
19761201 19761231    18.4
19770101 19770131     7.4
19770201 19770228     7.2
19770301 19770331    21.8
19770401 19770430     6.2
19770501 19770531    32.8
19770601 19770630    32.8
19770701 19770731    14.4
19770801 19770831    11.6
19770901 19770930    21.6
19771001 19771031    25.0
19771101 19771130    35.6
19771201 19771231     6.0
19780101 19780131    23.0
19780201 19780228     0.0
19780301 19780331    23.4
19780401 19780430    11.2
19780501 19780531    26.6
19780601 19780630    56.8
19780701 19780731    90.4
19780801 19780831    63.0
19780901 19780930    34.4
19781001 19781031    42.0
19781101 19781130    75.6
19781201 19781231     7.4
19790101 19790131    57.0
19790201 19790228    35.8
19790301 19790331    12.8
19790401 19790430    21.4
19790501 19790531    50.2
19790601 19790630    19.2
19790701 19790731    13.4
19790801 19790831    29.8
19790901 19790930    79.4
19791001 19791031    44.8
19791101 19791130    44.8
19791201 19791231     8.4
19800101 19800131     0.6
19800201 19800229     0.0
19800301 19800331    10.8
19800401 19800430    42.4
19800501 19800531    29.2
19800601 19800630    52.4
19800701 19800731    41.0
19800801 19800831    21.0
19800901 19800930     8.8
19801001 19801031    62.8
19801101 19801130     9.2
19801201 19801231     4.4
19810101 19810131     4.0
19810201 19810228    23.8
19810301 19810331     4.4
19810401 19810430     0.4
19810501 19810531    35.4
19810601 19810630    83.6
19810701 19810731    65.6
19810801 19810831    63.8
19810901 19810930    26.2
19811001 19811031    29.8
19811101 19811130    28.8
19811201 19811231     4.4
19820101 19820131    17.0
19820201 19820228    12.4
19820301 19820331    15.6
19820401 19820430    26.8
19820501 19820531     9.2
19820601 19820630    37.6
19820701 19820731     2.0
19820801 19820831    10.2
19820901 19820930     4.8
19821001 19821031     3.6
19821101 19821130     0.0
19821201 19821231     5.0
19830101 19830131     6.0
19830201 19830228     0.0
19830301 19830331    83.6
19830401 19830430    45.2
19830501 19830531    31.6
19830601 19830630    17.0
19830701 19830731    34.4
19830801 19830831    50.6
19830901 19830930    44.8
19831001 19831031    30.6
19831101 19831130    17.0
19831201 19831231    28.2
19840101 19840131    43.6
19840201 19840229     3.6
19840301 19840331    13.4
19840401 19840430     7.2
19840501 19840531    16.4
19840601 19840630     2.8
19840701 19840731    48.2
19840801 19840831    87.2
19840901 19840930    29.0
19841001 19841031    11.4
19841101 19841130    27.4
19841201 19841231     4.8
19850101 19850131     7.0
19850201 19850228    11.8
19850301 19850331     6.4
19850401 19850430    10.8
19850501 19850531    27.8
19850601 19850630    26.8
19850701 19850731    12.2
19850801 19850831    86.2
19850901 19850930    18.4
19851001 19851031    55.0
19851101 19851130    21.0
19851201 19851231    22.2
19860101 19860131     0.8
19860201 19860228     0.0
19860301 19860331     0.0
19860401 19860430    26.0
19860501 19860531    29.4
19860601 19860630    12.4
19860701 19860731    64.7
19860801 19860831    78.2
19860901 19860930    45.0
19861001 19861031    53.8
19861101 19861130    21.8
19861201 19861231    44.8
19870101 19870131    15.6
19870201 19870228    34.8
19870301 19870331    13.4
19870401 19870430    17.6
19870501 19870531    32.4
19870601 19870630    47.8
19870701 19870731    35.4
19870801 19870831    30.2
19870901 19870930     5.8
19871001 19871031    43.8
19871101 19871130     4.4
19871201 19871231    43.4
19880101 19880131    19.0
19880201 19880229    20.0
19880301 19880331     8.0
19880401 19880430     8.4
19880501 19880531    44.8
19880601 19880630    57.6
19880701 19880731    23.8
19880801 19880831    12.8
19880901 19880930    40.8
19881001 19881031    12.6
19881101 19881130    38.8
19881201 19881231    12.9
19890101 19890131    10.1
19890201 19890228     8.4
19890301 19890331    12.4
19890401 19890430     0.9
19890501 19890531    31.8
19890601 19890630    42.7
19890701 19890731    41.4
19890801 19890831    40.3
19890901 19890930    31.3
19891001 19891031     9.8
19891101 19891130     9.6
19891201 19891231    21.0
19900101 19900131     8.2
19900201 19900228    14.0
19900301 19900331    10.0
19900401 19900430    13.8
19900501 19900531    14.2
19900601 19900630    33.8
19900701 19900731    43.9
19900801 19900831    39.4
19900901 19900930    20.0
19901001 19901031    12.2
19901101 19901130    19.8
19901201 19901231    12.8
19910101 19910131    32.0
19910201 19910228     0.0
19910301 19910331     6.6
19910401 19910430    15.8
19910501 19910531     1.0
19910601 19910630    49.4
19910701 19910731    77.3
19910801 19910831    44.2
19910901 19910930    27.2
19911001 19911031     0.4
19911101 19911130    21.3
19911201 19911231     0.8
19920101 19920131     7.4
19920201 19920229     8.0
19920301 19920331    19.0
19920401 19920430    50.2
19920501 19920531    36.4
19920601 19920630    24.8
19920701 19920731    22.0
19920801 19920831    75.4
19920901 19920930    79.8
19921001 19921031    44.8
19921101 19921130    54.6
19921201 19921231    71.6
19930101 19930131    27.8
19930201 19930228     5.4
19930301 19930331     5.9
19930401 19930430     0.6
19930501 19930531    26.8
19930601 19930630    13.6
19930701 19930731    48.2
19930801 19930831    27.0
19930901 19930930    83.0
19931001 19931031    38.4
19931101 19931130    33.8
19931201 19931231    15.4
19940101 19940131     7.0
19940201 19940228    15.6
19940301 19940331     0.0
19940401 19940430     0.2
19940501 19940531     9.0
19940601 19940630    72.8
19940701 19940731    19.6
19940801 19940831    16.0
19940901 19940930    23.6
19941001 19941031    13.4
19941101 19941130    19.0
19941201 19941231     1.8
19950101 19950131    24.4
19950201 19950228    29.2
19950301 19950331     0.8
19950401 19950430    44.2
19950501 19950531    35.4
19950601 19950630    68.6
19950701 19950731    71.4
19950801 19950831    10.6
19950901 19950930    18.8
19951001 19951031    52.2
19951101 19951130     3.2
19951201 19951231     3.4
19960101 19960131    34.0
19960201 19960229    13.6
19960301 19960331    25.6
19960401 19960430    10.4
19960501 19960531    14.2
19960601 19960630    45.6
19960701 19960731    53.6
19960801 19960831    60.5
19960901 19960930    50.6
19961001 19961031    19.2
19961101 19961130     3.8
19961201 19961231    10.4
19970101 19970131    36.4
19970201 19970228    22.4
19970301 19970331     5.6
19970401 19970430     0.0
19970501 19970531    22.8
19970601 19970630    10.4
19970701 19970731    12.6
19970801 19970831    36.0
19970901 19970930    53.8
19971001 19971031    28.6
19971101 19971130    17.0
19971201 19971231    15.8
19980101 19980131    19.2
19980201 19980228    25.6
19980301 19980331     6.2
19980401 19980430    55.4
19980501 19980531    15.2
19980601 19980630    29.2
19980701 19980731    37.8
19980801 19980831    26.2
19980901 19980930    34.6
19981001 19981031    34.4
19981101 19981130    69.4
19981201 19981231    16.2
19990101 19990131     7.2
19990201 19990228    48.0
19990301 19990331    45.1
19990401 19990430     0.3
19990501 19990531    43.2
19990601 19990630    20.8
19990701 19990731    46.4
19990801 19990831    21.6
19990901 19990930    24.8
19991001 19991031    36.4
19991101 19991130    34.8
19991201 19991231    33.2
20000101 20000131     3.8
20000201 20000229    92.1
20000301 20000331    15.7
20000401 20000430    47.4
20000501 20000531    18.6
20000601 20000630    21.4
20000701 20000731    41.0
20000801 20000831    41.0
20000901 20000930    40.0
20001001 20001031    37.0
20001101 20001130    24.2
20001201 20001231    12.0
20010101 20010131    15.4
20010201 20010228     5.0
20010301 20010331    30.0
20010401 20010430     2.7
20010501 20010531    17.9
20010601 20010630    36.9
20010701 20010731    36.1
20010801 20010831    44.7
20010901 20010930    68.8
20011001 20011031    46.0
20011101 20011130    20.7
20011201 20011231     2.0
20020101 20020131    11.4
20020201 20020228     5.8
20020301 20020331    10.4
20020401 20020430    14.0
20020501 20020531    15.3
20020601 20020630    24.8
20020701 20020731    25.8
20020801 20020831    14.0
20020901 20020930    28.2
20021001 20021031     7.6
20021101 20021130    35.4
20021201 20021231    11.6
20030101 20030131     1.8
20030201 20030228    96.8
20030301 20030331     1.0
20030401 20030430    11.4
20030501 20030531    42.6
20030601 20030630    57.4
20030701 20030731    31.8
20030801 20030831    64.1
20030901 20030930    26.8
20031001 20031031    41.9
20031101 20031130     3.0
20031201 20031231    13.8
20040101 20040131     0.0
20040201 20040229     7.7
20040301 20040331    11.2
20040401 20040430     3.0
20040501 20040531    18.2
20040601 20040630    41.8
20040701 20040731    30.2
20040801 20040831    49.6
20040901 20040930    21.2
20041001 20041031     2.6
20041101 20041130    29.7
20041201 20041231    43.5
20050101 20050131    21.2
20050201 20050228     9.2
20050301 20050331     3.0
20050401 20050430    10.6
20050501 20050531     4.0
20050601 20050630    56.0
20050701 20050731    21.0
20050801 20050831    38.6
20050901 20050930    30.0
20051001 20051031    78.0
20051101 20051130     3.0
20051201 20051231    18.8
20060101 20060131    26.2
20060201 20060228     0.0
20060301 20060331     3.4
20060401 20060430    39.2
20060501 20060531    18.6
20060601 20060630     2.8
20060701 20060731    28.4
20060801 20060831     4.5
20060901 20060930    13.8
20061001 20061031     0.0
20061101 20061130    18.4
20061201 20061231     3.0
20070101 20070131    75.4
20070201 20070228    11.8
20070301 20070331    15.8
20070401 20070430    61.2
20070501 20070531    26.6
20070601 20070630    19.6
20070701 20070731    45.2
20070801 20070831     1.8
20070901 20070930    15.8
20071001 20071031     7.8
20071101 20071130    29.6
20071201 20071231    41.8
20080101 20080131     9.0
20080201 20080229     0.0
20080301 20080331     0.0
20080401 20080430     9.8
20080501 20080531    33.8
20080601 20080630    29.8
20080701 20080731    42.2
20080801 20080831    45.5
20080901 20080930     7.2
20081001 20081031     6.4
20081101 20081130    14.2
20081201 20081231    35.6
20090101 20090131     0.0
20090201 20090228     0.0
20090301 20090331    13.2
20090401 20090430    51.8
20090501 20090531    12.4
20090601 20090630    32.0
20090701 20090731    32.2
20090801 20090831    23.9
20090901 20090930    67.0
20091001 20091031    17.9
20091101 20091130    43.2
20091201 20091231    34.2
20100101 20100131     5.1
20100201 20100228    11.3
20100301 20100331    53.2
20100401 20100430    43.3
20100501 20100531    22.4
20100601 20100630    25.6
20100701 20100731    34.7
20100801 20100831    57.6
20100901 20100930    43.7
20101001 20101031    39.7
20101101 20101130    78.2
20101201 20101231    93.5
20110101 20110131   111.0
20110201 20110228    45.0
20110301 20110331    85.1
20110401 20110430     6.6
20110501 20110531    18.9
20110601 20110630    18.0
20110701 20110731    35.4
20110801 20110831    45.2
20110901 20110930    17.0
20111001 20111031    22.0
20111101 20111130    78.6
20111201 20111231    55.2
20120101 20120131     9.8
20120201 20120229    18.5
20120301 20120331    43.8
20120401 20120430    10.6
20120501 20120531    12.6
20120601 20120630    21.2
20120701 20120731    31.2
20120801 20120831    29.7
20120901 20120930    10.0
20121001 20121031    10.0
20121101 20121130     6.8
20121201 20121231     8.8
20130101 20130131    11.2
20130201 20130228     9.1
20130301 20130331     5.0
20130401 20130430    21.2
20130501 20130531    32.4
20130601 20130630    49.2
20130701 20130731    41.0
20130801 20130831    35.5
20130901 20130930    43.2
20131001 20131031    22.4
20131101 20131130    11.6
20131201 20131231    15.3
20140101 20140131    11.6
20140201 20140228    51.4
20140301 20140331    16.2
20140401 20140430    69.1
20140501 20140531    32.2
20140601 20140630    27.0
20140701 20140731    20.0
20140801 20140831     9.3
20140901 20140930    14.7
20141001 20141031     0.6
20141101 20141130    23.4
20141201 20141231    31.1
20150101 20150131    66.3
20150201 20150228     0.0
20150301 20150331     1.0
20150401 20150430    48.2
20150501 20150531    24.6
20150601 20150630    26.7
20150701 20150731    34.4
20150801 20150831    22.3
20150901 20150930    26.0
20151001 20151031     0.7
20151101 20151130    38.5
20151201 20151231     4.0
20160101 20160131    17.5
20160201 20160229     6.5
20160301 20160331    17.2
20160401 20160430     7.2
20160501 20160531    52.2
20160601 20160630    34.1
20160701 20160731    44.2
20160801 20160831    51.9
20160901 20160930   123.3
20161001 20161031    41.9
20161101 20161130    21.0
20161201 20161231    21.8
20170101 20170131    32.2
20170201 20170228 99999.9
20170301 20170331    22.3
20170401 20170430    67.2
20170501 20170531    50.0
20170601 20170630     7.5
20170701 20170731    35.5
20170801 20170831    48.1
20170901 20170930    18.7
20171001 20171031    29.1
20171101 20171130    68.4
