PRCP       062026 18850101 20171130 missing_value=99999.9 RYLSTONE (ILFORD RD)                      
18850101 18850131    54.6
18850201 18850228    87.4
18850301 18850331    37.6
18850401 18850430    20.4
18850501 18850531    32.8
18850601 18850630    81.8
18850701 18850731     0.0
18850801 18850831     0.0
18850901 18850930    41.9
18851001 18851031    18.7
18851101 18851130    52.4
18851201 18851231   137.2
18860101 18860131    43.4
18860201 18860228     3.0
18860301 18860331    15.3
18860401 18860430    65.8
18860501 18860531    61.9
18860601 18860630    33.5
18860701 18860731    27.2
18860801 18860831   132.7
18860901 18860930    23.1
18861001 18861031    38.4
18861101 18861130    96.3
18861201 18861231   125.0
18870101 18870131   183.4
18870201 18870228   192.7
18870301 18870331    61.9
18870401 18870430    14.7
18870501 18870531    37.0
18870601 18870630    18.5
18870701 18870731    56.9
18870801 18870831   123.7
18870901 18870930    18.5
18871001 18871031    25.2
18871101 18871130   101.7
18871201 18871231   227.3
18880101 18880131    22.1
18880201 18880229    98.8
18880301 18880331    18.6
18880401 18880430     6.1
18880501 18880531    23.9
18880601 18880630    40.7
18880701 18880731     9.4
18880801 18880831     0.0
18880901 18880930    55.1
18881001 18881031     1.8
18881101 18881130     0.0
18881201 18881231    69.7
18890101 18890131    34.5
18890201 18890228    45.0
18890301 18890331     0.0
18890401 18890430   154.2
18890501 18890531   158.6
18890601 18890630    76.1
18890701 18890731    24.9
18890801 18890831    39.7
18890901 18890930    37.1
18891001 18891031    67.8
18891101 18891130    95.6
18891201 18891231    81.3
18900101 18900131    40.4
18900201 18900228   166.2
18900301 18900331    99.4
18900401 18900430    16.8
18900501 18900531    62.4
18900601 18900630    95.4
18900701 18900731    22.5
18900801 18900831    33.7
18900901 18900930    91.5
18901001 18901031    34.8
18901101 18901130    68.6
18901201 18901231    30.0
18910101 18910131   132.5
18910201 18910228    43.2
18910301 18910331    37.3
18910401 18910430    51.1
18910501 18910531    15.5
18910601 18910630   170.7
18910701 18910731    43.2
18910801 18910831    45.0
18910901 18910930   110.2
18911001 18911031    33.9
18911101 18911130    68.7
18911201 18911231    37.6
18920101 18920131    36.6
18920201 18920229    35.3
18920301 18920331    30.8
18920401 18920430    85.7
18920501 18920531    63.4
18920601 18920630    52.3
18920701 18920731    82.8
18920801 18920831    65.1
18920901 18920930   156.0
18921001 18921031    78.3
18921101 18921130    40.1
18921201 18921231    81.3
18930101 18930131    87.4
18930201 18930228    31.5
18930301 18930331   136.4
18930401 18930430    38.3
18930501 18930531    78.0
18930601 18930630    58.4
18930701 18930731    60.9
18930801 18930831    46.2
18930901 18930930    22.1
18931001 18931031    74.4
18931101 18931130    77.0
18931201 18931231    44.0
18940101 18940131    41.2
18940201 18940228     9.1
18940301 18940331   131.8
18940401 18940430    48.9
18940501 18940531     8.9
18940601 18940630    49.8
18940701 18940731    31.2
18940801 18940831    12.4
18940901 18940930    70.1
18941001 18941031    55.2
18941101 18941130    20.1
18941201 18941231    86.7
18950101 18950131   193.2
18950201 18950228    20.8
18950301 18950331     0.0
18950401 18950430    38.2
18950501 18950531    20.1
18950601 18950630    28.0
18950701 18950731    14.2
18950801 18950831    22.1
18950901 18950930    55.7
18951001 18951031    53.8
18951101 18951130    30.2
18951201 18951231    83.8
18960101 18960131    49.0
18960201 18960229   157.0
18960301 18960331    49.6
18960401 18960430    28.4
18960501 18960531    36.6
18960601 18960630    59.0
18960701 18960731    18.6
18960801 18960831    47.2
18960901 18960930     7.1
18961001 18961031    39.8
18961101 18961130    79.0
18961201 18961231    59.7
18970101 18970131    42.9
18970201 18970228    14.7
18970301 18970331    11.7
18970401 18970430    26.6
18970501 18970531    32.5
18970601 18970630   116.0
18970701 18970731    79.2
18970801 18970831    23.1
18970901 18970930    31.7
18971001 18971031    64.3
18971101 18971130    22.6
18971201 18971231    38.6
18980101 18980131   141.7
18980201 18980228    52.8
18980301 18980331     1.8
18980401 18980430     0.0
18980501 18980531    47.0
18980601 18980630    81.1
18980701 18980731     6.4
18980801 18980831    35.2
18980901 18980930    62.0
18981001 18981031   115.6
18981101 18981130     0.3
18981201 18981231    12.9
18990101 18990131    72.4
18990201 18990228     0.8
18990301 18990331    21.6
18990401 18990430   116.1
18990501 18990531    14.4
18990601 18990630    34.8
18990701 18990731    58.1
18990801 18990831    96.9
18990901 18990930    22.8
18991001 18991031    11.1
18991101 18991130    44.9
18991201 18991231    12.9
19000101 19000131   102.3
19000201 19000228    13.5
19000301 19000331    49.4
19000401 19000430   107.9
19000501 19000531    76.3
19000601 19000630    96.9
19000701 19000731    67.3
19000801 19000831    19.3
19000901 19000930    49.1
19001001 19001031     6.6
19001101 19001130    41.9
19001201 19001231    41.0
19010101 19010131    30.7
19010201 19010228     5.8
19010301 19010331   138.2
19010401 19010430    93.7
19010501 19010531    42.0
19010601 19010630    20.3
19010701 19010731     6.3
19010801 19010831    78.8
19010901 19010930    20.3
19011001 19011031    40.9
19011101 19011130    33.7
19011201 19011231     7.9
19020101 19020131     8.9
19020201 19020228     5.8
19020301 19020331    18.3
19020401 19020430     0.0
19020501 19020531     1.8
19020601 19020630    13.3
19020701 19020731    41.4
19020801 19020831    51.2
19020901 19020930    28.7
19021001 19021031    37.3
19021101 19021130    38.1
19021201 19021231    70.1
19030101 19030131     9.2
19030201 19030228     9.4
19030301 19030331   109.4
19030401 19030430   163.6
19030501 19030531    38.3
19030601 19030630    17.4
19030701 19030731    31.2
19030801 19030831    30.8
19030901 19030930   126.4
19031001 19031031    54.5
19031101 19031130    51.0
19031201 19031231   128.0
19040101 19040131    57.7
19040201 19040229    65.7
19040301 19040331    47.7
19040401 19040430    32.6
19040501 19040531    20.8
19040601 19040630    17.4
19040701 19040731   144.3
19040801 19040831    55.7
19040901 19040930    19.1
19041001 19041031   109.3
19041101 19041130     9.4
19041201 19041231    54.9
19050101 19050131     1.8
19050201 19050228    39.2
19050301 19050331    63.0
19050401 19050430    71.9
19050501 19050531    57.7
19050601 19050630    42.6
19050701 19050731    31.5
19050801 19050831    20.8
19050901 19050930     8.4
19051001 19051031    52.3
19051101 19051130    27.6
19051201 19051231    11.4
19060101 19060131    13.8
19060201 19060228     5.4
19060301 19060331    82.2
19060401 19060430    10.6
19060501 19060531    18.8
19060601 19060630    55.0
19060701 19060731    16.5
19060801 19060831   133.2
19060901 19060930    64.9
19061001 19061031    80.9
19061101 19061130    88.9
19061201 19061231    48.2
19070101 19070131    87.1
19070201 19070228    35.8
19070301 19070331   132.8
19070401 19070430    11.4
19070501 19070531     3.8
19070601 19070630    40.3
19070701 19070731    41.0
19070801 19070831    36.8
19070901 19070930    40.4
19071001 19071031    14.5
19071101 19071130    70.1
19071201 19071231    98.6
19080101 19080131    59.6
19080201 19080229   135.3
19080301 19080331    19.8
19080401 19080430    19.6
19080501 19080531    28.5
19080601 19080630    47.3
19080701 19080731    50.8
19080801 19080831    64.5
19080901 19080930    41.9
19081001 19081031    15.4
19081101 19081130    34.0
19081201 19081231    27.9
19090101 19090131    66.0
19090201 19090228   105.5
19090301 19090331    12.7
19090401 19090430    27.1
19090501 19090531    11.4
19090601 19090630   109.4
19090701 19090731     7.4
19090801 19090831    44.9
19090901 19090930   119.6
19091001 19091031    45.4
19091101 19091130    68.6
19091201 19091231   190.8
19100101 19100131   146.6
19100201 19100228     0.0
19100301 19100331    58.7
19100401 19100430    14.2
19100501 19100531    34.5
19100601 19100630    72.3
19100701 19100731    49.2
19100801 19100831    30.0
19100901 19100930    38.8
19101001 19101031    68.0
19101101 19101130    19.1
19101201 19101231   103.2
19110101 19110131   131.8
19110201 19110228   165.7
19110301 19110331    27.0
19110401 19110430    13.5
19110501 19110531    36.7
19110601 19110630    34.3
19110701 19110731    48.8
19110801 19110831    21.0
19110901 19110930    60.3
19111001 19111031    54.2
19111101 19111130    79.0
19111201 19111231    85.7
19120101 19120131    39.1
19120201 19120229    27.5
19120301 19120331     1.8
19120401 19120430    18.1
19120501 19120531     2.5
19120601 19120630    75.9
19120701 19120731   131.0
19120801 19120831    50.8
19120901 19120930    16.8
19121001 19121031    51.5
19121101 19121130    16.5
19121201 19121231    10.1
19130101 19130131    33.0
19130201 19130228    70.9
19130301 19130331    83.7
19130401 19130430    79.9
19130501 19130531   166.3
19130601 19130630    52.3
19130701 19130731    25.1
19130801 19130831    15.2
19130901 19130930    32.0
19131001 19131031    32.8
19131101 19131130    30.0
19131201 19131231    19.3
19140101 19140131    26.5
19140201 19140228    52.1
19140301 19140331   137.4
19140401 19140430    40.2
19140501 19140531    63.2
19140601 19140630    52.9
19140701 19140731    51.8
19140801 19140831     1.0
19140901 19140930    36.6
19141001 19141031     7.6
19141101 19141130   101.1
19141201 19141231   130.4
19150101 19150131    18.0
19150201 19150228     1.5
19150301 19150331    51.5
19150401 19150430    61.5
19150501 19150531    82.8
19150601 19150630    40.0
19150701 19150731    58.1
19150801 19150831    32.8
19150901 19150930    55.7
19151001 19151031    63.3
19151101 19151130     9.4
19151201 19151231   121.3
19160101 19160131    63.3
19160201 19160229    60.7
19160301 19160331     3.6
19160401 19160430    73.9
19160501 19160531    17.3
19160601 19160630   193.5
19160701 19160731   120.1
19160801 19160831    85.3
19160901 19160930    66.4
19161001 19161031   143.6
19161101 19161130    49.8
19161201 19161231    86.9
19170101 19170131    58.4
19170201 19170228    50.1
19170301 19170331    46.5
19170401 19170430    13.7
19170501 19170531    14.7
19170601 19170630    60.3
19170701 19170731    44.6
19170801 19170831    75.4
19170901 19170930   103.2
19171001 19171031    71.3
19171101 19171130   108.3
19171201 19171231    82.1
19180101 19180131   110.3
19180201 19180228    18.8
19180301 19180331    17.5
19180401 19180430    39.4
19180501 19180531    16.0
19180601 19180630    22.3
19180701 19180731    35.8
19180801 19180831    86.1
19180901 19180930    22.3
19181001 19181031    16.2
19181101 19181130    10.4
19181201 19181231    19.6
19190101 19190131    36.1
19190201 19190228    86.7
19190301 19190331     3.8
19190401 19190430     7.3
19190501 19190531    81.0
19190601 19190630    11.7
19190701 19190731    15.5
19190801 19190831    20.3
19190901 19190930    34.1
19191001 19191031    34.3
19191101 19191130    10.2
19191201 19191231    85.1
19200101 19200131    54.9
19200201 19200229    28.7
19200301 19200331    48.8
19200401 19200430    19.9
19200501 19200531    11.5
19200601 19200630   136.9
19200701 19200731   146.6
19200801 19200831    81.1
19200901 19200930    45.8
19201001 19201031    22.4
19201101 19201130   105.3
19201201 19201231   185.1
19210101 19210131    38.9
19210201 19210228    13.2
19210301 19210331   118.9
19210401 19210430   115.3
19210501 19210531   138.2
19210601 19210630   138.8
19210701 19210731    73.4
19210801 19210831    63.0
19210901 19210930    33.7
19211001 19211031    44.2
19211101 19211130   105.1
19211201 19211231   183.4
19220101 19220131    84.8
19220201 19220228    27.0
19220301 19220331     9.7
19220401 19220430    21.1
19220501 19220531    11.7
19220601 19220630    23.4
19220701 19220731   171.3
19220801 19220831     8.7
19220901 19220930    25.2
19221001 19221031    40.7
19221101 19221130     9.6
19221201 19221231   151.4
19230101 19230131    31.5
19230201 19230228     3.3
19230301 19230331    43.8
19230401 19230430     0.8
19230501 19230531     1.3
19230601 19230630    97.5
19230701 19230731    59.2
19230801 19230831    16.3
19230901 19230930    52.1
19231001 19231031    34.3
19231101 19231130    27.0
19231201 19231231    24.8
19240101 19240131    69.9
19240201 19240229   138.2
19240301 19240331    50.0
19240401 19240430    75.3
19240501 19240531    20.8
19240601 19240630    25.3
19240701 19240731    29.5
19240801 19240831    49.8
19240901 19240930    99.0
19241001 19241031    41.9
19241101 19241130   248.6
19241201 19241231    41.2
19250101 19250131    26.8
19250201 19250228    40.2
19250301 19250331    11.1
19250401 19250430     2.6
19250501 19250531    45.8
19250601 19250630    38.9
19250701 19250731    36.8
19250801 19250831    31.1
19250901 19250930    17.8
19251001 19251031    23.1
19251101 19251130    85.2
19251201 19251231    28.7
19260101 19260131    38.4
19260201 19260228     0.0
19260301 19260331   315.0
19260401 19260430   142.7
19260501 19260531    99.3
19260601 19260630    27.1
19260701 19260731    13.7
19260801 19260831    41.3
19260901 19260930    79.8
19261001 19261031    25.0
19261101 19261130    21.8
19261201 19261231   162.4
19270101 19270131   106.2
19270201 19270228     0.0
19270301 19270331     9.9
19270401 19270430    62.6
19270501 19270531     7.2
19270601 19270630    14.0
19270701 19270731     6.2
19270801 19270831    25.3
19270901 19270930    26.0
19271001 19271031    39.6
19271101 19271130   215.2
19271201 19271231    44.1
19280101 19280131    98.8
19280201 19280229   197.4
19280301 19280331   110.8
19280401 19280430    77.9
19280501 19280531     4.3
19280601 19280630    42.4
19280701 19280731    82.9
19280801 19280831     5.7
19280901 19280930    13.2
19281001 19281031    46.3
19281101 19281130    44.2
19281201 19281231    21.6
19290101 19290131    13.7
19290201 19290228    41.1
19290301 19290331    63.5
19290401 19290430    66.1
19290501 19290531    14.0
19290601 19290630    19.1
19290701 19290731    10.9
19290801 19290831    46.7
19290901 19290930    37.0
19291001 19291031    67.1
19291101 19291130    64.1
19291201 19291231    39.0
19300101 19300131   107.4
19300201 19300228     8.7
19300301 19300331    87.7
19300401 19300430    11.4
19300501 19300531    31.5
19300601 19300630    83.6
19300701 19300731    72.8
19300801 19300831    58.5
19300901 19300930    24.9
19301001 19301031   107.2
19301101 19301130    50.8
19301201 19301231    86.5
19310101 19310131    40.9
19310201 19310228    23.7
19310301 19310331   106.7
19310401 19310430    65.0
19310501 19310531   109.5
19310601 19310630    83.6
19310701 19310731    52.5
19310801 19310831    20.5
19310901 19310930    35.9
19311001 19311031    37.9
19311101 19311130    53.8
19311201 19311231    54.2
19320101 19320131    11.0
19320201 19320229    62.0
19320301 19320331   130.3
19320401 19320430    59.5
19320501 19320531     8.1
19320601 19320630    28.0
19320701 19320731    27.7
19320801 19320831    33.7
19320901 19320930    78.3
19321001 19321031    21.5
19321101 19321130    95.2
19321201 19321231    24.7
19330101 19330131    86.1
19330201 19330228     5.9
19330301 19330331    43.2
19330401 19330430    42.5
19330501 19330531    30.0
19330601 19330630    37.8
19330701 19330731    53.5
19330801 19330831     6.3
19330901 19330930    75.8
19331001 19331031    61.2
19331101 19331130   106.3
19331201 19331231    31.0
19340101 19340131    68.2
19340201 19340228   212.2
19340301 19340331    21.3
19340401 19340430    22.9
19340501 19340531     2.5
19340601 19340630    48.2
19340701 19340731    83.5
19340801 19340831    79.2
19340901 19340930    36.3
19341001 19341031   129.5
19341101 19341130    77.4
19341201 19341231    89.5
19350101 19350131   149.0
19350201 19350228    74.2
19350301 19350331    15.5
19350401 19350430    31.7
19350501 19350531    21.1
19350601 19350630     6.9
19350701 19350731    41.0
19350801 19350831    20.1
19350901 19350930    53.9
19351001 19351031    79.5
19351101 19351130    23.4
19351201 19351231    19.8
19360101 19360131    63.5
19360201 19360229    52.4
19360301 19360331   100.1
19360401 19360430    15.0
19360501 19360531    58.8
19360601 19360630    28.6
19360701 19360731    85.1
19360801 19360831    62.7
19360901 19360930    32.9
19361001 19361031    18.6
19361101 19361130    17.0
19361201 19361231    78.3
19370101 19370131    74.5
19370201 19370228    45.9
19370301 19370331    66.4
19370401 19370430    22.6
19370501 19370531    16.7
19370601 19370630    33.3
19370701 19370731     8.7
19370801 19370831    73.4
19370901 19370930    42.1
19371001 19371031    15.3
19371101 19371130    89.1
19371201 19371231    53.2
19380101 19380131    49.0
19380201 19380228    27.7
19380301 19380331     0.3
19380401 19380430    54.7
19380501 19380531    26.7
19380601 19380630    20.3
19380701 19380731    38.3
19380801 19380831    37.5
19380901 19380930    13.2
19381001 19381031    80.9
19381101 19381130    51.2
19381201 19381231     2.8
19390101 19390131    17.6
19390201 19390228     0.8
19390301 19390331   105.7
19390401 19390430    53.1
19390501 19390531    31.7
19390601 19390630    28.8
19390701 19390731    23.9
19390801 19390831    62.2
19390901 19390930    12.9
19391001 19391031    50.1
19391101 19391130    54.2
19391201 19391231    17.0
19400101 19400131    32.0
19400201 19400229     0.0
19400301 19400331     7.8
19400401 19400430    76.7
19400501 19400531    17.6
19400601 19400630    12.9
19400701 19400731     9.6
19400801 19400831    20.9
19400901 19400930    61.6
19401001 19401031    10.9
19401101 19401130    74.7
19401201 19401231    76.6
19410101 19410131   163.1
19410201 19410228    22.6
19410301 19410331    54.4
19410401 19410430     3.6
19410501 19410531    34.5
19410601 19410630    46.7
19410701 19410731    14.2
19410801 19410831    34.8
19410901 19410930    34.3
19411001 19411031    34.3
19411101 19411130    30.1
19411201 19411231    12.6
19420101 19420131    17.0
19420201 19420228    39.6
19420301 19420331   102.5
19420401 19420430     4.1
19420501 19420531    73.5
19420601 19420630    67.7
19420701 19420731    83.8
19420801 19420831    46.6
19420901 19420930    62.8
19421001 19421031    25.8
19421101 19421130   170.7
19421201 19421231    61.2
19430101 19430131    67.3
19430201 19430228    17.5
19430301 19430331    11.4
19430401 19430430    39.7
19430501 19430531    76.5
19430601 19430630    24.2
19430701 19430731    24.8
19430801 19430831    52.3
19430901 19430930    61.1
19431001 19431031    78.4
19431101 19431130    92.2
19431201 19431231    49.2
19440101 19440131    25.8
19440201 19440229    81.5
19440301 19440331    39.1
19440401 19440430    25.9
19440501 19440531    50.5
19440601 19440630     5.9
19440701 19440731    44.9
19440801 19440831    81.7
19440901 19440930    15.0
19441001 19441031     5.8
19441101 19441130    14.4
19441201 19441231     7.2
19450101 19450131   123.4
19450201 19450228   101.5
19450301 19450331    32.3
19450401 19450430    54.8
19450501 19450531    64.0
19450601 19450630    97.7
19450701 19450731    26.5
19450801 19450831    92.0
19450901 19450930     2.8
19451001 19451031    38.9
19451101 19451130    23.5
19451201 19451231    43.2
19460101 19460131    44.4
19460201 19460228    46.3
19460301 19460331    18.8
19460401 19460430    88.3
19460501 19460531    17.5
19460601 19460630    45.8
19460701 19460731    19.5
19460801 19460831     2.3
19460901 19460930    27.5
19461001 19461031    49.0
19461101 19461130    55.5
19461201 19461231    41.9
19470101 19470131    26.7
19470201 19470228   108.9
19470301 19470331    39.9
19470401 19470430    46.9
19470501 19470531    38.9
19470601 19470630    10.8
19470701 19470731    61.5
19470801 19470831    32.5
19470901 19470930    85.0
19471001 19471031    44.7
19471101 19471130   125.0
19471201 19471231   183.8
19480101 19480131    83.3
19480201 19480229   116.8
19480301 19480331    43.4
19480401 19480430    43.2
19480501 19480531    31.7
19480601 19480630    78.3
19480701 19480731    17.2
19480801 19480831    24.7
19480901 19480930    42.4
19481001 19481031    17.3
19481101 19481130    38.2
19481201 19481231    38.9
19490101 19490131    88.7
19490201 19490228    96.4
19490301 19490331    49.2
19490401 19490430    48.5
19490501 19490531    16.3
19490601 19490630   136.1
19490701 19490731    53.4
19490801 19490831    43.2
19490901 19490930    99.3
19491001 19491031    58.0
19491101 19491130    80.3
19491201 19491231    86.8
19500101 19500131   174.3
19500201 19500228   168.6
19500301 19500331    64.4
19500401 19500430   128.3
19500501 19500531    56.7
19500601 19500630   128.4
19500701 19500731   139.4
19500801 19500831    83.6
19500901 19500930    52.2
19501001 19501031   138.7
19501101 19501130   150.9
19501201 19501231     7.6
19510101 19510131    97.4
19510201 19510228    18.0
19510301 19510331    52.2
19510401 19510430    27.7
19510501 19510531    38.6
19510601 19510630    88.3
19510701 19510731    65.5
19510801 19510831    77.2
19510901 19510930    32.8
19511001 19511031    37.7
19511101 19511130    30.2
19511201 19511231    14.5
19520101 19520131     2.3
19520201 19520229    20.6
19520301 19520331    55.1
19520401 19520430    68.9
19520501 19520531    46.8
19520601 19520630    64.9
19520701 19520731    95.0
19520801 19520831   138.3
19520901 19520930    26.2
19521001 19521031    53.8
19521101 19521130    33.9
19521201 19521231    72.0
19530101 19530131    44.6
19530201 19530228    77.8
19530301 19530331    29.6
19530401 19530430    15.3
19530501 19530531   106.5
19530601 19530630    11.5
19530701 19530731     5.3
19530801 19530831    56.7
19530901 19530930    39.4
19531001 19531031    47.2
19531101 19531130    79.3
19531201 19531231    17.0
19540101 19540131   135.7
19540201 19540228   180.1
19540301 19540331     4.8
19540401 19540430    26.5
19540501 19540531     4.1
19540601 19540630    24.5
19540701 19540731    13.7
19540801 19540831    22.1
19540901 19540930    31.3
19541001 19541031   131.8
19541101 19541130    71.3
19541201 19541231    24.1
19550101 19550131    92.5
19550201 19550228   330.7
19550301 19550331    17.4
19550401 19550430    30.3
19550501 19550531    58.3
19550601 19550630    23.6
19550701 19550731    22.4
19550801 19550831    75.5
19550901 19550930    41.3
19551001 19551031    64.3
19551101 19551130   104.9
19551201 19551231    43.6
19560101 19560131   123.8
19560201 19560229   150.1
19560301 19560331   243.7
19560401 19560430    64.3
19560501 19560531    78.9
19560601 19560630    90.8
19560701 19560731    76.6
19560801 19560831    25.1
19560901 19560930    41.4
19561001 19561031    67.3
19561101 19561130    10.1
19561201 19561231    16.0
19570101 19570131    34.9
19570201 19570228    69.4
19570301 19570331    37.9
19570401 19570430    79.3
19570501 19570531     2.8
19570601 19570630     9.9
19570701 19570731    34.1
19570801 19570831    34.6
19570901 19570930     1.3
19571001 19571031     5.6
19571101 19571130    18.5
19571201 19571231   107.0
19580101 19580131   154.2
19580201 19580228   100.9
19580301 19580331    39.4
19580401 19580430    27.4
19580501 19580531    52.6
19580601 19580630    33.6
19580701 19580731    25.2
19580801 19580831    44.5
19580901 19580930    76.7
19581001 19581031   108.2
19581101 19581130    38.1
19581201 19581231   142.2
19590101 19590131    80.6
19590201 19590228   138.0
19590301 19590331    90.8
19590401 19590430    25.7
19590501 19590531    10.4
19590601 19590630    58.7
19590701 19590731    40.4
19590801 19590831     8.5
19590901 19590930    22.8
19591001 19591031   121.3
19591101 19591130    97.3
19591201 19591231    97.5
19600101 19600131    43.3
19600201 19600229    93.3
19600301 19600331    21.0
19600401 19600430    62.6
19600501 19600531    50.7
19600601 19600630    22.5
19600701 19600731    80.2
19600801 19600831    61.6
19600901 19600930    49.1
19601001 19601031    42.5
19601101 19601130    49.6
19601201 19601231    78.0
19610101 19610131    43.0
19610201 19610228    42.8
19610301 19610331    80.1
19610401 19610430    43.0
19610501 19610531    10.9
19610601 19610630    48.2
19610701 19610731    49.7
19610801 19610831   100.8
19610901 19610930     6.7
19611001 19611031    49.3
19611101 19611130   137.7
19611201 19611231    73.9
19620101 19620131    77.7
19620201 19620228    36.9
19620301 19620331     5.5
19620401 19620430     5.4
19620501 19620531   126.3
19620601 19620630    10.7
19620701 19620731    80.9
19620801 19620831    57.5
19620901 19620930    27.4
19621001 19621031    27.2
19621101 19621130    23.9
19621201 19621231   157.3
19630101 19630131   188.8
19630201 19630228    50.9
19630301 19630331    37.4
19630401 19630430    38.4
19630501 19630531    97.8
19630601 19630630    71.1
19630701 19630731    36.0
19630801 19630831    54.9
19630901 19630930    51.4
19631001 19631031    71.6
19631101 19631130    45.6
19631201 19631231    71.7
19640101 19640131    39.7
19640201 19640229    12.7
19640301 19640331    22.4
19640401 19640430    80.8
19640501 19640531    32.8
19640601 19640630   149.8
19640701 19640731    46.0
19640801 19640831    32.4
19640901 19640930    66.7
19641001 19641031    87.2
19641101 19641130    37.0
19641201 19641231    45.5
19650101 19650131    17.5
19650201 19650228     8.2
19650301 19650331     6.1
19650401 19650430    23.3
19650501 19650531    24.4
19650601 19650630    13.9
19650701 19650731    34.2
19650801 19650831    25.2
19650901 19650930    54.4
19651001 19651031   107.4
19651101 19651130    16.1
19651201 19651231   118.5
19660101 19660131    23.4
19660201 19660228    38.6
19660301 19660331    84.8
19660401 19660430    16.2
19660501 19660531    20.9
19660601 19660630    23.7
19660701 19660731    12.0
19660801 19660831    65.6
19660901 19660930    49.0
19661001 19661031   120.3
19661101 19661130   121.2
19661201 19661231    59.7
19670101 19670131   137.4
19670201 19670228    41.1
19670301 19670331    70.2
19670401 19670430     5.9
19670501 19670531    18.7
19670601 19670630    51.6
19670701 19670731    11.4
19670801 19670831    81.0
19670901 19670930    17.0
19671001 19671031    41.6
19671101 19671130     6.6
19671201 19671231    44.5
19680101 19680131   148.0
19680201 19680229    18.5
19680301 19680331    63.7
19680401 19680430    19.8
19680501 19680531   105.6
19680601 19680630    12.2
19680701 19680731    40.9
19680801 19680831    68.4
19680901 19680930    37.1
19681001 19681031    17.1
19681101 19681130    27.9
19681201 19681231   130.3
19690101 19690131    19.2
19690201 19690228   157.7
19690301 19690331    63.8
19690401 19690430    54.8
19690501 19690531    29.0
19690601 19690630    45.0
19690701 19690731    45.0
19690801 19690831    86.4
19690901 19690930    27.8
19691001 19691031   123.0
19691101 19691130   166.0
19691201 19691231    34.2
19700101 19700131   149.9
19700201 19700228    59.3
19700301 19700331    56.4
19700401 19700430    68.3
19700501 19700531    31.7
19700601 19700630    12.2
19700701 19700731     0.0
19700801 19700831    31.6
19700901 19700930   184.2
19701001 19701031    39.6
19701101 19701130    71.9
19701201 19701231   170.8
19710101 19710131   130.6
19710201 19710228   160.3
19710301 19710331     9.2
19710401 19710430    12.7
19710501 19710531    24.8
19710601 19710630     3.1
19710701 19710731    34.0
19710801 19710831    68.6
19710901 19710930    69.1
19711001 19711031     4.6
19711101 19711130    58.1
19711201 19711231    95.0
19720101 19720131   143.0
19720201 19720229    54.6
19720301 19720331    26.0
19720401 19720430    36.8
19720501 19720531    12.2
19720601 19720630     2.5
19720701 19720731    10.2
19720801 19720831    31.6
19720901 19720930    29.1
19721001 19721031    74.3
19721101 19721130    87.3
19721201 19721231    33.7
19730101 19730131    68.5
19730201 19730228   234.6
19730301 19730331    52.8
19730401 19730430    43.2
19730501 19730531    59.7
19730601 19730630    67.4
19730701 19730731    59.7
19730801 19730831    65.8
19730901 19730930    62.2
19731001 19731031   196.9
19731101 19731130   144.2
19731201 19731231    99.3
19740101 19740131   131.2
19740201 19740228    84.2
19740301 19740331     0.0
19740401 19740430   125.2
19740501 19740531    68.3
19740601 19740630    32.0
19740701 19740731    37.2
19740801 19740831    27.8
19740901 19740930    24.2
19741001 19741031    43.2
19741101 19741130    24.0
19741201 19741231     0.0
19750101 19750131    52.4
19750201 19750228   100.6
19750301 19750331    92.5
19750401 19750430    14.4
19750501 19750531     7.4
19750601 19750630    67.2
19750701 19750731    12.6
19750801 19750831    57.5
19750901 19750930    34.9
19751001 19751031    92.0
19751101 19751130    26.2
19751201 19751231    21.6
19760101 19760131   149.8
19760201 19760229    99.4
19760301 19760331    84.6
19760401 19760430    28.0
19760501 19760531     3.6
19760601 19760630    18.8
19760701 19760731    54.2
19760801 19760831    13.2
19760901 19760930    70.4
19761001 19761031   114.0
19761101 19761130    13.0
19761201 19761231    18.2
19770101 19770131    38.2
19770201 19770228    61.2
19770301 19770331   112.6
19770401 19770430    67.0
19770501 19770531   103.0
19770601 19770630    20.2
19770701 19770731    17.8
19770801 19770831    29.8
19770901 19770930    23.6
19771001 19771031    14.6
19771101 19771130    16.2
19771201 19771231     8.4
19780101 19780131   197.4
19780201 19780228    21.8
19780301 19780331   151.0
19780401 19780430     2.8
19780501 19780531   130.8
19780601 19780630    81.0
19780701 19780731    46.6
19780801 19780831    16.8
19780901 19780930   117.2
19781001 19781031    20.4
19781101 19781130   114.2
19781201 19781231    78.6
19790101 19790131     3.6
19790201 19790228     7.4
19790301 19790331   105.0
19790401 19790430    38.6
19790501 19790531    73.0
19790601 19790630    16.6
19790701 19790731    15.7
19790801 19790831    20.2
19790901 19790930   113.2
19791001 19791031    24.4
19791101 19791130    45.6
19791201 19791231     2.2
19800101 19800131    47.6
19800201 19800229    27.0
19800301 19800331    28.6
19800401 19800430     0.4
19800501 19800531    35.2
19800601 19800630    53.4
19800701 19800731    24.2
19800801 19800831    16.0
19800901 19800930     0.0
19801001 19801031    36.2
19801101 19801130    11.2
19801201 19801231    29.6
19810101 19810131    74.5
19810201 19810228   106.4
19810301 19810331     4.4
19810401 19810430    36.0
19810501 19810531    71.8
19810601 19810630    87.2
19810701 19810731   100.0
19810801 19810831    31.4
19810901 19810930    19.4
19811001 19811031    93.8
19811101 19811130   100.4
19811201 19811231    19.4
19820101 19820131    49.6
19820201 19820228    20.5
19820301 19820331   139.6
19820401 19820430     3.0
19820501 19820531    18.4
19820601 19820630    16.0
19820701 19820731    14.8
19820801 19820831     0.0
19820901 19820930    13.2
19821001 19821031    11.2
19821101 19821130     9.2
19821201 19821231    20.4
19830101 19830131    41.8
19830201 19830228    52.2
19830301 19830331    45.0
19830401 19830430    47.4
19830501 19830531   168.0
19830601 19830630    13.6
19830701 19830731    45.2
19830801 19830831    30.4
19830901 19830930    45.8
19831001 19831031   107.6
19831101 19831130    78.0
19831201 19831231   116.8
19840101 19840131   175.4
19840201 19840229    68.7
19840301 19840331    30.8
19840401 19840430    72.6
19840501 19840531    29.6
19840601 19840630     1.2
19840701 19840731   126.7
19840801 19840831    64.3
19840901 19840930    46.4
19841001 19841031    18.8
19841101 19841130    83.6
19841201 19841231    44.8
19850101 19850131     4.2
19850201 19850228    25.8
19850301 19850331    22.0
19850401 19850430    45.2
19850501 19850531    34.8
19850601 19850630    63.6
19850701 19850731     4.6
19850801 19850831    88.8
19850901 19850930    50.8
19851001 19851031   134.2
19851101 19851130    68.2
19851201 19851231   106.4
19860101 19860131    85.0
19860201 19860228    28.2
19860301 19860331     1.0
19860401 19860430    11.8
19860501 19860531    24.8
19860601 19860630     6.4
19860701 19860731    89.2
19860801 19860831   164.4
19860901 19860930    34.2
19861001 19861031    70.6
19861101 19861130    63.2
19861201 19861231     8.6
19870101 19870131    70.2
19870201 19870228    34.0
19870301 19870331    99.2
19870401 19870430     8.0
19870501 19870531    44.2
19870601 19870630    45.4
19870701 19870731    38.2
19870801 19870831   112.2
19870901 19870930    22.6
19871001 19871031   101.2
19871101 19871130    48.6
19871201 19871231    74.1
19880101 19880131    90.0
19880201 19880229    46.6
19880301 19880331    21.0
19880401 19880430    67.2
19880501 19880531    38.6
19880601 19880630    18.0
19880701 19880731    56.4
19880801 19880831    92.4
19880901 19880930    71.7
19881001 19881031     6.6
19881101 19881130    52.8
19881201 19881231    72.6
19890101 19890131    32.2
19890201 19890228    36.2
19890301 19890331    87.6
19890401 19890430   132.1
19890501 19890531   100.2
19890601 19890630    60.8
19890701 19890731    48.2
19890801 19890831     8.6
19890901 19890930     5.5
19891001 19891031    44.4
19891101 19891130    36.8
19891201 19891231    90.6
19900101 19900131   103.9
19900201 19900228   108.7
19900301 19900331    22.0
19900401 19900430   188.2
19900501 19900531    43.2
19900601 19900630    32.4
19900701 19900731   133.2
19900801 19900831    97.8
19900901 19900930    32.8
19901001 19901031    52.6
19901101 19901130     9.0
19901201 19901231     7.0
19910101 19910131    88.6
19910201 19910228     7.0
19910301 19910331    23.0
19910401 19910430     2.0
19910501 19910531    53.4
19910601 19910630    62.8
19910701 19910731    64.0
19910801 19910831    59.0
19910901 19910930    39.6
19911001 19911031    10.1
19911101 19911130    36.6
19911201 19911231    94.8
19920101 19920131    61.5
19920201 19920229   235.8
19920301 19920331    30.2
19920401 19920430    11.4
19920501 19920531    10.4
19920601 19920630    11.2
19920701 19920731    21.8
19920801 19920831    50.4
19920901 19920930    41.4
19921001 19921031    66.8
19921101 19921130    76.2
19921201 19921231   103.6
19930101 19930131    27.6
19930201 19930228    31.5
19930301 19930331    69.2
19930401 19930430     8.0
19930501 19930531    23.4
19930601 19930630    32.2
19930701 19930731   102.6
19930801 19930831    27.0
19930901 19930930   120.8
19931001 19931031    75.8
19931101 19931130    70.4
19931201 19931231    35.6
19940101 19940131    14.4
19940201 19940228    92.6
19940301 19940331    31.8
19940401 19940430    19.2
19940501 19940531     6.6
19940601 19940630    11.0
19940701 19940731    34.8
19940801 19940831    13.6
19940901 19940930     3.0
19941001 19941031 99999.9
19941101 19941130    77.8
19941201 19941231    75.2
19950101 19950131   118.2
19950201 19950228     3.0
19950301 19950331     8.2
19950401 19950430     0.0
19950501 19950531   108.2
19950601 19950630    21.0
19950701 19950731    25.5
19950801 19950831     0.0
19950901 19950930    74.8
19951001 19951031 99999.9
19951101 19951130    66.6
19951201 19951231   116.2
19960101 19960131   112.2
19960201 19960229    18.8
19960301 19960331    32.6
19960401 19960430     6.6
19960501 19960531    47.6
19960601 19960630    48.2
19960701 19960731    90.4
19960801 19960831    73.4
19960901 19960930   117.4
19961001 19961031 99999.9
19961101 19961130    79.6
19961201 19961231   103.9
19970101 19970131    57.6
19970201 19970228    65.6
19970301 19970331     4.4
19970401 19970430 99999.9
19970501 19970531 99999.9
19970601 19970630 99999.9
19970701 19970731 99999.9
19970801 19970831 99999.9
19970901 19970930 99999.9
19971001 19971031 99999.9
19971101 19971130 99999.9
19971201 19971231 99999.9
19980101 19980131 99999.9
19980201 19980228 99999.9
19980301 19980331 99999.9
19980401 19980430 99999.9
19980501 19980531 99999.9
19980601 19980630 99999.9
19980701 19980731 99999.9
19980801 19980831 99999.9
19980901 19980930 99999.9
19981001 19981031 99999.9
19981101 19981130 99999.9
19981201 19981231 99999.9
19990101 19990131 99999.9
19990201 19990228 99999.9
19990301 19990331 99999.9
19990401 19990430 99999.9
19990501 19990531 99999.9
19990601 19990630 99999.9
19990701 19990731 99999.9
19990801 19990831 99999.9
19990901 19990930 99999.9
19991001 19991031 99999.9
19991101 19991130 99999.9
19991201 19991231 99999.9
20000101 20000131 99999.9
20000201 20000229 99999.9
20000301 20000331 99999.9
20000401 20000430   105.2
20000501 20000531    70.4
20000601 20000630    37.8
20000701 20000731    35.8
20000801 20000831    74.5
20000901 20000930    49.4
20001001 20001031   111.7
20001101 20001130   121.4
20001201 20001231    58.9
20010101 20010131    34.0
20010201 20010228    46.2
20010301 20010331    39.2
20010401 20010430   102.0
20010501 20010531    16.0
20010601 20010630    13.6
20010701 20010731    61.5
20010801 20010831    15.4
20010901 20010930    29.8
20011001 20011031    95.6
20011101 20011130    59.2
20011201 20011231    20.8
20020101 20020131    70.0
20020201 20020228   110.7
20020301 20020331    29.0
20020401 20020430     9.4
20020501 20020531    27.8
20020601 20020630    33.6
20020701 20020731 99999.9
20020801 20020831     7.0
20020901 20020930    31.2
20021001 20021031     1.6
20021101 20021130    15.4
20021201 20021231    70.4
20030101 20030131     9.6
20030201 20030228   128.1
20030301 20030331    14.4
20030401 20030430    50.8
20030501 20030531     4.4
20030601 20030630    31.6
20030701 20030731    21.8
20030801 20030831   107.0
20030901 20030930     0.0
20031001 20031031    77.0
20031101 20031130   110.9
20031201 20031231    45.1
20040101 20040131    68.4
20040201 20040229    23.1
20040301 20040331    14.4
20040401 20040430     0.0
20040501 20040531    37.0
20040601 20040630     0.0
20040701 20040731    55.7
20040801 20040831    45.0
20040901 20040930    45.5
20041001 20041031    72.0
20041101 20041130    69.4
20041201 20041231    79.9
20050101 20050131    70.0
20050201 20050228    80.0
20050301 20050331    65.6
20050401 20050430     0.0
20050501 20050531     0.0
20050601 20050630   111.7
20050701 20050731    22.8
20050801 20050831     0.0
20050901 20050930   105.6
20051001 20051031    61.7
20051101 20051130   106.8
20051201 20051231     4.8
20060101 20060131    39.0
20060201 20060228     0.0
20060301 20060331     5.0
20060401 20060430     0.0
20060501 20060531     0.0
20060601 20060630     0.0
20060701 20060731    55.0
20060801 20060831    11.4
20060901 20060930    12.9
20061001 20061031 99999.9
20061101 20061130 99999.9
20061201 20061231    20.0
20070101 20070131    26.8
20070201 20070228    86.7
20070301 20070331 99999.9
20070401 20070430    24.2
20070501 20070531    12.6
20070601 20070630   133.4
20070701 20070731 99999.9
20070801 20070831 99999.9
20070901 20070930 99999.9
20071001 20071031 99999.9
20071101 20071130 99999.9
20071201 20071231 99999.9
20080101 20080131    94.5
20080201 20080229   109.5
20080301 20080331    16.0
20080401 20080430    14.5
20080501 20080531     9.5
20080601 20080630    52.2
20080701 20080731    42.8
20080801 20080831    48.9
20080901 20080930    80.5
20081001 20081031    79.5
20081101 20081130   144.6
20081201 20081231    82.0
20090101 20090131     1.5
20090201 20090228    56.6
20090301 20090331    18.0
20090401 20090430    49.2
20090501 20090531    13.5
20090601 20090630    25.9
20090701 20090731    21.0
20090801 20090831     6.0
20090901 20090930    36.6
20091001 20091031    64.1
20091101 20091130    12.3
20091201 20091231    91.8
20100101 20100131    57.1
20100201 20100228    80.6
20100301 20100331    67.0
20100401 20100430    84.7
20100501 20100531    53.6
20100601 20100630    18.6
20100701 20100731    96.9
20100801 20100831    66.8
20100901 20100930    79.3
20101001 20101031    75.0
20101101 20101130   142.7
20101201 20101231   184.0
20110101 20110131    38.5
20110201 20110228    15.5
20110301 20110331    57.5
20110401 20110430 99999.9
20110501 20110531    39.3
20110601 20110630    20.2
20110701 20110731     7.8
20110801 20110831    54.7
20110901 20110930    88.6
20111001 20111031    41.7
20111101 20111130   140.3
20111201 20111231    45.1
20120101 20120131    50.8
20120201 20120229   128.8
20120301 20120331   135.9
20120401 20120430    51.5
20120501 20120531    63.1
20120601 20120630 99999.9
20120701 20120731    59.8
20120801 20120831     0.0
20120901 20120930    32.4
20121001 20121031     0.0
20121101 20121130    13.2
20121201 20121231    52.9
20130101 20130131   102.9
20130201 20130228    62.4
20130301 20130331    53.1
20130401 20130430    15.6
20130501 20130531    59.5
20130601 20130630    50.2
20130701 20130731     0.0
20130801 20130831     6.6
20130901 20130930    40.8
20131001 20131031     0.0
20131101 20131130    51.2
20131201 20131231 99999.9
20140101 20140131 99999.9
20140201 20140228   100.6
20140301 20140331   114.5
20140401 20140430    85.1
20140501 20140531    23.2
20140601 20140630    32.5
20140701 20140731    40.7
20140801 20140831    34.6
20140901 20140930    23.0
20141001 20141031    23.0
20141101 20141130    16.0
20141201 20141231    92.2
20150101 20150131    29.8
20150201 20150228    24.6
20150301 20150331    57.5
20150401 20150430   101.0
20150501 20150531    48.9
20150601 20150630    40.5
20150701 20150731    45.2
20150801 20150831    21.0
20150901 20150930     0.0
20151001 20151031    18.5
20151101 20151130   121.0
20151201 20151231    62.0
20160101 20160131    98.7
20160201 20160229    46.0
20160301 20160331    17.2
20160401 20160430    10.4
20160501 20160531    56.7
20160601 20160630   104.3
20160701 20160731   113.9
20160801 20160831    26.7
20160901 20160930   163.7
20161001 20161031    54.5
20161101 20161130    52.5
20161201 20161231    75.2
20170101 20170131    58.6
20170201 20170228     6.4
20170301 20170331    80.5
20170401 20170430    19.3
20170501 20170531    22.4
20170601 20170630    17.2
20170701 20170731     0.0
20170801 20170831    25.9
20170901 20170930     4.1
20171001 20171031    22.3
20171101 20171130    40.9
