PRCP       098000 19091101 20180131 missing_value=99999.9 CITY OF MELBOURNE BAY                     
19091101 19091130    52.1
19091201 19091231    53.8
19100101 19100131    26.7
19100201 19100228    15.3
19100301 19100331    97.5
19100401 19100430    71.7
19100501 19100531   210.1
19100601 19100630   154.0
19100701 19100731   178.9
19100801 19100831   208.8
19100901 19100930   162.5
19101001 19101031    82.9
19101101 19101130    57.1
19101201 19101231   181.6
19110101 19110131     6.9
19110201 19110228   128.2
19110301 19110331    82.1
19110401 19110430    62.3
19110501 19110531   111.0
19110601 19110630   162.6
19110701 19110731   148.5
19110801 19110831    59.3
19110901 19110930    59.6
19111001 19111031    48.3
19111101 19111130    11.4
19111201 19111231   100.8
19120101 19120131    17.7
19120201 19120229     6.2
19120301 19120331    36.0
19120401 19120430    63.4
19120501 19120531    88.1
19120601 19120630    58.0
19120701 19120731   184.3
19120801 19120831    73.2
19120901 19120930   158.0
19121001 19121031    72.6
19121101 19121130    91.0
19121201 19121231    73.1
19130101 19130131    43.2
19130201 19130228    21.0
19130301 19130331    89.3
19130401 19130430    20.8
19130501 19130531    69.6
19130601 19130630    83.5
19130701 19130731   107.5
19130801 19130831   177.6
19130901 19130930   149.1
19131001 19131031    74.3
19131101 19131130    90.8
19131201 19131231    66.8
19140101 19140131    50.7
19140201 19140228     8.6
19140301 19140331    41.1
19140401 19140430   160.2
19140501 19140531    63.9
19140601 19140630    77.2
19140701 19140731    78.0
19140801 19140831    29.9
19140901 19140930    37.6
19141001 19141031    17.8
19141101 19141130    58.1
19141201 19141231   116.6
19150101 19150131    18.6
19150201 19150228     9.2
19150301 19150331    38.3
19150401 19150430    59.0
19150501 19150531   112.6
19150601 19150630   138.4
19150701 19150731   108.0
19150801 19150831   157.1
19150901 19150930   203.7
19151001 19151031   100.6
19151101 19151130    63.6
19151201 19151231     8.5
19160101 19160131    73.1
19160201 19160229    20.4
19160301 19160331     9.6
19160401 19160430    90.5
19160501 19160531    46.3
19160601 19160630   111.0
19160701 19160731    83.0
19160801 19160831   170.1
19160901 19160930    75.3
19161001 19161031   117.7
19161101 19161130    63.1
19161201 19161231    63.4
19170101 19170131    25.4
19170201 19170228    45.8
19170301 19170331    50.1
19170401 19170430    79.8
19170501 19170531   143.6
19170601 19170630    94.9
19170701 19170731   238.8
19170801 19170831    86.7
19170901 19170930   124.8
19171001 19171031   155.9
19171101 19171130    84.8
19171201 19171231    15.3
19180101 19180131    40.7
19180201 19180228    51.7
19180301 19180331    25.4
19180401 19180430    33.2
19180501 19180531   131.4
19180601 19180630   143.9
19180701 19180731   162.9
19180801 19180831    96.1
19180901 19180930    64.8
19181001 19181031   110.2
19181101 19181130    23.7
19181201 19181231    71.7
19190101 19190131    27.0
19190201 19190228    69.8
19190301 19190331    61.5
19190401 19190430    26.6
19190501 19190531   113.6
19190601 19190630   150.5
19190701 19190731   143.2
19190801 19190831    74.2
19190901 19190930    77.2
19191001 19191031    61.3
19191101 19191130    13.4
19191201 19191231    67.9
19200101 19200131    15.9
19200201 19200229    30.9
19200301 19200331    37.9
19200401 19200430    47.7
19200501 19200531    82.2
19200601 19200630   113.1
19200701 19200731   116.6
19200801 19200831   172.0
19200901 19200930    71.8
19201001 19201031    40.2
19201101 19201130    37.0
19201201 19201231    34.1
19210101 19210131    16.8
19210201 19210228    16.0
19210301 19210331    21.5
19210401 19210430    55.1
19210501 19210531    73.5
19210601 19210630   163.0
19210701 19210731   107.8
19210801 19210831   121.4
19210901 19210930   100.8
19211001 19211031    50.1
19211101 19211130    61.7
19211201 19211231    53.8
19220101 19220131    37.7
19220201 19220228    68.1
19220301 19220331    39.6
19220401 19220430    57.6
19220501 19220531   134.7
19220601 19220630   126.7
19220701 19220731   114.8
19220801 19220831   102.6
19220901 19220930    49.7
19221001 19221031    94.2
19221101 19221130    34.8
19221201 19221231    76.0
19230101 19230131    59.9
19230201 19230228    14.0
19230301 19230331    25.7
19230401 19230430    22.8
19230501 19230531   199.2
19230601 19230630   171.4
19230701 19230731   166.8
19230801 19230831   125.4
19230901 19230930   136.3
19231001 19231031   153.5
19231101 19231130   117.7
19231201 19231231    76.2
19240101 19240131    69.9
19240201 19240229   161.2
19240301 19240331    73.6
19240401 19240430    45.8
19240501 19240531    84.1
19240601 19240630   114.2
19240701 19240731    92.8
19240801 19240831    85.0
19240901 19240930   107.0
19241001 19241031    66.7
19241101 19241130   101.3
19241201 19241231    40.8
19250101 19250131    23.9
19250201 19250228    43.5
19250301 19250331    14.1
19250401 19250430    65.9
19250501 19250531    56.1
19250601 19250630    89.3
19250701 19250731    72.2
19250801 19250831    85.6
19250901 19250930    95.3
19251001 19251031    77.7
19251101 19251130    34.4
19251201 19251231    23.4
19260101 19260131    13.8
19260201 19260228    50.4
19260301 19260331    34.4
19260401 19260430    82.5
19260501 19260531   135.6
19260601 19260630    95.5
19260701 19260731   160.0
19260801 19260831   118.4
19260901 19260930    91.5
19261001 19261031    81.6
19261101 19261130    50.5
19261201 19261231    51.3
19270101 19270131    17.6
19270201 19270228    47.9
19270301 19270331    28.8
19270401 19270430    19.6
19270501 19270531    66.7
19270601 19270630    52.3
19270701 19270731   152.1
19270801 19270831   158.5
19270901 19270930    46.0
19271001 19271031    41.6
19271101 19271130    19.8
19271201 19271231    66.4
19280101 19280131    59.0
19280201 19280229    75.9
19280301 19280331    35.4
19280401 19280430    94.6
19280501 19280531    86.4
19280601 19280630   129.7
19280701 19280731    97.5
19280801 19280831    90.5
19280901 19280930   194.6
19281001 19281031   119.5
19281101 19281130    93.7
19281201 19281231    29.9
19290101 19290131   101.0
19290201 19290228    59.1
19290301 19290331    43.5
19290401 19290430   169.9
19290501 19290531    93.2
19290601 19290630   178.4
19290701 19290731   139.1
19290801 19290831   123.6
19290901 19290930    74.6
19291001 19291031    72.6
19291101 19291130    50.4
19291201 19291231    79.1
19300101 19300131    16.0
19300201 19300228    29.7
19300301 19300331    12.2
19300401 19300430    42.2
19300501 19300531    76.4
19300601 19300630    33.7
19300701 19300731    87.6
19300801 19300831   182.4
19300901 19300930   114.5
19301001 19301031    81.1
19301101 19301130    99.9
19301201 19301231    79.2
19310101 19310131    28.4
19310201 19310228    24.5
19310301 19310331    71.5
19310401 19310430    80.0
19310501 19310531   181.2
19310601 19310630   150.6
19310701 19310731   158.9
19310801 19310831   104.6
19310901 19310930    97.0
19311001 19311031    52.3
19311101 19311130    96.9
19311201 19311231     6.9
19320101 19320131    20.4
19320201 19320229    50.7
19320301 19320331   112.1
19320401 19320430   114.1
19320501 19320531    10.0
19320601 19320630   104.6
19320701 19320731   100.0
19320801 19320831   113.6
19320901 19320930    53.7
19321001 19321031    65.5
19321101 19321130    34.4
19321201 19321231    55.7
19330101 19330131    24.1
19330201 19330228    17.0
19330301 19330331    52.5
19330401 19330430    54.6
19330501 19330531   108.4
19330601 19330630    93.2
19330701 19330731    56.0
19330801 19330831   101.8
19330901 19330930   102.7
19331001 19331031    83.4
19331101 19331130    48.2
19331201 19331231   104.6
19340101 19340131   105.7
19340201 19340228    22.2
19340301 19340331    28.6
19340401 19340430   112.2
19340501 19340531    22.7
19340601 19340630    59.6
19340701 19340731   129.7
19340801 19340831   132.9
19340901 19340930   137.7
19341001 19341031    69.4
19341101 19341130    71.6
19341201 19341231    88.0
19350101 19350131    67.8
19350201 19350228    33.9
19350301 19350331    80.9
19350401 19350430   100.3
19350501 19350531   103.4
19350601 19350630   123.8
19350701 19350731   115.9
19350801 19350831   105.0
19350901 19350930    82.4
19351001 19351031    61.1
19351101 19351130    56.1
19351201 19351231    26.3
19360101 19360131    10.6
19360201 19360229     3.8
19360301 19360331    66.6
19360401 19360430    85.4
19360501 19360531    92.7
19360601 19360630    85.2
19360701 19360731   181.5
19360801 19360831   261.8
19360901 19360930    86.4
19361001 19361031   108.4
19361101 19361130    34.9
19361201 19361231    47.2
19370101 19370131   123.7
19370201 19370228    48.9
19370301 19370331    93.4
19370401 19370430    47.1
19370501 19370531   176.0
19370601 19370630    43.5
19370701 19370731   137.8
19370801 19370831    94.5
19370901 19370930    95.3
19371001 19371031    79.1
19371101 19371130    53.3
19371201 19371231   149.9
19380101 19380131    42.9
19380201 19380228    72.8
19380301 19380331    38.6
19380401 19380430   104.8
19380501 19380531    59.6
19380601 19380630   159.4
19380701 19380731    93.6
19380801 19380831    83.4
19380901 19380930    73.0
19381001 19381031    69.4
19381101 19381130    35.2
19381201 19381231    72.8
19390101 19390131     6.4
19390201 19390228    79.2
19390301 19390331    14.2
19390401 19390430    64.0
19390501 19390531    77.0
19390601 19390630   211.5
19390701 19390731    61.2
19390801 19390831   208.6
19390901 19390930   119.8
19391001 19391031    74.3
19391101 19391130   126.6
19391201 19391231    69.4
19400101 19400131    60.0
19400201 19400229    38.0
19400301 19400331    24.4
19400401 19400430    69.8
19400501 19400531    49.2
19400601 19400630    77.5
19400701 19400731   158.1
19400801 19400831    46.7
19400901 19400930    40.1
19401001 19401031    37.9
19401101 19401130   110.4
19401201 19401231    52.4
19410101 19410131    52.7
19410201 19410228    24.7
19410301 19410331    78.0
19410401 19410430    19.1
19410501 19410531    67.0
19410601 19410630    78.8
19410701 19410731   121.5
19410801 19410831    77.9
19410901 19410930   115.9
19411001 19411031    65.7
19411101 19411130    28.7
19411201 19411231    27.4
19420101 19420131    47.6
19420201 19420228    28.4
19420301 19420331    44.0
19420401 19420430    72.4
19420501 19420531   149.6
19420601 19420630   119.7
19420701 19420731   243.0
19420801 19420831   171.2
19420901 19420930    94.9
19421001 19421031    72.0
19421101 19421130    36.2
19421201 19421231    32.6
19430101 19430131    47.3
19430201 19430228    53.6
19430301 19430331    19.0
19430401 19430430   148.6
19430501 19430531    63.2
19430601 19430630   121.6
19430701 19430731   133.4
19430801 19430831   105.7
19430901 19430930    85.9
19431001 19431031    38.0
19431101 19431130    34.7
19431201 19431231    12.9
19440101 19440131    34.7
19440201 19440229    60.2
19440301 19440331    24.0
19440401 19440430   103.5
19440501 19440531   146.9
19440601 19440630    88.6
19440701 19440731   121.9
19440801 19440831    44.0
19440901 19440930    69.0
19441001 19441031    98.1
19441101 19441130    79.2
19441201 19441231   116.7
19450101 19450131    28.3
19450201 19450228    84.8
19450301 19450331    41.2
19450401 19450430    21.9
19450501 19450531    61.3
19450601 19450630   116.0
19450701 19450731   114.7
19450801 19450831   193.8
19450901 19450930    62.6
19451001 19451031   111.0
19451101 19451130    98.7
19451201 19451231    32.5
19460101 19460131    83.1
19460201 19460228   225.9
19460301 19460331   121.3
19460401 19460430    73.0
19460501 19460531    81.7
19460601 19460630   113.5
19460701 19460731   233.4
19460801 19460831   176.8
19460901 19460930    85.4
19461001 19461031    63.8
19461101 19461130    61.0
19461201 19461231    60.6
19470101 19470131    36.4
19470201 19470228    30.2
19470301 19470331   112.4
19470401 19470430    59.4
19470501 19470531    89.1
19470601 19470630   217.4
19470701 19470731   240.9
19470801 19470831   180.9
19470901 19470930    91.5
19471001 19471031   119.2
19471101 19471130    95.7
19471201 19471231   111.3
19480101 19480131    15.1
19480201 19480229    47.6
19480301 19480331    45.5
19480401 19480430   150.2
19480501 19480531   280.1
19480601 19480630    52.8
19480701 19480731   144.0
19480801 19480831   125.3
19480901 19480930    89.9
19481001 19481031   144.7
19481101 19481130    55.5
19481201 19481231    62.5
19490101 19490131    42.5
19490201 19490228   120.3
19490301 19490331    48.9
19490401 19490430    30.3
19490501 19490531   113.6
19490601 19490630    54.4
19490701 19490731    99.4
19490801 19490831    66.1
19490901 19490930    50.2
19491001 19491031   234.4
19491101 19491130   102.6
19491201 19491231    34.7
19500101 19500131    48.1
19500201 19500228    29.4
19500301 19500331    18.3
19500401 19500430    18.5
19500501 19500531    80.2
19500601 19500630    37.8
19500701 19500731   111.2
19500801 19500831    78.0
19500901 19500930   101.4
19501001 19501031    95.2
19501101 19501130    97.1
19501201 19501231    44.6
19510101 19510131    19.3
19510201 19510228    36.6
19510301 19510331    20.9
19510401 19510430   165.8
19510501 19510531   141.0
19510601 19510630   218.6
19510701 19510731   191.3
19510801 19510831   169.7
19510901 19510930    38.8
19511001 19511031    65.6
19511101 19511130    93.5
19511201 19511231    71.4
19520101 19520131    95.7
19520201 19520229    25.1
19520301 19520331    22.1
19520401 19520430   130.7
19520501 19520531   248.4
19520601 19520630   270.7
19520701 19520731   145.2
19520801 19520831   107.9
19520901 19520930   119.0
19521001 19521031   128.7
19521101 19521130   135.9
19521201 19521231    46.8
19530101 19530131    29.7
19530201 19530228    23.9
19530301 19530331    22.6
19530401 19530430    91.4
19530501 19530531   109.3
19530601 19530630   169.5
19530701 19530731   181.2
19530801 19530831   137.8
19530901 19530930   125.3
19531001 19531031    75.4
19531101 19531130   133.2
19531201 19531231   118.9
19540101 19540131    26.9
19540201 19540228   107.0
19540301 19540331    78.4
19540401 19540430   105.5
19540501 19540531    94.9
19540601 19540630   128.8
19540701 19540731   124.2
19540801 19540831   125.7
19540901 19540930    80.2
19541001 19541031    67.3
19541101 19541130    37.0
19541201 19541231    64.7
19550101 19550131    30.8
19550201 19550228    30.7
19550301 19550331    21.9
19550401 19550430    67.1
19550501 19550531   157.7
19550601 19550630   102.6
19550701 19550731   119.7
19550801 19550831   228.4
19550901 19550930    75.9
19551001 19551031    92.1
19551101 19551130    81.7
19551201 19551231   100.6
19560101 19560131    59.3
19560201 19560229    26.7
19560301 19560331    26.4
19560401 19560430   268.0
19560501 19560531   121.8
19560601 19560630   175.5
19560701 19560731   153.0
19560801 19560831   154.8
19560901 19560930    85.0
19561001 19561031   106.8
19561101 19561130    85.4
19561201 19561231    77.3
19570101 19570131    22.6
19570201 19570228    70.4
19570301 19570331    78.3
19570401 19570430   105.4
19570501 19570531   110.9
19570601 19570630   107.8
19570701 19570731    54.5
19570801 19570831    95.4
19570901 19570930   117.2
19571001 19571031   100.5
19571101 19571130    56.9
19571201 19571231    69.4
19580101 19580131    23.8
19580201 19580228    27.1
19580301 19580331    53.9
19580401 19580430    39.5
19580501 19580531   230.7
19580601 19580630    95.4
19580701 19580731   172.8
19580801 19580831   146.6
19580901 19580930    52.2
19581001 19581031   153.9
19581101 19581130    58.8
19581201 19581231    31.6
19590101 19590131    20.1
19590201 19590228    76.0
19590301 19590331    31.7
19590401 19590430    50.9
19590501 19590531    43.3
19590601 19590630    79.7
19590701 19590731    76.7
19590801 19590831   145.5
19590901 19590930    69.1
19591001 19591031    56.2
19591101 19591130    17.1
19591201 19591231    79.4
19600101 19600131    37.9
19600201 19600229    76.6
19600301 19600331    46.1
19600401 19600430   170.5
19600501 19600531   178.5
19600601 19600630    95.0
19600701 19600731   182.4
19600801 19600831    84.6
19600901 19600930   115.3
19601001 19601031    94.0
19601101 19601130   103.0
19601201 19601231    19.6
19610101 19610131    11.7
19610201 19610228    35.7
19610301 19610331    28.0
19610401 19610430   178.1
19610501 19610531    91.7
19610601 19610630   127.4
19610701 19610731   119.7
19610801 19610831   101.8
19610901 19610930    60.3
19611001 19611031    70.3
19611101 19611130    37.1
19611201 19611231    37.1
19620101 19620131    26.8
19620201 19620228    60.7
19620301 19620331    49.5
19620401 19620430    31.6
19620501 19620531   148.2
19620601 19620630   183.7
19620701 19620731    94.0
19620801 19620831   119.1
19620901 19620930   121.2
19621001 19621031   127.2
19621101 19621130    35.6
19621201 19621231    15.2
19630101 19630131    65.7
19630201 19630228    39.8
19630301 19630331    49.9
19630401 19630430    25.3
19630501 19630531    67.7
19630601 19630630   123.1
19630701 19630731   218.6
19630801 19630831   126.2
19630901 19630930   105.1
19631001 19631031    72.3
19631101 19631130    44.7
19631201 19631231    14.9
19640101 19640131    50.3
19640201 19640229    78.1
19640301 19640331    55.4
19640401 19640430    55.2
19640501 19640531   107.4
19640601 19640630   130.3
19640701 19640731   205.8
19640801 19640831   139.2
19640901 19640930   123.2
19641001 19641031   112.0
19641101 19641130    51.4
19641201 19641231    79.0
19650101 19650131    21.6
19650201 19650228     6.7
19650301 19650331    76.8
19650401 19650430   109.4
19650501 19650531   157.4
19650601 19650630   104.2
19650701 19650731   118.1
19650801 19650831    88.3
19650901 19650930    77.2
19651001 19651031    42.4
19651101 19651130    66.7
19651201 19651231    37.1
19660101 19660131    43.4
19660201 19660228    43.7
19660301 19660331    75.2
19660401 19660430    79.1
19660501 19660531    72.8
19660601 19660630    66.7
19660701 19660731   178.5
19660801 19660831   109.5
19660901 19660930    79.9
19661001 19661031   126.8
19661101 19661130   131.6
19661201 19661231    52.9
19670101 19670131    33.7
19670201 19670228    17.5
19670301 19670331    31.6
19670401 19670430    26.2
19670501 19670531    37.8
19670601 19670630   120.2
19670701 19670731   234.4
19670801 19670831   135.0
19670901 19670930    71.8
19671001 19671031    32.1
19671101 19671130    52.1
19671201 19671231    77.8
19680101 19680131    16.9
19680201 19680229    24.6
19680301 19680331    85.3
19680401 19680430   129.7
19680501 19680531   209.0
19680601 19680630   113.0
19680701 19680731   134.3
19680801 19680831   222.7
19680901 19680930    80.2
19681001 19681031   161.5
19681101 19681130   135.8
19681201 19681231    10.7
19690101 19690131    38.5
19690201 19690228    95.2
19690301 19690331    69.2
19690401 19690430    82.7
19690501 19690531   109.0
19690601 19690630    72.0
19690701 19690731   140.7
19690801 19690831   127.1
19690901 19690930   128.7
19691001 19691031    80.1
19691101 19691130    65.4
19691201 19691231    54.0
19700101 19700131    49.6
19700201 19700228    17.7
19700301 19700331    61.5
19700401 19700430    94.6
19700501 19700531   101.9
19700601 19700630    94.8
19700701 19700731   216.0
19700801 19700831   222.0
19700901 19700930   118.4
19701001 19701031    63.6
19701101 19701130   111.3
19701201 19701231    94.7
19710101 19710131    76.9
19710201 19710228    59.8
19710301 19710331    54.3
19710401 19710430   126.9
19710501 19710531   162.6
19710601 19710630   180.1
19710701 19710731    88.2
19710801 19710831   155.5
19710901 19710930   144.3
19711001 19711031   177.7
19711101 19711130    93.6
19711201 19711231   127.1
19720101 19720131    36.9
19720201 19720229    59.6
19720301 19720331    22.1
19720401 19720430    90.9
19720501 19720531    48.8
19720601 19720630    72.0
19720701 19720731   190.2
19720801 19720831   153.4
19720901 19720930    62.4
19721001 19721031    43.1
19721101 19721130    45.4
19721201 19721231    26.1
19730101 19730131    26.8
19730201 19730228    73.3
19730301 19730331   144.7
19730401 19730430   131.1
19730501 19730531   151.0
19730601 19730630   166.2
19730701 19730731    79.1
19730801 19730831   135.6
19730901 19730930   116.2
19731001 19731031   106.9
19731101 19731130    54.4
19731201 19731231    59.6
19740101 19740131    11.6
19740201 19740228    25.1
19740301 19740331    31.1
19740401 19740430   104.1
19740501 19740531    40.4
19740601 19740630    75.0
19740701 19740731   265.2
19740801 19740831   142.9
19740901 19740930   154.8
19741001 19741031    74.6
19741101 19741130    39.7
19741201 19741231   103.3
19750101 19750131    40.2
19750201 19750228     8.4
19750301 19750331   132.9
19750401 19750430    51.0
19750501 19750531   201.6
19750601 19750630   116.6
19750701 19750731   216.6
19750801 19750831   146.8
19750901 19750930   133.4
19751001 19751031   122.0
19751101 19751130   113.6
19751201 19751231    29.8
19760101 19760131     8.0
19760201 19760229    18.7
19760301 19760331    56.3
19760401 19760430    63.6
19760501 19760531    98.2
19760601 19760630   102.4
19760701 19760731    82.2
19760801 19760831   134.2
19760901 19760930    77.6
19761001 19761031   133.4
19761101 19761130    63.6
19761201 19761231   114.0
19770101 19770131    54.4
19770201 19770228    35.6
19770301 19770331    70.6
19770401 19770430    56.2
19770501 19770531   116.2
19770601 19770630   138.6
19770701 19770731   128.6
19770801 19770831    98.4
19770901 19770930    38.6
19771001 19771031    74.2
19771101 19771130   174.0
19771201 19771231    33.8
19780101 19780131    32.6
19780201 19780228    55.6
19780301 19780331    99.2
19780401 19780430    46.9
19780501 19780531   103.3
19780601 19780630    59.9
19780701 19780731   173.4
19780801 19780831   132.6
19780901 19780930    70.4
19781001 19781031    66.5
19781101 19781130    68.6
19781201 19781231    58.8
19790101 19790131    49.2
19790201 19790228    52.2
19790301 19790331    96.6
19790401 19790430    79.2
19790501 19790531   101.6
19790601 19790630   129.4
19790701 19790731    88.0
19790801 19790831   161.8
19790901 19790930   233.4
19791001 19791031   131.0
19791101 19791130    51.8
19791201 19791231    45.4
19800101 19800131    31.7
19800201 19800229    23.6
19800301 19800331    31.6
19800401 19800430    89.8
19800501 19800531    95.0
19800601 19800630   102.5
19800701 19800731   155.9
19800801 19800831   145.3
19800901 19800930   130.8
19801001 19801031   104.3
19801101 19801130    60.8
19801201 19801231    21.9
19810101 19810131    47.4
19810201 19810228    17.9
19810301 19810331    64.7
19810401 19810430    51.4
19810501 19810531    81.6
19810601 19810630    94.4
19810701 19810731   138.6
19810801 19810831   235.6
19810901 19810930    76.8
19811001 19811031    74.0
19811101 19811130    64.2
19811201 19811231    34.2
19820101 19820131    28.8
19820201 19820228    17.0
19820301 19820331    44.6
19820401 19820430    97.7
19820501 19820531    98.9
19820601 19820630   127.4
19820701 19820731    48.2
19820801 19820831    33.7
19820901 19820930    91.4
19821001 19821031    55.4
19821101 19821130    26.8
19821201 19821231    28.6
19830101 19830131    41.1
19830201 19830228    10.2
19830301 19830331   178.8
19830401 19830430    89.6
19830501 19830531    87.4
19830601 19830630   136.1
19830701 19830731   137.1
19830801 19830831    84.5
19830901 19830930   115.1
19831001 19831031    42.9
19831101 19831130    78.4
19831201 19831231    28.8
19840101 19840131    21.0
19840201 19840229    18.7
19840301 19840331    97.8
19840401 19840430    60.6
19840501 19840531    62.2
19840601 19840630    87.6
19840701 19840731   103.7
19840801 19840831   163.6
19840901 19840930   149.9
19841001 19841031    43.3
19841101 19841130    35.2
19841201 19841231    93.4
19850101 19850131    32.1
19850201 19850228    11.0
19850301 19850331    39.4
19850401 19850430    78.0
19850501 19850531   110.2
19850601 19850630   161.6
19850701 19850731   117.8
19850801 19850831   104.3
19850901 19850930    31.4
19851001 19851031    68.1
19851101 19851130   106.0
19851201 19851231    93.9
19860101 19860131    35.6
19860201 19860228    32.2
19860301 19860331    22.2
19860401 19860430   129.6
19860501 19860531   152.6
19860601 19860630   105.4
19860701 19860731   120.6
19860801 19860831    70.2
19860901 19860930   126.2
19861001 19861031   131.4
19861101 19861130    24.8
19861201 19861231   131.8
19870101 19870131    50.2
19870201 19870228    34.6
19870301 19870331    66.6
19870401 19870430    73.6
19870501 19870531   159.2
19870601 19870630    63.6
19870701 19870731   114.4
19870801 19870831    63.6
19870901 19870930    94.4
19871001 19871031    62.0
19871101 19871130    59.2
19871201 19871231    71.8
19880101 19880131    30.4
19880201 19880229    23.0
19880301 19880331    24.0
19880401 19880430    27.6
19880501 19880531   134.0
19880601 19880630    99.8
19880701 19880731   197.0
19880801 19880831   133.6
19880901 19880930    70.2
19881001 19881031   121.4
19881101 19881130    98.4
19881201 19881231    42.2
19890101 19890131    68.0
19890201 19890228    53.6
19890301 19890331    62.0
19890401 19890430   102.8
19890501 19890531   116.8
19890601 19890630   154.2
19890701 19890731   112.2
19890801 19890831   100.2
19890901 19890930   141.4
19891001 19891031   167.2
19891101 19891130    19.8
19891201 19891231    56.4
19900101 19900131    19.6
19900201 19900228    90.8
19900301 19900331    50.2
19900401 19900430    64.2
19900501 19900531    59.6
19900601 19900630   126.8
19900701 19900731   135.2
19900801 19900831   194.4
19900901 19900930   116.2
19901001 19901031    89.0
19901101 19901130    49.6
19901201 19901231    36.8
19910101 19910131    54.2
19910201 19910228     8.6
19910301 19910331    72.0
19910401 19910430    55.4
19910501 19910531    32.0
19910601 19910630   167.8
19910701 19910731   132.4
19910801 19910831   271.4
19910901 19910930   118.0
19911001 19911031    30.2
19911101 19911130    73.6
19911201 19911231    65.0
19920101 19920131    31.8
19920201 19920229    61.8
19920301 19920331    22.4
19920401 19920430   130.6
19920501 19920531   129.2
19920601 19920630   130.6
19920701 19920731   134.6
19920801 19920831   195.8
19920901 19920930   127.8
19921001 19921031   104.2
19921101 19921130    90.0
19921201 19921231    64.8
19930101 19930131    33.0
19930201 19930228    87.2
19930301 19930331    21.8
19930401 19930430    26.6
19930501 19930531    65.2
19930601 19930630   101.8
19930701 19930731   123.0
19930801 19930831    92.0
19930901 19930930   104.4
19931001 19931031    82.8
19931101 19931130    51.6
19931201 19931231   109.6
19940101 19940131    56.0
19940201 19940228    28.8
19940301 19940331     7.6
19940401 19940430    72.6
19940501 19940531   172.4
19940601 19940630    85.2
19940701 19940731   124.2
19940801 19940831    98.2
19940901 19940930    91.4
19941001 19941031   105.2
19941101 19941130    74.6
19941201 19941231    34.8
19950101 19950131    25.2
19950201 19950228    26.4
19950301 19950331    75.4
19950401 19950430   130.8
19950501 19950531    72.8
19950601 19950630   109.2
19950701 19950731   159.4
19950801 19950831    95.0
19950901 19950930    76.0
19951001 19951031    58.4
19951101 19951130    44.8
19951201 19951231    27.8
19960101 19960131    64.4
19960201 19960229    90.6
19960301 19960331    40.2
19960401 19960430    73.2
19960501 19960531    28.8
19960601 19960630   123.0
19960701 19960731   170.4
19960801 19960831   205.4
19960901 19960930   180.0
19961001 19961031    66.2
19961101 19961130   106.6
19961201 19961231    41.6
19970101 19970131   103.6
19970201 19970228    23.6
19970301 19970331    67.0
19970401 19970430    38.8
19970501 19970531   126.2
19970601 19970630    38.6
19970701 19970731    84.0
19970801 19970831   123.8
19970901 19970930    93.4
19971001 19971031    60.2
19971101 19971130    87.6
19971201 19971231    34.8
19980101 19980131    21.4
19980201 19980228    38.6
19980301 19980331    32.2
19980401 19980430    74.2
19980501 19980531    81.0
19980601 19980630   101.8
19980701 19980731   133.6
19980801 19980831    63.6
19980901 19980930   141.4
19981001 19981031   122.0
19981101 19981130 99999.9
19981201 19981231    53.8
19990101 19990131 99999.9
19990201 19990228    80.0
19990301 19990331    56.6
19990401 19990430    29.0
19990501 19990531   162.4
19990601 19990630    83.6
19990701 19990731    90.0
19990801 19990831    86.6
19990901 19990930    57.6
19991001 19991031    64.2
19991101 19991130    90.8
19991201 19991231    72.0
20000101 20000131    53.2
20000201 20000229    27.6
20000301 20000331    21.8
20000401 20000430    53.6
20000501 20000531   172.6
20000601 20000630   111.2
20000701 20000731   199.0
20000801 20000831   164.2
20000901 20000930   111.4
20001001 20001031   152.2
20001101 20001130    62.0
20001201 20001231    49.4
20010101 20010131    40.0
20010201 20010228    14.6
20010301 20010331    99.0
20010401 20010430    29.4
20010501 20010531    58.0
20010601 20010630   124.0
20010701 20010731    97.2
20010801 20010831   261.4
20010901 20010930    64.6
20011001 20011031   125.6
20011101 20011130    92.6
20011201 20011231    85.0
20020101 20020131    54.4
20020201 20020228    44.4
20020301 20020331    29.0
20020401 20020430    32.8
20020501 20020531    76.0
20020601 20020630   166.0
20020701 20020731   169.4
20020801 20020831   108.0
20020901 20020930   144.6
20021001 20021031   100.0
20021101 20021130    38.8
20021201 20021231    39.8
20030101 20030131    35.2
20030201 20030228    12.6
20030301 20030331    27.2
20030401 20030430    42.8
20030501 20030531    51.0
20030601 20030630   170.2
20030701 20030731   119.8
20030801 20030831   165.6
20030901 20030930   156.2
20031001 20031031    77.8
20031101 20031130    17.2
20031201 20031231    56.0
20040101 20040131    55.6
20040201 20040229    12.8
20040301 20040331    30.4
20040401 20040430    45.4
20040501 20040531   100.0
20040601 20040630   194.0
20040701 20040731   140.4
20040801 20040831   145.8
20040901 20040930    77.4
20041001 20041031    50.0
20041101 20041130    67.2
20041201 20041231    30.6
20050101 20050131    32.6
20050201 20050228    48.8
20050301 20050331    23.6
20050401 20050430    64.8
20050501 20050531    45.6
20050601 20050630   104.4
20050701 20050731   107.4
20050801 20050831   158.4
20050901 20050930   102.6
20051001 20051031    87.8
20051101 20051130    81.4
20051201 20051231    72.4
20060101 20060131    23.4
20060201 20060228    44.0
20060301 20060331    76.6
20060401 20060430   136.8
20060501 20060531    79.6
20060601 20060630    62.8
20060701 20060731   120.8
20060801 20060831    61.8
20060901 20060930    65.6
20061001 20061031    41.4
20061101 20061130    40.0
20061201 20061231    21.8
20070101 20070131    74.8
20070201 20070228    41.2
20070301 20070331    40.0
20070401 20070430    49.0
20070501 20070531   174.2
20070601 20070630   103.2
20070701 20070731    90.4
20070801 20070831   147.6
20070901 20070930   109.0
20071001 20071031    78.0
20071101 20071130    12.4
20071201 20071231   120.8
20080101 20080131     5.4
20080201 20080229    28.6
20080301 20080331    69.2
20080401 20080430    60.2
20080501 20080531    69.8
20080601 20080630   104.0
20080701 20080731   124.0
20080801 20080831   149.6
20080901 20080930   108.2
20081001 20081031    31.8
20081101 20081130    80.4
20081201 20081231    78.6
20090101 20090131    33.6
20090201 20090228     6.6
20090301 20090331    82.0
20090401 20090430    97.8
20090501 20090531    58.8
20090601 20090630   114.4
20090701 20090731   187.2
20090801 20090831   221.4
20090901 20090930   139.2
20091001 20091031    57.6
20091101 20091130    45.4
20091201 20091231    42.2
20100101 20100131    18.6
20100201 20100228    84.6
20100301 20100331    69.6
20100401 20100430    72.0
20100501 20100531    69.2
20100601 20100630   127.2
20100701 20100731   104.6
20100801 20100831   206.2
20100901 20100930    98.8
20101001 20101031    87.6
20101101 20101130    90.6
20101201 20101231    70.4
20110101 20110131   108.6
20110201 20110228    65.4
20110301 20110331    77.8
20110401 20110430    59.2
20110501 20110531    78.0
20110601 20110630   133.4
20110701 20110731    95.6
20110801 20110831    89.6
20110901 20110930    80.8
20111001 20111031    90.8
20111101 20111130    90.2
20111201 20111231    25.8
20120101 20120131    42.4
20120201 20120229    17.2
20120301 20120331    80.0
20120401 20120430    94.8
20120501 20120531   214.0
20120601 20120630   114.8
20120701 20120731   112.8
20120801 20120831   140.6
20120901 20120930    86.6
20121001 20121031    49.0
20121101 20121130    32.2
20121201 20121231    76.4
20130101 20130131    16.4
20130201 20130228    26.2
20130301 20130331    83.2
20130401 20130430    55.2
20130501 20130531   109.6
20130601 20130630    88.6
20130701 20130731   226.6
20130801 20130831   350.2
20130901 20130930   114.6
20131001 20131031   108.6
20131101 20131130   162.8
20131201 20131231    68.8
20140101 20140131    30.0
20140201 20140228    17.8
20140301 20140331    73.2
20140401 20140430    92.8
20140501 20140531    81.2
20140601 20140630   127.0
20140701 20140731   171.4
20140801 20140831    99.4
20140901 20140930    79.2
20141001 20141031    59.6
20141101 20141130    43.0
20141201 20141231    36.4
20150101 20150131    75.4
20150201 20150228    41.2
20150301 20150331    86.6
20150401 20150430    39.2
20150501 20150531   142.6
20150601 20150630    61.8
20150701 20150731   159.8
20150801 20150831    94.8
20150901 20150930    67.4
20151001 20151031     4.6
20151101 20151130    46.0
20151201 20151231    39.8
20160101 20160131    79.0
20160201 20160229    77.6
20160301 20160331    49.4
20160401 20160430    42.6
20160501 20160531   185.2
20160601 20160630   192.2
20160701 20160731   179.2
20160801 20160831   129.2
20160901 20160930   121.4
20161001 20161031   151.8
20161101 20161130    75.2
20161201 20161231    58.0
20170101 20170131    57.6
20170201 20170228    26.6
20170301 20170331    49.0
20170401 20170430    62.0
20170501 20170531    81.0
20170601 20170630    56.4
20170701 20170731   158.6
20170801 20170831   182.8
20170901 20170930   128.0
20171001 20171031    88.8
20171101 20171130    18.0
20171201 20171231    28.4
20180101 20180131    16.4
