PRCP       040428 18951101 20141130 missing_value=99999.9 BRIAN PASTURES                            
18951101 18951130    58.7
18951201 18951231    89.3
18960101 18960131   133.5
18960201 18960229   331.4
18960301 18960331    38.6
18960401 18960430     1.2
18960501 18960531    29.4
18960601 18960630     8.4
18960701 18960731    13.4
18960801 18960831    13.4
18960901 18960930     6.0
18961001 18961031    10.5
18961101 18961130   104.6
18961201 18961231    93.0
18970101 18970131   142.3
18970201 18970228   149.2
18970301 18970331   135.1
18970401 18970430     0.0
18970501 18970531     1.5
18970601 18970630    62.4
18970701 18970731    78.4
18970801 18970831    59.3
18970901 18970930    77.2
18971001 18971031   140.0
18971101 18971130     3.6
18971201 18971231    85.7
18980101 18980131   196.8
18980201 18980228   167.1
18980301 18980331   378.1
18980401 18980430    10.1
18980501 18980531    28.4
18980601 18980630    49.3
18980701 18980731     0.8
18980801 18980831    20.0
18980901 18980930    50.5
18981001 18981031    17.0
18981101 18981130    62.3
18981201 18981231    41.8
18990101 18990131   183.6
18990201 18990228    73.0
18990301 18990331    57.8
18990401 18990430    38.9
18990501 18990531    47.8
18990601 18990630    24.8
18990701 18990731    37.0
18990801 18990831    56.6
18990901 18990930    37.2
18991001 18991031    22.2
18991101 18991130    48.2
18991201 18991231   171.5
19000101 19000131    53.4
19000201 19000228    18.0
19000301 19000331    41.4
19000401 19000430     9.3
19000501 19000531    93.0
19000601 19000630    32.0
19000701 19000731    75.4
19000801 19000831    23.4
19000901 19000930    63.4
19001001 19001031     7.6
19001101 19001130    14.3
19001201 19001231     2.6
19010101 19010131    24.1
19010201 19010228    55.3
19010301 19010331   104.5
19010401 19010430   145.1
19010501 19010531    26.0
19010601 19010630    26.8
19010701 19010731    45.8
19010801 19010831   101.3
19010901 19010930    36.4
19011001 19011031    35.1
19011101 19011130    11.9
19011201 19011231    14.8
19020101 19020131    59.7
19020201 19020228    10.2
19020301 19020331    14.3
19020401 19020430    16.8
19020501 19020531     0.0
19020601 19020630     0.0
19020701 19020731     2.4
19020801 19020831     1.9
19020901 19020930    31.8
19021001 19021031    43.1
19021101 19021130     4.2
19021201 19021231   191.3
19030101 19030131    56.3
19030201 19030228    98.1
19030301 19030331    83.1
19030401 19030430     3.6
19030501 19030531   116.5
19030601 19030630    46.2
19030701 19030731    88.8
19030801 19030831    37.3
19030901 19030930    42.2
19031001 19031031    64.0
19031101 19031130    79.5
19031201 19031231    80.0
19040101 19040131   194.5
19040201 19040229    15.7
19040301 19040331    83.7
19040401 19040430    67.1
19040501 19040531     9.6
19040601 19040630    15.5
19040701 19040731    10.3
19040801 19040831     6.2
19040901 19040930     0.0
19041001 19041031    69.7
19041101 19041130    36.8
19041201 19041231   110.2
19050101 19050131   257.9
19050201 19050228    33.0
19050301 19050331    66.8
19050401 19050430    63.5
19050501 19050531    27.7
19050601 19050630    15.2
19050701 19050731     4.8
19050801 19050831     1.2
19050901 19050930    11.8
19051001 19051031    55.4
19051101 19051130    34.3
19051201 19051231   215.3
19060101 19060131    44.9
19060201 19060228   177.1
19060301 19060331    78.1
19060401 19060430     8.4
19060501 19060531    98.1
19060601 19060630    20.2
19060701 19060731     7.3
19060801 19060831    71.3
19060901 19060930   106.8
19061001 19061031    21.7
19061101 19061130    58.3
19061201 19061231    74.2
19070101 19070131    61.5
19070201 19070228    41.4
19070301 19070331   190.1
19070401 19070430     2.0
19070501 19070531    76.1
19070601 19070630    71.0
19070701 19070731    12.7
19070801 19070831    24.3
19070901 19070930     2.4
19071001 19071031    32.1
19071101 19071130    58.7
19071201 19071231   111.5
19080101 19080131    31.6
19080201 19080229   214.8
19080301 19080331   228.0
19080401 19080430    32.7
19080501 19080531    29.1
19080601 19080630    12.7
19080701 19080731     2.8
19080801 19080831    47.3
19080901 19080930    32.0
19081001 19081031    25.3
19081101 19081130    58.9
19081201 19081231    61.9
19090101 19090131    69.0
19090201 19090228    43.7
19090301 19090331    11.9
19090401 19090430    90.2
19090501 19090531     0.0
19090601 19090630    32.9
19090701 19090731    65.0
19090801 19090831    43.9
19090901 19090930     0.0
19091001 19091031    19.1
19091101 19091130    68.8
19091201 19091231    51.3
19100101 19100131    97.7
19100201 19100228    20.8
19100301 19100331    46.1
19100401 19100430     0.0
19100501 19100531     0.0
19100601 19100630    93.1
19100701 19100731    22.0
19100801 19100831     6.7
19100901 19100930    18.0
19101001 19101031    54.0
19101101 19101130    77.0
19101201 19101231   103.9
19110101 19110131   257.5
19110201 19110228   148.7
19110301 19110331    81.2
19110401 19110430    33.7
19110501 19110531     1.9
19110601 19110630     0.5
19110701 19110731    17.7
19110801 19110831    20.8
19110901 19110930     3.3
19111001 19111031    62.9
19111101 19111130    93.8
19111201 19111231    73.6
19120101 19120131    65.1
19120201 19120229    50.9
19120301 19120331   152.2
19120401 19120430     4.8
19120501 19120531     7.6
19120601 19120630   105.8
19120701 19120731    40.1
19120801 19120831     9.0
19120901 19120930     7.6
19121001 19121031    58.9
19121101 19121130    25.4
19121201 19121231    64.8
19130101 19130131   390.8
19130201 19130228    68.4
19130301 19130331    28.9
19130401 19130430    38.3
19130501 19130531   101.1
19130601 19130630    84.2
19130701 19130731    20.3
19130801 19130831     0.0
19130901 19130930   113.3
19131001 19131031    29.8
19131101 19131130    23.9
19131201 19131231   110.2
19140101 19140131    25.8
19140201 19140228   103.5
19140301 19140331   246.7
19140401 19140430    62.8
19140501 19140531    10.5
19140601 19140630    80.0
19140701 19140731    15.3
19140801 19140831     5.9
19140901 19140930    17.4
19141001 19141031    67.3
19141101 19141130    72.9
19141201 19141231    12.7
19150101 19150131    76.4
19150201 19150228    88.4
19150301 19150331     0.0
19150401 19150430    25.1
19150501 19150531    13.9
19150601 19150630    19.2
19150701 19150731    26.2
19150801 19150831    40.5
19150901 19150930    58.2
19151001 19151031    15.5
19151101 19151130    47.9
19151201 19151231    45.1
19160101 19160131    25.1
19160201 19160229    95.2
19160301 19160331    36.8
19160401 19160430    49.7
19160501 19160531    42.5
19160601 19160630    53.0
19160701 19160731    74.2
19160801 19160831    50.8
19160901 19160930    48.3
19161001 19161031   113.6
19161101 19161130    91.5
19161201 19161231    92.0
19170101 19170131   210.8
19170201 19170228    62.4
19170301 19170331   109.7
19170401 19170430    14.4
19170501 19170531    19.6
19170601 19170630     0.0
19170701 19170731     9.5
19170801 19170831    33.7
19170901 19170930    32.0
19171001 19171031     7.4
19171101 19171130   225.2
19171201 19171231    52.9
19180101 19180131   202.7
19180201 19180228    90.7
19180301 19180331    34.3
19180401 19180430    61.4
19180501 19180531    21.0
19180601 19180630     1.4
19180701 19180731     6.5
19180801 19180831    16.6
19180901 19180930     9.6
19181001 19181031     2.8
19181101 19181130     5.9
19181201 19181231    11.0
19190101 19190131    17.7
19190201 19190228    56.0
19190301 19190331    62.8
19190401 19190430    33.5
19190501 19190531    53.4
19190601 19190630     0.0
19190701 19190731     0.0
19190801 19190831    21.2
19190901 19190930     0.0
19191001 19191031    15.6
19191101 19191130     0.0
19191201 19191231     6.2
19200101 19200131   162.7
19200201 19200229    12.9
19200301 19200331    47.0
19200401 19200430    28.6
19200501 19200531    28.4
19200601 19200630    54.5
19200701 19200731    31.8
19200801 19200831    18.6
19200901 19200930    59.2
19201001 19201031   102.7
19201101 19201130    41.5
19201201 19201231    86.4
19210101 19210131    78.1
19210201 19210228    21.4
19210301 19210331   126.1
19210401 19210430    60.6
19210501 19210531    45.9
19210601 19210630    95.0
19210701 19210731    50.6
19210801 19210831    31.3
19210901 19210930    32.6
19211001 19211031    69.9
19211101 19211130    49.6
19211201 19211231   293.5
19220101 19220131    68.3
19220201 19220228    60.2
19220301 19220331    22.0
19220401 19220430     0.0
19220501 19220531     0.0
19220601 19220630    39.9
19220701 19220731    61.9
19220801 19220831     8.6
19220901 19220930    10.9
19221001 19221031     6.2
19221101 19221130    37.8
19221201 19221231    92.5
19230101 19230131   102.5
19230201 19230228     6.0
19230301 19230331    30.7
19230401 19230430   108.9
19230501 19230531     0.0
19230601 19230630   113.6
19230701 19230731    18.0
19230801 19230831     0.0
19230901 19230930    19.1
19231001 19231031    15.5
19231101 19231130    35.3
19231201 19231231   144.9
19240101 19240131    53.0
19240201 19240229   272.0
19240301 19240331    65.6
19240401 19240430    43.0
19240501 19240531     0.0
19240601 19240630    38.2
19240701 19240731    93.6
19240801 19240831     0.0
19240901 19240930    56.8
19241001 19241031   149.9
19241101 19241130    89.8
19241201 19241231   119.4
19250101 19250131   175.7
19250201 19250228    62.9
19250301 19250331    45.1
19250401 19250430    13.8
19250501 19250531    56.9
19250601 19250630    89.3
19250701 19250731    20.3
19250801 19250831    42.3
19250901 19250930    19.1
19251001 19251031    10.2
19251101 19251130    73.3
19251201 19251231   141.2
19260101 19260131    86.5
19260201 19260228    27.9
19260301 19260331    54.3
19260401 19260430    31.3
19260501 19260531    71.6
19260601 19260630    44.6
19260701 19260731    15.5
19260801 19260831     0.0
19260901 19260930    17.0
19261001 19261031    27.6
19261101 19261130     6.0
19261201 19261231   280.9
19270101 19270131   147.0
19270201 19270228    59.7
19270301 19270331   143.0
19270401 19270430    83.1
19270501 19270531     0.0
19270601 19270630    44.2
19270701 19270731    13.8
19270801 19270831     9.5
19270901 19270930    34.6
19271001 19271031    84.9
19271101 19271130    96.9
19271201 19271231   127.3
19280101 19280131   108.6
19280201 19280229   429.7
19280301 19280331    52.5
19280401 19280430   130.7
19280501 19280531    20.8
19280601 19280630   125.8
19280701 19280731    13.2
19280801 19280831     0.0
19280901 19280930     8.1
19281001 19281031     5.3
19281101 19281130    56.2
19281201 19281231    69.4
19290101 19290131   132.9
19290201 19290228   173.2
19290301 19290331    48.2
19290401 19290430   178.6
19290501 19290531     0.0
19290601 19290630    31.0
19290701 19290731     2.2
19290801 19290831    20.2
19290901 19290930     0.0
19291001 19291031    65.4
19291101 19291130    66.3
19291201 19291231    43.5
19300101 19300131   210.8
19300201 19300228    66.6
19300301 19300331    63.5
19300401 19300430    17.2
19300501 19300531    57.8
19300601 19300630   144.9
19300701 19300731    25.9
19300801 19300831    41.6
19300901 19300930    58.6
19301001 19301031    14.3
19301101 19301130    63.8
19301201 19301231    45.4
19310101 19310131   243.6
19310201 19310228    80.0
19310301 19310331    54.9
19310401 19310430    63.3
19310501 19310531    62.3
19310601 19310630     4.0
19310701 19310731    15.8
19310801 19310831     0.0
19310901 19310930    42.0
19311001 19311031    46.6
19311101 19311130    95.9
19311201 19311231   210.4
19320101 19320131    27.5
19320201 19320229    41.3
19320301 19320331     5.9
19320401 19320430    46.8
19320501 19320531    28.4
19320601 19320630     0.0
19320701 19320731     7.6
19320801 19320831     3.6
19320901 19320930    31.0
19321001 19321031   101.7
19321101 19321130    30.9
19321201 19321231    26.4
19330101 19330131   228.6
19330201 19330228    47.0
19330301 19330331     1.9
19330401 19330430    97.4
19330501 19330531     5.3
19330601 19330630    32.5
19330701 19330731   103.0
19330801 19330831    60.0
19330901 19330930    67.2
19331001 19331031   188.9
19331101 19331130   152.8
19331201 19331231    81.2
19340101 19340131   130.5
19340201 19340228   140.9
19340301 19340331    10.2
19340401 19340430    89.4
19340501 19340531    46.9
19340601 19340630    85.9
19340701 19340731    52.5
19340801 19340831    20.5
19340901 19340930    61.6
19341001 19341031    62.3
19341101 19341130   143.0
19341201 19341231   155.5
19350101 19350131    31.2
19350201 19350228    70.3
19350301 19350331     2.4
19350401 19350430    16.7
19350501 19350531    53.3
19350601 19350630     0.0
19350701 19350731    65.6
19350801 19350831    10.1
19350901 19350930    47.0
19351001 19351031    53.5
19351101 19351130     0.0
19351201 19351231   148.1
19360101 19360131   128.7
19360201 19360229    31.0
19360301 19360331    81.4
19360401 19360430     0.0
19360501 19360531    38.7
19360601 19360630   144.2
19360701 19360731     0.0
19360801 19360831     0.0
19360901 19360930    28.7
19361001 19361031    16.0
19361101 19361130    22.7
19361201 19361231   149.7
19370101 19370131    17.9
19370201 19370228    72.6
19370301 19370331   322.9
19370401 19370430    33.7
19370501 19370531    20.3
19370601 19370630    20.0
19370701 19370731    18.3
19370801 19370831    37.7
19370901 19370930     7.1
19371001 19371031   131.0
19371101 19371130    15.5
19371201 19371231    47.3
19380101 19380131   160.6
19380201 19380228     2.4
19380301 19380331   121.3
19380401 19380430    52.5
19380501 19380531   218.9
19380601 19380630    34.1
19380701 19380731    39.4
19380801 19380831    61.3
19380901 19380930     3.6
19381001 19381031     8.1
19381101 19381130   100.0
19381201 19381231     5.5
19390101 19390131   246.4
19390201 19390228    39.4
19390301 19390331    74.2
19390401 19390430    40.6
19390501 19390531    15.3
19390601 19390630    45.1
19390701 19390731    41.5
19390801 19390831    57.1
19390901 19390930    27.4
19391001 19391031    91.9
19391101 19391130    96.9
19391201 19391231   151.3
19400101 19400131    49.8
19400201 19400229    39.9
19400301 19400331   153.2
19400401 19400430    24.1
19400501 19400531     7.4
19400601 19400630     6.4
19400701 19400731    10.7
19400801 19400831     7.5
19400901 19400930     0.0
19401001 19401031     3.1
19401101 19401130   109.0
19401201 19401231    98.9
19410101 19410131   128.1
19410201 19410228    46.3
19410301 19410331   130.7
19410401 19410430    13.3
19410501 19410531     3.8
19410601 19410630    65.7
19410701 19410731     5.7
19410801 19410831     3.1
19410901 19410930     0.3
19411001 19411031    39.1
19411101 19411130    35.3
19411201 19411231    42.2
19420101 19420131   192.0
19420201 19420228   159.2
19420301 19420331    16.5
19420401 19420430    45.9
19420501 19420531    43.5
19420601 19420630    26.8
19420701 19420731    38.6
19420801 19420831     0.9
19420901 19420930     8.4
19421001 19421031    73.1
19421101 19421130    36.3
19421201 19421231   393.6
19430101 19430131   176.3
19430201 19430228    93.6
19430301 19430331     6.3
19430401 19430430    28.5
19430501 19430531    44.2
19430601 19430630    33.2
19430701 19430731     0.5
19430801 19430831    29.1
19430901 19430930    16.4
19431001 19431031    89.4
19431101 19431130    85.2
19431201 19431231   157.2
19440101 19440131    27.7
19440201 19440229    62.3
19440301 19440331    14.8
19440401 19440430     0.9
19440501 19440531    61.3
19440601 19440630    17.7
19440701 19440731    40.9
19440801 19440831    22.2
19440901 19440930    18.9
19441001 19441031    10.1
19441101 19441130    26.5
19441201 19441231   121.1
19450101 19450131   102.3
19450201 19450228   193.1
19450301 19450331    19.4
19450401 19450430    11.2
19450501 19450531    36.5
19450601 19450630    22.7
19450701 19450731    70.7
19450801 19450831     2.6
19450901 19450930    80.0
19451001 19451031   123.0
19451101 19451130    17.2
19451201 19451231    80.7
19460101 19460131   242.1
19460201 19460228    31.0
19460301 19460331    38.9
19460401 19460430    13.2
19460501 19460531     5.0
19460601 19460630     3.4
19460701 19460731     3.6
19460801 19460831     4.0
19460901 19460930    19.1
19461001 19461031    47.4
19461101 19461130    46.5
19461201 19461231    71.2
19470101 19470131    55.4
19470201 19470228   304.7
19470301 19470331   345.7
19470401 19470430    82.4
19470501 19470531    16.0
19470601 19470630     4.3
19470701 19470731     4.5
19470801 19470831    19.6
19470901 19470930   100.8
19471001 19471031   103.1
19471101 19471130    99.1
19471201 19471231    38.9
19480101 19480131    28.9
19480201 19480229   152.6
19480301 19480331   105.9
19480401 19480430    90.9
19480501 19480531    95.6
19480601 19480630    87.0
19480701 19480731    35.2
19480801 19480831     3.6
19480901 19480930    17.2
19481001 19481031    14.3
19481101 19481130    14.9
19481201 19481231    77.8
19490101 19490131    44.1
19490201 19490228   246.8
19490301 19490331   296.9
19490401 19490430    22.2
19490501 19490531    22.0
19490601 19490630    57.1
19490701 19490731    11.9
19490801 19490831    14.6
19490901 19490930    84.9
19491001 19491031   163.1
19491101 19491130    75.3
19491201 19491231    47.8
19500101 19500131   127.7
19500201 19500228   268.0
19500301 19500331   151.7
19500401 19500430    19.5
19500501 19500531    45.7
19500601 19500630    79.2
19500701 19500731   133.2
19500801 19500831    10.7
19500901 19500930    21.5
19501001 19501031    95.5
19501101 19501130   197.5
19501201 19501231    39.4
19510101 19510131   197.4
19510201 19510228    29.1
19510301 19510331    38.9
19510401 19510430    54.4
19510501 19510531     7.0
19510601 19510630    10.1
19510701 19510731     1.2
19510801 19510831    16.5
19510901 19510930    18.0
19511001 19511031    24.3
19511101 19511130     1.9
19511201 19511231    29.1
19520101 19520131    93.4
19520201 19520229    48.8
19520301 19520331   176.8
19520401 19520430    63.9
19520501 19520531   108.7
19520601 19520630    44.9
19520701 19520731    21.2
19520801 19520831    23.3
19520901 19520930    14.3
19521001 19521031    36.8
19521101 19521130    72.1
19521201 19521231    84.6
19530101 19530131   132.1
19530201 19530228   165.3
19530301 19530331   177.8
19530401 19530430    29.8
19530501 19530531    15.5
19530601 19530630     2.4
19530701 19530731     3.6
19530801 19530831   104.1
19530901 19530930    12.4
19531001 19531031    90.2
19531101 19531130   168.0
19531201 19531231    35.8
19540101 19540131   162.6
19540201 19540228   374.8
19540301 19540331     6.0
19540401 19540430    29.1
19540501 19540531    13.4
19540601 19540630    21.6
19540701 19540731   342.5
19540801 19540831    60.9
19540901 19540930    27.9
19541001 19541031    77.4
19541101 19541130    36.5
19541201 19541231    47.0
19550101 19550131    72.5
19550201 19550228    85.1
19550301 19550331   308.4
19550401 19550430   116.5
19550501 19550531   138.6
19550601 19550630     0.5
19550701 19550731    46.8
19550801 19550831     3.0
19550901 19550930    58.6
19551001 19551031    52.6
19551101 19551130    32.1
19551201 19551231   132.8
19560101 19560131    79.8
19560201 19560229   210.6
19560301 19560331   260.5
19560401 19560430    39.8
19560501 19560531    61.5
19560601 19560630    59.7
19560701 19560731    54.4
19560801 19560831     8.1
19560901 19560930     5.9
19561001 19561031    63.6
19561101 19561130    44.8
19561201 19561231   252.3
19570101 19570131    29.8
19570201 19570228     7.9
19570301 19570331    11.7
19570401 19570430     1.3
19570501 19570531     0.0
19570601 19570630    18.5
19570701 19570731    49.9
19570801 19570831    26.4
19570901 19570930     0.0
19571001 19571031    22.7
19571101 19571130    34.8
19571201 19571231    29.7
19580101 19580131    80.3
19580201 19580228   207.0
19580301 19580331   121.4
19580401 19580430    44.6
19580501 19580531     2.9
19580601 19580630   152.3
19580701 19580731     4.3
19580801 19580831    39.9
19580901 19580930    38.3
19581001 19581031    76.1
19581101 19581130     2.1
19581201 19581231   106.3
19590101 19590131   307.4
19590201 19590228    97.6
19590301 19590331    74.5
19590401 19590430    12.3
19590501 19590531    46.7
19590601 19590630     0.8
19590701 19590731    54.8
19590801 19590831     7.1
19590901 19590930    28.5
19591001 19591031    68.5
19591101 19591130   120.0
19591201 19591231   188.3
19600101 19600131    94.3
19600201 19600229   129.2
19600301 19600331    60.0
19600401 19600430    27.4
19600501 19600531    41.6
19600601 19600630    13.5
19600701 19600731    11.0
19600801 19600831     8.6
19600901 19600930    10.4
19601001 19601031    85.6
19601101 19601130    30.0
19601201 19601231    64.0
19610101 19610131    91.3
19610201 19610228   148.5
19610301 19610331    19.8
19610401 19610430    19.9
19610501 19610531    11.9
19610601 19610630     5.1
19610701 19610731    43.2
19610801 19610831    14.3
19610901 19610930    17.7
19611001 19611031    85.1
19611101 19611130   160.3
19611201 19611231   112.2
19620101 19620131    77.4
19620201 19620228    82.3
19620301 19620331   119.4
19620401 19620430    34.9
19620501 19620531    24.4
19620601 19620630    27.0
19620701 19620731    29.0
19620801 19620831    16.1
19620901 19620930    42.9
19621001 19621031    16.0
19621101 19621130    37.3
19621201 19621231   123.1
19630101 19630131    52.4
19630201 19630228    27.5
19630301 19630331    88.0
19630401 19630430    18.4
19630501 19630531    27.7
19630601 19630630    28.7
19630701 19630731     1.3
19630801 19630831    34.0
19630901 19630930    36.3
19631001 19631031    11.7
19631101 19631130    20.6
19631201 19631231    71.7
19640101 19640131    59.9
19640201 19640229   146.9
19640301 19640331    41.1
19640401 19640430    28.5
19640501 19640531    36.2
19640601 19640630    31.6
19640701 19640731    75.2
19640801 19640831    22.8
19640901 19640930    78.3
19641001 19641031    82.0
19641101 19641130    60.9
19641201 19641231    80.2
19650101 19650131   114.0
19650201 19650228     0.8
19650301 19650331     9.7
19650401 19650430    45.6
19650501 19650531    24.8
19650601 19650630    71.2
19650701 19650731    14.0
19650801 19650831    20.8
19650901 19650930    34.2
19651001 19651031    23.6
19651101 19651130    58.9
19651201 19651231    77.5
19660101 19660131    95.8
19660201 19660228    81.3
19660301 19660331   199.3
19660401 19660430    73.8
19660501 19660531     5.8
19660601 19660630    50.6
19660701 19660731    26.2
19660801 19660831    76.5
19660901 19660930    60.2
19661001 19661031    63.3
19661101 19661130    61.5
19661201 19661231    86.4
19670101 19670131    91.2
19670201 19670228    93.8
19670301 19670331    61.0
19670401 19670430     2.0
19670501 19670531    33.9
19670601 19670630   130.7
19670701 19670731    47.0
19670801 19670831    23.9
19670901 19670930     8.9
19671001 19671031    43.5
19671101 19671130    75.8
19671201 19671231    70.2
19680101 19680131   433.2
19680201 19680229    89.8
19680301 19680331    61.8
19680401 19680430    24.9
19680501 19680531    68.4
19680601 19680630     0.0
19680701 19680731    30.5
19680801 19680831    45.7
19680901 19680930     6.5
19681001 19681031     0.0
19681101 19681130    81.6
19681201 19681231    62.2
19690101 19690131    11.8
19690201 19690228    42.8
19690301 19690331    15.3
19690401 19690430     0.8
19690501 19690531    32.0
19690601 19690630    12.7
19690701 19690731     8.6
19690801 19690831    27.9
19690901 19690930     6.4
19691001 19691031    93.6
19691101 19691130   118.4
19691201 19691231   106.7
19700101 19700131   114.4
19700201 19700228   132.7
19700301 19700331    68.1
19700401 19700430     4.1
19700501 19700531     4.8
19700601 19700630    37.1
19700701 19700731     2.8
19700801 19700831     3.3
19700901 19700930    49.7
19701001 19701031    66.6
19701101 19701130   113.4
19701201 19701231   256.1
19710101 19710131   260.9
19710201 19710228   296.4
19710301 19710331     7.4
19710401 19710430     2.2
19710501 19710531     0.0
19710601 19710630    39.9
19710701 19710731     9.7
19710801 19710831   104.2
19710901 19710930    42.7
19711001 19711031    62.4
19711101 19711130    35.6
19711201 19711231    85.1
19720101 19720131   132.1
19720201 19720229   112.0
19720301 19720331    91.2
19720401 19720430    87.6
19720501 19720531    32.9
19720601 19720630    33.3
19720701 19720731     0.8
19720801 19720831    39.9
19720901 19720930    21.1
19721001 19721031   127.6
19721101 19721130   140.3
19721201 19721231    32.3
19730101 19730131   159.6
19730201 19730228   173.7
19730301 19730331    40.1
19730401 19730430     7.5
19730501 19730531     6.6
19730601 19730630    51.3
19730701 19730731   137.5
19730801 19730831    32.6
19730901 19730930    57.5
19731001 19731031    21.6
19731101 19731130    36.1
19731201 19731231   220.8
19740101 19740131   224.9
19740201 19740228    22.4
19740301 19740331    35.7
19740401 19740430    33.3
19740501 19740531    24.8
19740601 19740630     3.6
19740701 19740731     8.6
19740801 19740831    40.3
19740901 19740930    68.5
19741001 19741031    70.0
19741101 19741130    96.0
19741201 19741231    18.3
19750101 19750131   136.8
19750201 19750228   114.4
19750301 19750331    39.2
19750401 19750430    31.2
19750501 19750531     0.0
19750601 19750630    35.0
19750701 19750731    27.8
19750801 19750831    53.4
19750901 19750930    12.0
19751001 19751031   102.6
19751101 19751130    36.7
19751201 19751231    77.1
19760101 19760131   197.2
19760201 19760229   136.0
19760301 19760331   115.9
19760401 19760430    38.2
19760501 19760531     9.6
19760601 19760630     5.9
19760701 19760731    30.0
19760801 19760831     8.2
19760901 19760930    55.9
19761001 19761031    83.6
19761101 19761130   227.7
19761201 19761231    54.4
19770101 19770131    18.2
19770201 19770228   146.6
19770301 19770331    69.4
19770401 19770430    22.6
19770501 19770531    83.3
19770601 19770630     5.4
19770701 19770731     0.8
19770801 19770831     2.4
19770901 19770930     2.6
19771001 19771031     3.2
19771101 19771130   109.4
19771201 19771231    30.6
19780101 19780131   151.5
19780201 19780228    39.4
19780301 19780331    13.0
19780401 19780430    50.0
19780501 19780531    35.2
19780601 19780630    24.2
19780701 19780731    95.6
19780801 19780831    82.8
19780901 19780930    75.0
19781001 19781031     4.8
19781101 19781130   122.1
19781201 19781231   129.0
19790101 19790131    86.0
19790201 19790228    52.0
19790301 19790331    37.6
19790401 19790430    75.4
19790501 19790531     4.0
19790601 19790630    40.4
19790701 19790731     4.4
19790801 19790831     8.8
19790901 19790930     7.0
19791001 19791031   111.2
19791101 19791130   123.0
19791201 19791231    84.4
19800101 19800131   110.7
19800201 19800229    30.1
19800301 19800331    61.2
19800401 19800430     9.2
19800501 19800531    83.2
19800601 19800630     1.7
19800701 19800731    22.0
19800801 19800831     4.4
19800901 19800930     0.0
19801001 19801031    79.4
19801101 19801130    18.7
19801201 19801231   173.5
19810101 19810131    87.2
19810201 19810228   194.7
19810301 19810331    42.2
19810401 19810430    80.0
19810501 19810531    41.6
19810601 19810630    57.5
19810701 19810731    54.1
19810801 19810831    12.2
19810901 19810930     0.6
19811001 19811031    13.4
19811101 19811130   103.4
19811201 19811231   140.0
19820101 19820131   109.2
19820201 19820228    97.8
19820301 19820331    68.4
19820401 19820430     9.8
19820501 19820531    24.6
19820601 19820630     0.2
19820701 19820731    19.0
19820801 19820831     6.0
19820901 19820930    27.4
19821001 19821031    44.6
19821101 19821130     1.7
19821201 19821231   104.2
19830101 19830131    59.4
19830201 19830228     0.0
19830301 19830331    62.9
19830401 19830430   165.6
19830501 19830531   210.6
19830601 19830630    59.0
19830701 19830731     3.8
19830801 19830831    43.6
19830901 19830930     5.8
19831001 19831031   123.6
19831101 19831130   104.0
19831201 19831231    15.6
19840101 19840131   128.2
19840201 19840229    52.0
19840301 19840331    46.6
19840401 19840430    47.6
19840501 19840531     5.4
19840601 19840630     5.7
19840701 19840731   113.2
19840801 19840831     8.8
19840901 19840930    60.6
19841001 19841031   106.7
19841101 19841130    61.7
19841201 19841231   108.4
19850101 19850131    73.3
19850201 19850228    11.1
19850301 19850331    77.2
19850401 19850430    42.2
19850501 19850531    22.2
19850601 19850630    71.2
19850701 19850731    34.0
19850801 19850831    31.4
19850901 19850930    34.6
19851001 19851031    61.4
19851101 19851130    65.4
19851201 19851231   249.4
19860101 19860131   122.8
19860201 19860228    97.0
19860301 19860331    20.0
19860401 19860430    15.6
19860501 19860531    76.2
19860601 19860630     3.0
19860701 19860731    41.2
19860801 19860831    67.4
19860901 19860930    13.2
19861001 19861031    94.2
19861101 19861130    48.2
19861201 19861231   101.4
19870101 19870131   125.2
19870201 19870228    95.0
19870301 19870331    54.2
19870401 19870430     4.4
19870501 19870531    31.0
19870601 19870630    10.6
19870701 19870731    58.8
19870801 19870831    16.4
19870901 19870930     3.4
19871001 19871031   145.8
19871101 19871130    41.2
19871201 19871231    67.6
19880101 19880131    23.2
19880201 19880229    16.0
19880301 19880331    12.8
19880401 19880430    89.6
19880501 19880531    25.0
19880601 19880630    41.2
19880701 19880731    71.8
19880801 19880831    88.8
19880901 19880930    24.8
19881001 19881031    31.6
19881101 19881130    21.4
19881201 19881231   182.2
19890101 19890131    67.0
19890201 19890228    52.8
19890301 19890331    62.4
19890401 19890430    51.2
19890501 19890531    53.0
19890601 19890630    11.2
19890701 19890731    48.4
19890801 19890831    75.0
19890901 19890930     5.0
19891001 19891031    69.8
19891101 19891130   101.0
19891201 19891231    47.8
19900101 19900131    69.4
19900201 19900228    23.6
19900301 19900331    90.8
19900401 19900430   104.2
19900501 19900531   113.6
19900601 19900630    27.8
19900701 19900731    22.0
19900801 19900831     4.4
19900901 19900930    22.8
19901001 19901031    62.4
19901101 19901130    41.4
19901201 19901231    44.2
19910101 19910131    86.8
19910201 19910228   122.0
19910301 19910331    71.0
19910401 19910430     0.4
19910501 19910531    32.6
19910601 19910630    15.6
19910701 19910731    18.6
19910801 19910831     0.0
19910901 19910930     0.0
19911001 19911031    74.2
19911101 19911130    40.0
19911201 19911231   136.7
19920101 19920131    96.6
19920201 19920229   196.0
19920301 19920331   102.8
19920401 19920430    12.9
19920501 19920531   103.4
19920601 19920630     0.6
19920701 19920731    20.2
19920801 19920831    20.2
19920901 19920930    82.6
19921001 19921031     7.8
19921101 19921130    84.8
19921201 19921231   108.0
19930101 19930131   139.2
19930201 19930228    69.6
19930301 19930331    57.4
19930401 19930430     0.0
19930501 19930531    10.0
19930601 19930630    15.5
19930701 19930731    38.0
19930801 19930831    31.6
19930901 19930930    75.2
19931001 19931031    34.2
19931101 19931130    79.2
19931201 19931231    75.4
19940101 19940131    49.4
19940201 19940228   110.5
19940301 19940331   165.4
19940401 19940430    17.6
19940501 19940531     5.0
19940601 19940630    14.6
19940701 19940731    17.8
19940801 19940831     0.6
19940901 19940930     1.8
19941001 19941031    57.8
19941101 19941130    34.2
19941201 19941231   105.6
19950101 19950131    45.8
19950201 19950228    78.2
19950301 19950331    51.4
19950401 19950430    41.0
19950501 19950531    42.2
19950601 19950630     8.4
19950701 19950731     3.8
19950801 19950831     9.8
19950901 19950930    17.6
19951001 19951031    87.0
19951101 19951130   143.0
19951201 19951231   132.6
19960101 19960131   259.4
19960201 19960229    37.4
19960301 19960331    21.3
19960401 19960430    21.6
19960501 19960531   102.1
19960601 19960630    11.0
19960701 19960731    26.6
19960801 19960831    35.0
19960901 19960930    30.2
19961001 19961031    26.8
19961101 19961130    67.6
19961201 19961231   120.5
19970101 19970131    82.7
19970201 19970228    86.8
19970301 19970331    38.3
19970401 19970430     1.8
19970501 19970531    32.8
19970601 19970630     1.0
19970701 19970731    37.6
19970801 19970831     6.6
19970901 19970930    43.4
19971001 19971031    38.6
19971101 19971130   126.2
19971201 19971231    59.3
19980101 19980131   119.8
19980201 19980228   120.2
19980301 19980331     3.0
19980401 19980430   102.6
19980501 19980531    74.8
19980601 19980630    19.8
19980701 19980731    22.2
19980801 19980831    26.4
19980901 19980930   118.8
19981001 19981031    21.4
19981101 19981130   106.8
19981201 19981231    90.2
19990101 19990131    35.8
19990201 19990228    53.0
19990301 19990331    49.4
19990401 19990430     4.6
19990501 19990531    30.1
19990601 19990630    37.1
19990701 19990731    83.8
19990801 19990831    14.4
19990901 19990930    33.4
19991001 19991031   107.4
19991101 19991130   118.4
19991201 19991231    53.4
20000101 20000131    77.8
20000201 20000229    60.8
20000301 20000331    27.4
20000401 20000430    33.4
20000501 20000531    27.0
20000601 20000630    25.9
20000701 20000731     5.1
20000801 20000831     2.8
20000901 20000930     0.0
20001001 20001031   171.0
20001101 20001130    80.1
20001201 20001231    65.4
20010101 20010131     7.4
20010201 20010228   138.0
20010301 20010331   119.8
20010401 20010430    31.6
20010501 20010531    52.6
20010601 20010630     1.0
20010701 20010731    46.4
20010801 20010831     1.4
20010901 20010930    38.2
20011001 20011031    32.7
20011101 20011130   173.8
20011201 20011231    52.2
20020101 20020131    18.4
20020201 20020228   164.0
20020301 20020331    59.8
20020401 20020430     5.4
20020501 20020531    49.2
20020601 20020630    70.4
20020701 20020731     0.0
20020801 20020831    90.9
20020901 20020930     0.4
20021001 20021031    63.9
20021101 20021130    23.6
20021201 20021231    58.2
20030101 20030131     0.0
20030201 20030228   112.7
20030301 20030331    63.2
20030401 20030430    61.6
20030501 20030531    43.0
20030601 20030630    10.4
20030701 20030731    16.8
20030801 20030831    41.0
20030901 20030930     9.0
20031001 20031031    59.7
20031101 20031130    45.8
20031201 20031231   179.4
20040101 20040131   141.7
20040201 20040229    90.6
20040301 20040331   108.8
20040401 20040430    27.6
20040501 20040531    11.0
20040601 20040630     4.8
20040701 20040731     1.2
20040801 20040831     0.6
20040901 20040930    21.9
20041001 20041031    91.9
20041101 20041130    76.4
20041201 20041231   181.5
20050101 20050131    50.0
20050201 20050228    67.8
20050301 20050331    29.8
20050401 20050430     9.5
20050501 20050531    43.3
20050601 20050630    96.8
20050701 20050731     0.8
20050801 20050831    12.0
20050901 20050930     7.9
20051001 20051031   122.7
20051101 20051130   120.0
20051201 20051231    68.6
20060101 20060131    69.2
20060201 20060228     3.8
20060301 20060331     7.6
20060401 20060430     8.0
20060501 20060531     4.9
20060601 20060630    23.6
20060701 20060731    28.0
20060801 20060831    15.4
20060901 20060930    19.8
20061001 20061031     3.2
20061101 20061130    71.9
20061201 20061231    72.4
20070101 20070131    60.4
20070201 20070228    57.9
20070301 20070331    26.2
20070401 20070430    21.7
20070501 20070531    20.5
20070601 20070630   115.1
20070701 20070731     0.2
20070801 20070831    37.2
20070901 20070930    38.6
20071001 20071031   147.7
20071101 20071130    37.9
20071201 20071231    90.0
20080101 20080131    88.0
20080201 20080229   137.4
20080301 20080331    60.9
20080401 20080430     1.6
20080501 20080531    57.3
20080601 20080630    22.4
20080701 20080731   109.4
20080801 20080831     3.6
20080901 20080930    11.8
20081001 20081031    21.3
20081101 20081130    96.8
20081201 20081231    21.0
20090101 20090131   204.5
20090201 20090228    72.9
20090301 20090331    52.5
20090401 20090430    61.5
20090501 20090531    33.9
20090601 20090630    69.3
20090701 20090731     0.8
20090801 20090831    11.6
20090901 20090930    35.3
20091001 20091031    47.1
20091101 20091130    95.3
20091201 20091231   103.3
20100101 20100131    24.7
20100201 20100228   206.6
20100301 20100331   119.5
20100401 20100430     8.4
20100501 20100531    29.8
20100601 20100630     4.0
20100701 20100731    35.2
20100801 20100831    86.2
20100901 20100930   218.0
20101001 20101031    75.1
20101101 20101130    45.3
20101201 20101231   485.3
20110101 20110131   230.6
20110201 20110228    48.9
20110301 20110331    87.6
20110401 20110430    75.3
20110501 20110531    48.5
20110601 20110630    11.4
20110701 20110731    16.3
20110801 20110831    79.8
20110901 20110930    10.2
20111001 20111031    72.7
20111101 20111130    28.6
20111201 20111231   146.2
20120101 20120131    62.1
20120201 20120229    83.5
20120301 20120331    96.9
20120401 20120430    25.4
20120501 20120531    13.9
20120601 20120630    63.1
20120701 20120731    19.4
20120801 20120831     0.0
20120901 20120930    12.9
20121001 20121031    29.6
20121101 20121130    43.4
20121201 20121231    37.8
20130101 20130131   350.5
20130201 20130228   235.9
20130301 20130331   113.8
20130401 20130430    27.3
20130501 20130531    21.8
20130601 20130630    16.8
20130701 20130731    12.8
20130801 20130831 99999.9
20130901 20130930     6.2
20131001 20131031    31.0
20131101 20131130    62.6
20131201 20131231    46.9
20140101 20140131     2.6
20140201 20140228     9.0
20140301 20140331    77.9
20140401 20140430    25.1
20140501 20140531    22.8
20140601 20140630 99999.9
20140701 20140731 99999.9
20140801 20140831    29.8
20140901 20140930    20.5
20141001 20141031 99999.9
20141101 20141130    16.2
