PRCP       068034 18990701 20040630 missing_value=99999.9 POINT PERPENDICULAR LIGHTHOUSE COMPARISON 
18990701 18990731   166.7
18990801 18990831   340.7
18990901 18990930    71.8
18991001 18991031   199.3
18991101 18991130    88.3
18991201 18991231    54.6
19000101 19000131    79.7
19000201 19000228    45.9
19000301 19000331   193.4
19000401 19000430   421.2
19000501 19000531   428.0
19000601 19000630   192.1
19000701 19000731   301.2
19000801 19000831    34.0
19000901 19000930   152.6
19001001 19001031     9.6
19001101 19001130   216.1
19001201 19001231    37.3
19010101 19010131    80.9
19010201 19010228    38.4
19010301 19010331   145.2
19010401 19010430   314.8
19010501 19010531    34.1
19010601 19010630    77.5
19010701 19010731   177.1
19010801 19010831   348.1
19010901 19010930    78.5
19011001 19011031    88.5
19011101 19011130    38.8
19011201 19011231     0.0
19020101 19020131    97.7
19020201 19020228    52.8
19020301 19020331   172.8
19020401 19020430    54.2
19020501 19020531    68.1
19020601 19020630    64.7
19020701 19020731   204.9
19020801 19020831   205.5
19020901 19020930    22.8
19021001 19021031   160.6
19021101 19021130    34.5
19021201 19021231   155.2
19030101 19030131    23.9
19030201 19030228   111.4
19030301 19030331    65.9
19030401 19030430    34.3
19030501 19030531   269.7
19030601 19030630    52.1
19030701 19030731   184.4
19030801 19030831   236.5
19030901 19030930    89.2
19031001 19031031    80.7
19031101 19031130    62.9
19031201 19031231   172.5
19040101 19040131    88.3
19040201 19040229   124.6
19040301 19040331   147.1
19040401 19040430   255.1
19040501 19040531    53.0
19040601 19040630    23.6
19040701 19040731   237.7
19040801 19040831    38.1
19040901 19040930   121.2
19041001 19041031    71.6
19041101 19041130     9.7
19041201 19041231    28.3
19050101 19050131    38.4
19050201 19050228    44.1
19050301 19050331    57.8
19050401 19050430   123.0
19050501 19050531   191.3
19050601 19050630   117.0
19050701 19050731    23.8
19050801 19050831    47.0
19050901 19050930    29.4
19051001 19051031   116.0
19051101 19051130    30.6
19051201 19051231   126.0
19060101 19060131    24.5
19060201 19060228    19.3
19060301 19060331   182.3
19060401 19060430    45.2
19060501 19060531    43.0
19060601 19060630    33.7
19060701 19060731     5.6
19060801 19060831   112.8
19060901 19060930    74.1
19061001 19061031    33.5
19061101 19061130    29.9
19061201 19061231    38.9
19070101 19070131   129.2
19070201 19070228    41.7
19070301 19070331    61.0
19070401 19070430    70.9
19070501 19070531    77.2
19070601 19070630   235.4
19070701 19070731    35.2
19070801 19070831    26.7
19070901 19070930    23.4
19071001 19071031    13.9
19071101 19071130    82.5
19071201 19071231    29.8
19080101 19080131    41.9
19080201 19080229   187.5
19080301 19080331    56.4
19080401 19080430    99.1
19080501 19080531    71.8
19080601 19080630    56.2
19080701 19080731   173.6
19080801 19080831   189.0
19080901 19080930    79.5
19081001 19081031    48.6
19081101 19081130    25.2
19081201 19081231    40.7
19090101 19090131    73.8
19090201 19090228   202.8
19090301 19090331    21.1
19090401 19090430    13.9
19090501 19090531    54.3
19090601 19090630   120.8
19090701 19090731    88.5
19090801 19090831    54.6
19090901 19090930    92.6
19091001 19091031    40.6
19091101 19091130    13.3
19091201 19091231   137.0
19100101 19100131   116.3
19100201 19100228    22.0
19100301 19100331   139.3
19100401 19100430    22.8
19100501 19100531    38.3
19100601 19100630    62.4
19100701 19100731   121.1
19100801 19100831    39.4
19100901 19100930    38.7
19101001 19101031    71.4
19101101 19101130    80.3
19101201 19101231   129.6
19110101 19110131   321.6
19110201 19110228    41.9
19110301 19110331   197.3
19110401 19110430    36.9
19110501 19110531    94.7
19110601 19110630    21.1
19110701 19110731   129.9
19110801 19110831   175.4
19110901 19110930    43.6
19111001 19111031    27.4
19111101 19111130    82.3
19111201 19111231    80.9
19120101 19120131    44.8
19120201 19120229   102.5
19120301 19120331   120.9
19120401 19120430    53.5
19120501 19120531   134.6
19120601 19120630   135.1
19120701 19120731   252.6
19120801 19120831    43.6
19120901 19120930    23.2
19121001 19121031    13.1
19121101 19121130    52.8
19121201 19121231    43.8
19130101 19130131    15.0
19130201 19130228    17.8
19130301 19130331   104.4
19130401 19130430   118.3
19130501 19130531   385.1
19130601 19130630   235.1
19130701 19130731    43.9
19130801 19130831     4.8
19130901 19130930   116.9
19131001 19131031   104.0
19131101 19131130    28.1
19131201 19131231    13.6
19140101 19140131    37.9
19140201 19140228    19.1
19140301 19140331   572.3
19140401 19140430    71.9
19140501 19140531   139.0
19140601 19140630    62.8
19140701 19140731   267.0
19140801 19140831    78.6
19140901 19140930   133.8
19141001 19141031    55.7
19141101 19141130   110.1
19141201 19141231   218.9
19150101 19150131    99.6
19150201 19150228    42.0
19150301 19150331    96.2
19150401 19150430   269.8
19150501 19150531    87.1
19150601 19150630   143.9
19150701 19150731   153.4
19150801 19150831    35.3
19150901 19150930    82.5
19151001 19151031    55.8
19151101 19151130     3.8
19151201 19151231   110.5
19160101 19160131    31.5
19160201 19160229    81.4
19160301 19160331   105.5
19160401 19160430   104.1
19160501 19160531    41.7
19160601 19160630    71.9
19160701 19160731   106.8
19160801 19160831    45.0
19160901 19160930   213.7
19161001 19161031   275.8
19161101 19161130   138.1
19161201 19161231   222.0
19170101 19170131   115.9
19170201 19170228    70.3
19170301 19170331    73.7
19170401 19170430   167.9
19170501 19170531    83.3
19170601 19170630    98.6
19170701 19170731    13.3
19170801 19170831    29.6
19170901 19170930   169.8
19171001 19171031   111.9
19171101 19171130   233.1
19171201 19171231   129.7
19180101 19180131   378.6
19180201 19180228   118.2
19180301 19180331    31.9
19180401 19180430   345.3
19180501 19180531    20.6
19180601 19180630    15.5
19180701 19180731   483.8
19180801 19180831    86.0
19180901 19180930    77.9
19181001 19181031    25.8
19181101 19181130    41.3
19181201 19181231     2.0
19190101 19190131     3.8
19190201 19190228   275.2
19190301 19190331   114.6
19190401 19190430    53.5
19190501 19190531   315.8
19190601 19190630    38.1
19190701 19190731    60.7
19190801 19190831    48.1
19190901 19190930    80.7
19191001 19191031    61.9
19191101 19191130    61.2
19191201 19191231   234.3
19200101 19200131   172.2
19200201 19200229    17.8
19200301 19200331    94.2
19200401 19200430    61.8
19200501 19200531    14.9
19200601 19200630    25.1
19200701 19200731    61.0
19200801 19200831    46.3
19200901 19200930    81.4
19201001 19201031    20.9
19201101 19201130    54.3
19201201 19201231   260.6
19210101 19210131    68.8
19210201 19210228    68.3
19210301 19210331    70.5
19210401 19210430   316.7
19210501 19210531   382.7
19210601 19210630   125.7
19210701 19210731    84.6
19210801 19210831    26.2
19210901 19210930    37.7
19211001 19211031    23.5
19211101 19211130    36.5
19211201 19211231    99.5
19220101 19220131   107.3
19220201 19220228   165.0
19220301 19220331    15.7
19220401 19220430    87.2
19220501 19220531   151.8
19220601 19220630    52.9
19220701 19220731   200.9
19220801 19220831    71.6
19220901 19220930   128.9
19221001 19221031    91.8
19221101 19221130    10.2
19221201 19221231   122.7
19230101 19230131    76.7
19230201 19230228    54.2
19230301 19230331    77.1
19230401 19230430   123.5
19230501 19230531    27.1
19230601 19230630   153.4
19230701 19230731   162.6
19230801 19230831   130.6
19230901 19230930    84.8
19231001 19231031    51.2
19231101 19231130    30.0
19231201 19231231    84.5
19240101 19240131    91.4
19240201 19240229    60.6
19240301 19240331   133.8
19240401 19240430   131.6
19240501 19240531   170.9
19240601 19240630    76.5
19240701 19240731    98.0
19240801 19240831    19.6
19240901 19240930    41.0
19241001 19241031    45.4
19241101 19241130    93.5
19241201 19241231    71.6
19250101 19250131   122.8
19250201 19250228    62.8
19250301 19250331    80.4
19250401 19250430    25.5
19250501 19250531   515.9
19250601 19250630   219.2
19250701 19250731    74.8
19250801 19250831   116.5
19250901 19250930    17.7
19251001 19251031    35.8
19251101 19251130    83.8
19251201 19251231    16.2
19260101 19260131   126.0
19260201 19260228     7.1
19260301 19260331    88.7
19260401 19260430   116.4
19260501 19260531   199.5
19260601 19260630    82.9
19260701 19260731    75.2
19260801 19260831    54.6
19260901 19260930    79.8
19261001 19261031    14.0
19261101 19261130     5.1
19261201 19261231   108.6
19270101 19270131   112.0
19270201 19270228    26.1
19270301 19270331    66.5
19270401 19270430   189.7
19270501 19270531   107.5
19270601 19270630    88.4
19270701 19270731    49.1
19270801 19270831    15.5
19270901 19270930    71.8
19271001 19271031    54.1
19271101 19271130   100.1
19271201 19271231    56.6
19280101 19280131   116.8
19280201 19280229   162.4
19280301 19280331   276.4
19280401 19280430   130.5
19280501 19280531    49.1
19280601 19280630   272.3
19280701 19280731   145.4
19280801 19280831    47.2
19280901 19280930    35.5
19281001 19281031    44.4
19281101 19281130    19.3
19281201 19281231    23.8
19290101 19290131     4.8
19290201 19290228   380.2
19290301 19290331    63.4
19290401 19290430   150.5
19290501 19290531   253.1
19290601 19290630    38.2
19290701 19290731    68.9
19290801 19290831    99.3
19290901 19290930    47.7
19291001 19291031    89.9
19291101 19291130   105.2
19291201 19291231    62.7
19300101 19300131    52.7
19300201 19300228    26.2
19300301 19300331    66.6
19300401 19300430   126.7
19300501 19300531    87.3
19300601 19300630   153.5
19300701 19300731    60.2
19300801 19300831    56.1
19300901 19300930    15.2
19301001 19301031    80.2
19301101 19301130    31.9
19301201 19301231   107.9
19310101 19310131    51.4
19310201 19310228    46.2
19310301 19310331   102.7
19310401 19310430   101.9
19310501 19310531    76.9
19310601 19310630    77.4
19310701 19310731   323.0
19310801 19310831    20.6
19310901 19310930   133.3
19311001 19311031    41.5
19311101 19311130   118.1
19311201 19311231    87.1
19320101 19320131     4.3
19320201 19320229    50.6
19320301 19320331   105.2
19320401 19320430   129.8
19320501 19320531    52.2
19320601 19320630    36.2
19320701 19320731    66.8
19320801 19320831   144.5
19320901 19320930   112.5
19321001 19321031    61.9
19321101 19321130    40.7
19321201 19321231   131.8
19330101 19330131   188.7
19330201 19330228    22.5
19330301 19330331    66.6
19330401 19330430    77.2
19330501 19330531    54.4
19330601 19330630    33.4
19330701 19330731    89.3
19330801 19330831    24.1
19330901 19330930    50.7
19331001 19331031    54.3
19331101 19331130    95.4
19331201 19331231    76.5
19340101 19340131   377.1
19340201 19340228   215.5
19340301 19340331    61.4
19340401 19340430   350.6
19340501 19340531   147.1
19340601 19340630   334.5
19340701 19340731   194.1
19340801 19340831   159.9
19340901 19340930   136.6
19341001 19341031    91.0
19341101 19341130    95.1
19341201 19341231    87.2
19350101 19350131    88.1
19350201 19350228   106.5
19350301 19350331    69.8
19350401 19350430    88.7
19350501 19350531    82.4
19350601 19350630   132.2
19350701 19350731    53.3
19350801 19350831    10.7
19350901 19350930    57.8
19351001 19351031    74.1
19351101 19351130    81.1
19351201 19351231   112.5
19360101 19360131    49.8
19360201 19360229   131.0
19360301 19360331   153.4
19360401 19360430    63.4
19360501 19360531    60.7
19360601 19360630   113.1
19360701 19360731    62.7
19360801 19360831    48.9
19360901 19360930    52.1
19361001 19361031    21.1
19361101 19361130    20.3
19361201 19361231   154.8
19370101 19370131    91.7
19370201 19370228    43.5
19370301 19370331   162.2
19370401 19370430    94.2
19370501 19370531    13.3
19370601 19370630   365.0
19370701 19370731    79.5
19370801 19370831   104.0
19370901 19370930    23.4
19371001 19371031    67.5
19371101 19371130    76.0
19371201 19371231    54.5
19380101 19380131   104.7
19380201 19380228    53.0
19380301 19380331    66.0
19380401 19380430    46.1
19380501 19380531    73.1
19380601 19380630    12.1
19380701 19380731   116.3
19380801 19380831   218.9
19380901 19380930    33.2
19381001 19381031   115.1
19381101 19381130    41.8
19381201 19381231     7.7
19390101 19390131    52.8
19390201 19390228     6.4
19390301 19390331   149.6
19390401 19390430   153.5
19390501 19390531    49.8
19390601 19390630    20.4
19390701 19390731   105.0
19390801 19390831    96.9
19390901 19390930    63.6
19391001 19391031    81.8
19391101 19391130    53.8
19391201 19391231    31.5
19400101 19400131    23.8
19400201 19400229     4.9
19400301 19400331    10.6
19400401 19400430    79.1
19400501 19400531    89.6
19400601 19400630    56.2
19400701 19400731    44.0
19400801 19400831    14.2
19400901 19400930    86.3
19401001 19401031    11.3
19401101 19401130    68.5
19401201 19401231    97.4
19410101 19410131   134.9
19410201 19410228   105.0
19410301 19410331    32.7
19410401 19410430   106.5
19410501 19410531    42.1
19410601 19410630    46.9
19410701 19410731    42.8
19410801 19410831    90.9
19410901 19410930   113.3
19411001 19411031    59.0
19411101 19411130    64.8
19411201 19411231     8.1
19420101 19420131     6.7
19420201 19420228    56.5
19420301 19420331   109.5
19420401 19420430    34.4
19420501 19420531    59.1
19420601 19420630   113.3
19420701 19420731    65.4
19420801 19420831    23.8
19420901 19420930    11.4
19421001 19421031   109.7
19421101 19421130   128.0
19421201 19421231    56.8
19430101 19430131    49.8
19430201 19430228    21.8
19430301 19430331    51.5
19430401 19430430    42.4
19430501 19430531   468.7
19430601 19430630    46.2
19430701 19430731    10.1
19430801 19430831   121.7
19430901 19430930    76.3
19431001 19431031   183.9
19431101 19431130   112.3
19431201 19431231    83.1
19440101 19440131    15.9
19440201 19440229    12.5
19440301 19440331    16.4
19440401 19440430   105.2
19440501 19440531   158.2
19440601 19440630    55.3
19440701 19440731    49.4
19440801 19440831   132.6
19440901 19440930    18.9
19441001 19441031    30.3
19441101 19441130    31.9
19441201 19441231    29.8
19450101 19450131   123.3
19450201 19450228    73.4
19450301 19450331    38.7
19450401 19450430   300.3
19450501 19450531    96.4
19450601 19450630   132.5
19450701 19450731    72.7
19450801 19450831    24.5
19450901 19450930    19.6
19451001 19451031    30.6
19451101 19451130    49.4
19451201 19451231    39.8
19460101 19460131    32.7
19460201 19460228    87.8
19460301 19460331    89.6
19460401 19460430    94.8
19460501 19460531    28.5
19460601 19460630   156.8
19460701 19460731     3.6
19460801 19460831     5.0
19460901 19460930    37.3
19461001 19461031    56.9
19461101 19461130    77.6
19461201 19461231    16.0
19470101 19470131    41.6
19470201 19470228    61.5
19470301 19470331    39.4
19470401 19470430   162.6
19470501 19470531   103.1
19470601 19470630   106.5
19470701 19470731    18.6
19470801 19470831   106.2
19470901 19470930    23.1
19471001 19471031    66.6
19471101 19471130   140.7
19471201 19471231   175.5
19480101 19480131   245.9
19480201 19480229    54.0
19480301 19480331    48.2
19480401 19480430    70.1
19480501 19480531   137.7
19480601 19480630   134.4
19480701 19480731    49.3
19480801 19480831    40.7
19480901 19480930    32.1
19481001 19481031    60.1
19481101 19481130    53.6
19481201 19481231    61.8
19490101 19490131   185.5
19490201 19490228   137.9
19490301 19490331    98.8
19490401 19490430    63.9
19490501 19490531   111.2
19490601 19490630   221.1
19490701 19490731    74.4
19490801 19490831    27.4
19490901 19490930   222.8
19491001 19491031    76.3
19491101 19491130   135.5
19491201 19491231    35.2
19500101 19500131   157.5
19500201 19500228   183.3
19500301 19500331   243.4
19500401 19500430   301.7
19500501 19500531   204.0
19500601 19500630   352.5
19500701 19500731   249.8
19500801 19500831    76.2
19500901 19500930   102.0
19501001 19501031   158.3
19501101 19501130   109.4
19501201 19501231    32.4
19510101 19510131   111.9
19510201 19510228    92.7
19510301 19510331   112.3
19510401 19510430    59.2
19510501 19510531   184.3
19510601 19510630   367.3
19510701 19510731   162.9
19510801 19510831    90.7
19510901 19510930   211.6
19511001 19511031    76.6
19511101 19511130    35.3
19511201 19511231    32.6
19520101 19520131    41.6
19520201 19520229    24.5
19520301 19520331   131.4
19520401 19520430   451.8
19520501 19520531    59.9
19520601 19520630   299.6
19520701 19520731    68.9
19520801 19520831   436.9
19520901 19520930    12.4
19521001 19521031   234.7
19521101 19521130    76.1
19521201 19521231    83.7
19530101 19530131    61.7
19530201 19530228    41.1
19530301 19530331   162.0
19530401 19530430    20.0
19530501 19530531   284.3
19530601 19530630    23.7
19530701 19530731    75.7
19530801 19530831   101.3
19530901 19530930    39.6
19531001 19531031   107.1
19531101 19531130    45.8
19531201 19531231    34.6
19540101 19540131    50.7
19540201 19540228   254.8
19540301 19540331    24.2
19540401 19540430    52.2
19540501 19540531    31.6
19540601 19540630    76.5
19540701 19540731    42.7
19540801 19540831   108.1
19540901 19540930    74.6
19541001 19541031   109.2
19541101 19541130    72.7
19541201 19541231   102.8
19550101 19550131   232.5
19550201 19550228   190.9
19550301 19550331   151.1
19550401 19550430    39.8
19550501 19550531   242.4
19550601 19550630   160.8
19550701 19550731   113.1
19550801 19550831    19.5
19550901 19550930    22.9
19551001 19551031    42.9
19551101 19551130    73.9
19551201 19551231   130.3
19560101 19560131    74.4
19560201 19560229   270.5
19560301 19560331   310.6
19560401 19560430    74.3
19560501 19560531   346.0
19560601 19560630   213.6
19560701 19560731   120.6
19560801 19560831    58.3
19560901 19560930    50.4
19561001 19561031   153.3
19561101 19561130    43.0
19561201 19561231    36.2
19570101 19570131    18.3
19570201 19570228   100.5
19570301 19570331    27.4
19570401 19570430     0.8
19570501 19570531     5.8
19570601 19570630    42.4
19570701 19570731   309.4
19570801 19570831   151.9
19570901 19570930    26.6
19571001 19571031     8.6
19571101 19571130    25.7
19571201 19571231    64.6
19580101 19580131    78.9
19580201 19580228   426.7
19580301 19580331   203.7
19580401 19580430   283.4
19580501 19580531    18.8
19580601 19580630   235.1
19580701 19580731    52.9
19580801 19580831   112.8
19580901 19580930    40.6
19581001 19581031    54.1
19581101 19581130    21.5
19581201 19581231   176.7
19590101 19590131    97.9
19590201 19590228   166.9
19590301 19590331   440.1
19590401 19590430    42.9
19590501 19590531   116.4
19590601 19590630   241.5
19590701 19590731   198.5
19590801 19590831    20.6
19590901 19590930   106.2
19591001 19591031   539.8
19591101 19591130    69.7
19591201 19591231    96.5
19600101 19600131    88.1
19600201 19600229    60.3
19600301 19600331   197.5
19600401 19600430    73.5
19600501 19600531    56.6
19600601 19600630   202.9
19600701 19600731   109.7
19600801 19600831   217.1
19600901 19600930   153.9
19601001 19601031   215.8
19601101 19601130    68.5
19601201 19601231   197.2
19610101 19610131    71.0
19610201 19610228   135.3
19610301 19610331   540.4
19610401 19610430   123.9
19610501 19610531    65.9
19610601 19610630    92.7
19610701 19610731   193.6
19610801 19610831   272.8
19610901 19610930    87.7
19611001 19611031    55.4
19611101 19611130   667.1
19611201 19611231   187.8
19620101 19620131   184.4
19620201 19620228    86.2
19620301 19620331    28.7
19620401 19620430    85.6
19620501 19620531   183.8
19620601 19620630     5.4
19620701 19620731    43.4
19620801 19620831   194.1
19620901 19620930   141.8
19621001 19621031    65.2
19621101 19621130    46.8
19621201 19621231   208.4
19630101 19630131   162.6
19630201 19630228    96.3
19630301 19630331   254.5
19630401 19630430   265.7
19630501 19630531   275.5
19630601 19630630   420.6
19630701 19630731   212.6
19630801 19630831   174.2
19630901 19630930    70.8
19631001 19631031    71.2
19631101 19631130    41.0
19631201 19631231   153.7
19640101 19640131    77.8
19640201 19640229    21.7
19640301 19640331    53.5
19640401 19640430   280.2
19640501 19640531    91.2
19640601 19640630   194.7
19640701 19640731    15.8
19640801 19640831    64.1
19640901 19640930    56.6
19641001 19641031    97.8
19641101 19641130   126.5
19641201 19641231    64.7
19650101 19650131    53.9
19650201 19650228    34.1
19650301 19650331    12.3
19650401 19650430   176.8
19650501 19650531   148.1
19650601 19650630    89.9
19650701 19650731    48.7
19650801 19650831    29.1
19650901 19650930    55.0
19651001 19651031   187.7
19651101 19651130    27.4
19651201 19651231    54.5
19660101 19660131    51.3
19660201 19660228   166.3
19660301 19660331   182.5
19660401 19660430    43.5
19660501 19660531    32.7
19660601 19660630   184.8
19660701 19660731    73.7
19660801 19660831   119.0
19660901 19660930    45.7
19661001 19661031   153.0
19661101 19661130   199.1
19661201 19661231    86.5
19670101 19670131   105.9
19670201 19670228    22.1
19670301 19670331    65.2
19670401 19670430    21.4
19670501 19670531    66.9
19670601 19670630   105.6
19670701 19670731    84.0
19670801 19670831    81.3
19670901 19670930   137.8
19671001 19671031    60.7
19671101 19671130    86.4
19671201 19671231    11.7
19680101 19680131    74.9
19680201 19680229     4.8
19680301 19680331    99.2
19680401 19680430    28.8
19680501 19680531   152.0
19680601 19680630    10.4
19680701 19680731    41.2
19680801 19680831    27.9
19680901 19680930    13.7
19681001 19681031    11.2
19681101 19681130    24.4
19681201 19681231   118.7
19690101 19690131    29.9
19690201 19690228   148.8
19690301 19690331    71.4
19690401 19690430   266.8
19690501 19690531   197.7
19690601 19690630   307.9
19690701 19690731   109.9
19690801 19690831   107.6
19690901 19690930    98.0
19691001 19691031   144.0
19691101 19691130   201.7
19691201 19691231    44.3
19700101 19700131   192.6
19700201 19700228    60.6
19700301 19700331   111.8
19700401 19700430    68.6
19700501 19700531    41.0
19700601 19700630    56.1
19700701 19700731     0.6
19700801 19700831    48.0
19700901 19700930   108.7
19701001 19701031    54.9
19701101 19701130    60.1
19701201 19701231   222.3
19710101 19710131    69.7
19710201 19710228   302.4
19710301 19710331    51.0
19710401 19710430    41.4
19710501 19710531    35.6
19710601 19710630    30.2
19710701 19710731    34.2
19710801 19710831    77.6
19710901 19710930    23.3
19711001 19711031    42.4
19711101 19711130    44.7
19711201 19711231    93.0
19720101 19720131   277.1
19720201 19720229    92.1
19720301 19720331    84.7
19720401 19720430    48.6
19720501 19720531    63.9
19720601 19720630   152.2
19720701 19720731     5.1
19720801 19720831    96.6
19720901 19720930     2.6
19721001 19721031    66.2
19721101 19721130    81.6
19721201 19721231    13.0
19730101 19730131    74.6
19730201 19730228   186.1
19730301 19730331    92.4
19730401 19730430   321.3
19730501 19730531    71.1
19730601 19730630   165.5
19730701 19730731    81.2
19730801 19730831   126.9
19730901 19730930    31.1
19731001 19731031   183.0
19731101 19731130   154.1
19731201 19731231    94.7
19740101 19740131   115.4
19740201 19740228   140.4
19740301 19740331   352.3
19740401 19740430   488.3
19740501 19740531   290.9
19740601 19740630   344.0
19740701 19740731   132.4
19740801 19740831   234.3
19740901 19740930    60.4
19741001 19741031   105.8
19741101 19741130    80.6
19741201 19741231     8.0
19750101 19750131    55.3
19750201 19750228   218.2
19750301 19750331   342.6
19750401 19750430   196.6
19750501 19750531    15.6
19750601 19750630   291.7
19750701 19750731    42.1
19750801 19750831    20.9
19750901 19750930    95.3
19751001 19751031   133.8
19751101 19751130   151.7
19751201 19751231    27.5
19760101 19760131   256.0
19760201 19760229   118.3
19760301 19760331   440.4
19760401 19760430    50.5
19760501 19760531    33.9
19760601 19760630   245.8
19760701 19760731   202.0
19760801 19760831    83.1
19760901 19760930   329.2
19761001 19761031   421.8
19761101 19761130    92.2
19761201 19761231    33.2
19770101 19770131    35.2
19770201 19770228   285.5
19770301 19770331   126.4
19770401 19770430    70.7
19770501 19770531   113.3
19770601 19770630   109.5
19770701 19770731    45.8
19770801 19770831     1.8
19770901 19770930   186.6
19771001 19771031    60.6
19771101 19771130    25.1
19771201 19771231    28.8
19780101 19780131   183.9
19780201 19780228    35.8
19780301 19780331   210.3
19780401 19780430   123.4
19780501 19780531   144.8
19780601 19780630   315.8
19780701 19780731    48.6
19780801 19780831    36.2
19780901 19780930   133.8
19781001 19781031    85.2
19781101 19781130   144.0
19781201 19781231    91.0
19790101 19790131    28.4
19790201 19790228     2.0
19790301 19790331   186.3
19790401 19790430    46.6
19790501 19790531   200.2
19790601 19790630    36.2
19790701 19790731   105.4
19790801 19790831    38.8
19790901 19790930     7.0
19791001 19791031    96.4
19791101 19791130    61.5
19791201 19791231     5.8
19800101 19800131    87.2
19800201 19800229    73.6
19800301 19800331   126.4
19800401 19800430    11.6
19800501 19800531   116.4
19800601 19800630   142.0
19800701 19800731    35.4
19800801 19800831     3.6
19800901 19800930     8.8
19801001 19801031    23.8
19801101 19801130    17.4
19801201 19801231    53.6
19810101 19810131    66.4
19810201 19810228   168.7
19810301 19810331    22.6
19810401 19810430    61.6
19810501 19810531   208.1
19810601 19810630   106.6
19810701 19810731    44.6
19810801 19810831    24.0
19810901 19810930    18.8
19811001 19811031   100.2
19811101 19811130   112.8
19811201 19811231   165.5
19820101 19820131    52.8
19820201 19820228    18.2
19820301 19820331   104.5
19820401 19820430    62.1
19820501 19820531     2.0
19820601 19820630   144.6
19820701 19820731   116.2
19820801 19820831     6.4
19820901 19820930   156.2
19821001 19821031    54.2
19821101 19821130    29.8
19821201 19821231    23.1
19830101 19830131    28.4
19830201 19830228    32.0
19830301 19830331   115.8
19830401 19830430   188.7
19830501 19830531   255.2
19830601 19830630    58.8
19830701 19830731    64.6
19830801 19830831    34.4
19830901 19830930    21.4
19831001 19831031   202.8
19831101 19831130   116.2
19831201 19831231    72.9
19840101 19840131   233.0
19840201 19840229   219.5
19840301 19840331   174.5
19840401 19840430   135.3
19840501 19840531   106.8
19840601 19840630    74.4
19840701 19840731   229.2
19840801 19840831    32.8
19840901 19840930    41.0
19841001 19841031    36.4
19841101 19841130   189.4
19841201 19841231    79.6
19850101 19850131    20.4
19850201 19850228    36.0
19850301 19850331   117.6
19850401 19850430   156.0
19850501 19850531   214.8
19850601 19850630   131.0
19850701 19850731   108.6
19850801 19850831    31.8
19850901 19850930   265.6
19851001 19851031   105.0
19851101 19851130   132.0
19851201 19851231   198.0
19860101 19860131   228.8
19860201 19860228    50.1
19860301 19860331    70.0
19860401 19860430    73.8
19860501 19860531    36.7
19860601 19860630    55.8
19860701 19860731    31.6
19860801 19860831    80.8
19860901 19860930    86.4
19861001 19861031   100.2
19861101 19861130   184.8
19861201 19861231    61.2
19870101 19870131    85.8
19870201 19870228    50.5
19870301 19870331    72.6
19870401 19870430    56.2
19870501 19870531    92.6
19870601 19870630    31.4
19870701 19870731   203.8
19870801 19870831   261.4
19870901 19870930    27.4
19871001 19871031    98.6
19871101 19871130    62.0
19871201 19871231    79.4
19880101 19880131    58.8
19880201 19880229    29.2
19880301 19880331    16.2
19880401 19880430   314.4
19880501 19880531   133.0
19880601 19880630   122.4
19880701 19880731    76.6
19880801 19880831    57.6
19880901 19880930    81.8
19881001 19881031     2.4
19881101 19881130   166.6
19881201 19881231    78.0
19890101 19890131   192.0
19890201 19890228    82.6
19890301 19890331   219.8
19890401 19890430   566.0
19890501 19890531   321.0
19890601 19890630   315.4
19890701 19890731    53.6
19890801 19890831    46.6
19890901 19890930    37.6
19891001 19891031    31.8
19891101 19891130   118.8
19891201 19891231   117.8
19900101 19900131    42.4
19900201 19900228   355.0
19900301 19900331    87.0
19900401 19900430   319.8
19900501 19900531   225.0
19900601 19900630    83.6
19900701 19900731    54.0
19900801 19900831   211.0
19900901 19900930   203.5
19901001 19901031    41.4
19901101 19901130    29.0
19901201 19901231    83.6
19910101 19910131    44.8
19910201 19910228    49.8
19910301 19910331    19.8
19910401 19910430    45.8
19910501 19910531   124.4
19910601 19910630   422.6
19910701 19910731   196.6
19910801 19910831     6.0
19910901 19910930    12.4
19911001 19911031    12.6
19911101 19911130    42.0
19911201 19911231   112.0
19920101 19920131   113.2
19920201 19920229   204.0
19920301 19920331    92.0
19920401 19920430    84.2
19920501 19920531   183.4
19920601 19920630    77.6
19920701 19920731    38.6
19920801 19920831    75.0
19920901 19920930    63.4
19921001 19921031    76.6
19921101 19921130   159.8
19921201 19921231   121.2
19930101 19930131   108.0
19930201 19930228    73.0
19930301 19930331   150.8
19930401 19930430    27.6
19930501 19930531   131.0
19930601 19930630    35.0
19930701 19930731    85.0
19930801 19930831    89.6
19930901 19930930   141.6
19931001 19931031    88.6
19931101 19931130    48.0
19931201 19931231    49.4
19940101 19940131    25.0
19940201 19940228 99999.9
19940301 19940331    33.2
19940401 19940430   123.0
19940501 19940531   112.0
19940601 19940630   105.2
19940701 19940731    29.5
19940801 19940831    16.0
19940901 19940930    31.5
19941001 19941031    62.2
19941101 19941130    70.0
19941201 19941231    38.0
19950101 19950131   132.2
19950201 19950228    27.8
19950301 19950331   125.8
19950401 19950430    57.0
19950501 19950531   253.0
19950601 19950630    98.0
19950701 19950731    29.8
19950801 19950831     1.4
19950901 19950930   110.6
19951001 19951031   116.4
19951101 19951130   244.6
19951201 19951231    80.6
19960101 19960131    92.2
19960201 19960229    61.2
19960301 19960331    21.2
19960401 19960430    92.2
19960501 19960531   153.2
19960601 19960630   161.3
19960701 19960731    79.0
19960801 19960831    25.8
19960901 19960930    74.8
19961001 19961031    51.4
19961101 19961130    95.7
19961201 19961231    28.6
19970101 19970131   121.2
19970201 19970228    82.0
19970301 19970331   174.9
19970401 19970430     4.6
19970501 19970531   133.6
19970601 19970630   169.6
19970701 19970731   126.2
19970801 19970831    40.7
19970901 19970930   230.2
19971001 19971031    32.8
19971101 19971130    23.8
19971201 19971231    21.4
19980101 19980131    82.0
19980201 19980228    23.2
19980301 19980331    26.7
19980401 19980430   298.3
19980501 19980531   116.0
19980601 19980630   140.8
19980701 19980731   129.5
19980801 19980831   433.1
19980901 19980930   152.7
19981001 19981031    57.2
19981101 19981130    62.1
19981201 19981231    38.6
19990101 19990131   138.2
19990201 19990228    88.9
19990301 19990331   114.1
19990401 19990430   181.6
19990501 19990531    45.6
19990601 19990630    39.8
19990701 19990731   183.8
19990801 19990831    53.8
19990901 19990930    43.8
19991001 19991031   117.7
19991101 19991130   104.0
19991201 19991231   114.2
20000101 20000131    47.8
20000201 20000229    30.2
20000301 20000331   132.6
20000401 20000430    82.4
20000501 20000531    59.4
20000601 20000630    84.2
20000701 20000731    89.0
20000801 20000831    47.5
20000901 20000930    53.2
20001001 20001031    62.4
20001101 20001130   154.8
20001201 20001231    48.6
20010101 20010131    48.2
20010201 20010228    89.8
20010301 20010331    66.8
20010401 20010430    53.1
20010501 20010531   131.4
20010601 20010630    50.8
20010701 20010731   240.6
20010801 20010831   183.3
20010901 20010930    83.8
20011001 20011031    40.2
20011101 20011130    94.8
20011201 20011231    49.2
20020101 20020131   109.4
20020201 20020228   307.8
20020301 20020331   115.4
20020401 20020430    68.1
20020501 20020531   169.7
20020601 20020630    74.2
20020701 20020731     7.1
20020801 20020831    15.0
20020901 20020930    31.6
20021001 20021031     8.2
20021101 20021130    25.8
20021201 20021231    71.2
20030101 20030131    72.3
20030201 20030228    86.4
20030301 20030331    85.8
20030401 20030430   207.0
20030501 20030531   358.6
20030601 20030630    64.6
20030701 20030731   149.4
20030801 20030831    98.7
20030901 20030930    22.1
20031001 20031031    73.4
20031101 20031130    94.6
20031201 20031231    33.1
20040101 20040131   100.8
20040201 20040229    58.8
20040301 20040331    94.0
20040401 20040430   120.0
20040501 20040531    55.1
20040601 20040630    20.6
