PRCP       007053 19070101 20121231 missing_value=99999.9 MOUNT AUGUSTUS                            
19070101 19070131     0.0
19070201 19070228    19.0
19070301 19070331    24.6
19070401 19070430     0.0
19070501 19070531     2.5
19070601 19070630    21.0
19070701 19070731    33.0
19070801 19070831     0.0
19070901 19070930     0.0
19071001 19071031     0.0
19071101 19071130     0.0
19071201 19071231     0.0
19080101 19080131     9.4
19080201 19080229    13.4
19080301 19080331     0.0
19080401 19080430    62.6
19080501 19080531    36.0
19080601 19080630    70.7
19080701 19080731    26.4
19080801 19080831     4.3
19080901 19080930     0.0
19081001 19081031     0.0
19081101 19081130     0.0
19081201 19081231     0.0
19090101 19090131   240.8
19090201 19090228    65.5
19090301 19090331     0.0
19090401 19090430   101.0
19090501 19090531    28.4
19090601 19090630   125.8
19090701 19090731     8.1
19090801 19090831    10.7
19090901 19090930     0.0
19091001 19091031     0.0
19091101 19091130     0.0
19091201 19091231     8.6
19100101 19100131     8.6
19100201 19100228    38.6
19100301 19100331     0.0
19100401 19100430     0.0
19100501 19100531    24.9
19100601 19100630    34.3
19100701 19100731    36.3
19100801 19100831     0.0
19100901 19100930     0.0
19101001 19101031     0.0
19101101 19101130    23.1
19101201 19101231     0.0
19110101 19110131     9.2
19110201 19110228     8.4
19110301 19110331     8.6
19110401 19110430     0.0
19110501 19110531    76.2
19110601 19110630     3.8
19110701 19110731    13.2
19110801 19110831     1.5
19110901 19110930     0.0
19111001 19111031     0.0
19111101 19111130     0.0
19111201 19111231     2.5
19120101 19120131     9.6
19120201 19120229     4.3
19120301 19120331    40.1
19120401 19120430     7.6
19120501 19120531     0.0
19120601 19120630     0.0
19120701 19120731    24.2
19120801 19120831     0.0
19120901 19120930     0.0
19121001 19121031     2.0
19121101 19121130     0.0
19121201 19121231     9.2
19130101 19130131    52.7
19130201 19130228     0.0
19130301 19130331    17.0
19130401 19130430     0.0
19130501 19130531     0.0
19130601 19130630     4.3
19130701 19130731    11.7
19130801 19130831    10.2
19130901 19130930     5.1
19131001 19131031     0.0
19131101 19131130     0.0
19131201 19131231     0.0
19140101 19140131    27.7
19140201 19140228    38.1
19140301 19140331     2.2
19140401 19140430    23.4
19140501 19140531     0.2
19140601 19140630     0.1
19140701 19140731    21.0
19140801 19140831     1.0
19140901 19140930     0.3
19141001 19141031     0.2
19141101 19141130    24.2
19141201 19141231    26.2
19150101 19150131   166.2
19150201 19150228    43.8
19150301 19150331     0.0
19150401 19150430    12.7
19150501 19150531    15.2
19150601 19150630    25.4
19150701 19150731     1.3
19150801 19150831     0.0
19150901 19150930     0.0
19151001 19151031     0.0
19151101 19151130     0.0
19151201 19151231     2.5
19160101 19160131    24.1
19160201 19160229    10.2
19160301 19160331    58.4
19160401 19160430     0.0
19160501 19160531    24.6
19160601 19160630    98.0
19160701 19160731     0.0
19160801 19160831     0.0
19160901 19160930    10.7
19161001 19161031    36.3
19161101 19161130     0.0
19161201 19161231     0.0
19170101 19170131   235.8
19170201 19170228     0.0
19170301 19170331   132.3
19170401 19170430     0.0
19170501 19170531    23.1
19170601 19170630     9.9
19170701 19170731     0.0
19170801 19170831     0.0
19170901 19170930     0.0
19171001 19171031     0.0
19171101 19171130     0.0
19171201 19171231     0.0
19180101 19180131    10.2
19180201 19180228   200.7
19180301 19180331     0.0
19180401 19180430     8.9
19180501 19180531    20.3
19180601 19180630    26.4
19180701 19180731     5.6
19180801 19180831     7.6
19180901 19180930     0.0
19181001 19181031     0.0
19181101 19181130     0.0
19181201 19181231     3.3
19190101 19190131    12.7
19190201 19190228     0.0
19190301 19190331     0.0
19190401 19190430     0.0
19190501 19190531     7.9
19190601 19190630    10.2
19190701 19190731     0.0
19190801 19190831    26.9
19190901 19190930     0.0
19191001 19191031     0.0
19191101 19191130    10.0
19191201 19191231    10.2
19200101 19200131     4.3
19200201 19200229     9.4
19200301 19200331    49.5
19200401 19200430    26.1
19200501 19200531     2.5
19200601 19200630    27.2
19200701 19200731    17.5
19200801 19200831    13.7
19200901 19200930    13.7
19201001 19201031     0.0
19201101 19201130     0.0
19201201 19201231     6.4
19210101 19210131     0.0
19210201 19210228    57.9
19210301 19210331     0.0
19210401 19210430     0.0
19210501 19210531    36.1
19210601 19210630     0.0
19210701 19210731     2.5
19210801 19210831    42.4
19210901 19210930     0.0
19211001 19211031     3.0
19211101 19211130     0.0
19211201 19211231     9.9
19220101 19220131     0.0
19220201 19220228    19.8
19220301 19220331    27.7
19220401 19220430    11.0
19220501 19220531    38.6
19220601 19220630     8.1
19220701 19220731     2.5
19220801 19220831    12.7
19220901 19220930     0.0
19221001 19221031     5.1
19221101 19221130     0.0
19221201 19221231     0.0
19230101 19230131    75.6
19230201 19230228    20.0
19230301 19230331    20.0
19230401 19230430    59.2
19230501 19230531    10.7
19230601 19230630    17.3
19230701 19230731    12.7
19230801 19230831     0.0
19230901 19230930     0.0
19231001 19231031     0.0
19231101 19231130     0.0
19231201 19231231    12.5
19240101 19240131     6.6
19240201 19240229     0.0
19240301 19240331     0.0
19240401 19240430     5.1
19240501 19240531     2.3
19240601 19240630    23.1
19240701 19240731    12.7
19240801 19240831     0.0
19240901 19240930     5.6
19241001 19241031     0.0
19241101 19241130     1.0
19241201 19241231     0.0
19250101 19250131    31.7
19250201 19250228    31.6
19250301 19250331    39.9
19250401 19250430     0.0
19250501 19250531    65.1
19250601 19250630     8.9
19250701 19250731     0.0
19250801 19250831     2.8
19250901 19250930     1.0
19251001 19251031     0.8
19251101 19251130     7.9
19251201 19251231    19.1
19260101 19260131    24.7
19260201 19260228    45.5
19260301 19260331   113.2
19260401 19260430     2.5
19260501 19260531    47.4
19260601 19260630     4.6
19260701 19260731     4.9
19260801 19260831     0.0
19260901 19260930     0.0
19261001 19261031     0.0
19261101 19261130    13.7
19261201 19261231    29.0
19270101 19270131    24.2
19270201 19270228    10.7
19270301 19270331    87.6
19270401 19270430     0.0
19270501 19270531     8.8
19270601 19270630   112.9
19270701 19270731    45.7
19270801 19270831     5.6
19270901 19270930     7.9
19271001 19271031     0.0
19271101 19271130     0.0
19271201 19271231    13.7
19280101 19280131    96.8
19280201 19280229    32.5
19280301 19280331     0.0
19280401 19280430     0.0
19280501 19280531    14.2
19280601 19280630    35.6
19280701 19280731     4.1
19280801 19280831     0.0
19280901 19280930     0.0
19281001 19281031     0.0
19281101 19281130     3.6
19281201 19281231     7.9
19290101 19290131    10.5
19290201 19290228    92.7
19290301 19290331    72.1
19290401 19290430     0.0
19290501 19290531    69.7
19290601 19290630     7.1
19290701 19290731     0.0
19290801 19290831    27.5
19290901 19290930     0.0
19291001 19291031     0.0
19291101 19291130     0.0
19291201 19291231     0.0
19300101 19300131     3.3
19300201 19300228    10.7
19300301 19300331    88.5
19300401 19300430    45.7
19300501 19300531    32.5
19300601 19300630     5.6
19300701 19300731     0.0
19300801 19300831     7.4
19300901 19300930     0.0
19301001 19301031     4.3
19301101 19301130     0.0
19301201 19301231    77.5
19310101 19310131     4.8
19310201 19310228    13.6
19310301 19310331    85.9
19310401 19310430    29.2
19310501 19310531   134.4
19310601 19310630    98.0
19310701 19310731    41.2
19310801 19310831    17.8
19310901 19310930     0.0
19311001 19311031    28.9
19311101 19311130     0.0
19311201 19311231     0.0
19320101 19320131    43.7
19320201 19320229     0.0
19320301 19320331     9.6
19320401 19320430    18.1
19320501 19320531    14.7
19320601 19320630     0.8
19320701 19320731     0.0
19320801 19320831    27.5
19320901 19320930     0.0
19321001 19321031     2.4
19321101 19321130     0.0
19321201 19321231    29.7
19330101 19330131    11.2
19330201 19330228    10.1
19330301 19330331   163.3
19330401 19330430    15.7
19330501 19330531    22.3
19330601 19330630     3.8
19330701 19330731    37.3
19330801 19330831    21.6
19330901 19330930     0.0
19331001 19331031     0.0
19331101 19331130     0.0
19331201 19331231     8.9
19340101 19340131    74.2
19340201 19340228    41.4
19340301 19340331   101.7
19340401 19340430    39.6
19340501 19340531     4.9
19340601 19340630    19.1
19340701 19340731     0.0
19340801 19340831     0.0
19340901 19340930     5.1
19341001 19341031     0.0
19341101 19341130     0.0
19341201 19341231     0.0
19350101 19350131    84.2
19350201 19350228    55.7
19350301 19350331    17.5
19350401 19350430    14.0
19350501 19350531     0.0
19350601 19350630     0.0
19350701 19350731     2.8
19350801 19350831     9.2
19350901 19350930     0.0
19351001 19351031     0.0
19351101 19351130     0.8
19351201 19351231     0.8
19360101 19360131    13.4
19360201 19360229    24.4
19360301 19360331     5.9
19360401 19360430     0.0
19360501 19360531     0.0
19360601 19360630     2.6
19360701 19360731     0.0
19360801 19360831     0.0
19360901 19360930     1.8
19361001 19361031     0.0
19361101 19361130     3.0
19361201 19361231     3.8
19370101 19370131    22.4
19370201 19370228    10.1
19370301 19370331     6.3
19370401 19370430    31.7
19370501 19370531    39.2
19370601 19370630     6.9
19370701 19370731     0.0
19370801 19370831     0.6
19370901 19370930     0.0
19371001 19371031     2.0
19371101 19371130    17.8
19371201 19371231     6.3
19380101 19380131    38.5
19380201 19380228    24.7
19380301 19380331    14.3
19380401 19380430     1.0
19380501 19380531    29.2
19380601 19380630    10.2
19380701 19380731     2.5
19380801 19380831     0.0
19380901 19380930     0.0
19381001 19381031     0.0
19381101 19381130     0.0
19381201 19381231    10.1
19390101 19390131    34.0
19390201 19390228    10.9
19390301 19390331    17.3
19390401 19390430     1.3
19390501 19390531     7.6
19390601 19390630     7.1
19390701 19390731     5.0
19390801 19390831     7.7
19390901 19390930     0.0
19391001 19391031     5.6
19391101 19391130    39.1
19391201 19391231     4.1
19400101 19400131    33.1
19400201 19400229     0.0
19400301 19400331     0.0
19400401 19400430     2.5
19400501 19400531     3.8
19400601 19400630     2.3
19400701 19400731    14.7
19400801 19400831     5.3
19400901 19400930     0.0
19401001 19401031     0.0
19401101 19401130    14.4
19401201 19401231     0.0
19410101 19410131     0.0
19410201 19410228     2.5
19410301 19410331    28.0
19410401 19410430    13.9
19410501 19410531    46.2
19410601 19410630     4.1
19410701 19410731    17.6
19410801 19410831    28.0
19410901 19410930     0.0
19411001 19411031     0.0
19411101 19411130    13.8
19411201 19411231    13.0
19420101 19420131    72.8
19420201 19420228   140.4
19420301 19420331    99.8
19420401 19420430     0.0
19420501 19420531   127.0
19420601 19420630    47.6
19420701 19420731    16.3
19420801 19420831     0.0
19420901 19420930     0.0
19421001 19421031     0.0
19421101 19421130     0.0
19421201 19421231     0.0
19430101 19430131    46.3
19430201 19430228    91.5
19430301 19430331    11.5
19430401 19430430     0.0
19430501 19430531     0.0
19430601 19430630    20.6
19430701 19430731     7.6
19430801 19430831     0.0
19430901 19430930     0.0
19431001 19431031     0.0
19431101 19431130    14.5
19431201 19431231     0.0
19440101 19440131     0.0
19440201 19440229     0.0
19440301 19440331     0.0
19440401 19440430    30.7
19440501 19440531     0.0
19440601 19440630     0.0
19440701 19440731     5.1
19440801 19440831     2.3
19440901 19440930     0.0
19441001 19441031     0.0
19441101 19441130     9.4
19441201 19441231     0.0
19450101 19450131    22.1
19450201 19450228     4.1
19450301 19450331     6.6
19450401 19450430     0.0
19450501 19450531     5.3
19450601 19450630    34.8
19450701 19450731    26.7
19450801 19450831     8.4
19450901 19450930     0.5
19451001 19451031     0.5
19451101 19451130     0.0
19451201 19451231     6.4
19460101 19460131     5.1
19460201 19460228    45.3
19460301 19460331    77.0
19460401 19460430    56.7
19460501 19460531     0.0
19460601 19460630    10.2
19460701 19460731    16.1
19460801 19460831     0.0
19460901 19460930     0.0
19461001 19461031     0.0
19461101 19461130     0.0
19461201 19461231     0.0
19470101 19470131     8.1
19470201 19470228   112.3
19470301 19470331    45.9
19470401 19470430     0.0
19470501 19470531    44.9
19470601 19470630     7.6
19470701 19470731    42.0
19470801 19470831    23.1
19470901 19470930     0.0
19471001 19471031    30.5
19471101 19471130     0.0
19471201 19471231     0.0
19480101 19480131     7.6
19480201 19480229   188.2
19480301 19480331    24.4
19480401 19480430    61.3
19480501 19480531     1.0
19480601 19480630    75.3
19480701 19480731    45.5
19480801 19480831     0.0
19480901 19480930     0.0
19481001 19481031     1.3
19481101 19481130     0.0
19481201 19481231    19.1
19490101 19490131     6.9
19490201 19490228   215.5
19490301 19490331     0.0
19490401 19490430    33.3
19490501 19490531    43.2
19490601 19490630    45.4
19490701 19490731     0.8
19490801 19490831     0.0
19490901 19490930    12.2
19491001 19491031     0.5
19491101 19491130    28.7
19491201 19491231    20.9
19500101 19500131     4.3
19500201 19500228     2.5
19500301 19500331     0.0
19500401 19500430     0.0
19500501 19500531    17.6
19500601 19500630     6.7
19500701 19500731     7.9
19500801 19500831     0.8
19500901 19500930     0.0
19501001 19501031     0.0
19501101 19501130     3.3
19501201 19501231     0.0
19510101 19510131    24.9
19510201 19510228    78.7
19510301 19510331     0.5
19510401 19510430     9.5
19510501 19510531     0.0
19510601 19510630   143.6
19510701 19510731    10.4
19510801 19510831     2.0
19510901 19510930     0.0
19511001 19511031     0.0
19511101 19511130     0.0
19511201 19511231     0.0
19520101 19520131   114.0
19520201 19520229    45.8
19520301 19520331    13.5
19520401 19520430     0.0
19520501 19520531    67.6
19520601 19520630     0.0
19520701 19520731    41.6
19520801 19520831     0.0
19520901 19520930     0.0
19521001 19521031     0.0
19521101 19521130     0.0
19521201 19521231     0.0
19530101 19530131    21.5
19530201 19530228     0.0
19530301 19530331    25.2
19530401 19530430     2.5
19530501 19530531    32.6
19530601 19530630    12.2
19530701 19530731    14.9
19530801 19530831     5.6
19530901 19530930     0.0
19531001 19531031     3.8
19531101 19531130     0.0
19531201 19531231     3.3
19540101 19540131    38.2
19540201 19540228     0.0
19540301 19540331     0.0
19540401 19540430    13.5
19540501 19540531    30.7
19540601 19540630    61.0
19540701 19540731     2.8
19540801 19540831    10.4
19540901 19540930     0.8
19541001 19541031     2.8
19541101 19541130     4.8
19541201 19541231     8.1
19550101 19550131    27.9
19550201 19550228    58.6
19550301 19550331     0.0
19550401 19550430    19.0
19550501 19550531    34.3
19550601 19550630    34.6
19550701 19550731     1.6
19550801 19550831    15.8
19550901 19550930     3.3
19551001 19551031     0.0
19551101 19551130     0.0
19551201 19551231     2.5
19560101 19560131     0.0
19560201 19560229    11.4
19560301 19560331     0.0
19560401 19560430     0.5
19560501 19560531     4.6
19560601 19560630    36.6
19560701 19560731    19.1
19560801 19560831     9.2
19560901 19560930     1.0
19561001 19561031     0.0
19561101 19561130     8.9
19561201 19561231    17.1
19570101 19570131    31.0
19570201 19570228    96.8
19570301 19570331    19.8
19570401 19570430     0.0
19570501 19570531    11.7
19570601 19570630    31.8
19570701 19570731     0.0
19570801 19570831     0.0
19570901 19570930     0.0
19571001 19571031     0.0
19571101 19571130     6.6
19571201 19571231     4.1
19580101 19580131    75.5
19580201 19580228     0.0
19580301 19580331    66.5
19580401 19580430     0.0
19580501 19580531    20.5
19580601 19580630    42.0
19580701 19580731     0.0
19580801 19580831     9.4
19580901 19580930    23.6
19581001 19581031     0.0
19581101 19581130     9.6
19581201 19581231     3.5
19590101 19590131    23.3
19590201 19590228     0.0
19590301 19590331     8.9
19590401 19590430    54.8
19590501 19590531     6.6
19590601 19590630     0.0
19590701 19590731    40.2
19590801 19590831     0.0
19590901 19590930     0.0
19591001 19591031     0.0
19591101 19591130     1.5
19591201 19591231     7.1
19600101 19600131    17.5
19600201 19600229   241.3
19600301 19600331     7.9
19600401 19600430    15.7
19600501 19600531     0.0
19600601 19600630     2.0
19600701 19600731    57.6
19600801 19600831     0.0
19600901 19600930     0.0
19601001 19601031     0.0
19601101 19601130     0.0
19601201 19601231     0.0
19610101 19610131    93.5
19610201 19610228   210.8
19610301 19610331     0.0
19610401 19610430    63.5
19610501 19610531    14.2
19610601 19610630     0.0
19610701 19610731     0.0
19610801 19610831     0.0
19610901 19610930     0.0
19611001 19611031     0.0
19611101 19611130     0.0
19611201 19611231     0.0
19620101 19620131    58.4
19620201 19620228   135.6
19620301 19620331     0.0
19620401 19620430     0.0
19620501 19620531    27.9
19620601 19620630     0.0
19620701 19620731     5.6
19620801 19620831     0.0
19620901 19620930     0.0
19621001 19621031     0.0
19621101 19621130    11.4
19621201 19621231     1.0
19630101 19630131    99.0
19630201 19630228   237.0
19630301 19630331     1.3
19630401 19630430    12.7
19630501 19630531    43.5
19630601 19630630     8.9
19630701 19630731    10.2
19630801 19630831     0.0
19630901 19630930     0.0
19631001 19631031     0.0
19631101 19631130     0.0
19631201 19631231     0.0
19640101 19640131     7.1
19640201 19640229     0.0
19640301 19640331    10.1
19640401 19640430    42.0
19640501 19640531     0.0
19640601 19640630    32.0
19640701 19640731     0.0
19640801 19640831     0.0
19640901 19640930     0.0
19641001 19641031     0.0
19641101 19641130     0.0
19641201 19641231     0.0
19650101 19650131    37.0
19650201 19650228    20.4
19650301 19650331    64.5
19650401 19650430     0.0
19650501 19650531     4.5
19650601 19650630    88.6
19650701 19650731     0.0
19650801 19650831    86.1
19650901 19650930     0.0
19651001 19651031     0.0
19651101 19651130     2.5
19651201 19651231     0.0
19660101 19660131     0.0
19660201 19660228    23.7
19660301 19660331    36.8
19660401 19660430     0.0
19660501 19660531     0.0
19660601 19660630    28.7
19660701 19660731     1.3
19660801 19660831     0.0
19660901 19660930     0.0
19661001 19661031     0.0
19661101 19661130     4.3
19661201 19661231     0.0
19670101 19670131    21.3
19670201 19670228    67.8
19670301 19670331     0.0
19670401 19670430     0.0
19670501 19670531    21.8
19670601 19670630     0.0
19670701 19670731     1.8
19670801 19670831    14.7
19670901 19670930     0.0
19671001 19671031     0.0
19671101 19671130     1.3
19671201 19671231    23.1
19680101 19680131     0.0
19680201 19680229    63.6
19680301 19680331    47.7
19680401 19680430    22.6
19680501 19680531     4.3
19680601 19680630    86.2
19680701 19680731     9.7
19680801 19680831     3.6
19680901 19680930    13.8
19681001 19681031     0.0
19681101 19681130     0.0
19681201 19681231     0.0
19690101 19690131     7.2
19690201 19690228    48.5
19690301 19690331     0.0
19690401 19690430     0.0
19690501 19690531    90.2
19690601 19690630    30.5
19690701 19690731     0.0
19690801 19690831     0.0
19690901 19690930     1.0
19691001 19691031     0.0
19691101 19691130     1.3
19691201 19691231     0.0
19700101 19700131     0.0
19700201 19700228     8.6
19700301 19700331     0.0
19700401 19700430    26.9
19700501 19700531   102.7
19700601 19700630     5.1
19700701 19700731     2.0
19700801 19700831     0.0
19700901 19700930    15.7
19701001 19701031     0.0
19701101 19701130     0.0
19701201 19701231     3.6
19710101 19710131    31.7
19710201 19710228    59.4
19710301 19710331    38.1
19710401 19710430     0.0
19710501 19710531     9.9
19710601 19710630    66.8
19710701 19710731    15.0
19710801 19710831     3.8
19710901 19710930     0.0
19711001 19711031     0.0
19711101 19711130     0.0
19711201 19711231     3.6
19720101 19720131     5.8
19720201 19720229    58.2
19720301 19720331    14.2
19720401 19720430     0.0
19720501 19720531     8.9
19720601 19720630    12.0
19720701 19720731    39.8
19720801 19720831     2.5
19720901 19720930     0.0
19721001 19721031     0.0
19721101 19721130    12.2
19721201 19721231     2.8
19730101 19730131     0.0
19730201 19730228     4.8
19730301 19730331    62.7
19730401 19730430    67.8
19730501 19730531    46.8
19730601 19730630    64.3
19730701 19730731    42.1
19730801 19730831    23.8
19730901 19730930     0.0
19731001 19731031     0.0
19731101 19731130    11.0
19731201 19731231    20.8
19740101 19740131    36.0
19740201 19740228    39.8
19740301 19740331   135.2
19740401 19740430     4.6
19740501 19740531    10.8
19740601 19740630     7.4
19740701 19740731   167.4
19740801 19740831    31.8
19740901 19740930     0.0
19741001 19741031     0.0
19741101 19741130     0.0
19741201 19741231    15.4
19750101 19750131    10.2
19750201 19750228    60.2
19750301 19750331   104.0
19750401 19750430    39.0
19750501 19750531     7.4
19750601 19750630     9.0
19750701 19750731    28.0
19750801 19750831     2.2
19750901 19750930     0.0
19751001 19751031    35.4
19751101 19751130    34.8
19751201 19751231    10.2
19760101 19760131    54.2
19760201 19760229     4.4
19760301 19760331    27.0
19760401 19760430     0.0
19760501 19760531     2.0
19760601 19760630     0.0
19760701 19760731     1.0
19760801 19760831    12.0
19760901 19760930     6.0
19761001 19761031     5.2
19761101 19761130     0.0
19761201 19761231     3.2
19770101 19770131    29.8
19770201 19770228     0.1
19770301 19770331     1.1
19770401 19770430    13.2
19770501 19770531    17.0
19770601 19770630     4.0
19770701 19770731     0.7
19770801 19770831     0.1
19770901 19770930     0.4
19771001 19771031     0.4
19771101 19771130     0.8
19771201 19771231    16.6
19780101 19780131     4.0
19780201 19780228    75.2
19780301 19780331    10.2
19780401 19780430    60.8
19780501 19780531     0.2
19780601 19780630     4.5
19780701 19780731    14.3
19780801 19780831    40.2
19780901 19780930     0.1
19781001 19781031     2.0
19781101 19781130     0.0
19781201 19781231     4.4
19790101 19790131     0.0
19790201 19790228    50.7
19790301 19790331     3.4
19790401 19790430    17.4
19790501 19790531    14.8
19790601 19790630     0.0
19790701 19790731     0.0
19790801 19790831    29.4
19790901 19790930     0.0
19791001 19791031     0.0
19791101 19791130     0.0
19791201 19791231     0.0
19800101 19800131    88.5
19800201 19800229    15.1
19800301 19800331     9.2
19800401 19800430    46.5
19800501 19800531    50.1
19800601 19800630   107.6
19800701 19800731    55.7
19800801 19800831     0.0
19800901 19800930     0.7
19801001 19801031     1.3
19801101 19801130     0.1
19801201 19801231     0.2
19810101 19810131     0.0
19810201 19810228    51.2
19810301 19810331   109.0
19810401 19810430     2.6
19810501 19810531    33.6
19810601 19810630    18.1
19810701 19810731     0.0
19810801 19810831     2.2
19810901 19810930     0.0
19811001 19811031     0.0
19811101 19811130     0.0
19811201 19811231    10.0
19820101 19820131    71.0
19820201 19820228    50.0
19820301 19820331     0.0
19820401 19820430     8.6
19820501 19820531    67.8
19820601 19820630    27.0
19820701 19820731     0.0
19820801 19820831     0.0
19820901 19820930     0.0
19821001 19821031     0.0
19821101 19821130    65.0
19821201 19821231    54.0
19830101 19830131     4.0
19830201 19830228     1.6
19830301 19830331    59.8
19830401 19830430    50.0
19830501 19830531     0.0
19830601 19830630    35.5
19830701 19830731     0.0
19830801 19830831     0.0
19830901 19830930     0.0
19831001 19831031     0.0
19831101 19831130    33.0
19831201 19831231    37.4
19840101 19840131    18.0
19840201 19840229    24.0
19840301 19840331   206.6
19840401 19840430    25.8
19840501 19840531   118.7
19840601 19840630     0.0
19840701 19840731     0.0
19840801 19840831     4.0
19840901 19840930    19.0
19841001 19841031     0.0
19841101 19841130     0.0
19841201 19841231     0.0
19850101 19850131    11.0
19850201 19850228   154.7
19850301 19850331     0.0
19850401 19850430    45.0
19850501 19850531     0.0
19850601 19850630     4.6
19850701 19850731    36.2
19850801 19850831     0.0
19850901 19850930     0.0
19851001 19851031     0.0
19851101 19851130     0.0
19851201 19851231     0.0
19860101 19860131    25.0
19860201 19860228    78.8
19860301 19860331    26.0
19860401 19860430     0.0
19860501 19860531     0.0
19860601 19860630   210.4
19860701 19860731     6.0
19860801 19860831     0.0
19860901 19860930     5.6
19861001 19861031     0.0
19861101 19861130     0.0
19861201 19861231     0.0
19870101 19870131    95.6
19870201 19870228    19.6
19870301 19870331     6.0
19870401 19870430     9.0
19870501 19870531    23.7
19870601 19870630    60.4
19870701 19870731    13.4
19870801 19870831     4.0
19870901 19870930     1.0
19871001 19871031     0.0
19871101 19871130     2.2
19871201 19871231     8.0
19880101 19880131     7.4
19880201 19880229    58.0
19880301 19880331    14.0
19880401 19880430    60.4
19880501 19880531    32.6
19880601 19880630     0.0
19880701 19880731     0.6
19880801 19880831     0.0
19880901 19880930     0.0
19881001 19881031     0.0
19881101 19881130    18.9
19881201 19881231    48.4
19890101 19890131    17.4
19890201 19890228    26.8
19890301 19890331    15.8
19890401 19890430    61.0
19890501 19890531    52.8
19890601 19890630   136.3
19890701 19890731     9.4
19890801 19890831     0.0
19890901 19890930     0.0
19891001 19891031     0.0
19891101 19891130     5.6
19891201 19891231     0.0
19900101 19900131   192.6
19900201 19900228     1.0
19900301 19900331    61.6
19900401 19900430     0.0
19900501 19900531     0.0
19900601 19900630     5.4
19900701 19900731    14.2
19900801 19900831    31.0
19900901 19900930     3.2
19901001 19901031     3.8
19901101 19901130     0.0
19901201 19901231     0.0
19910101 19910131     3.2
19910201 19910228     4.0
19910301 19910331     5.5
19910401 19910430     2.8
19910501 19910531    11.2
19910601 19910630    49.8
19910701 19910731    23.6
19910801 19910831     0.0
19910901 19910930     0.0
19911001 19911031     2.2
19911101 19911130     0.0
19911201 19911231     0.0
19920101 19920131    38.4
19920201 19920229     0.0
19920301 19920331    36.5
19920401 19920430   116.8
19920501 19920531    63.5
19920601 19920630    10.8
19920701 19920731     0.0
19920801 19920831     0.0
19920901 19920930     0.0
19921001 19921031     5.6
19921101 19921130     0.0
19921201 19921231     4.4
19930101 19930131     0.2
19930201 19930228    58.0
19930301 19930331     6.4
19930401 19930430     6.6
19930501 19930531     1.4
19930601 19930630    45.6
19930701 19930731     2.6
19930801 19930831    16.2
19930901 19930930     0.0
19931001 19931031     0.0
19931101 19931130     7.2
19931201 19931231     5.2
19940101 19940131    10.2
19940201 19940228    56.6
19940301 19940331     0.0
19940401 19940430     0.0
19940501 19940531     1.2
19940601 19940630    22.0
19940701 19940731     4.0
19940801 19940831     0.0
19940901 19940930     0.0
19941001 19941031     0.0
19941101 19941130     0.0
19941201 19941231     0.3
19950101 19950131    10.6
19950201 19950228   236.8
19950301 19950331    18.6
19950401 19950430    49.2
19950501 19950531    11.0
19950601 19950630    36.2
19950701 19950731    20.2
19950801 19950831     0.0
19950901 19950930     0.0
19951001 19951031     0.0
19951101 19951130     0.0
19951201 19951231    42.0
19960101 19960131     0.0
19960201 19960229    55.0
19960301 19960331     0.0
19960401 19960430    62.4
19960501 19960531     0.0
19960601 19960630    84.6
19960701 19960731    43.8
19960801 19960831     0.0
19960901 19960930     0.0
19961001 19961031    16.0
19961101 19961130     0.0
19961201 19961231    24.0
19970101 19970131    45.0
19970201 19970228   211.0
19970301 19970331     0.0
19970401 19970430    61.6
19970501 19970531    18.8
19970601 19970630     3.0
19970701 19970731    38.0
19970801 19970831    33.2
19970901 19970930    18.0
19971001 19971031     0.0
19971101 19971130     0.0
19971201 19971231     6.8
19980101 19980131     0.0
19980201 19980228     6.0
19980301 19980331     0.0
19980401 19980430     5.4
19980501 19980531    56.0
19980601 19980630    40.0
19980701 19980731    84.2
19980801 19980831 99999.9
19980901 19980930 99999.9
19981001 19981031 99999.9
19981101 19981130 99999.9
19981201 19981231 99999.9
19990101 19990131    42.0
19990201 19990228   142.8
19990301 19990331 99999.9
19990401 19990430    11.0
19990501 19990531    42.0
19990601 19990630     0.0
19990701 19990731     0.0
19990801 19990831     0.0
19990901 19990930     0.0
19991001 19991031     0.0
19991101 19991130     0.0
19991201 19991231     0.0
20000101 20000131    38.8
20000201 20000229    17.6
20000301 20000331   244.4
20000401 20000430    25.2
20000501 20000531     0.0
20000601 20000630     0.0
20000701 20000731     9.4
20000801 20000831     3.0
20000901 20000930     0.0
20001001 20001031     0.0
20001101 20001130     0.0
20001201 20001231     6.9
20010101 20010131    60.1
20010201 20010228   137.1
20010301 20010331     0.0
20010401 20010430     4.8
20010501 20010531    20.8
20010601 20010630     0.0
20010701 20010731     0.0
20010801 20010831     0.0
20010901 20010930     0.4
20011001 20011031    14.3
20011101 20011130     0.0
20011201 20011231     0.0
20020101 20020131     0.0
20020201 20020228    12.4
20020301 20020331    24.5
20020401 20020430     5.2
20020501 20020531    29.1
20020601 20020630    25.6
20020701 20020731     1.0
20020801 20020831     5.0
20020901 20020930     2.0
20021001 20021031     0.0
20021101 20021130     0.0
20021201 20021231    24.7
20030101 20030131    13.8
20030201 20030228    19.8
20030301 20030331    20.0
20030401 20030430     5.0
20030501 20030531     7.0
20030601 20030630    29.5
20030701 20030731     0.0
20030801 20030831     8.2
20030901 20030930     0.0
20031001 20031031     0.0
20031101 20031130     0.0
20031201 20031231     0.0
20040101 20040131    15.6
20040201 20040229    73.5
20040301 20040331     1.0
20040401 20040430    25.0
20040501 20040531    20.0
20040601 20040630     0.0
20040701 20040731    47.5
20040801 20040831     0.0
20040901 20040930     0.0
20041001 20041031     0.0
20041101 20041130    20.4
20041201 20041231     6.8
20050101 20050131     0.0
20050201 20050228     3.4
20050301 20050331    20.3
20050401 20050430     6.6
20050501 20050531    52.8
20050601 20050630     8.6
20050701 20050731    40.0
20050801 20050831     6.4
20050901 20050930     0.0
20051001 20051031     0.0
20051101 20051130     0.0
20051201 20051231     7.5
20060101 20060131   164.3
20060201 20060228    41.2
20060301 20060331   187.4
20060401 20060430    55.4
20060501 20060531     0.0
20060601 20060630     8.0
20060701 20060731     0.0
20060801 20060831     0.0
20060901 20060930     0.0
20061001 20061031    18.8
20061101 20061130     4.1
20061201 20061231     6.4
20070101 20070131     0.4
20070201 20070228    19.6
20070301 20070331    19.2
20070401 20070430    59.0
20070501 20070531     0.0
20070601 20070630     0.0
20070701 20070731    14.4
20070801 20070831     0.0
20070901 20070930     0.0
20071001 20071031     0.0
20071101 20071130     5.0
20071201 20071231     6.7
20080101 20080131    64.2
20080201 20080229    25.8
20080301 20080331   149.4
20080401 20080430    26.6
20080501 20080531     0.0
20080601 20080630    13.4
20080701 20080731     1.2
20080801 20080831     1.2
20080901 20080930     0.0
20081001 20081031     1.8
20081101 20081130    50.0
20081201 20081231     0.0
20090101 20090131    55.0
20090201 20090228    59.2
20090301 20090331     0.0
20090401 20090430     5.0
20090501 20090531     1.4
20090601 20090630    10.0
20090701 20090731    11.0
20090801 20090831     0.0
20090901 20090930     0.0
20091001 20091031     0.0
20091101 20091130    25.8
20091201 20091231 99999.9
20100101 20100131     0.0
20100201 20100228     0.0
20100301 20100331     0.0
20100401 20100430     0.0
20100501 20100531     0.0
20100601 20100630     7.2
20100701 20100731     2.8
20100801 20100831    31.0
20100901 20100930     5.0
20101001 20101031     0.0
20101101 20101130     0.0
20101201 20101231     0.0
20110101 20110131   119.0
20110201 20110228    90.0
20110301 20110331     0.0
20110401 20110430    25.8
20110501 20110531     1.2
20110601 20110630     0.0
20110701 20110731     9.5
20110801 20110831     8.0
20110901 20110930     0.0
20111001 20111031     0.0
20111101 20111130     0.0
20111201 20111231     0.0
20120101 20120131    78.8
20120201 20120229     0.0
20120301 20120331    58.2
20120401 20120430     1.2
20120501 20120531     1.5
20120601 20120630    27.0
20120701 20120731     1.4
20120801 20120831     0.0
20120901 20120930     0.0
20121001 20121031    11.6
20121101 20121130     0.0
20121201 20121231    74.7
