PRCP       070028 18980801 20160630 missing_value=99999.9 YASS (DERRINGULLEN)                       
18980801 18980831    50.8
18980901 18980930    33.3
18981001 18981031    86.8
18981101 18981130    27.2
18981201 18981231    27.9
18990101 18990131    25.3
18990201 18990228    21.8
18990301 18990331    14.3
18990401 18990430    73.7
18990501 18990531    47.7
18990601 18990630    79.1
18990701 18990731    53.0
18990801 18990831   101.2
18990901 18990930    22.9
18991001 18991031    62.6
18991101 18991130    77.8
18991201 18991231    15.2
19000101 19000131    55.8
19000201 19000228     8.4
19000301 19000331    75.5
19000401 19000430    99.7
19000501 19000531   127.7
19000601 19000630   109.6
19000701 19000731   139.6
19000801 19000831    63.5
19000901 19000930    68.8
19001001 19001031     8.6
19001101 19001130    78.0
19001201 19001231    64.5
19010101 19010131    36.3
19010201 19010228     0.0
19010301 19010331   107.1
19010401 19010430    94.8
19010501 19010531    14.7
19010601 19010630    76.0
19010701 19010731    30.0
19010801 19010831   109.2
19010901 19010930    65.2
19011001 19011031    97.7
19011101 19011130    34.2
19011201 19011231     2.8
19020101 19020131    17.5
19020201 19020228     2.0
19020301 19020331    42.3
19020401 19020430     2.3
19020501 19020531     3.0
19020601 19020630    41.3
19020701 19020731    48.3
19020801 19020831    24.1
19020901 19020930    38.6
19021001 19021031    82.0
19021101 19021130    42.4
19021201 19021231   144.8
19030101 19030131    12.4
19030201 19030228    10.7
19030301 19030331    64.6
19030401 19030430    96.0
19030501 19030531    40.1
19030601 19030630    85.9
19030701 19030731   114.2
19030801 19030831    23.1
19030901 19030930   121.3
19031001 19031031    41.6
19031101 19031130     7.9
19031201 19031231    53.6
19040101 19040131    95.9
19040201 19040229    61.5
19040301 19040331     5.9
19040401 19040430    23.6
19040501 19040531    46.2
19040601 19040630    27.9
19040701 19040731    84.1
19040801 19040831    39.5
19040901 19040930    33.7
19041001 19041031    85.6
19041101 19041130    48.6
19041201 19041231    57.2
19050101 19050131    32.7
19050201 19050228    84.3
19050301 19050331    10.9
19050401 19050430    96.1
19050501 19050531    61.0
19050601 19050630   134.1
19050701 19050731    87.0
19050801 19050831    25.7
19050901 19050930    47.1
19051001 19051031    82.0
19051101 19051130     5.1
19051201 19051231    19.7
19060101 19060131     2.8
19060201 19060228     7.6
19060301 19060331    83.1
19060401 19060430    65.8
19060501 19060531    63.4
19060601 19060630   109.5
19060701 19060731    48.5
19060801 19060831    87.6
19060901 19060930   127.7
19061001 19061031   118.9
19061101 19061130    55.4
19061201 19061231    72.1
19070101 19070131    49.5
19070201 19070228     5.1
19070301 19070331    21.9
19070401 19070430    46.6
19070501 19070531    21.9
19070601 19070630    64.3
19070701 19070731    38.8
19070801 19070831    52.3
19070901 19070930    46.5
19071001 19071031    38.1
19071101 19071130    65.2
19071201 19071231    35.7
19080101 19080131    29.5
19080201 19080229    60.4
19080301 19080331     3.5
19080401 19080430    45.7
19080501 19080531    45.4
19080601 19080630    77.5
19080701 19080731    65.2
19080801 19080831    60.4
19080901 19080930   106.5
19081001 19081031    20.6
19081101 19081130    67.8
19081201 19081231     8.2
19090101 19090131    51.8
19090201 19090228   105.4
19090301 19090331    36.5
19090401 19090430    57.3
19090501 19090531    40.0
19090601 19090630   135.0
19090701 19090731    49.4
19090801 19090831    84.0
19090901 19090930    40.1
19091001 19091031    42.1
19091101 19091130    11.0
19091201 19091231    28.8
19100101 19100131    88.4
19100201 19100228     3.6
19100301 19100331    50.7
19100401 19100430     4.9
19100501 19100531    39.9
19100601 19100630    86.9
19100701 19100731    65.5
19100801 19100831    31.5
19100901 19100930   121.5
19101001 19101031    42.6
19101101 19101130    52.6
19101201 19101231   103.4
19110101 19110131   125.6
19110201 19110228    47.5
19110301 19110331    97.3
19110401 19110430     0.0
19110501 19110531   107.9
19110601 19110630    77.7
19110701 19110731    81.4
19110801 19110831    15.5
19110901 19110930    44.7
19111001 19111031     7.6
19111101 19111130    90.1
19111201 19111231    69.1
19120101 19120131    19.6
19120201 19120229    11.4
19120301 19120331    52.8
19120401 19120430     0.0
19120501 19120531     1.5
19120601 19120630    72.5
19120701 19120731   112.1
19120801 19120831   116.0
19120901 19120930    59.7
19121001 19121031    44.7
19121101 19121130    40.2
19121201 19121231    30.2
19130101 19130131    36.9
19130201 19130228    10.7
19130301 19130331    99.5
19130401 19130430    21.6
19130501 19130531    77.3
19130601 19130630    47.8
19130701 19130731    20.6
19130801 19130831    42.0
19130901 19130930    42.0
19131001 19131031    69.0
19131101 19131130    13.0
19131201 19131231    44.7
19140101 19140131    43.2
19140201 19140228     9.1
19140301 19140331   138.0
19140401 19140430    39.1
19140501 19140531    27.4
19140601 19140630    28.7
19140701 19140731    51.8
19140801 19140831     2.0
19140901 19140930    25.7
19141001 19141031    32.0
19141101 19141130    75.0
19141201 19141231    96.9
19150101 19150131     7.7
19150201 19150228    52.9
19150301 19150331    65.3
19150401 19150430    19.7
19150501 19150531    58.4
19150601 19150630   120.9
19150701 19150731    65.7
19150801 19150831   101.7
19150901 19150930    74.6
19151001 19151031    60.6
19151101 19151130     0.8
19151201 19151231    27.3
19160101 19160131    48.6
19160201 19160229    22.6
19160301 19160331    34.3
19160401 19160430    94.9
19160501 19160531    23.1
19160601 19160630   139.3
19160701 19160731   103.4
19160801 19160831   109.4
19160901 19160930    81.8
19161001 19161031   106.5
19161101 19161130   112.4
19161201 19161231    53.8
19170101 19170131    70.4
19170201 19170228    37.8
19170301 19170331    40.3
19170401 19170430    19.9
19170501 19170531    53.2
19170601 19170630    91.5
19170701 19170731   114.3
19170801 19170831   131.4
19170901 19170930    79.9
19171001 19171031   115.3
19171101 19171130    82.2
19171201 19171231    34.8
19180101 19180131    62.6
19180201 19180228    43.1
19180301 19180331    38.0
19180401 19180430    74.8
19180501 19180531    40.9
19180601 19180630    47.7
19180701 19180731    52.7
19180801 19180831   101.6
19180901 19180930    20.5
19181001 19181031    21.9
19181101 19181130    10.3
19181201 19181231    12.1
19190101 19190131     5.7
19190201 19190228    21.6
19190301 19190331    45.2
19190401 19190430    17.3
19190501 19190531    49.5
19190601 19190630    27.3
19190701 19190731    11.9
19190801 19190831    47.7
19190901 19190930    25.5
19191001 19191031    33.8
19191101 19191130     4.9
19191201 19191231   109.9
19200101 19200131    36.0
19200201 19200229     4.1
19200301 19200331    51.8
19200401 19200430    20.8
19200501 19200531     6.1
19200601 19200630   135.1
19200701 19200731   104.1
19200801 19200831   104.0
19200901 19200930    61.5
19201001 19201031    41.4
19201101 19201130    60.6
19201201 19201231   137.7
19210101 19210131    27.4
19210201 19210228    29.5
19210301 19210331    36.0
19210401 19210430    81.2
19210501 19210531    97.3
19210601 19210630    57.9
19210701 19210731    75.0
19210801 19210831    71.7
19210901 19210930    60.1
19211001 19211031    54.8
19211101 19211130    30.2
19211201 19211231    27.4
19220101 19220131    47.5
19220201 19220228    61.0
19220301 19220331    31.0
19220401 19220430   130.8
19220501 19220531    33.5
19220601 19220630    30.7
19220701 19220731   183.2
19220801 19220831    41.4
19220901 19220930    43.4
19221001 19221031    48.9
19221101 19221130     0.0
19221201 19221231   116.1
19230101 19230131    58.7
19230201 19230228     0.0
19230301 19230331    19.6
19230401 19230430     0.5
19230501 19230531    57.2
19230601 19230630   200.3
19230701 19230731   118.2
19230801 19230831    60.2
19230901 19230930   128.0
19231001 19231031   110.6
19231101 19231130    57.0
19231201 19231231    92.6
19240101 19240131    34.1
19240201 19240229   128.8
19240301 19240331     0.0
19240401 19240430    63.4
19240501 19240531    42.6
19240601 19240630    39.6
19240701 19240731    30.1
19240801 19240831    76.6
19240901 19240930    78.2
19241001 19241031    50.1
19241101 19241130   130.8
19241201 19241231    27.7
19250101 19250131    61.2
19250201 19250228    41.2
19250301 19250331    20.0
19250401 19250430    10.9
19250501 19250531   207.8
19250601 19250630   147.8
19250701 19250731    44.7
19250801 19250831    81.6
19250901 19250930    43.1
19251001 19251031    27.4
19251101 19251130    40.5
19251201 19251231     7.4
19260101 19260131    46.7
19260201 19260228    17.7
19260301 19260331   108.7
19260401 19260430    96.5
19260501 19260531    93.4
19260601 19260630    70.0
19260701 19260731    55.0
19260801 19260831    64.9
19260901 19260930    61.2
19261001 19261031    36.6
19261101 19261130    17.3
19261201 19261231    44.7
19270101 19270131    70.0
19270201 19270228     8.1
19270301 19270331    24.1
19270401 19270430     7.9
19270501 19270531    72.2
19270601 19270630    11.7
19270701 19270731    47.7
19270801 19270831    58.5
19270901 19270930    35.3
19271001 19271031    89.8
19271101 19271130    98.6
19271201 19271231     6.8
19280101 19280131    24.7
19280201 19280229   119.1
19280301 19280331   102.4
19280401 19280430    70.1
19280501 19280531    40.7
19280601 19280630    64.8
19280701 19280731    78.5
19280801 19280831    22.1
19280901 19280930    31.9
19281001 19281031    47.7
19281101 19281130    21.1
19281201 19281231     1.8
19290101 19290131    13.4
19290201 19290228    52.0
19290301 19290331    82.5
19290401 19290430    49.8
19290501 19290531    17.1
19290601 19290630    49.0
19290701 19290731    22.7
19290801 19290831    84.8
19290901 19290930    35.5
19291001 19291031    25.6
19291101 19291130    74.1
19291201 19291231   112.5
19300101 19300131     7.6
19300201 19300228     9.7
19300301 19300331     0.5
19300401 19300430    50.3
19300501 19300531    45.1
19300601 19300630    74.4
19300701 19300731    63.3
19300801 19300831    87.0
19300901 19300930    46.9
19301001 19301031   139.1
19301101 19301130    35.2
19301201 19301231    65.0
19310101 19310131    35.2
19310201 19310228    16.3
19310301 19310331   142.9
19310401 19310430    77.7
19310501 19310531   199.4
19310601 19310630   149.9
19310701 19310731    48.4
19310801 19310831    63.4
19310901 19310930    85.0
19311001 19311031    31.8
19311101 19311130    51.1
19311201 19311231    58.7
19320101 19320131     0.0
19320201 19320229    10.5
19320301 19320331    96.8
19320401 19320430    60.7
19320501 19320531    19.5
19320601 19320630    68.6
19320701 19320731    50.0
19320801 19320831    86.1
19320901 19320930    11.5
19321001 19321031    17.8
19321101 19321130    91.1
19321201 19321231    25.9
19330101 19330131    28.7
19330201 19330228     0.0
19330301 19330331    13.2
19330401 19330430    44.6
19330501 19330531    47.0
19330601 19330630    28.3
19330701 19330731    73.8
19330801 19330831    23.4
19330901 19330930    78.2
19331001 19331031    29.6
19331101 19331130    40.7
19331201 19331231    97.6
19340101 19340131    95.2
19340201 19340228   148.7
19340301 19340331     1.8
19340401 19340430   117.9
19340501 19340531     0.0
19340601 19340630    59.1
19340701 19340731    87.9
19340801 19340831   123.7
19340901 19340930    44.9
19341001 19341031   151.9
19341101 19341130   106.6
19341201 19341231    25.9
19350101 19350131    63.0
19350201 19350228    44.5
19350301 19350331    25.1
19350401 19350430   134.2
19350501 19350531     9.1
19350601 19350630    22.0
19350701 19350731    67.0
19350801 19350831    50.5
19350901 19350930    53.5
19351001 19351031    75.0
19351101 19351130    24.9
19351201 19351231    42.2
19360101 19360131    82.0
19360201 19360229    84.5
19360301 19360331    75.4
19360401 19360430    51.9
19360501 19360531    22.8
19360601 19360630   111.6
19360701 19360731   139.6
19360801 19360831    65.1
19360901 19360930    25.4
19361001 19361031    32.5
19361101 19361130    17.0
19361201 19361231   102.1
19370101 19370131    65.5
19370201 19370228     1.5
19370301 19370331    99.1
19370401 19370430    22.6
19370501 19370531    27.2
19370601 19370630    24.7
19370701 19370731    16.0
19370801 19370831    53.7
19370901 19370930    86.2
19371001 19371031    96.9
19371101 19371130    58.9
19371201 19371231    53.3
19380101 19380131    72.7
19380201 19380228    39.7
19380301 19380331     9.9
19380401 19380430    66.2
19380501 19380531    30.2
19380601 19380630    60.8
19380701 19380731    42.7
19380801 19380831    97.0
19380901 19380930    26.3
19381001 19381031   103.2
19381101 19381130    15.0
19381201 19381231     2.3
19390101 19390131    17.0
19390201 19390228    35.9
19390301 19390331    75.2
19390401 19390430    92.1
19390501 19390531    21.3
19390601 19390630   111.9
19390701 19390731    17.8
19390801 19390831   135.8
19390901 19390930    24.2
19391001 19391031    62.3
19391101 19391130    77.3
19391201 19391231    42.5
19400101 19400131    18.3
19400201 19400229     0.0
19400301 19400331     3.8
19400401 19400430   142.1
19400501 19400531    36.6
19400601 19400630    16.9
19400701 19400731    19.6
19400801 19400831    21.9
19400901 19400930    70.7
19401001 19401031    12.7
19401101 19401130    26.6
19401201 19401231    57.9
19410101 19410131   185.4
19410201 19410228    98.2
19410301 19410331    27.4
19410401 19410430     8.1
19410501 19410531    51.8
19410601 19410630    75.9
19410701 19410731    40.8
19410801 19410831    26.9
19410901 19410930    76.9
19411001 19411031    35.3
19411101 19411130    54.4
19411201 19411231    31.5
19420101 19420131    12.9
19420201 19420228   106.1
19420301 19420331    26.4
19420401 19420430     8.9
19420501 19420531   149.2
19420601 19420630    88.7
19420701 19420731    46.0
19420801 19420831    69.4
19420901 19420930    74.7
19421001 19421031    39.1
19421101 19421130   115.0
19421201 19421231    16.7
19430101 19430131    80.5
19430201 19430228    11.6
19430301 19430331     5.6
19430401 19430430   105.3
19430501 19430531    85.5
19430601 19430630    36.4
19430701 19430731    66.7
19430801 19430831    97.2
19430901 19430930    54.0
19431001 19431031    71.8
19431101 19431130    86.9
19431201 19431231    26.1
19440101 19440131     9.7
19440201 19440229     1.3
19440301 19440331    17.2
19440401 19440430    31.7
19440501 19440531    62.2
19440601 19440630     7.6
19440701 19440731    24.1
19440801 19440831    20.9
19440901 19440930    16.6
19441001 19441031    31.0
19441101 19441130    24.4
19441201 19441231     8.4
19450101 19450131    32.1
19450201 19450228    41.2
19450301 19450331    20.9
19450401 19450430    29.7
19450501 19450531    28.1
19450601 19450630    81.2
19450701 19450731    38.3
19450801 19450831    71.7
19450901 19450930    30.4
19451001 19451031    52.9
19451101 19451130    91.9
19451201 19451231    16.7
19460101 19460131    74.2
19460201 19460228    85.0
19460301 19460331    36.6
19460401 19460430    38.9
19460501 19460531    24.0
19460601 19460630    32.5
19460701 19460731    72.9
19460801 19460831    42.2
19460901 19460930    10.4
19461001 19461031    38.7
19461101 19461130    93.0
19461201 19461231    37.1
19470101 19470131     0.6
19470201 19470228    58.1
19470301 19470331    24.4
19470401 19470430    44.3
19470501 19470531    29.5
19470601 19470630    51.7
19470701 19470731    98.2
19470801 19470831    56.4
19470901 19470930    81.4
19471001 19471031    71.2
19471101 19471130    59.0
19471201 19471231   226.6
19480101 19480131    82.7
19480201 19480229   158.2
19480301 19480331    10.4
19480401 19480430    57.7
19480501 19480531    88.3
19480601 19480630    76.7
19480701 19480731    16.7
19480801 19480831    34.5
19480901 19480930    60.2
19481001 19481031    58.0
19481101 19481130    18.2
19481201 19481231    79.0
19490101 19490131    12.9
19490201 19490228    59.8
19490301 19490331   132.1
19490401 19490430    20.3
19490501 19490531    85.1
19490601 19490630    50.3
19490701 19490731    69.7
19490801 19490831    16.3
19490901 19490930    79.7
19491001 19491031   142.1
19491101 19491130   109.6
19491201 19491231    53.9
19500101 19500131   103.4
19500201 19500228   126.4
19500301 19500331   263.4
19500401 19500430    83.3
19500501 19500531   102.9
19500601 19500630    79.2
19500701 19500731   138.8
19500801 19500831    84.0
19500901 19500930    47.1
19501001 19501031   175.3
19501101 19501130   110.1
19501201 19501231    11.7
19510101 19510131    30.8
19510201 19510228    14.6
19510301 19510331    17.0
19510401 19510430    48.6
19510501 19510531    61.9
19510601 19510630    96.7
19510701 19510731    77.9
19510801 19510831   125.6
19510901 19510930    87.8
19511001 19511031    90.4
19511101 19511130    36.9
19511201 19511231    65.2
19520101 19520131    50.9
19520201 19520229     5.6
19520301 19520331   195.6
19520401 19520430   170.3
19520501 19520531   174.6
19520601 19520630   179.3
19520701 19520731    57.6
19520801 19520831    82.9
19520901 19520930    58.7
19521001 19521031   134.9
19521101 19521130    61.3
19521201 19521231   102.2
19530101 19530131    50.3
19530201 19530228    17.5
19530301 19530331     8.3
19530401 19530430    31.4
19530501 19530531    85.6
19530601 19530630    64.4
19530701 19530731    37.6
19530801 19530831    49.0
19530901 19530930    49.5
19531001 19531031    83.4
19531101 19531130    75.8
19531201 19531231    27.5
19540101 19540131    57.4
19540201 19540228    47.9
19540301 19540331     0.5
19540401 19540430    59.1
19540501 19540531    13.5
19540601 19540630    50.8
19540701 19540731    28.9
19540801 19540831    38.8
19540901 19540930    21.9
19541001 19541031    75.0
19541101 19541130   132.1
19541201 19541231    50.4
19550101 19550131    32.5
19550201 19550228   156.6
19550301 19550331    32.8
19550401 19550430    28.7
19550501 19550531   105.3
19550601 19550630    86.6
19550701 19550731    70.0
19550801 19550831   140.9
19550901 19550930    49.5
19551001 19551031    97.1
19551101 19551130    85.2
19551201 19551231    42.4
19560101 19560131    93.6
19560201 19560229    35.3
19560301 19560331   223.5
19560401 19560430   156.7
19560501 19560531   109.0
19560601 19560630   169.7
19560701 19560731   130.1
19560801 19560831    87.0
19560901 19560930    76.4
19561001 19561031   125.3
19561101 19561130    31.5
19561201 19561231    13.7
19570101 19570131     2.5
19570201 19570228    56.4
19570301 19570331    47.9
19570401 19570430    36.8
19570501 19570531     4.1
19570601 19570630    42.1
19570701 19570731    59.5
19570801 19570831    50.6
19570901 19570930    20.3
19571001 19571031    22.1
19571101 19571130    22.1
19571201 19571231    66.5
19580101 19580131    94.0
19580201 19580228    50.1
19580301 19580331    57.9
19580401 19580430    17.1
19580501 19580531    71.7
19580601 19580630    84.5
19580701 19580731   102.6
19580801 19580831   110.4
19580901 19580930    43.8
19581001 19581031   102.1
19581101 19581130    39.4
19581201 19581231    55.1
19590101 19590131    65.0
19590201 19590228   111.7
19590301 19590331    77.5
19590401 19590430    76.0
19590501 19590531    23.6
19590601 19590630    92.1
19590701 19590731    84.5
19590801 19590831    28.6
19590901 19590930    37.3
19591001 19591031   125.9
19591101 19591130    83.4
19591201 19591231     7.0
19600101 19600131    77.3
19600201 19600229    66.4
19600301 19600331    34.5
19600401 19600430    34.1
19600501 19600531   161.2
19600601 19600630    21.0
19600701 19600731   189.3
19600801 19600831    84.2
19600901 19600930   131.2
19601001 19601031    51.7
19601101 19601130    49.6
19601201 19601231    88.7
19610101 19610131    48.5
19610201 19610228    49.8
19610301 19610331    60.9
19610401 19610430    76.9
19610501 19610531    10.2
19610601 19610630    59.7
19610701 19610731   108.6
19610801 19610831    63.9
19610901 19610930    49.8
19611001 19611031    84.9
19611101 19611130   188.4
19611201 19611231   160.7
19620101 19620131   107.3
19620201 19620228    42.4
19620301 19620331    26.5
19620401 19620430    19.1
19620501 19620531    69.4
19620601 19620630    20.2
19620701 19620731    47.0
19620801 19620831    75.9
19620901 19620930    68.9
19621001 19621031    48.8
19621101 19621130    30.0
19621201 19621231   193.1
19630101 19630131    79.5
19630201 19630228    20.8
19630301 19630331    43.7
19630401 19630430    19.8
19630501 19630531    73.1
19630601 19630630    63.7
19630701 19630731    61.9
19630801 19630831    69.4
19630901 19630930    54.6
19631001 19631031    41.6
19631101 19631130    33.8
19631201 19631231    58.1
19640101 19640131    35.3
19640201 19640229    12.8
19640301 19640331    61.2
19640401 19640430    57.5
19640501 19640531    43.0
19640601 19640630    51.4
19640701 19640731    99.9
19640801 19640831    53.7
19640901 19640930    95.0
19641001 19641031   145.0
19641101 19641130     4.8
19641201 19641231    50.7
19650101 19650131     0.0
19650201 19650228     0.5
19650301 19650331    13.0
19650401 19650430    51.1
19650501 19650531    36.4
19650601 19650630    22.1
19650701 19650731    32.9
19650801 19650831    68.4
19650901 19650930    66.0
19651001 19651031   105.5
19651101 19651130    44.9
19651201 19651231    70.9
19660101 19660131    35.6
19660201 19660228    43.5
19660301 19660331    79.2
19660401 19660430    13.5
19660501 19660531    41.2
19660601 19660630    62.2
19660701 19660731    48.5
19660801 19660831    56.6
19660901 19660930    67.8
19661001 19661031    87.5
19661101 19661130    79.4
19661201 19661231    97.1
19670101 19670131    94.4
19670201 19670228     6.9
19670301 19670331    14.7
19670401 19670430     0.0
19670501 19670531    24.5
19670601 19670630    37.9
19670701 19670731    16.9
19670801 19670831    82.6
19670901 19670930    63.7
19671001 19671031    31.0
19671101 19671130    11.2
19671201 19671231     0.0
19680101 19680131    73.8
19680201 19680229     0.0
19680301 19680331    18.5
19680401 19680430    51.7
19680501 19680531   208.6
19680601 19680630    33.2
19680701 19680731    35.6
19680801 19680831    98.4
19680901 19680930    17.4
19681001 19681031    63.4
19681101 19681130    56.3
19681201 19681231   118.6
19690101 19690131    39.5
19690201 19690228   109.0
19690301 19690331   103.0
19690401 19690430   100.1
19690501 19690531    68.3
19690601 19690630    63.8
19690701 19690731    72.3
19690801 19690831    54.2
19690901 19690930    54.1
19691001 19691031   140.4
19691101 19691130    35.9
19691201 19691231    29.8
19700101 19700131   140.4
19700201 19700228    30.7
19700301 19700331    55.6
19700401 19700430    74.2
19700501 19700531    67.9
19700601 19700630    41.7
19700701 19700731    17.8
19700801 19700831    79.6
19700901 19700930   146.9
19701001 19701031    61.7
19701101 19701130    71.6
19701201 19701231    64.3
19710101 19710131    70.4
19710201 19710228    92.5
19710301 19710331     9.2
19710401 19710430    27.2
19710501 19710531    50.1
19710601 19710630    21.7
19710701 19710731    42.5
19710801 19710831    59.4
19710901 19710930    40.0
19711001 19711031    27.6
19711101 19711130    96.4
19711201 19711231   169.0
19720101 19720131    92.8
19720201 19720229    52.9
19720301 19720331    12.2
19720401 19720430    54.2
19720501 19720531    47.3
19720601 19720630     8.8
19720701 19720731    25.2
19720801 19720831    85.8
19720901 19720930    21.2
19721001 19721031    79.4
19721101 19721130    45.7
19721201 19721231    12.5
19730101 19730131    25.8
19730201 19730228   155.2
19730301 19730331    41.0
19730401 19730430    19.1
19730501 19730531    65.1
19730601 19730630    81.6
19730701 19730731    73.8
19730801 19730831    99.7
19730901 19730930    54.1
19731001 19731031   139.9
19731101 19731130    89.2
19731201 19731231    84.8
19740101 19740131    82.2
19740201 19740228   146.6
19740301 19740331    10.2
19740401 19740430   233.0
19740501 19740531    44.6
19740601 19740630    25.0
19740701 19740731   119.8
19740801 19740831   147.0
19740901 19740930   107.2
19741001 19741031   152.0
19741101 19741130    38.6
19741201 19741231     3.2
19750101 19750131    43.4
19750201 19750228    78.2
19750301 19750331    82.0
19750401 19750430    26.2
19750501 19750531    33.4
19750601 19750630    43.1
19750701 19750731    82.3
19750801 19750831    71.6
19750901 19750930    92.2
19751001 19751031   130.2
19751101 19751130    12.2
19751201 19751231    52.3
19760101 19760131   107.0
19760201 19760229    36.8
19760301 19760331    26.5
19760401 19760430    21.6
19760501 19760531     7.4
19760601 19760630    21.1
19760701 19760731    50.6
19760801 19760831    37.4
19760901 19760930    75.0
19761001 19761031   153.2
19761101 19761130    57.0
19761201 19761231    14.6
19770101 19770131    22.0
19770201 19770228    74.8
19770301 19770331    58.2
19770401 19770430    49.2
19770501 19770531   105.0
19770601 19770630    73.2
19770701 19770731    29.4
19770801 19770831    26.6
19770901 19770930    93.6
19771001 19771031     1.8
19771101 19771130    11.4
19771201 19771231    21.4
19780101 19780131   153.8
19780201 19780228     3.6
19780301 19780331    72.8
19780401 19780430    61.2
19780501 19780531    91.6
19780601 19780630    69.6
19780701 19780731    81.8
19780801 19780831    41.6
19780901 19780930   146.4
19781001 19781031    43.0
19781101 19781130   106.4
19781201 19781231    77.4
19790101 19790131     5.6
19790201 19790228     3.6
19790301 19790331    60.8
19790401 19790430    77.6
19790501 19790531    35.2
19790601 19790630    10.2
19790701 19790731    38.4
19790801 19790831    56.8
19790901 19790930    65.4
19791001 19791031    50.2
19791101 19791130    56.0
19791201 19791231     0.8
19800101 19800131    60.4
19800201 19800229    64.6
19800301 19800331    31.6
19800401 19800430    12.0
19800501 19800531    63.2
19800601 19800630    63.4
19800701 19800731    61.8
19800801 19800831    35.8
19800901 19800930    42.4
19801001 19801031    69.2
19801101 19801130    14.6
19801201 19801231    38.0
19810101 19810131    15.2
19810201 19810228   106.8
19810301 19810331     4.0
19810401 19810430    42.4
19810501 19810531    76.4
19810601 19810630   122.4
19810701 19810731   121.2
19810801 19810831    82.9
19810901 19810930    32.8
19811001 19811031    51.8
19811101 19811130    73.6
19811201 19811231    65.6
19820101 19820131     9.8
19820201 19820228     3.6
19820301 19820331   148.2
19820401 19820430    21.6
19820501 19820531     6.1
19820601 19820630    22.2
19820701 19820731     5.0
19820801 19820831    15.8
19820901 19820930    55.0
19821001 19821031    15.8
19821101 19821130     0.4
19821201 19821231    22.0
19830101 19830131    37.0
19830201 19830228    21.6
19830301 19830331    59.2
19830401 19830430    55.0
19830501 19830531   120.4
19830601 19830630    44.2
19830701 19830731    55.4
19830801 19830831    43.8
19830901 19830930    91.0
19831001 19831031   142.2
19831101 19831130    92.8
19831201 19831231   106.0
19840101 19840131   170.6
19840201 19840229    24.8
19840301 19840331    40.6
19840401 19840430   144.0
19840501 19840531    58.0
19840601 19840630    16.6
19840701 19840731   160.8
19840801 19840831   113.0
19840901 19840930    73.6
19841001 19841031    45.6
19841101 19841130    25.4
19841201 19841231    16.8
19850101 19850131    16.6
19850201 19850228     0.2
19850301 19850331    61.8
19850401 19850430    77.4
19850501 19850531    60.8
19850601 19850630    35.4
19850701 19850731    46.4
19850801 19850831   130.6
19850901 19850930    71.6
19851001 19851031    58.6
19851101 19851130    74.6
19851201 19851231    44.4
19860101 19860131    31.6
19860201 19860228     1.4
19860301 19860331     0.8
19860401 19860430    51.4
19860501 19860531    58.8
19860601 19860630    29.2
19860701 19860731   130.2
19860801 19860831    58.2
19860901 19860930    76.4
19861001 19861031   101.6
19861101 19861130    97.0
19861201 19861231    47.8
19870101 19870131    38.2
19870201 19870228    26.8
19870301 19870331    54.8
19870401 19870430    15.4
19870501 19870531    59.6
19870601 19870630    62.2
19870701 19870731    61.8
19870801 19870831    68.0
19870901 19870930    51.6
19871001 19871031    57.6
19871101 19871130    38.8
19871201 19871231    50.0
19880101 19880131    19.2
19880201 19880229    30.6
19880301 19880331    37.0
19880401 19880430   111.8
19880501 19880531    89.2
19880601 19880630    55.2
19880701 19880731    89.2
19880801 19880831    83.6
19880901 19880930    53.8
19881001 19881031    37.2
19881101 19881130    94.4
19881201 19881231   128.0
19890101 19890131    20.0
19890201 19890228     1.2
19890301 19890331   246.4
19890401 19890430   146.6
19890501 19890531    94.6
19890601 19890630    40.0
19890701 19890731    53.6
19890801 19890831    75.2
19890901 19890930    28.2
19891001 19891031    43.4
19891101 19891130    36.4
19891201 19891231    27.2
19900101 19900131    68.0
19900201 19900228    84.4
19900301 19900331     0.6
19900401 19900430   181.0
19900501 19900531   105.8
19900601 19900630    49.2
19900701 19900731    93.6
19900801 19900831    99.8
19900901 19900930    38.2
19901001 19901031    63.2
19901101 19901130    15.2
19901201 19901231     8.2
19910101 19910131    63.6
19910201 19910228    37.8
19910301 19910331    19.8
19910401 19910430    16.8
19910501 19910531    24.2
19910601 19910630   162.2
19910701 19910731    96.0
19910801 19910831   111.4
19910901 19910930    59.2
19911001 19911031    22.4
19911101 19911130    35.8
19911201 19911231    89.0
19920101 19920131   123.4
19920201 19920229    97.0
19920301 19920331    26.4
19920401 19920430    25.0
19920501 19920531    39.0
19920601 19920630    51.0
19920701 19920731    31.0
19920801 19920831   120.4
19920901 19920930    78.6
19921001 19921031   136.4
19921101 19921130    82.4
19921201 19921231    75.6
19930101 19930131    35.6
19930201 19930228    25.4
19930301 19930331    98.8
19930401 19930430     1.4
19930501 19930531    45.8
19930601 19930630    48.2
19930701 19930731   188.0
19930801 19930831    38.2
19930901 19930930   113.2
19931001 19931031   123.4
19931101 19931130    92.6
19931201 19931231    64.2
19940101 19940131    39.2
19940201 19940228    49.8
19940301 19940331    45.8
19940401 19940430    56.2
19940501 19940531    16.2
19940601 19940630    75.8
19940701 19940731    45.2
19940801 19940831    23.8
19940901 19940930    13.2
19941001 19941031    43.0
19941101 19941130    81.0
19941201 19941231    36.2
19950101 19950131   133.4
19950201 19950228     0.8
19950301 19950331     0.0
19950401 19950430    21.2
19950501 19950531   184.6
19950601 19950630    71.8
19950701 19950731   116.4
19950801 19950831    15.0
19950901 19950930    78.8
19951001 19951031    71.2
19951101 19951130   137.6
19951201 19951231    70.0
19960101 19960131   116.4
19960201 19960229    33.8
19960301 19960331    36.6
19960401 19960430    19.2
19960501 19960531    52.0
19960601 19960630    79.2
19960701 19960731   128.4
19960801 19960831    71.0
19960901 19960930   130.6
19961001 19961031    64.0
19961101 19961130    69.6
19961201 19961231    81.2
19970101 19970131    23.8
19970201 19970228    13.8
19970301 19970331    16.4
19970401 19970430     0.0
19970501 19970531    46.4
19970601 19970630   103.0
19970701 19970731    27.6
19970801 19970831    39.6
19970901 19970930   119.2
19971001 19971031    29.2
19971101 19971130    48.4
19971201 19971231     9.8
19980101 19980131    41.4
19980201 19980228    44.4
19980301 19980331     1.4
19980401 19980430    84.6
19980501 19980531    29.0
19980601 19980630   128.4
19980701 19980731   114.6
19980801 19980831   129.0
19980901 19980930    54.8
19981001 19981031    82.8
19981101 19981130    88.0
19981201 19981231    15.8
19990101 19990131    75.0
19990201 19990228    33.2
19990301 19990331   101.0
19990401 19990430    41.6
19990501 19990531    22.0
19990601 19990630    49.8
19990701 19990731    32.6
19990801 19990831    54.6
19990901 19990930    58.6
19991001 19991031   149.8
19991101 19991130    36.2
19991201 19991231   120.0
20000101 20000131    36.4
20000201 20000229    15.4
20000301 20000331    50.6
20000401 20000430    46.6
20000501 20000531    73.8
20000601 20000630    53.4
20000701 20000731    50.4
20000801 20000831   110.6
20000901 20000930    66.0
20001001 20001031    64.6
20001101 20001130   102.6
20001201 20001231    15.0
20010101 20010131    23.8
20010201 20010228    54.4
20010301 20010331    95.0
20010401 20010430    23.2
20010501 20010531     5.2
20010601 20010630    73.2
20010701 20010731    48.2
20010801 20010831    66.8
20010901 20010930    47.8
20011001 20011031    63.0
20011101 20011130    61.8
20011201 20011231    22.6
20020101 20020131    10.0
20020201 20020228   135.6
20020301 20020331    27.2
20020401 20020430    11.2
20020501 20020531    52.8
20020601 20020630    63.2
20020701 20020731    47.8
20020801 20020831    30.0
20020901 20020930    82.2
20021001 20021031     3.0
20021101 20021130     4.8
20021201 20021231    39.6
20030101 20030131    15.6
20030201 20030228    58.2
20030301 20030331    53.4
20030401 20030430    46.8
20030501 20030531    23.4
20030601 20030630   101.6
20030701 20030731    54.0
20030801 20030831    95.8
20030901 20030930    68.4
20031001 20031031    89.4
20031101 20031130    90.4
20031201 20031231   145.4
20040101 20040131    52.8
20040201 20040229    26.0
20040301 20040331     4.6
20040401 20040430    10.6
20040501 20040531    14.0
20040601 20040630    67.8
20040701 20040731    49.0
20040801 20040831    70.2
20040901 20040930    57.2
20041001 20041031    62.8
20041101 20041130    90.2
20041201 20041231    99.0
20050101 20050131    48.6
20050201 20050228    56.0
20050301 20050331    20.4
20050401 20050430     4.0
20050501 20050531     0.0
20050601 20050630    97.2
20050701 20050731   125.4
20050801 20050831    81.2
20050901 20050930   114.4
20051001 20051031    56.6
20051101 20051130    74.6
20051201 20051231    22.2
20060101 20060131    62.8
20060201 20060228     4.8
20060301 20060331    12.4
20060401 20060430    14.0
20060501 20060531     5.2
20060601 20060630    54.0
20060701 20060731    70.9
20060801 20060831    37.7
20060901 20060930    36.2
20061001 20061031     0.0
20061101 20061130    20.6
20061201 20061231    97.3
20070101 20070131     7.2
20070201 20070228    57.5
20070301 20070331    62.9
20070401 20070430    46.8
20070501 20070531    51.2
20070601 20070630   106.5
20070701 20070731    54.0
20070801 20070831     6.6
20070901 20070930    14.7
20071001 20071031    30.9
20071101 20071130    91.6
20071201 20071231   125.1
20080101 20080131    63.8
20080201 20080229    49.4
20080301 20080331    34.3
20080401 20080430    31.5
20080501 20080531    19.9
20080601 20080630    62.0
20080701 20080731    47.9
20080801 20080831    44.5
20080901 20080930    63.4
20081001 20081031    66.5
20081101 20081130    80.3
20081201 20081231    47.6
20090101 20090131    82.4
20090201 20090228    16.8
20090301 20090331    13.5
20090401 20090430    78.3
20090501 20090531     7.5
20090601 20090630    73.0
20090701 20090731    67.1
20090801 20090831    38.1
20090901 20090930    68.1
20091001 20091031    55.3
20091101 20091130    77.0
20091201 20091231   117.0
20100101 20100131    16.0
20100201 20100228   123.1
20100301 20100331    86.4
20100401 20100430    45.5
20100501 20100531    64.2
20100601 20100630    27.0
20100701 20100731    82.8
20100801 20100831   103.6
20100901 20100930    83.1
20101001 20101031    71.4
20101101 20101130   103.2
20101201 20101231   138.5
20110101 20110131    36.4
20110201 20110228   129.1
20110301 20110331    54.6
20110401 20110430    32.7
20110501 20110531    48.6
20110601 20110630    32.1
20110701 20110731    64.0
20110801 20110831    61.0
20110901 20110930    65.2
20111001 20111031    38.3
20111101 20111130   110.4
20111201 20111231    61.5
20120101 20120131    76.5
20120201 20120229   201.4
20120301 20120331   174.9
20120401 20120430    18.0
20120501 20120531    58.1
20120601 20120630    29.2
20120701 20120731    45.8
20120801 20120831    49.7
20120901 20120930    38.2
20121001 20121031    27.0
20121101 20121130    45.5
20121201 20121231    45.8
20130101 20130131    16.4
20130201 20130228    50.4
20130301 20130331    51.6
20130401 20130430    10.2
20130501 20130531    15.5
20130601 20130630   106.2
20130701 20130731    80.5
20130801 20130831    52.8
20130901 20130930    39.1
20131001 20131031    24.9
20131101 20131130    78.4
20131201 20131231    21.8
20140101 20140131    11.0
20140201 20140228    39.7
20140301 20140331   117.9
20140401 20140430    73.3
20140501 20140531    41.5
20140601 20140630    81.5
20140701 20140731    57.2
20140801 20140831    56.1
20140901 20140930    36.5
20141001 20141031    35.7
20141101 20141130    14.5
20141201 20141231   132.9
20150101 20150131    99.7
20150201 20150228    38.5
20150301 20150331    15.4
20150401 20150430    73.1
20150501 20150531    38.1
20150601 20150630    53.9
20150701 20150731    64.8
20150801 20150831   142.6
20150901 20150930    14.4
20151001 20151031    43.5
20151101 20151130    74.0
20151201 20151231    19.5
20160101 20160131    67.2
20160201 20160229    15.9
20160301 20160331    30.7
20160401 20160430     7.5
20160501 20160531   119.8
20160601 20160630   138.9
