PRCP       050031 18901001 20180131 missing_value=99999.9 PEAK HILL POST OFFICE                     
18901001 18901031    43.8
18901101 18901130    30.0
18901201 18901231    29.5
18910101 18910131   147.3
18910201 18910228    33.8
18910301 18910331    21.6
18910401 18910430    95.1
18910501 18910531    90.9
18910601 18910630    77.3
18910701 18910731    71.4
18910801 18910831    76.7
18910901 18910930   102.8
18911001 18911031    55.6
18911101 18911130    29.5
18911201 18911231    17.7
18920101 18920131    88.2
18920201 18920229     0.0
18920301 18920331    44.9
18920401 18920430    51.6
18920501 18920531    74.1
18920601 18920630    41.0
18920701 18920731    56.2
18920801 18920831    35.9
18920901 18920930   116.6
18921001 18921031    95.9
18921101 18921130    29.7
18921201 18921231    60.7
18930101 18930131    44.5
18930201 18930228    51.6
18930301 18930331    67.7
18930401 18930430    32.3
18930501 18930531    93.0
18930601 18930630    48.8
18930701 18930731    36.6
18930801 18930831    34.1
18930901 18930930    23.9
18931001 18931031    22.5
18931101 18931130    76.6
18931201 18931231    27.2
18940101 18940131    63.2
18940201 18940228    27.6
18940301 18940331   160.9
18940401 18940430   140.5
18940501 18940531    36.9
18940601 18940630    53.8
18940701 18940731    34.2
18940801 18940831    29.5
18940901 18940930    50.0
18941001 18941031    48.4
18941101 18941130     5.6
18941201 18941231    71.1
18950101 18950131   157.8
18950201 18950228    98.1
18950301 18950331     0.0
18950401 18950430     3.3
18950501 18950531    28.8
18950601 18950630    26.9
18950701 18950731    31.8
18950801 18950831    37.7
18950901 18950930    52.6
18951001 18951031    42.7
18951101 18951130    25.6
18951201 18951231    49.1
18960101 18960131    22.1
18960201 18960229   142.6
18960301 18960331    17.3
18960401 18960430    22.1
18960501 18960531    76.3
18960601 18960630    23.6
18960701 18960731    16.8
18960801 18960831    43.0
18960901 18960930     8.1
18961001 18961031    10.7
18961101 18961130    50.1
18961201 18961231    26.7
18970101 18970131    72.1
18970201 18970228     1.3
18970301 18970331     4.6
18970401 18970430     1.6
18970501 18970531    57.7
18970601 18970630    78.2
18970701 18970731    65.8
18970801 18970831    32.3
18970901 18970930    57.7
18971001 18971031    12.7
18971101 18971130    11.9
18971201 18971231     9.7
18980101 18980131    98.3
18980201 18980228    52.1
18980301 18980331    20.9
18980401 18980430     0.0
18980501 18980531    39.7
18980601 18980630   111.9
18980701 18980731    21.9
18980801 18980831    78.4
18980901 18980930    21.0
18981001 18981031    41.4
18981101 18981130     9.9
18981201 18981231    43.5
18990101 18990131    12.2
18990201 18990228    12.7
18990301 18990331    26.7
18990401 18990430    80.8
18990501 18990531     8.4
18990601 18990630    51.8
18990701 18990731    62.8
18990801 18990831    49.0
18990901 18990930    36.6
18991001 18991031    37.3
18991101 18991130    20.7
18991201 18991231     2.3
19000101 19000131    66.3
19000201 19000228     4.6
19000301 19000331   195.6
19000401 19000430    75.3
19000501 19000531    62.5
19000601 19000630    43.7
19000701 19000731    77.5
19000801 19000831    19.1
19000901 19000930    29.2
19001001 19001031    14.5
19001101 19001130    11.5
19001201 19001231    19.6
19010101 19010131    34.8
19010201 19010228     1.5
19010301 19010331    86.6
19010401 19010430    89.7
19010501 19010531    22.6
19010601 19010630    29.2
19010701 19010731    20.2
19010801 19010831   107.1
19010901 19010930    19.8
19011001 19011031    88.8
19011101 19011130     3.8
19011201 19011231     4.1
19020101 19020131    12.7
19020201 19020228     5.6
19020301 19020331    36.6
19020401 19020430     0.0
19020501 19020531     0.8
19020601 19020630    10.4
19020701 19020731    31.7
19020801 19020831    38.7
19020901 19020930    28.0
19021001 19021031    44.5
19021101 19021130    29.0
19021201 19021231    87.4
19030101 19030131     2.0
19030201 19030228     1.8
19030301 19030331    40.8
19030401 19030430    84.2
19030501 19030531    42.7
19030601 19030630    19.3
19030701 19030731    16.5
19030801 19030831    16.0
19030901 19030930    46.6
19031001 19031031    23.6
19031101 19031130    17.8
19031201 19031231    75.7
19040101 19040131    43.0
19040201 19040229    43.2
19040301 19040331    43.9
19040401 19040430     3.5
19040501 19040531    26.6
19040601 19040630    12.5
19040701 19040731   123.4
19040801 19040831    25.7
19040901 19040930     8.6
19041001 19041031    44.1
19041101 19041130     7.1
19041201 19041231    63.3
19050101 19050131     6.9
19050201 19050228    47.7
19050301 19050331    37.6
19050401 19050430   181.2
19050501 19050531    55.1
19050601 19050630    25.4
19050701 19050731    45.9
19050801 19050831    38.4
19050901 19050930    11.4
19051001 19051031    68.4
19051101 19051130    23.1
19051201 19051231     8.1
19060101 19060131     2.3
19060201 19060228    19.4
19060301 19060331   121.2
19060401 19060430    13.0
19060501 19060531    33.5
19060601 19060630    41.4
19060701 19060731    16.5
19060801 19060831    79.9
19060901 19060930    74.4
19061001 19061031    78.1
19061101 19061130    22.3
19061201 19061231    42.9
19070101 19070131    98.1
19070201 19070228    10.7
19070301 19070331    61.5
19070401 19070430    13.2
19070501 19070531     7.4
19070601 19070630    32.5
19070701 19070731    41.9
19070801 19070831    68.8
19070901 19070930    19.1
19071001 19071031    13.7
19071101 19071130    75.7
19071201 19071231    69.3
19080101 19080131    25.1
19080201 19080229    89.0
19080301 19080331     0.0
19080401 19080430    10.2
19080501 19080531    15.6
19080601 19080630    28.6
19080701 19080731    21.4
19080801 19080831    22.3
19080901 19080930    34.5
19081001 19081031    11.9
19081101 19081130    49.8
19081201 19081231    32.5
19090101 19090131    53.1
19090201 19090228    79.7
19090301 19090331    50.3
19090401 19090430    47.5
19090501 19090531    22.5
19090601 19090630    58.2
19090701 19090731    11.2
19090801 19090831    66.5
19090901 19090930    36.1
19091001 19091031    22.7
19091101 19091130    17.5
19091201 19091231    52.9
19100101 19100131   218.8
19100201 19100228     0.0
19100301 19100331    71.9
19100401 19100430     0.0
19100501 19100531    33.5
19100601 19100630    55.9
19100701 19100731    32.7
19100801 19100831     6.6
19100901 19100930    35.4
19101001 19101031    20.5
19101101 19101130    30.8
19101201 19101231    85.1
19110101 19110131   189.4
19110201 19110228    57.2
19110301 19110331    30.0
19110401 19110430     0.0
19110501 19110531    45.5
19110601 19110630    30.5
19110701 19110731    45.4
19110801 19110831    13.2
19110901 19110930    49.6
19111001 19111031    10.9
19111101 19111130    90.5
19111201 19111231   114.6
19120101 19120131    17.0
19120201 19120229    13.0
19120301 19120331     5.6
19120401 19120430     1.0
19120501 19120531     0.0
19120601 19120630    45.0
19120701 19120731   142.2
19120801 19120831    94.2
19120901 19120930    21.3
19121001 19121031    23.4
19121101 19121130     4.6
19121201 19121231    18.5
19130101 19130131    31.2
19130201 19130228    43.7
19130301 19130331    88.1
19130401 19130430    40.6
19130501 19130531    59.4
19130601 19130630    64.8
19130701 19130731     7.7
19130801 19130831    15.8
19130901 19130930    11.6
19131001 19131031    34.0
19131101 19131130     1.0
19131201 19131231    17.3
19140101 19140131    52.8
19140201 19140228    68.1
19140301 19140331    98.9
19140401 19140430    13.8
19140501 19140531    77.5
19140601 19140630    29.2
19140701 19140731    46.5
19140801 19140831     0.0
19140901 19140930    27.4
19141001 19141031    21.5
19141101 19141130    36.2
19141201 19141231    86.9
19150101 19150131    14.8
19150201 19150228     5.3
19150301 19150331    15.5
19150401 19150430    40.6
19150501 19150531    80.8
19150601 19150630    62.2
19150701 19150731    57.6
19150801 19150831    35.3
19150901 19150930    23.6
19151001 19151031    57.4
19151101 19151130     1.0
19151201 19151231    22.6
19160101 19160131    52.0
19160201 19160229     9.4
19160301 19160331     9.1
19160401 19160430   188.0
19160501 19160531    12.0
19160601 19160630   186.5
19160701 19160731   120.5
19160801 19160831    76.9
19160901 19160930    64.8
19161001 19161031    91.0
19161101 19161130    67.9
19161201 19161231   103.9
19170101 19170131    93.2
19170201 19170228    27.2
19170301 19170331    29.7
19170401 19170430     2.0
19170501 19170531    11.9
19170601 19170630    59.7
19170701 19170731    67.9
19170801 19170831    85.6
19170901 19170930    36.6
19171001 19171031    71.7
19171101 19171130   116.3
19171201 19171231    28.0
19180101 19180131    85.8
19180201 19180228    17.0
19180301 19180331    15.8
19180401 19180430    17.1
19180501 19180531    31.0
19180601 19180630    34.2
19180701 19180731    39.8
19180801 19180831    96.2
19180901 19180930     6.6
19181001 19181031    22.0
19181101 19181130     3.0
19181201 19181231     5.6
19190101 19190131     6.6
19190201 19190228    61.5
19190301 19190331     0.0
19190401 19190430     9.1
19190501 19190531    88.3
19190601 19190630    11.5
19190701 19190731     3.6
19190801 19190831    27.2
19190901 19190930    22.9
19191001 19191031     2.1
19191101 19191130     3.1
19191201 19191231    92.1
19200101 19200131    20.2
19200201 19200229    29.2
19200301 19200331    56.7
19200401 19200430     4.1
19200501 19200531     1.3
19200601 19200630   123.7
19200701 19200731    70.3
19200801 19200831    50.6
19200901 19200930    47.6
19201001 19201031    32.9
19201101 19201130    25.6
19201201 19201231   125.8
19210101 19210131    45.0
19210201 19210228    17.1
19210301 19210331    47.5
19210401 19210430    64.5
19210501 19210531    50.2
19210601 19210630    35.0
19210701 19210731    50.4
19210801 19210831    37.5
19210901 19210930    24.9
19211001 19211031    20.7
19211101 19211130    75.4
19211201 19211231    69.4
19220101 19220131    35.4
19220201 19220228     3.9
19220301 19220331     0.0
19220401 19220430    29.0
19220501 19220531    23.9
19220601 19220630    32.9
19220701 19220731    39.4
19220801 19220831    14.8
19220901 19220930    15.6
19221001 19221031    15.3
19221101 19221130     0.0
19221201 19221231    45.4
19230101 19230131    11.9
19230201 19230228     0.8
19230301 19230331    23.2
19230401 19230430     4.3
19230501 19230531    11.2
19230601 19230630   130.7
19230701 19230731    54.8
19230801 19230831    12.5
19230901 19230930    16.0
19231001 19231031    35.5
19231101 19231130    28.4
19231201 19231231    31.5
19240101 19240131    13.8
19240201 19240229    43.8
19240301 19240331     4.8
19240401 19240430    50.9
19240501 19240531    20.9
19240601 19240630    69.1
19240701 19240731    52.3
19240801 19240831    36.8
19240901 19240930    92.5
19241001 19241031    27.0
19241101 19241130   124.3
19241201 19241231    45.0
19250101 19250131   116.6
19250201 19250228    56.7
19250301 19250331    27.9
19250401 19250430     3.0
19250501 19250531    52.7
19250601 19250630   161.9
19250701 19250731    36.0
19250801 19250831    25.9
19250901 19250930     9.5
19251001 19251031    25.2
19251101 19251130   111.7
19251201 19251231     8.6
19260101 19260131    33.9
19260201 19260228    15.3
19260301 19260331   130.5
19260401 19260430   109.2
19260501 19260531    69.7
19260601 19260630    27.1
19260701 19260731    28.7
19260801 19260831    29.2
19260901 19260930    33.0
19261001 19261031     9.0
19261101 19261130     0.0
19261201 19261231    65.4
19270101 19270131    85.9
19270201 19270228     6.8
19270301 19270331    81.6
19270401 19270430    40.4
19270501 19270531     9.7
19270601 19270630    24.2
19270701 19270731     1.1
19270801 19270831    26.2
19270901 19270930    55.9
19271001 19271031    44.5
19271101 19271130    68.6
19271201 19271231    74.2
19280101 19280131    75.9
19280201 19280229   191.9
19280301 19280331    38.6
19280401 19280430    83.1
19280501 19280531    15.2
19280601 19280630    46.6
19280701 19280731    52.3
19280801 19280831     8.9
19280901 19280930     6.6
19281001 19281031    21.9
19281101 19281130    28.0
19281201 19281231     0.0
19290101 19290131    13.2
19290201 19290228    61.9
19290301 19290331    11.9
19290401 19290430    26.4
19290501 19290531    15.6
19290601 19290630    13.2
19290701 19290731     7.4
19290801 19290831    43.8
19290901 19290930    28.5
19291001 19291031    38.4
19291101 19291130    28.4
19291201 19291231    54.3
19300101 19300131    30.5
19300201 19300228    19.8
19300301 19300331    25.1
19300401 19300430    19.8
19300501 19300531    27.7
19300601 19300630    65.4
19300701 19300731    53.5
19300801 19300831    50.9
19300901 19300930     2.9
19301001 19301031    68.5
19301101 19301130    30.1
19301201 19301231   128.7
19310101 19310131    40.3
19310201 19310228    12.2
19310301 19310331   148.8
19310401 19310430    91.8
19310501 19310531   144.4
19310601 19310630   103.1
19310701 19310731    61.1
19310801 19310831     8.6
19310901 19310930    24.5
19311001 19311031    20.4
19311101 19311130    31.9
19311201 19311231    68.3
19320101 19320131     4.6
19320201 19320229    30.8
19320301 19320331    60.8
19320401 19320430    55.5
19320501 19320531    25.2
19320601 19320630    27.4
19320701 19320731    31.2
19320801 19320831    48.1
19320901 19320930    59.6
19321001 19321031    32.1
19321101 19321130    52.9
19321201 19321231    19.9
19330101 19330131    66.0
19330201 19330228     1.5
19330301 19330331    54.8
19330401 19330430   114.3
19330501 19330531    40.4
19330601 19330630    36.4
19330701 19330731    44.5
19330801 19330831    15.8
19330901 19330930    63.1
19331001 19331031    40.8
19331101 19331130    72.3
19331201 19331231    45.0
19340101 19340131    50.8
19340201 19340228    89.8
19340301 19340331     3.6
19340401 19340430    78.5
19340501 19340531     0.0
19340601 19340630    37.3
19340701 19340731    68.2
19340801 19340831    66.1
19340901 19340930    20.1
19341001 19341031   117.4
19341101 19341130   106.3
19341201 19341231    18.6
19350101 19350131    33.2
19350201 19350228    27.5
19350301 19350331     0.3
19350401 19350430    58.3
19350501 19350531    22.9
19350601 19350630    16.6
19350701 19350731    35.8
19350801 19350831    23.1
19350901 19350930    24.1
19351001 19351031    76.0
19351101 19351130    18.6
19351201 19351231    25.2
19360101 19360131    56.2
19360201 19360229    75.9
19360301 19360331    88.6
19360401 19360430    11.3
19360501 19360531    13.8
19360601 19360630    41.7
19360701 19360731    81.3
19360801 19360831    55.4
19360901 19360930    11.7
19361001 19361031    18.1
19361101 19361130     0.0
19361201 19361231    92.4
19370101 19370131    40.6
19370201 19370228    20.5
19370301 19370331    37.5
19370401 19370430    24.4
19370501 19370531    28.5
19370601 19370630    40.5
19370701 19370731     1.3
19370801 19370831    82.1
19370901 19370930    16.3
19371001 19371031    50.0
19371101 19371130    17.8
19371201 19371231     7.1
19380101 19380131    53.7
19380201 19380228    10.7
19380301 19380331     2.8
19380401 19380430    36.8
19380501 19380531    37.0
19380601 19380630    65.6
19380701 19380731    54.3
19380801 19380831    44.7
19380901 19380930    12.0
19381001 19381031   114.1
19381101 19381130    39.6
19381201 19381231    45.7
19390101 19390131    15.2
19390201 19390228    83.1
19390301 19390331    68.3
19390401 19390430    51.6
19390501 19390531     8.2
19390601 19390630    32.6
19390701 19390731    18.3
19390801 19390831    82.6
19390901 19390930    10.2
19391001 19391031    46.8
19391101 19391130    72.8
19391201 19391231    22.3
19400101 19400131    21.9
19400201 19400229     1.0
19400301 19400331    12.2
19400401 19400430    99.2
19400501 19400531    14.2
19400601 19400630     3.6
19400701 19400731    10.4
19400801 19400831    13.5
19400901 19400930    84.6
19401001 19401031     5.3
19401101 19401130    15.3
19401201 19401231    81.8
19410101 19410131   167.9
19410201 19410228     8.4
19410301 19410331    26.4
19410401 19410430     0.5
19410501 19410531    25.7
19410601 19410630    52.7
19410701 19410731    22.6
19410801 19410831    14.7
19410901 19410930    26.2
19411001 19411031    24.8
19411101 19411130    40.1
19411201 19411231    10.4
19420101 19420131     0.5
19420201 19420228    82.6
19420301 19420331    32.2
19420401 19420430     0.0
19420501 19420531   116.5
19420601 19420630    70.7
19420701 19420731    61.0
19420801 19420831    27.2
19420901 19420930    45.5
19421001 19421031    30.1
19421101 19421130    64.6
19421201 19421231    57.8
19430101 19430131    56.0
19430201 19430228    28.6
19430301 19430331     3.6
19430401 19430430    58.9
19430501 19430531    59.7
19430601 19430630    19.7
19430701 19430731    37.5
19430801 19430831    49.8
19430901 19430930    32.2
19431001 19431031    44.7
19431101 19431130   113.0
19431201 19431231    16.7
19440101 19440131     7.1
19440201 19440229     6.1
19440301 19440331    35.8
19440401 19440430    15.3
19440501 19440531    59.0
19440601 19440630     1.9
19440701 19440731    19.3
19440801 19440831    50.3
19440901 19440930    12.4
19441001 19441031    15.0
19441101 19441130     8.4
19441201 19441231     2.0
19450101 19450131   105.4
19450201 19450228    61.0
19450301 19450331     6.6
19450401 19450430    47.9
19450501 19450531    86.5
19450601 19450630    87.1
19450701 19450731    31.4
19450801 19450831    59.5
19450901 19450930     2.7
19451001 19451031    18.9
19451101 19451130    17.3
19451201 19451231    11.2
19460101 19460131    36.4
19460201 19460228    72.6
19460301 19460331    74.2
19460401 19460430    16.2
19460501 19460531    15.8
19460601 19460630    20.2
19460701 19460731    19.7
19460801 19460831     9.1
19460901 19460930    13.2
19461001 19461031    21.9
19461101 19461130    46.5
19461201 19461231    31.7
19470101 19470131     5.3
19470201 19470228   100.7
19470301 19470331    35.1
19470401 19470430    11.7
19470501 19470531    45.7
19470601 19470630    16.5
19470701 19470731    77.7
19470801 19470831    36.6
19470901 19470930    65.6
19471001 19471031    73.5
19471101 19471130   114.8
19471201 19471231   124.9
19480101 19480131    32.0
19480201 19480229    99.9
19480301 19480331    19.8
19480401 19480430    47.1
19480501 19480531    47.2
19480601 19480630    76.1
19480701 19480731    17.5
19480801 19480831    32.1
19480901 19480930    24.7
19481001 19481031    13.1
19481101 19481130    26.8
19481201 19481231    33.2
19490101 19490131    18.8
19490201 19490228    83.9
19490301 19490331    84.1
19490401 19490430    27.7
19490501 19490531    42.2
19490601 19490630    43.7
19490701 19490731    39.7
19490801 19490831    26.8
19490901 19490930    66.0
19491001 19491031    68.1
19491101 19491130    73.4
19491201 19491231    22.4
19500101 19500131   108.0
19500201 19500228   136.3
19500301 19500331   180.4
19500401 19500430    57.5
19500501 19500531    32.1
19500601 19500630   117.8
19500701 19500731    90.2
19500801 19500831    52.4
19500901 19500930    64.3
19501001 19501031   202.1
19501101 19501130   174.4
19501201 19501231     1.6
19510101 19510131    48.5
19510201 19510228    32.2
19510301 19510331    37.1
19510401 19510430    20.3
19510501 19510531    70.0
19510601 19510630    62.2
19510701 19510731    42.9
19510801 19510831    65.0
19510901 19510930    32.2
19511001 19511031    12.6
19511101 19511130    16.5
19511201 19511231    19.8
19520101 19520131     0.8
19520201 19520229    23.4
19520301 19520331   120.9
19520401 19520430    77.6
19520501 19520531    65.5
19520601 19520630    47.0
19520701 19520731    84.9
19520801 19520831    83.3
19520901 19520930    25.0
19521001 19521031    71.3
19521101 19521130    40.2
19521201 19521231    37.0
19530101 19530131    59.2
19530201 19530228    12.2
19530301 19530331    19.8
19530401 19530430    11.4
19530501 19530531    60.7
19530601 19530630    11.5
19530701 19530731     2.6
19530801 19530831    62.5
19530901 19530930    19.5
19531001 19531031    36.4
19531101 19531130    52.9
19531201 19531231    42.7
19540101 19540131   105.7
19540201 19540228    88.7
19540301 19540331     0.0
19540401 19540430    48.3
19540501 19540531     3.8
19540601 19540630    36.9
19540701 19540731     7.8
19540801 19540831    21.3
19540901 19540930    22.3
19541001 19541031   134.7
19541101 19541130   100.5
19541201 19541231    55.3
19550101 19550131    75.5
19550201 19550228   252.1
19550301 19550331     3.0
19550401 19550430     6.9
19550501 19550531    57.5
19550601 19550630    51.1
19550701 19550731    31.3
19550801 19550831    40.0
19550901 19550930    49.1
19551001 19551031    94.2
19551101 19551130    42.4
19551201 19551231    37.4
19560101 19560131   190.3
19560201 19560229   181.5
19560301 19560331   279.4
19560401 19560430    63.4
19560501 19560531    73.4
19560601 19560630    74.9
19560701 19560731    71.8
19560801 19560831    37.6
19560901 19560930    43.5
19561001 19561031    99.2
19561101 19561130    10.1
19561201 19561231     5.3
19570101 19570131    15.8
19570201 19570228    55.4
19570301 19570331    17.0
19570401 19570430    25.7
19570501 19570531     2.0
19570601 19570630    13.3
19570701 19570731    90.8
19570801 19570831    20.3
19570901 19570930     0.0
19571001 19571031    10.4
19571101 19571130    15.8
19571201 19571231    45.2
19580101 19580131   119.3
19580201 19580228    17.6
19580301 19580331    36.8
19580401 19580430    26.4
19580501 19580531    71.2
19580601 19580630    21.6
19580701 19580731    25.4
19580801 19580831    64.8
19580901 19580930    63.8
19581001 19581031    58.8
19581101 19581130    21.1
19581201 19581231    38.1
19590101 19590131   110.5
19590201 19590228   135.3
19590301 19590331   124.7
19590401 19590430    95.3
19590501 19590531    13.4
19590601 19590630    28.0
19590701 19590731    53.7
19590801 19590831     3.5
19590901 19590930     9.9
19591001 19591031    36.9
19591101 19591130    17.2
19591201 19591231    73.8
19600101 19600131    54.4
19600201 19600229    48.4
19600301 19600331    22.1
19600401 19600430    45.8
19600501 19600531    42.2
19600601 19600630    12.2
19600701 19600731    65.1
19600801 19600831    89.9
19600901 19600930    74.7
19601001 19601031    21.2
19601101 19601130    68.1
19601201 19601231    17.5
19610101 19610131    34.6
19610201 19610228    18.9
19610301 19610331    41.7
19610401 19610430    54.5
19610501 19610531     4.4
19610601 19610630    35.9
19610701 19610731    65.7
19610801 19610831    94.4
19610901 19610930     2.9
19611001 19611031    35.8
19611101 19611130   221.1
19611201 19611231    21.3
19620101 19620131    80.9
19620201 19620228    46.6
19620301 19620331    33.8
19620401 19620430    10.7
19620501 19620531    87.3
19620601 19620630    19.1
19620701 19620731    36.4
19620801 19620831    77.6
19620901 19620930    10.2
19621001 19621031    43.3
19621101 19621130    16.5
19621201 19621231   152.8
19630101 19630131    82.1
19630201 19630228   104.5
19630301 19630331    68.1
19630401 19630430    22.9
19630501 19630531    62.5
19630601 19630630    64.7
19630701 19630731    39.8
19630801 19630831    64.8
19630901 19630930    37.7
19631001 19631031    30.2
19631101 19631130    59.3
19631201 19631231    56.7
19640101 19640131    54.9
19640201 19640229     7.9
19640301 19640331    30.0
19640401 19640430    34.6
19640501 19640531    48.3
19640601 19640630    49.4
19640701 19640731    43.0
19640801 19640831    36.4
19640901 19640930    58.8
19641001 19641031    69.2
19641101 19641130    39.6
19641201 19641231    10.9
19650101 19650131     0.0
19650201 19650228     2.1
19650301 19650331    11.1
19650401 19650430    10.9
19650501 19650531    30.5
19650601 19650630    12.5
19650701 19650731    26.7
19650801 19650831    26.6
19650901 19650930    43.3
19651001 19651031    75.5
19651101 19651130    21.1
19651201 19651231   128.9
19660101 19660131    31.2
19660201 19660228     8.7
19660301 19660331    54.1
19660401 19660430    21.9
19660501 19660531    42.4
19660601 19660630    15.2
19660701 19660731    23.3
19660801 19660831    79.1
19660901 19660930    49.0
19661001 19661031    74.6
19661101 19661130    85.3
19661201 19661231    46.7
19670101 19670131    27.1
19670201 19670228     2.6
19670301 19670331    81.2
19670401 19670430     0.0
19670501 19670531    29.1
19670601 19670630    27.8
19670701 19670731     8.1
19670801 19670831    41.3
19670901 19670930    13.1
19671001 19671031    42.3
19671101 19671130    22.1
19671201 19671231    12.2
19680101 19680131   173.4
19680201 19680229     0.8
19680301 19680331    43.1
19680401 19680430    51.8
19680501 19680531    96.3
19680601 19680630     8.8
19680701 19680731    40.4
19680801 19680831    43.3
19680901 19680930    28.9
19681001 19681031    21.5
19681101 19681130    30.5
19681201 19681231   122.8
19690101 19690131    21.6
19690201 19690228    72.1
19690301 19690331   138.7
19690401 19690430   111.6
19690501 19690531    85.3
19690601 19690630    10.2
19690701 19690731    50.6
19690801 19690831    28.8
19690901 19690930    40.6
19691001 19691031   185.6
19691101 19691130    52.1
19691201 19691231     5.2
19700101 19700131    83.3
19700201 19700228    52.6
19700301 19700331    36.9
19700401 19700430    48.8
19700501 19700531    44.0
19700601 19700630    15.3
19700701 19700731     2.6
19700801 19700831    42.4
19700901 19700930    87.9
19701001 19701031    78.0
19701101 19701130    70.9
19701201 19701231   137.0
19710101 19710131   181.3
19710201 19710228   115.3
19710301 19710331    40.2
19710401 19710430    17.2
19710501 19710531    18.2
19710601 19710630    12.8
19710701 19710731    49.3
19710801 19710831    61.8
19710901 19710930    51.2
19711001 19711031     2.8
19711101 19711130   121.8
19711201 19711231   103.6
19720101 19720131   173.8
19720201 19720229    32.8
19720301 19720331    27.2
19720401 19720430     7.4
19720501 19720531    35.3
19720601 19720630     3.1
19720701 19720731    13.0
19720801 19720831    33.3
19720901 19720930    12.2
19721001 19721031    52.1
19721101 19721130    56.4
19721201 19721231    29.4
19730101 19730131    35.6
19730201 19730228   328.7
19730301 19730331    39.9
19730401 19730430    47.3
19730501 19730531    53.4
19730601 19730630    88.9
19730701 19730731    63.0
19730801 19730831    66.4
19730901 19730930    29.0
19731001 19731031   128.2
19731101 19731130    86.8
19731201 19731231    99.7
19740101 19740131    71.6
19740201 19740228   102.2
19740301 19740331     8.4
19740401 19740430   138.2
19740501 19740531    39.2
19740601 19740630    27.0
19740701 19740731    45.8
19740801 19740831    25.9
19740901 19740930    69.8
19741001 19741031    63.4
19741101 19741130    25.0
19741201 19741231     1.0
19750101 19750131    11.2
19750201 19750228    46.4
19750301 19750331    44.6
19750401 19750430     3.8
19750501 19750531    13.4
19750601 19750630    32.8
19750701 19750731    22.6
19750801 19750831    55.2
19750901 19750930    93.6
19751001 19751031    78.0
19751101 19751130     8.8
19751201 19751231    49.8
19760101 19760131   174.2
19760201 19760229   140.0
19760301 19760331    60.4
19760401 19760430    31.0
19760501 19760531    19.0
19760601 19760630     9.8
19760701 19760731    52.0
19760801 19760831    10.6
19760901 19760930    48.8
19761001 19761031   200.6
19761101 19761130    39.4
19761201 19761231    31.0
19770101 19770131    42.0
19770201 19770228    35.4
19770301 19770331    91.0
19770401 19770430    24.6
19770501 19770531   175.0
19770601 19770630    32.0
19770701 19770731    13.2
19770801 19770831    20.4
19770901 19770930    27.9
19771001 19771031    25.8
19771101 19771130     0.6
19771201 19771231    10.2
19780101 19780131   138.3
19780201 19780228    12.8
19780301 19780331    46.6
19780401 19780430     1.6
19780501 19780531    88.4
19780601 19780630    91.3
19780701 19780731    70.0
19780801 19780831    14.6
19780901 19780930   110.0
19781001 19781031    19.2
19781101 19781130   156.0
19781201 19781231    75.0
19790101 19790131     6.0
19790201 19790228     5.0
19790301 19790331    65.2
19790401 19790430    92.6
19790501 19790531    77.2
19790601 19790630    14.6
19790701 19790731    34.6
19790801 19790831    44.5
19790901 19790930    55.4
19791001 19791031    31.6
19791101 19791130    28.2
19791201 19791231     0.0
19800101 19800131    60.6
19800201 19800229    29.8
19800301 19800331    37.4
19800401 19800430    18.0
19800501 19800531   105.4
19800601 19800630    42.6
19800701 19800731    39.2
19800801 19800831    12.4
19800901 19800930     9.8
19801001 19801031    29.8
19801101 19801130     5.2
19801201 19801231    56.4
19810101 19810131    33.4
19810201 19810228    48.0
19810301 19810331     0.0
19810401 19810430    18.6
19810501 19810531    54.4
19810601 19810630    62.4
19810701 19810731    95.2
19810801 19810831    16.8
19810901 19810930     7.8
19811001 19811031    73.8
19811101 19811130    66.4
19811201 19811231    20.0
19820101 19820131    33.8
19820201 19820228    39.8
19820301 19820331    84.4
19820401 19820430    19.4
19820501 19820531     7.0
19820601 19820630    12.8
19820701 19820731     4.6
19820801 19820831     0.2
19820901 19820930    10.4
19821001 19821031    19.4
19821101 19821130    16.6
19821201 19821231    22.0
19830101 19830131    30.6
19830201 19830228    19.4
19830301 19830331    23.2
19830401 19830430    41.4
19830501 19830531   114.4
19830601 19830630    16.4
19830701 19830731    73.8
19830801 19830831    56.4
19830901 19830930    36.8
19831001 19831031    65.0
19831101 19831130   122.8
19831201 19831231    48.0
19840101 19840131   237.6
19840201 19840229   107.2
19840301 19840331    31.6
19840401 19840430    51.9
19840501 19840531     2.4
19840601 19840630     0.0
19840701 19840731   125.6
19840801 19840831    61.2
19840901 19840930    43.2
19841001 19841031    76.2
19841101 19841130    27.6
19841201 19841231     7.2
19850101 19850131     3.4
19850201 19850228    31.2
19850301 19850331    77.6
19850401 19850430    46.6
19850501 19850531    38.6
19850601 19850630    35.0
19850701 19850731    10.4
19850801 19850831    81.6
19850901 19850930    34.0
19851001 19851031    61.4
19851101 19851130   119.6
19851201 19851231    72.6
19860101 19860131    40.2
19860201 19860228     0.0
19860301 19860331     6.8
19860401 19860430    31.4
19860501 19860531    25.4
19860601 19860630    14.0
19860701 19860731    61.2
19860801 19860831    98.0
19860901 19860930    20.0
19861001 19861031    58.4
19861101 19861130    58.4
19861201 19861231    31.8
19870101 19870131    30.8
19870201 19870228    33.6
19870301 19870331   223.0
19870401 19870430     7.8
19870501 19870531    69.8
19870601 19870630    52.6
19870701 19870731    23.9
19870801 19870831    78.4
19870901 19870930    15.6
19871001 19871031    49.2
19871101 19871130    65.0
19871201 19871231    54.4
19880101 19880131    26.6
19880201 19880229    25.4
19880301 19880331    52.2
19880401 19880430   109.2
19880501 19880531    47.0
19880601 19880630    52.2
19880701 19880731    73.4
19880801 19880831    36.4
19880901 19880930    57.2
19881001 19881031    17.4
19881101 19881130    56.4
19881201 19881231   209.8
19890101 19890131    38.6
19890201 19890228    12.8
19890301 19890331    59.0
19890401 19890430   126.4
19890501 19890531   107.0
19890601 19890630    48.0
19890701 19890731    62.2
19890801 19890831    35.8
19890901 19890930     6.6
19891001 19891031    36.0
19891101 19891130    27.6
19891201 19891231     9.8
19900101 19900131    68.8
19900201 19900228    47.6
19900301 19900331    43.0
19900401 19900430   323.8
19900501 19900531    57.4
19900601 19900630    18.0
19900701 19900731    70.0
19900801 19900831    71.0
19900901 19900930    34.6
19901001 19901031    31.2
19901101 19901130    17.8
19901201 19901231    31.4
19910101 19910131    68.0
19910201 19910228    37.6
19910301 19910331    11.8
19910401 19910430    13.6
19910501 19910531    43.2
19910601 19910630    80.0
19910701 19910731    50.2
19910801 19910831    50.0
19910901 19910930    34.6
19911001 19911031    14.4
19911101 19911130    19.7
19911201 19911231    82.8
19920101 19920131    69.2
19920201 19920229   234.8
19920301 19920331     7.4
19920401 19920430    23.2
19920501 19920531    13.8
19920601 19920630    19.4
19920701 19920731    20.6
19920801 19920831    78.4
19920901 19920930    40.0
19921001 19921031    49.8
19921101 19921130    75.6
19921201 19921231   188.0
19930101 19930131   138.6
19930201 19930228    29.6
19930301 19930331    34.0
19930401 19930430     0.0
19930501 19930531    56.4
19930601 19930630    35.0
19930701 19930731    97.2
19930801 19930831    18.0
19930901 19930930   110.2
19931001 19931031   112.0
19931101 19931130    83.6
19931201 19931231    25.2
19940101 19940131     9.2
19940201 19940228    79.4
19940301 19940331    64.2
19940401 19940430    26.4
19940501 19940531    36.8
19940601 19940630    14.6
19940701 19940731    34.2
19940801 19940831    23.2
19940901 19940930    15.0
19941001 19941031    13.0
19941101 19941130    44.0
19941201 19941231    34.4
19950101 19950131   143.6
19950201 19950228    13.0
19950301 19950331     0.0
19950401 19950430     3.2
19950501 19950531    81.2
19950601 19950630    28.6
19950701 19950731    34.8
19950801 19950831     1.0
19950901 19950930    37.4
19951001 19951031    20.4
19951101 19951130    87.8
19951201 19951231    46.8
19960101 19960131    76.4
19960201 19960229    15.6
19960301 19960331    63.4
19960401 19960430     8.0
19960501 19960531    88.8
19960601 19960630    49.2
19960701 19960731    63.4
19960801 19960831    52.2
19960901 19960930    67.8
19961001 19961031    62.4
19961101 19961130    20.4
19961201 19961231    76.8
19970101 19970131    42.8
19970201 19970228    34.0
19970301 19970331    10.0
19970401 19970430    20.2
19970501 19970531    41.0
19970601 19970630    10.6
19970701 19970731    11.2
19970801 19970831    17.4
19970901 19970930    74.2
19971001 19971031    25.0
19971101 19971130    11.6
19971201 19971231    47.0
19980101 19980131    78.4
19980201 19980228    59.4
19980301 19980331     0.0
19980401 19980430    63.4
19980501 19980531    75.8
19980601 19980630    77.8
19980701 19980731   100.4
19980801 19980831   100.2
19980901 19980930   103.8
19981001 19981031    56.4
19981101 19981130    79.6
19981201 19981231    35.2
19990101 19990131    24.0
19990201 19990228     6.0
19990301 19990331   175.1
19990401 19990430    81.0
19990501 19990531     9.8
19990601 19990630    22.7
19990701 19990731    49.2
19990801 19990831    49.5
19990901 19990930    66.5
19991001 19991031    98.9
19991101 19991130    64.2
19991201 19991231    64.9
20000101 20000131    24.4
20000201 20000229    12.0
20000301 20000331   130.0
20000401 20000430    46.2
20000501 20000531    96.2
20000601 20000630    19.2
20000701 20000731    23.8
20000801 20000831    64.4
20000901 20000930    24.2
20001001 20001031    97.2
20001101 20001130   113.8
20001201 20001231    15.8
20010101 20010131     8.6
20010201 20010228    22.2
20010301 20010331    76.4
20010401 20010430    46.0
20010501 20010531    44.8
20010601 20010630    46.0
20010701 20010731    77.6
20010801 20010831    20.5
20010901 20010930    31.1
20011001 20011031    52.0
20011101 20011130    36.2
20011201 20011231    18.2
20020101 20020131    61.4
20020201 20020228   142.8
20020301 20020331    28.2
20020401 20020430    31.3
20020501 20020531    52.7
20020601 20020630    12.4
20020701 20020731     9.7
20020801 20020831     4.1
20020901 20020930    58.5
20021001 20021031     0.0
20021101 20021130     6.1
20021201 20021231    23.2
20030101 20030131    37.4
20030201 20030228    88.7
20030301 20030331    23.8
20030401 20030430    54.2
20030501 20030531     5.1
20030601 20030630    44.0
20030701 20030731    44.1
20030801 20030831   103.8
20030901 20030930     3.2
20031001 20031031    53.4
20031101 20031130    24.5
20031201 20031231    30.0
20040101 20040131    50.1
20040201 20040229    51.8
20040301 20040331    34.4
20040401 20040430     8.0
20040501 20040531    56.6
20040601 20040630    50.1
20040701 20040731    37.7
20040801 20040831    55.2
20040901 20040930    34.7
20041001 20041031    30.5
20041101 20041130    46.8
20041201 20041231   110.8
20050101 20050131    67.2
20050201 20050228    48.5
20050301 20050331     6.5
20050401 20050430     0.6
20050501 20050531     0.9
20050601 20050630    61.9
20050701 20050731    26.0
20050801 20050831    35.7
20050901 20050930    79.2
20051001 20051031   137.1
20051101 20051130    76.4
20051201 20051231    40.4
20060101 20060131    61.7
20060201 20060228    30.4
20060301 20060331    20.6
20060401 20060430     4.8
20060501 20060531     3.4
20060601 20060630    31.7
20060701 20060731    56.1
20060801 20060831     7.0
20060901 20060930     9.7
20061001 20061031     3.5
20061101 20061130     5.7
20061201 20061231    26.4
20070101 20070131    41.5
20070201 20070228    19.6
20070301 20070331    43.0
20070401 20070430    16.4
20070501 20070531    74.8
20070601 20070630    78.2
20070701 20070731    19.1
20070801 20070831    13.5
20070901 20070930     0.5
20071001 20071031     3.7
20071101 20071130    96.3
20071201 20071231   153.7
20080101 20080131    45.0
20080201 20080229    57.5
20080301 20080331    25.7
20080401 20080430     6.5
20080501 20080531    15.9
20080601 20080630    30.0
20080701 20080731    38.5
20080801 20080831    33.1
20080901 20080930    72.9
20081001 20081031    49.5
20081101 20081130    83.9
20081201 20081231    49.5
20090101 20090131    25.0
20090201 20090228    90.2
20090301 20090331     7.2
20090401 20090430    25.5
20090501 20090531     9.7
20090601 20090630    69.6
20090701 20090731    25.9
20090801 20090831    16.6
20090901 20090930    61.5
20091001 20091031    45.0
20091101 20091130    20.0
20091201 20091231    79.3
20100101 20100131    13.2
20100201 20100228   206.3
20100301 20100331    55.7
20100401 20100430    52.8
20100501 20100531    47.0
20100601 20100630    31.4
20100701 20100731   100.4
20100801 20100831    48.5
20100901 20100930    81.4
20101001 20101031    66.6
20101101 20101130   102.2
20101201 20101231   163.2
20110101 20110131     9.8
20110201 20110228    70.9
20110301 20110331    20.6
20110401 20110430    44.5
20110501 20110531    58.0
20110601 20110630    12.0
20110701 20110731    14.5
20110801 20110831    51.2
20110901 20110930    43.5
20111001 20111031    45.5
20111101 20111130    98.8
20111201 20111231    91.2
20120101 20120131    56.7
20120201 20120229    74.4
20120301 20120331   105.2
20120401 20120430     2.9
20120501 20120531    29.8
20120601 20120630    28.2
20120701 20120731    43.9
20120801 20120831     5.0
20120901 20120930    33.8
20121001 20121031    13.0
20121101 20121130    33.0
20121201 20121231    10.0
20130101 20130131     9.6
20130201 20130228    32.3
20130301 20130331    77.7
20130401 20130430    13.4
20130501 20130531    16.6
20130601 20130630   112.5
20130701 20130731    38.1
20130801 20130831     5.4
20130901 20130930    51.4
20131001 20131031     9.0
20131101 20131130    13.4
20131201 20131231    36.8
20140101 20140131    86.8
20140201 20140228    47.4
20140301 20140331   170.8
20140401 20140430    52.4
20140501 20140531    28.6
20140601 20140630    72.8
20140701 20140731    30.6
20140801 20140831    14.6
20140901 20140930    20.8
20141001 20141031    13.6
20141101 20141130    12.8
20141201 20141231   127.4
20150101 20150131    74.6
20150201 20150228    33.2
20150301 20150331     6.6
20150401 20150430    86.2
20150501 20150531    36.8
20150601 20150630    19.8
20150701 20150731    82.4
20150801 20150831    19.4
20150901 20150930     6.8
20151001 20151031    60.2
20151101 20151130    57.6
20151201 20151231    55.2
20160101 20160131   118.0
20160201 20160229     2.4
20160301 20160331    43.0
20160401 20160430    47.5
20160501 20160531    63.6
20160601 20160630   138.0
20160701 20160731    95.5
20160801 20160831    87.6
20160901 20160930   187.9
20161001 20161031    55.0
20161101 20161130    53.6
20161201 20161231    82.1
20170101 20170131    19.0
20170201 20170228     0.4
20170301 20170331   128.0
20170401 20170430    16.6
20170501 20170531    32.9
20170601 20170630     2.3
20170701 20170731     3.8
20170801 20170831    24.2
20170901 20170930     7.4
20171001 20171031    73.9
20171101 20171130    34.2
20171201 20171231   107.4
20180101 20180131    15.4
