PRCP       010505 18910101 20170930 missing_value=99999.9 ARTHUR RIVER COMP                         
18910101 18910131     0.0
18910201 18910228     0.0
18910301 18910331    21.3
18910401 18910430     2.5
18910501 18910531    43.2
18910601 18910630    68.8
18910701 18910731    58.4
18910801 18910831    51.1
18910901 18910930    40.6
18911001 18911031    15.7
18911101 18911130     0.5
18911201 18911231     3.0
18920101 18920131     0.0
18920201 18920229     4.1
18920301 18920331    35.3
18920401 18920430    22.6
18920501 18920531    69.9
18920601 18920630    51.6
18920701 18920731    51.6
18920801 18920831    99.1
18920901 18920930    70.1
18921001 18921031    28.4
18921101 18921130    13.0
18921201 18921231     0.0
18930101 18930131     1.8
18930201 18930228     1.3
18930301 18930331    51.8
18930401 18930430    55.4
18930501 18930531    57.2
18930601 18930630    24.4
18930701 18930731    89.9
18930801 18930831    51.6
18930901 18930930    63.8
18931001 18931031    56.9
18931101 18931130     9.1
18931201 18931231     7.1
18940101 18940131     0.0
18940201 18940228     8.9
18940301 18940331    31.2
18940401 18940430     2.5
18940501 18940531    33.5
18940601 18940630    95.0
18940701 18940731    65.8
18940801 18940831    67.3
18940901 18940930    30.2
18941001 18941031    27.9
18941101 18941130     3.6
18941201 18941231    25.4
18950101 18950131     1.5
18950201 18950228    75.4
18950301 18950331    48.8
18950401 18950430    18.8
18950501 18950531    10.7
18950601 18950630   165.9
18950701 18950731    93.0
18950801 18950831   184.2
18950901 18950930    72.9
18951001 18951031    11.9
18951101 18951130     1.8
18951201 18951231    25.4
18960101 18960131     1.8
18960201 18960229     0.0
18960301 18960331    67.6
18960401 18960430    25.9
18960501 18960531    17.8
18960601 18960630    78.5
18960701 18960731    75.9
18960801 18960831    33.8
18960901 18960930     4.3
18961001 18961031    14.0
18961101 18961130     0.0
18961201 18961231    19.1
18970101 18970131     1.5
18970201 18970228     6.9
18970301 18970331    41.9
18970401 18970430    22.1
18970501 18970531    74.4
18970601 18970630    73.2
18970701 18970731    48.3
18970801 18970831    54.4
18970901 18970930    45.5
18971001 18971031    28.2
18971101 18971130     8.4
18971201 18971231    18.0
18980101 18980131    12.2
18980201 18980228    24.1
18980301 18980331     1.3
18980401 18980430     7.9
18980501 18980531    56.9
18980601 18980630    71.1
18980701 18980731    93.2
18980801 18980831   111.0
18980901 18980930    23.9
18981001 18981031    66.8
18981101 18981130    18.8
18981201 18981231     2.5
18990101 18990131     1.8
18990201 18990228    45.7
18990301 18990331     1.8
18990401 18990430    34.3
18990501 18990531    29.2
18990601 18990630    94.0
18990701 18990731    73.2
18990801 18990831    44.7
18990901 18990930    53.3
18991001 18991031    67.8
18991101 18991130    25.9
18991201 18991231     1.8
19000101 19000131    31.8
19000201 19000228     1.8
19000301 19000331     5.1
19000401 19000430    16.8
19000501 19000531    36.8
19000601 19000630   153.4
19000701 19000731    78.5
19000801 19000831    84.3
19000901 19000930    48.3
19001001 19001031    51.1
19001101 19001130     3.8
19001201 19001231    29.7
19010101 19010131     1.0
19010201 19010228     0.0
19010301 19010331    25.7
19010401 19010430     9.7
19010501 19010531    65.3
19010601 19010630    51.6
19010701 19010731    50.5
19010801 19010831    73.7
19010901 19010930    27.9
19011001 19011031    22.4
19011101 19011130     9.7
19011201 19011231     8.6
19020101 19020131     1.0
19020201 19020228     1.3
19020301 19020331     1.3
19020401 19020430     1.5
19020501 19020531    86.4
19020601 19020630    41.1
19020701 19020731    96.0
19020801 19020831    32.8
19020901 19020930    81.8
19021001 19021031    54.6
19021101 19021130    11.7
19021201 19021231     5.6
19030101 19030131     1.0
19030201 19030228     0.0
19030301 19030331     2.8
19030401 19030430    80.3
19030501 19030531     9.9
19030601 19030630   146.6
19030701 19030731    72.6
19030801 19030831    76.7
19030901 19030930    98.3
19031001 19031031    45.2
19031101 19031130     6.6
19031201 19031231    12.2
19040101 19040131     0.3
19040201 19040229     0.0
19040301 19040331    65.8
19040401 19040430    15.7
19040501 19040531    56.9
19040601 19040630   121.4
19040701 19040731    86.4
19040801 19040831    68.1
19040901 19040930    60.2
19041001 19041031    72.9
19041101 19041130    11.7
19041201 19041231     8.9
19050101 19050131     0.0
19050201 19050228     7.1
19050301 19050331     0.0
19050401 19050430    38.6
19050501 19050531   136.9
19050601 19050630    65.5
19050701 19050731    88.9
19050801 19050831    50.8
19050901 19050930   118.4
19051001 19051031    48.3
19051101 19051130    17.0
19051201 19051231    19.1
19060101 19060131     6.6
19060201 19060228     3.0
19060301 19060331     1.0
19060401 19060430     6.4
19060501 19060531    60.7
19060601 19060630    85.9
19060701 19060731   118.6
19060801 19060831    74.2
19060901 19060930    76.2
19061001 19061031    17.5
19061101 19061130    20.8
19061201 19061231    11.7
19070101 19070131    10.6
19070201 19070228     4.8
19070301 19070331    14.5
19070401 19070430     9.4
19070501 19070531    81.3
19070601 19070630    74.5
19070701 19070731   132.9
19070801 19070831    91.8
19070901 19070930    69.2
19071001 19071031    24.2
19071101 19071130     8.9
19071201 19071231     1.3
19080101 19080131     2.8
19080201 19080229     2.3
19080301 19080331    20.1
19080401 19080430    45.2
19080501 19080531    63.3
19080601 19080630    91.6
19080701 19080731    92.7
19080801 19080831    29.5
19080901 19080930    17.9
19081001 19081031    25.9
19081101 19081130    17.4
19081201 19081231     4.8
19090101 19090131     9.2
19090201 19090228     5.4
19090301 19090331    23.2
19090401 19090430    34.6
19090501 19090531    81.4
19090601 19090630   102.5
19090701 19090731    36.5
19090801 19090831   140.0
19090901 19090930    76.4
19091001 19091031    34.4
19091101 19091130    13.3
19091201 19091231     1.0
19100101 19100131    14.2
19100201 19100228     4.1
19100301 19100331     0.8
19100401 19100430    33.5
19100501 19100531    82.8
19100601 19100630   141.8
19100701 19100731   125.8
19100801 19100831    62.0
19100901 19100930    41.5
19101001 19101031    16.1
19101101 19101130    33.5
19101201 19101231     2.3
19110101 19110131     0.5
19110201 19110228     3.3
19110301 19110331    10.6
19110401 19110430    39.7
19110501 19110531    30.0
19110601 19110630    45.5
19110701 19110731    92.8
19110801 19110831    52.5
19110901 19110930    30.2
19111001 19111031    36.5
19111101 19111130     1.3
19111201 19111231     4.2
19120101 19120131     0.8
19120201 19120229     8.4
19120301 19120331    17.3
19120401 19120430     9.7
19120501 19120531    45.1
19120601 19120630    39.9
19120701 19120731   134.0
19120801 19120831    52.1
19120901 19120930    91.1
19121001 19121031    25.7
19121101 19121130    15.9
19121201 19121231    25.3
19130101 19130131     5.6
19130201 19130228    10.4
19130301 19130331    11.3
19130401 19130430   131.7
19130501 19130531    26.1
19130601 19130630    96.4
19130701 19130731   103.5
19130801 19130831   131.9
19130901 19130930    43.5
19131001 19131031    29.0
19131101 19131130    18.1
19131201 19131231    61.5
19140101 19140131     0.0
19140201 19140228    79.9
19140301 19140331     4.5
19140401 19140430    29.4
19140501 19140531    28.1
19140601 19140630    72.4
19140701 19140731    69.2
19140801 19140831    27.0
19140901 19140930     8.1
19141001 19141031    54.3
19141101 19141130    49.6
19141201 19141231    13.5
19150101 19150131    57.5
19150201 19150228    41.6
19150301 19150331    15.3
19150401 19150430    16.6
19150501 19150531    77.4
19150601 19150630    82.6
19150701 19150731    90.7
19150801 19150831    77.9
19150901 19150930    83.6
19151001 19151031    55.4
19151101 19151130     3.6
19151201 19151231     0.0
19160101 19160131    22.8
19160201 19160229    27.9
19160301 19160331    22.7
19160401 19160430     4.6
19160501 19160531    56.7
19160601 19160630    73.0
19160701 19160731    97.9
19160801 19160831    95.8
19160901 19160930     3.2
19161001 19161031    43.4
19161101 19161130    26.2
19161201 19161231     0.6
19170101 19170131     3.1
19170201 19170228    20.3
19170301 19170331    24.9
19170401 19170430    52.1
19170501 19170531    89.5
19170601 19170630   151.5
19170701 19170731   136.5
19170801 19170831    88.6
19170901 19170930    98.5
19171001 19171031    53.3
19171101 19171130     0.8
19171201 19171231    18.8
19180101 19180131    50.4
19180201 19180228    42.1
19180301 19180331    18.3
19180401 19180430    29.0
19180501 19180531    85.7
19180601 19180630    95.2
19180701 19180731    36.4
19180801 19180831    77.8
19180901 19180930    57.6
19181001 19181031    38.8
19181101 19181130    16.5
19181201 19181231     1.3
19190101 19190131     5.6
19190201 19190228     0.3
19190301 19190331     8.9
19190401 19190430    71.2
19190501 19190531    32.8
19190601 19190630    76.8
19190701 19190731    88.0
19190801 19190831    70.4
19190901 19190930    38.7
19191001 19191031    35.7
19191101 19191130    17.6
19191201 19191231     4.8
19200101 19200131     3.8
19200201 19200229    38.1
19200301 19200331    25.2
19200401 19200430     6.6
19200501 19200531    82.7
19200601 19200630    94.9
19200701 19200731    70.4
19200801 19200831   134.2
19200901 19200930    34.4
19201001 19201031    15.8
19201101 19201130     3.6
19201201 19201231     1.3
19210101 19210131     9.7
19210201 19210228    23.0
19210301 19210331     6.7
19210401 19210430    10.2
19210501 19210531   139.2
19210601 19210630   105.3
19210701 19210731    81.6
19210801 19210831    54.4
19210901 19210930    46.7
19211001 19211031    51.6
19211101 19211130    22.3
19211201 19211231    19.4
19220101 19220131     3.1
19220201 19220228    14.7
19220301 19220331    63.8
19220401 19220430    18.1
19220501 19220531    58.0
19220601 19220630    37.2
19220701 19220731   100.7
19220801 19220831    77.1
19220901 19220930    47.5
19221001 19221031    21.5
19221101 19221130    17.9
19221201 19221231    11.7
19230101 19230131    13.0
19230201 19230228     0.0
19230301 19230331    26.4
19230401 19230430    66.7
19230501 19230531   120.7
19230601 19230630   174.6
19230701 19230731    59.2
19230801 19230831    60.4
19230901 19230930    93.2
19231001 19231031    22.2
19231101 19231130     0.5
19231201 19231231     5.9
19240101 19240131     1.8
19240201 19240229     5.3
19240301 19240331     2.3
19240401 19240430     3.8
19240501 19240531   120.2
19240601 19240630    42.3
19240701 19240731    72.8
19240801 19240831    80.5
19240901 19240930    26.9
19241001 19241031    63.3
19241101 19241130    22.7
19241201 19241231     0.0
19250101 19250131     9.2
19250201 19250228     4.8
19250301 19250331    39.1
19250401 19250430     6.6
19250501 19250531    35.6
19250601 19250630    45.6
19250701 19250731    55.3
19250801 19250831    18.1
19250901 19250930    27.2
19251001 19251031    21.9
19251101 19251130     0.0
19251201 19251231    19.3
19260101 19260131     0.8
19260201 19260228     6.6
19260301 19260331    52.3
19260401 19260430    84.8
19260501 19260531    67.3
19260601 19260630    73.6
19260701 19260731   197.5
19260801 19260831    39.9
19260901 19260930    52.2
19261001 19261031    68.7
19261101 19261130    20.4
19261201 19261231     0.5
19270101 19270131     6.3
19270201 19270228     1.8
19270301 19270331    61.4
19270401 19270430    14.2
19270501 19270531    36.0
19270601 19270630   102.6
19270701 19270731    70.9
19270801 19270831    48.3
19270901 19270930    53.5
19271001 19271031    30.2
19271101 19271130     7.9
19271201 19271231     3.8
19280101 19280131    24.3
19280201 19280229     0.0
19280301 19280331     0.3
19280401 19280430    47.9
19280501 19280531    57.2
19280601 19280630    55.2
19280701 19280731   136.1
19280801 19280831   105.6
19280901 19280930    72.7
19281001 19281031    27.3
19281101 19281130     3.3
19281201 19281231     3.3
19290101 19290131     0.5
19290201 19290228    27.9
19290301 19290331     1.5
19290401 19290430    10.9
19290501 19290531   137.5
19290601 19290630   116.4
19290701 19290731    50.7
19290801 19290831    44.2
19290901 19290930    30.1
19291001 19291031    16.1
19291101 19291130    37.3
19291201 19291231     5.9
19300101 19300131     0.0
19300201 19300228     6.4
19300301 19300331    18.0
19300401 19300430    18.6
19300501 19300531    40.8
19300601 19300630   116.6
19300701 19300731   137.0
19300801 19300831    35.5
19300901 19300930    55.4
19301001 19301031    19.0
19301101 19301130    10.6
19301201 19301231    23.9
19310101 19310131     0.0
19310201 19310228     0.5
19310301 19310331    23.4
19310401 19310430    28.0
19310501 19310531    67.5
19310601 19310630    51.6
19310701 19310731    72.4
19310801 19310831    83.0
19310901 19310930   106.5
19311001 19311031    24.2
19311101 19311130    10.4
19311201 19311231    10.9
19320101 19320131    19.3
19320201 19320229    10.7
19320301 19320331    10.7
19320401 19320430    27.4
19320501 19320531    76.7
19320601 19320630    80.9
19320701 19320731   130.2
19320801 19320831    66.5
19320901 19320930    34.0
19321001 19321031    56.2
19321101 19321130     4.3
19321201 19321231     5.6
19330101 19330131    16.4
19330201 19330228     0.5
19330301 19330331    10.2
19330401 19330430    19.6
19330501 19330531    73.2
19330601 19330630   133.3
19330701 19330731    55.7
19330801 19330831    74.1
19330901 19330930    40.8
19331001 19331031    57.4
19331101 19331130    11.4
19331201 19331231    10.4
19340101 19340131     5.6
19340201 19340228    18.1
19340301 19340331   117.3
19340401 19340430    24.1
19340501 19340531    67.1
19340601 19340630   134.9
19340701 19340731   102.5
19340801 19340831    89.1
19340901 19340930    67.6
19341001 19341031    21.0
19341101 19341130    24.9
19341201 19341231     8.1
19350101 19350131     7.4
19350201 19350228    22.1
19350301 19350331     0.0
19350401 19350430    41.9
19350501 19350531    45.2
19350601 19350630    76.3
19350701 19350731   144.2
19350801 19350831    54.8
19350901 19350930    42.7
19351001 19351031    61.6
19351101 19351130     1.5
19351201 19351231     1.3
19360101 19360131    12.2
19360201 19360229     5.6
19360301 19360331    10.4
19360401 19360430    32.1
19360501 19360531    66.1
19360601 19360630   123.7
19360701 19360731    39.3
19360801 19360831    76.8
19360901 19360930    26.0
19361001 19361031    14.2
19361101 19361130     3.0
19361201 19361231    19.0
19370101 19370131     0.0
19370201 19370228     0.0
19370301 19370331    50.3
19370401 19370430    58.2
19370501 19370531    91.0
19370601 19370630   111.8
19370701 19370731    33.9
19370801 19370831    95.8
19370901 19370930    22.7
19371001 19371031    25.8
19371101 19371130    21.6
19371201 19371231     0.3
19380101 19380131     1.6
19380201 19380228     0.0
19380301 19380331    41.0
19380401 19380430    32.5
19380501 19380531    46.0
19380601 19380630    30.1
19380701 19380731    86.1
19380801 19380831    71.4
19380901 19380930    49.8
19381001 19381031    17.6
19381101 19381130     8.4
19381201 19381231     4.3
19390101 19390131    26.7
19390201 19390228    31.0
19390301 19390331     0.0
19390401 19390430    26.5
19390501 19390531    68.4
19390601 19390630    87.4
19390701 19390731   149.2
19390801 19390831   108.3
19390901 19390930    10.5
19391001 19391031    65.4
19391101 19391130    27.7
19391201 19391231     0.0
19400101 19400131     4.6
19400201 19400229     0.0
19400301 19400331     0.0
19400401 19400430     3.8
19400501 19400531    30.7
19400601 19400630    33.1
19400701 19400731    55.5
19400801 19400831    31.9
19400901 19400930    21.9
19401001 19401031    15.2
19401101 19401130     3.8
19401201 19401231    40.6
19410101 19410131     2.4
19410201 19410228    11.2
19410301 19410331    12.8
19410401 19410430    50.0
19410501 19410531    48.7
19410601 19410630    94.0
19410701 19410731    84.1
19410801 19410831    47.1
19410901 19410930    77.1
19411001 19411031    32.8
19411101 19411130    11.3
19411201 19411231     8.1
19420101 19420131     4.6
19420201 19420228     1.0
19420301 19420331    67.6
19420401 19420430    37.9
19420501 19420531    85.0
19420601 19420630    76.6
19420701 19420731    71.3
19420801 19420831    91.7
19420901 19420930    58.9
19421001 19421031    32.6
19421101 19421130     3.1
19421201 19421231    17.1
19430101 19430131    39.1
19430201 19430228    27.9
19430301 19430331    85.2
19430401 19430430    77.7
19430501 19430531    46.3
19430601 19430630    74.1
19430701 19430731    63.8
19430801 19430831    60.8
19430901 19430930    70.4
19431001 19431031    24.2
19431101 19431130     1.0
19431201 19431231    12.2
19440101 19440131     6.1
19440201 19440229     0.0
19440301 19440331     3.3
19440401 19440430     4.8
19440501 19440531    61.8
19440601 19440630    45.3
19440701 19440731    98.4
19440801 19440831    51.2
19440901 19440930    26.1
19441001 19441031     2.3
19441101 19441130     4.8
19441201 19441231    14.8
19450101 19450131     0.0
19450201 19450228     1.3
19450301 19450331    16.3
19450401 19450430     4.6
19450501 19450531    57.5
19450601 19450630   253.4
19450701 19450731    80.5
19450801 19450831   128.5
19450901 19450930    56.8
19451001 19451031     7.9
19451101 19451130    23.6
19451201 19451231     3.0
19460101 19460131     0.0
19460201 19460228     0.0
19460301 19460331     6.6
19460401 19460430    55.6
19460501 19460531    74.7
19460601 19460630   109.3
19460701 19460731   189.2
19460801 19460831    63.7
19460901 19460930    22.7
19461001 19461031     5.4
19461101 19461130    51.4
19461201 19461231    16.1
19470101 19470131     0.0
19470201 19470228     9.5
19470301 19470331     4.6
19470401 19470430    44.7
19470501 19470531   118.3
19470601 19470630   136.6
19470701 19470731    40.1
19470801 19470831    27.1
19470901 19470930    29.5
19471001 19471031    77.1
19471101 19471130    11.9
19471201 19471231     4.3
19480101 19480131     2.1
19480201 19480229     0.3
19480301 19480331     6.7
19480401 19480430    22.2
19480501 19480531     3.6
19480601 19480630    52.5
19480701 19480731    78.3
19480801 19480831    83.9
19480901 19480930    72.9
19481001 19481031    25.7
19481101 19481130    21.1
19481201 19481231    19.1
19490101 19490131     4.4
19490201 19490228     0.0
19490301 19490331     6.6
19490401 19490430    23.9
19490501 19490531    25.7
19490601 19490630    52.1
19490701 19490731   106.8
19490801 19490831   102.8
19490901 19490930    19.9
19491001 19491031    82.1
19491101 19491130    59.4
19491201 19491231     0.0
19500101 19500131     9.4
19500201 19500228     0.0
19500301 19500331     0.0
19500401 19500430     2.3
19500501 19500531    69.9
19500601 19500630    71.8
19500701 19500731    59.7
19500801 19500831    38.8
19500901 19500930    35.0
19501001 19501031    37.8
19501101 19501130    16.1
19501201 19501231    13.8
19510101 19510131     7.2
19510201 19510228    25.4
19510301 19510331     3.8
19510401 19510430    44.5
19510501 19510531    42.8
19510601 19510630   112.0
19510701 19510731    34.9
19510801 19510831    48.0
19510901 19510930    15.0
19511001 19511031    31.3
19511101 19511130    50.4
19511201 19511231   100.1
19520101 19520131     8.7
19520201 19520229    13.7
19520301 19520331    15.8
19520401 19520430     2.9
19520501 19520531    60.2
19520601 19520630   127.4
19520701 19520731    60.6
19520801 19520831    33.4
19520901 19520930    44.9
19521001 19521031    36.9
19521101 19521130    26.2
19521201 19521231    15.8
19530101 19530131     1.0
19530201 19530228    11.4
19530301 19530331     9.8
19530401 19530430    39.0
19530501 19530531    86.8
19530601 19530630    93.9
19530701 19530731    75.3
19530801 19530831    21.9
19530901 19530930    40.8
19531001 19531031    58.5
19531101 19531130    13.2
19531201 19531231     0.0
19540101 19540131     3.6
19540201 19540228     2.8
19540301 19540331     0.0
19540401 19540430     7.1
19540501 19540531    50.2
19540601 19540630    38.2
19540701 19540731    90.1
19540801 19540831    43.5
19540901 19540930    20.2
19541001 19541031    11.5
19541101 19541130    18.4
19541201 19541231     1.6
19550101 19550131     2.5
19550201 19550228   294.4
19550301 19550331     1.8
19550401 19550430    59.4
19550501 19550531    61.7
19550601 19550630    52.7
19550701 19550731    58.4
19550801 19550831   173.3
19550901 19550930    56.6
19551001 19551031    37.1
19551101 19551130     3.9
19551201 19551231    11.2
19560101 19560131     7.6
19560201 19560229     2.5
19560301 19560331    32.5
19560401 19560430    16.8
19560501 19560531    92.3
19560601 19560630    69.4
19560701 19560731    85.9
19560801 19560831    10.7
19560901 19560930    23.7
19561001 19561031    14.4
19561101 19561130    23.2
19561201 19561231     8.5
19570101 19570131     8.9
19570201 19570228     3.6
19570301 19570331     7.1
19570401 19570430    26.2
19570501 19570531    65.3
19570601 19570630   125.2
19570701 19570731    24.4
19570801 19570831    43.1
19570901 19570930    12.3
19571001 19571031    14.1
19571101 19571130     0.3
19571201 19571231     0.8
19580101 19580131     1.3
19580201 19580228    18.8
19580301 19580331     1.0
19580401 19580430    15.1
19580501 19580531    79.3
19580601 19580630    26.2
19580701 19580731   175.4
19580801 19580831    34.2
19580901 19580930    71.9
19581001 19581031    26.5
19581101 19581130    20.4
19581201 19581231    29.4
19590101 19590131     8.3
19590201 19590228    31.5
19590301 19590331    13.1
19590401 19590430    39.1
19590501 19590531    24.5
19590601 19590630   119.2
19590701 19590731    22.6
19590801 19590831    52.3
19590901 19590930    39.7
19591001 19591031    34.6
19591101 19591130    11.4
19591201 19591231    32.5
19600101 19600131    48.0
19600201 19600229     2.5
19600301 19600331    74.3
19600401 19600430    19.1
19600501 19600531    79.9
19600601 19600630    44.3
19600701 19600731   129.2
19600801 19600831    26.3
19600901 19600930    40.4
19601001 19601031     9.0
19601101 19601130    14.1
19601201 19601231     9.7
19610101 19610131    24.7
19610201 19610228     0.0
19610301 19610331     7.5
19610401 19610430    76.0
19610501 19610531    24.7
19610601 19610630   138.2
19610701 19610731    96.6
19610801 19610831    68.1
19610901 19610930    24.9
19611001 19611031    17.0
19611101 19611130     2.4
19611201 19611231    13.4
19620101 19620131    14.8
19620201 19620228     8.7
19620301 19620331     1.3
19620401 19620430     3.1
19620501 19620531    75.4
19620601 19620630    68.2
19620701 19620731    41.7
19620801 19620831    60.0
19620901 19620930    31.6
19621001 19621031    46.8
19621101 19621130    33.7
19621201 19621231     6.6
19630101 19630131     5.9
19630201 19630228    12.0
19630301 19630331    25.2
19630401 19630430    15.8
19630501 19630531    85.6
19630601 19630630    94.3
19630701 19630731    93.4
19630801 19630831   129.7
19630901 19630930    63.8
19631001 19631031    35.2
19631101 19631130     7.6
19631201 19631231     0.0
19640101 19640131     0.0
19640201 19640229    46.5
19640301 19640331     1.1
19640401 19640430    62.9
19640501 19640531    23.7
19640601 19640630   202.2
19640701 19640731   141.4
19640801 19640831    97.2
19640901 19640930    25.3
19641001 19641031    38.5
19641101 19641130     5.1
19641201 19641231    14.0
19650101 19650131     1.3
19650201 19650228     5.7
19650301 19650331    18.3
19650401 19650430     9.8
19650501 19650531   109.0
19650601 19650630    73.9
19650701 19650731    50.4
19650801 19650831    77.7
19650901 19650930    38.7
19651001 19651031    56.7
19651101 19651130    61.3
19651201 19651231    22.7
19660101 19660131     8.7
19660201 19660228    16.3
19660301 19660331     1.6
19660401 19660430    20.8
19660501 19660531    26.6
19660601 19660630   122.1
19660701 19660731    90.7
19660801 19660831    50.8
19660901 19660930    64.7
19661001 19661031    55.0
19661101 19661130     3.2
19661201 19661231    12.3
19670101 19670131     1.8
19670201 19670228    21.9
19670301 19670331     8.7
19670401 19670430    33.7
19670501 19670531   106.6
19670601 19670630   144.6
19670701 19670731    98.9
19670801 19670831    81.2
19670901 19670930    10.9
19671001 19671031     8.5
19671101 19671130     5.1
19671201 19671231     9.5
19680101 19680131    29.7
19680201 19680229    14.0
19680301 19680331    92.5
19680401 19680430    49.5
19680501 19680531    47.5
19680601 19680630   144.9
19680701 19680731    69.0
19680801 19680831    54.0
19680901 19680930    57.6
19681001 19681031    41.2
19681101 19681130     2.8
19681201 19681231     0.5
19690101 19690131     1.6
19690201 19690228     0.0
19690301 19690331    13.9
19690401 19690430    45.5
19690501 19690531    35.3
19690601 19690630   101.1
19690701 19690731    42.4
19690801 19690831    31.3
19690901 19690930    20.4
19691001 19691031     0.3
19691101 19691130    22.6
19691201 19691231    14.5
19700101 19700131     0.0
19700201 19700228    53.8
19700301 19700331     1.3
19700401 19700430    43.3
19700501 19700531    52.4
19700601 19700630   164.3
19700701 19700731    46.9
19700801 19700831    32.3
19700901 19700930    56.0
19701001 19701031    39.6
19701101 19701130     9.1
19701201 19701231    18.3
19710101 19710131    28.9
19710201 19710228    17.8
19710301 19710331   100.3
19710401 19710430    18.8
19710501 19710531    58.3
19710601 19710630    54.0
19710701 19710731    58.6
19710801 19710831    47.2
19710901 19710930    95.5
19711001 19711031    40.6
19711101 19711130    88.2
19711201 19711231     1.5
19720101 19720131     1.5
19720201 19720229     1.8
19720301 19720331     1.5
19720401 19720430    17.9
19720501 19720531    42.2
19720601 19720630    49.1
19720701 19720731    76.4
19720801 19720831    85.5
19720901 19720930    13.4
19721001 19721031    28.2
19721101 19721130    16.2
19721201 19721231     0.0
19730101 19730131    31.9
19730201 19730228     0.5
19730301 19730331     0.0
19730401 19730430    24.2
19730501 19730531    61.3
19730601 19730630    78.7
19730701 19730731    82.4
19730801 19730831    37.4
19730901 19730930    70.8
19731001 19731031    87.7
19731101 19731130    12.9
19731201 19731231     0.0
19740101 19740131     0.0
19740201 19740228    22.0
19740301 19740331     0.8
19740401 19740430    29.6
19740501 19740531   144.7
19740601 19740630    70.3
19740701 19740731   116.8
19740801 19740831    70.6
19740901 19740930    20.0
19741001 19741031    48.0
19741101 19741130    34.6
19741201 19741231     0.0
19750101 19750131     0.0
19750201 19750228     0.0
19750301 19750331    18.8
19750401 19750430    54.8
19750501 19750531    53.4
19750601 19750630    41.6
19750701 19750731    85.4
19750801 19750831    51.3
19750901 19750930    37.8
19751001 19751031    18.0
19751101 19751130    22.2
19751201 19751231     0.0
19760101 19760131    45.6
19760201 19760229    76.8
19760301 19760331     0.0
19760401 19760430    59.8
19760501 19760531    74.0
19760601 19760630    29.4
19760701 19760731    28.8
19760801 19760831   101.6
19760901 19760930    34.4
19761001 19761031    31.2
19761101 19761130    26.4
19761201 19761231     1.6
19770101 19770131     0.0
19770201 19770228     4.2
19770301 19770331     2.0
19770401 19770430     9.0
19770501 19770531    61.6
19770601 19770630    61.0
19770701 19770731    38.2
19770801 19770831    62.8
19770901 19770930    26.0
19771001 19771031    84.4
19771101 19771130    12.8
19771201 19771231    30.0
19780101 19780131     3.2
19780201 19780228    23.0
19780301 19780331     1.7
19780401 19780430    13.1
19780501 19780531    42.1
19780601 19780630    84.2
19780701 19780731    74.8
19780801 19780831    24.0
19780901 19780930    39.8
19781001 19781031    35.8
19781101 19781130    44.8
19781201 19781231    12.5
19790101 19790131     6.8
19790201 19790228     6.0
19790301 19790331     5.0
19790401 19790430     8.4
19790501 19790531    43.5
19790601 19790630    29.9
19790701 19790731    59.4
19790801 19790831    40.4
19790901 19790930    33.1
19791001 19791031    16.4
19791101 19791130    34.0
19791201 19791231     1.0
19800101 19800131     0.0
19800201 19800229    49.4
19800301 19800331     2.0
19800401 19800430    30.8
19800501 19800531    42.1
19800601 19800630    74.0
19800701 19800731    47.9
19800801 19800831    46.7
19800901 19800930    32.0
19801001 19801031    69.6
19801101 19801130     4.0
19801201 19801231    37.0
19810101 19810131     1.2
19810201 19810228    18.2
19810301 19810331     9.4
19810401 19810430    13.2
19810501 19810531    81.4
19810601 19810630    63.1
19810701 19810731    66.5
19810801 19810831    67.1
19810901 19810930    29.0
19811001 19811031    11.6
19811101 19811130    58.6
19811201 19811231     2.4
19820101 19820131   261.0
19820201 19820228     3.9
19820301 19820331     4.7
19820401 19820430     0.8
19820501 19820531    27.2
19820601 19820630    49.4
19820701 19820731    35.8
19820801 19820831    58.2
19820901 19820930    53.2
19821001 19821031    14.8
19821101 19821130    46.0
19821201 19821231    12.0
19830101 19830131     0.6
19830201 19830228    36.3
19830301 19830331     2.0
19830401 19830430    13.0
19830501 19830531    22.1
19830601 19830630   170.9
19830701 19830731    76.8
19830801 19830831   103.8
19830901 19830930    56.2
19831001 19831031    17.0
19831101 19831130    43.9
19831201 19831231    30.0
19840101 19840131     0.0
19840201 19840229     0.0
19840301 19840331     0.0
19840401 19840430   101.4
19840501 19840531    82.7
19840601 19840630    53.6
19840701 19840731    33.4
19840801 19840831    43.2
19840901 19840930    57.9
19841001 19841031    18.8
19841101 19841130    68.6
19841201 19841231    12.6
19850101 19850131     0.0
19850201 19850228    15.8
19850301 19850331     0.0
19850401 19850430    50.6
19850501 19850531    26.8
19850601 19850630    70.0
19850701 19850731    96.7
19850801 19850831    75.6
19850901 19850930    15.2
19851001 19851031    25.2
19851101 19851130    12.0
19851201 19851231     3.6
19860101 19860131     0.1
19860201 19860228    68.0
19860301 19860331     9.8
19860401 19860430     1.9
19860501 19860531    50.9
19860601 19860630    64.7
19860701 19860731    52.1
19860801 19860831    39.4
19860901 19860930    27.2
19861001 19861031    19.0
19861101 19861130    14.8
19861201 19861231     5.7
19870101 19870131     0.0
19870201 19870228     0.0
19870301 19870331    17.6
19870401 19870430    41.0
19870501 19870531    17.6
19870601 19870630    36.6
19870701 19870731    81.6
19870801 19870831    37.4
19870901 19870930    23.2
19871001 19871031    14.6
19871101 19871130    45.4
19871201 19871231    60.4
19880101 19880131     2.8
19880201 19880229     0.0
19880301 19880331    16.8
19880401 19880430    37.5
19880501 19880531    79.8
19880601 19880630   130.4
19880701 19880731   102.8
19880801 19880831    60.2
19880901 19880930    63.0
19881001 19881031    22.1
19881101 19881130    21.4
19881201 19881231     9.0
19890101 19890131    25.2
19890201 19890228    27.0
19890301 19890331     1.0
19890401 19890430    33.6
19890501 19890531   103.4
19890601 19890630    38.2
19890701 19890731    68.4
19890801 19890831    48.8
19890901 19890930    28.8
19891001 19891031    50.8
19891101 19891130     5.4
19891201 19891231     6.6
19900101 19900131    49.8
19900201 19900228    10.4
19900301 19900331    15.8
19900401 19900430    47.2
19900501 19900531    38.8
19900601 19900630    38.6
19900701 19900731   126.4
19900801 19900831    39.6
19900901 19900930    39.0
19901001 19901031    35.0
19901101 19901130     6.4
19901201 19901231     2.6
19910101 19910131     0.6
19910201 19910228    45.8
19910301 19910331     6.6
19910401 19910430    32.6
19910501 19910531    41.4
19910601 19910630    63.0
19910701 19910731    80.2
19910801 19910831    65.4
19910901 19910930    50.0
19911001 19911031    21.4
19911101 19911130    25.4
19911201 19911231     9.0
19920101 19920131     2.0
19920201 19920229    30.8
19920301 19920331    28.8
19920401 19920430    40.6
19920501 19920531    50.6
19920601 19920630   120.6
19920701 19920731    51.4
19920801 19920831    84.6
19920901 19920930    41.4
19921001 19921031    17.4
19921101 19921130    59.4
19921201 19921231     2.2
19930101 19930131     0.4
19930201 19930228    28.6
19930301 19930331   105.0
19930401 19930430     7.8
19930501 19930531    81.2
19930601 19930630    57.0
19930701 19930731    53.8
19930801 19930831    62.6
19930901 19930930    54.0
19931001 19931031    24.6
19931101 19931130    26.6
19931201 19931231     4.0
19940101 19940131     0.0
19940201 19940228     1.2
19940301 19940331     0.4
19940401 19940430     1.4
19940501 19940531    77.8
19940601 19940630    49.8
19940701 19940731    62.0
19940801 19940831    59.6
19940901 19940930    35.2
19941001 19941031    22.4
19941101 19941130     8.8
19941201 19941231     0.0
19950101 19950131     3.0
19950201 19950228    17.4
19950301 19950331 99999.9
19950401 19950430     5.2
19950501 19950531    65.0
19950601 19950630    56.0
19950701 19950731   107.0
19950801 19950831    44.0
19950901 19950930    56.6
19951001 19951031    58.0
19951101 19951130     9.6
19951201 19951231    70.6
19960101 19960131     2.4
19960201 19960229 99999.9
19960301 19960331 99999.9
19960401 19960430 99999.9
19960501 19960531 99999.9
19960601 19960630   118.6
19960701 19960731   149.0
19960801 19960831    52.8
19960901 19960930    71.8
19961001 19961031    40.8
19961101 19961130    29.8
19961201 19961231     7.6
19970101 19970131     0.0
19970201 19970228     9.2
19970301 19970331    45.4
19970401 19970430    12.0
19970501 19970531    65.0
19970601 19970630    62.0
19970701 19970731    44.2
19970801 19970831    60.2
19970901 19970930    24.8
19971001 19971031    19.8
19971101 19971130     4.8
19971201 19971231     0.0
19980101 19980131     0.0
19980201 19980228     0.2
19980301 19980331   107.0
19980401 19980430    29.0
19980501 19980531    23.0
19980601 19980630   110.8
19980701 19980731    62.4
19980801 19980831   109.2
19980901 19980930    43.8
19981001 19981031    40.2
19981101 19981130    30.4
19981201 19981231    19.4
19990101 19990131     5.8
19990201 19990228     0.0
19990301 19990331     7.6
19990401 19990430     5.6
19990501 19990531    63.8
19990601 19990630    76.4
19990701 19990731    59.0
19990801 19990831    73.0
19990901 19990930    86.2
19991001 19991031    49.2
19991101 19991130     6.4
19991201 19991231    30.4
20000101 20000131    57.8
20000201 20000229     0.0
20000301 20000331    19.0
20000401 20000430    10.8
20000501 20000531 99999.9
20000601 20000630 99999.9
20000701 20000731 99999.9
20000801 20000831 99999.9
20000901 20000930 99999.9
20001001 20001031 99999.9
20001101 20001130 99999.9
20001201 20001231 99999.9
20010101 20010131 99999.9
20010201 20010228 99999.9
20010301 20010331 99999.9
20010401 20010430 99999.9
20010501 20010531 99999.9
20010601 20010630 99999.9
20010701 20010731 99999.9
20010801 20010831 99999.9
20010901 20010930 99999.9
20011001 20011031 99999.9
20011101 20011130 99999.9
20011201 20011231 99999.9
20020101 20020131 99999.9
20020201 20020228 99999.9
20020301 20020331 99999.9
20020401 20020430 99999.9
20020501 20020531 99999.9
20020601 20020630 99999.9
20020701 20020731 99999.9
20020801 20020831 99999.9
20020901 20020930 99999.9
20021001 20021031 99999.9
20021101 20021130 99999.9
20021201 20021231 99999.9
20030101 20030131     0.0
20030201 20030228 99999.9
20030301 20030331 99999.9
20030401 20030430    11.0
20030501 20030531    54.8
20030601 20030630    68.8
20030701 20030731    57.6
20030801 20030831    69.2
20030901 20030930    66.8
20031001 20031031    27.2
20031101 20031130    16.4
20031201 20031231     2.4
20040101 20040131    17.2
20040201 20040229     2.0
20040301 20040331     2.4
20040401 20040430    14.2
20040501 20040531    46.0
20040601 20040630   107.6
20040701 20040731    61.0
20040801 20040831    78.4
20040901 20040930    16.4
20041001 20041031    28.8
20041101 20041130    23.8
20041201 20041231     1.0
20050101 20050131     0.0
20050201 20050228     2.2
20050301 20050331    28.2
20050401 20050430    78.2
20050501 20050531   136.2
20050601 20050630    48.2
20050701 20050731    23.8
20050801 20050831    57.0
20050901 20050930 99999.9
20051001 20051031 99999.9
20051101 20051130 99999.9
20051201 20051231 99999.9
20060101 20060131 99999.9
20060201 20060228 99999.9
20060301 20060331 99999.9
20060401 20060430 99999.9
20060501 20060531 99999.9
20060601 20060630 99999.9
20060701 20060731 99999.9
20060801 20060831 99999.9
20060901 20060930 99999.9
20061001 20061031 99999.9
20061101 20061130 99999.9
20061201 20061231 99999.9
20070101 20070131    13.0
20070201 20070228     0.0
20070301 20070331     8.0
20070401 20070430    34.0
20070501 20070531    23.5
20070601 20070630    41.5
20070701 20070731    86.5
20070801 20070831    53.0
20070901 20070930    44.0
20071001 20071031    44.5
20071101 20071130     4.0
20071201 20071231    43.5
20080101 20080131     1.0
20080201 20080229     6.5
20080301 20080331     3.5
20080401 20080430    79.0
20080501 20080531    53.1
20080601 20080630    72.5
20080701 20080731   102.4
20080801 20080831     8.4
20080901 20080930    39.0
20081001 20081031    48.9
20081101 20081130    20.1
20081201 20081231     8.4
20090101 20090131     5.0
20090201 20090228     9.5
20090301 20090331    28.0
20090401 20090430     1.5
20090501 20090531    17.5
20090601 20090630   114.2
20090701 20090731    69.8
20090801 20090831    59.7
20090901 20090930    53.6
20091001 20091031     8.5
20091101 20091130    30.9
20091201 20091231     0.0
20100101 20100131     0.0
20100201 20100228    19.0
20100301 20100331    54.4
20100401 20100430     2.2
20100501 20100531    39.1
20100601 20100630    49.1
20100701 20100731    53.6
20100801 20100831    32.1
20100901 20100930    16.5
20101001 20101031     9.1
20101101 20101130    12.5
20101201 20101231     7.9
20110101 20110131    74.4
20110201 20110228     1.0
20110301 20110331     0.8
20110401 20110430    33.3
20110501 20110531    29.9
20110601 20110630    76.6
20110701 20110731    57.6
20110801 20110831    43.6
20110901 20110930    54.1
20111001 20111031    39.0
20111101 20111130    56.0
20111201 20111231    92.7
20120101 20120131     1.3
20120201 20120229    10.4
20120301 20120331     0.0
20120401 20120430    10.3
20120501 20120531    45.3
20120601 20120630    79.2
20120701 20120731    24.1
20120801 20120831    41.8
20120901 20120930    55.7
20121001 20121031    29.2
20121101 20121130    21.7
20121201 20121231    21.1
20130101 20130131     7.2
20130201 20130228     5.5
20130301 20130331    65.3
20130401 20130430    18.5
20130501 20130531    84.9
20130601 20130630    17.9
20130701 20130731    57.9
20130801 20130831    68.9
20130901 20130930    89.6
20131001 20131031    22.5
20131101 20131130     9.7
20131201 20131231     3.0
20140101 20140131     0.0
20140201 20140228     0.0
20140301 20140331     1.5
20140401 20140430     8.5
20140501 20140531    96.2
20140601 20140630    28.2
20140701 20140731    62.7
20140801 20140831    56.6
20140901 20140930    65.6
20141001 20141031    30.4
20141101 20141130    18.9
20141201 20141231     0.0
20150101 20150131     4.0
20150201 20150228     2.0
20150301 20150331    17.9
20150401 20150430 99999.9
20150501 20150531 99999.9
20150601 20150630 99999.9
20150701 20150731 99999.9
20150801 20150831 99999.9
20150901 20150930 99999.9
20151001 20151031 99999.9
20151101 20151130 99999.9
20151201 20151231 99999.9
20160101 20160131 99999.9
20160201 20160229 99999.9
20160301 20160331 99999.9
20160401 20160430 99999.9
20160501 20160531 99999.9
20160601 20160630 99999.9
20160701 20160731 99999.9
20160801 20160831    83.4
20160901 20160930 99999.9
20161001 20161031 99999.9
20161101 20161130 99999.9
20161201 20161231 99999.9
20170101 20170131 99999.9
20170201 20170228 99999.9
20170301 20170331 99999.9
20170401 20170430 99999.9
20170501 20170531 99999.9
20170601 20170630 99999.9
20170701 20170731    79.4
20170801 20170831    79.2
20170901 20170930    40.0
