PRCP       033060 18930101 20180131 missing_value=99999.9 PLEYSTOWE SUGAR MILL                      
18930101 18930131    36.8
18930201 18930228   407.7
18930301 18930331   179.8
18930401 18930430    25.4
18930501 18930531    63.0
18930601 18930630    92.2
18930701 18930731    29.5
18930801 18930831   156.2
18930901 18930930    12.7
18931001 18931031    12.4
18931101 18931130    17.3
18931201 18931231   181.4
18940101 18940131   360.9
18940201 18940228   170.2
18940301 18940331   680.5
18940401 18940430   489.5
18940501 18940531   122.4
18940601 18940630   137.4
18940701 18940731     4.3
18940801 18940831    10.7
18940901 18940930    63.0
18941001 18941031    48.3
18941101 18941130   282.2
18941201 18941231   205.5
18950101 18950131   360.9
18950201 18950228   843.3
18950301 18950331   119.1
18950401 18950430   176.5
18950501 18950531    74.7
18950601 18950630    10.2
18950701 18950731    17.0
18950801 18950831     9.1
18950901 18950930    18.3
18951001 18951031    16.0
18951101 18951130     6.1
18951201 18951231    32.0
18960101 18960131   898.1
18960201 18960229   552.7
18960301 18960331    95.3
18960401 18960430   107.2
18960501 18960531    25.1
18960601 18960630    72.4
18960701 18960731    20.1
18960801 18960831     5.8
18960901 18960930     3.8
18961001 18961031     0.0
18961101 18961130    69.9
18961201 18961231    46.2
18970101 18970131   185.7
18970201 18970228    57.4
18970301 18970331   175.5
18970401 18970430    44.5
18970501 18970531    14.7
18970601 18970630    56.6
18970701 18970731    31.2
18970801 18970831    30.7
18970901 18970930    28.2
18971001 18971031    44.7
18971101 18971130   143.8
18971201 18971231   354.6
18980101 18980131   348.7
18980201 18980228  1186.7
18980301 18980331   451.1
18980401 18980430    37.1
18980501 18980531    21.8
18980601 18980630     6.4
18980701 18980731     7.6
18980801 18980831    19.6
18980901 18980930    63.8
18981001 18981031     6.4
18981101 18981130     6.4
18981201 18981231    15.0
18990101 18990131   572.0
18990201 18990228   217.2
18990301 18990331   472.2
18990401 18990430   147.3
18990501 18990531    87.9
18990601 18990630     0.0
18990701 18990731    55.9
18990801 18990831    69.3
18990901 18990930    30.7
18991001 18991031    13.2
18991101 18991130    53.3
18991201 18991231   156.0
19000101 19000131   532.1
19000201 19000228    41.9
19000301 19000331   167.4
19000401 19000430    78.7
19000501 19000531    61.0
19000601 19000630    77.7
19000701 19000731    68.1
19000801 19000831    27.4
19000901 19000930    26.2
19001001 19001031     9.7
19001101 19001130     2.0
19001201 19001231   222.5
19010101 19010131   680.5
19010201 19010228   236.5
19010301 19010331   216.8
19010401 19010430   125.4
19010501 19010531    34.0
19010601 19010630     1.3
19010701 19010731    38.1
19010801 19010831   117.7
19010901 19010930   102.6
19011001 19011031    23.1
19011101 19011130    51.1
19011201 19011231     7.3
19020101 19020131    84.1
19020201 19020228   197.8
19020301 19020331   136.0
19020401 19020430   161.9
19020501 19020531     0.0
19020601 19020630    33.1
19020701 19020731     3.2
19020801 19020831     6.0
19020901 19020930     0.0
19021001 19021031    16.7
19021101 19021130    31.0
19021201 19021231   179.7
19030101 19030131   186.2
19030201 19030228   221.7
19030301 19030331   472.8
19030401 19030430   120.0
19030501 19030531   150.1
19030601 19030630    57.5
19030701 19030731    58.3
19030801 19030831    42.8
19030901 19030930    15.9
19031001 19031031    57.1
19031101 19031130   296.5
19031201 19031231   196.3
19040101 19040131   341.5
19040201 19040229   142.1
19040301 19040331   103.2
19040401 19040430   240.8
19040501 19040531    41.6
19040601 19040630    31.3
19040701 19040731     1.7
19040801 19040831     3.4
19040901 19040930   112.8
19041001 19041031   194.7
19041101 19041130     2.4
19041201 19041231    93.9
19050101 19050131   988.9
19050201 19050228    68.4
19050301 19050331    22.5
19050401 19050430   306.7
19050501 19050531    33.4
19050601 19050630    39.7
19050701 19050731    24.6
19050801 19050831    18.6
19050901 19050930    15.9
19051001 19051031    13.9
19051101 19051130   166.3
19051201 19051231    26.4
19060101 19060131   342.6
19060201 19060228   248.4
19060301 19060331  1052.8
19060401 19060430   127.0
19060501 19060531   340.9
19060601 19060630    95.3
19060701 19060731    15.2
19060801 19060831    30.0
19060901 19060930    91.7
19061001 19061031   121.7
19061101 19061130   214.4
19061201 19061231   413.8
19070101 19070131    84.1
19070201 19070228   197.9
19070301 19070331    99.1
19070401 19070430    41.9
19070501 19070531   133.6
19070601 19070630   129.5
19070701 19070731     1.0
19070801 19070831    22.1
19070901 19070930     6.1
19071001 19071031     4.3
19071101 19071130    76.7
19071201 19071231   286.0
19080101 19080131   474.2
19080201 19080229   105.9
19080301 19080331   537.2
19080401 19080430   461.0
19080501 19080531    73.2
19080601 19080630    28.2
19080701 19080731    47.0
19080801 19080831    40.1
19080901 19080930    54.1
19081001 19081031    53.8
19081101 19081130    94.2
19081201 19081231     7.1
19090101 19090131   351.8
19090201 19090228    58.7
19090301 19090331   275.6
19090401 19090430    75.2
19090501 19090531    46.0
19090601 19090630    47.8
19090701 19090731    86.1
19090801 19090831    34.8
19090901 19090930    24.6
19091001 19091031    20.1
19091101 19091130    74.9
19091201 19091231   424.2
19100101 19100131   727.7
19100201 19100228   251.5
19100301 19100331   670.6
19100401 19100430   136.4
19100501 19100531    83.8
19100601 19100630    96.3
19100701 19100731    13.2
19100801 19100831    21.8
19100901 19100930   142.0
19101001 19101031     2.5
19101101 19101130   123.4
19101201 19101231   152.7
19110101 19110131   627.9
19110201 19110228   351.5
19110301 19110331   294.6
19110401 19110430    97.8
19110501 19110531    25.7
19110601 19110630     0.0
19110701 19110731     2.5
19110801 19110831     4.3
19110901 19110930     0.0
19111001 19111031    23.6
19111101 19111130     8.6
19111201 19111231    38.1
19120101 19120131    43.9
19120201 19120229   204.2
19120301 19120331   173.5
19120401 19120430    68.8
19120501 19120531   115.3
19120601 19120630   135.9
19120701 19120731    29.0
19120801 19120831     0.0
19120901 19120930     0.0
19121001 19121031   187.7
19121101 19121130   144.0
19121201 19121231    92.7
19130101 19130131   411.0
19130201 19130228   679.2
19130301 19130331   297.8
19130401 19130430   113.9
19130501 19130531   102.9
19130601 19130630   111.0
19130701 19130731    12.0
19130801 19130831     0.0
19130901 19130930     8.1
19131001 19131031     0.3
19131101 19131130     5.9
19131201 19131231   315.7
19140101 19140131   542.6
19140201 19140228   179.6
19140301 19140331   474.4
19140401 19140430   133.2
19140501 19140531    63.1
19140601 19140630   248.8
19140701 19140731     0.8
19140801 19140831     2.1
19140901 19140930    28.0
19141001 19141031   103.4
19141101 19141130    36.9
19141201 19141231   185.2
19150101 19150131    69.8
19150201 19150228   172.2
19150301 19150331    71.7
19150401 19150430    49.9
19150501 19150531    30.5
19150601 19150630    11.9
19150701 19150731    11.4
19150801 19150831    34.1
19150901 19150930     2.8
19151001 19151031    55.0
19151101 19151130   172.2
19151201 19151231   145.4
19160101 19160131   179.1
19160201 19160229   101.7
19160301 19160331    93.1
19160401 19160430   148.8
19160501 19160531    59.7
19160601 19160630    45.1
19160701 19160731   127.0
19160801 19160831    33.2
19160901 19160930    14.5
19161001 19161031    70.1
19161101 19161130   138.5
19161201 19161231   520.9
19170101 19170131   272.1
19170201 19170228   486.6
19170301 19170331   217.7
19170401 19170430   149.5
19170501 19170531    50.8
19170601 19170630    12.0
19170701 19170731     0.0
19170801 19170831   121.2
19170901 19170930    18.3
19171001 19171031    43.7
19171101 19171130   230.0
19171201 19171231   319.8
19180101 19180131  2009.8
19180201 19180228   434.8
19180301 19180331   170.2
19180401 19180430   169.7
19180501 19180531    32.2
19180601 19180630     5.6
19180701 19180731     6.5
19180801 19180831    15.9
19180901 19180930    15.8
19181001 19181031     0.0
19181101 19181130   197.7
19181201 19181231    46.2
19190101 19190131   287.3
19190201 19190228   174.6
19190301 19190331   101.3
19190401 19190430   266.1
19190501 19190531   204.7
19190601 19190630    62.8
19190701 19190731     7.6
19190801 19190831     2.3
19190901 19190930     5.4
19191001 19191031     5.9
19191101 19191130    35.8
19191201 19191231     7.6
19200101 19200131   468.6
19200201 19200229    52.3
19200301 19200331    53.1
19200401 19200430   227.0
19200501 19200531   153.5
19200601 19200630    52.3
19200701 19200731    14.8
19200801 19200831    84.1
19200901 19200930    39.8
19201001 19201031    87.8
19201101 19201130    64.9
19201201 19201231    63.5
19210101 19210131   289.7
19210201 19210228   521.2
19210301 19210331   517.0
19210401 19210430    46.2
19210501 19210531    45.4
19210601 19210630    75.0
19210701 19210731   235.5
19210801 19210831     9.4
19210901 19210930   316.2
19211001 19211031    57.8
19211101 19211130    48.5
19211201 19211231   374.9
19220101 19220131    72.9
19220201 19220228   213.5
19220301 19220331    90.3
19220401 19220430    54.3
19220501 19220531    30.7
19220601 19220630    22.4
19220701 19220731   119.3
19220801 19220831     0.0
19220901 19220930    43.0
19221001 19221031    37.4
19221101 19221130    35.4
19221201 19221231   130.6
19230101 19230131   121.1
19230201 19230228    65.8
19230301 19230331    48.7
19230401 19230430    71.6
19230501 19230531     0.0
19230601 19230630   120.1
19230701 19230731    28.7
19230801 19230831    16.5
19230901 19230930     0.0
19231001 19231031     1.8
19231101 19231130    17.3
19231201 19231231    71.9
19240101 19240131    44.5
19240201 19240229   531.2
19240301 19240331   105.9
19240401 19240430   164.5
19240501 19240531    64.8
19240601 19240630    29.4
19240701 19240731    21.6
19240801 19240831    11.2
19240901 19240930    27.2
19241001 19241031     6.9
19241101 19241130   190.5
19241201 19241231   113.3
19250101 19250131   126.5
19250201 19250228   221.9
19250301 19250331   347.0
19250401 19250430    30.5
19250501 19250531    15.3
19250601 19250630    64.6
19250701 19250731     9.2
19250801 19250831   136.0
19250901 19250930    39.6
19251001 19251031    55.3
19251101 19251130    52.2
19251201 19251231   135.2
19260101 19260131   150.3
19260201 19260228   134.5
19260301 19260331   247.4
19260401 19260430    56.4
19260501 19260531    12.7
19260601 19260630     0.0
19260701 19260731     0.0
19260801 19260831     9.4
19260901 19260930   158.9
19261001 19261031     3.8
19261101 19261130    17.0
19261201 19261231   164.4
19270101 19270131   377.8
19270201 19270228   195.1
19270301 19270331   246.2
19270401 19270430    53.5
19270501 19270531    32.8
19270601 19270630    77.2
19270701 19270731    89.3
19270801 19270831     0.0
19270901 19270930    24.1
19271001 19271031    46.5
19271101 19271130    78.1
19271201 19271231   902.8
19280101 19280131    68.5
19280201 19280229   930.7
19280301 19280331   507.1
19280401 19280430   129.1
19280501 19280531    35.1
19280601 19280630    28.7
19280701 19280731     0.0
19280801 19280831     0.3
19280901 19280930     0.0
19281001 19281031     0.0
19281101 19281130   169.2
19281201 19281231   281.9
19290101 19290131   573.0
19290201 19290228   326.1
19290301 19290331   293.8
19290401 19290430   416.9
19290501 19290531     0.0
19290601 19290630    72.1
19290701 19290731     0.0
19290801 19290831     7.3
19290901 19290930     1.0
19291001 19291031    13.4
19291101 19291130    10.5
19291201 19291231    59.1
19300101 19300131   810.0
19300201 19300228   163.4
19300301 19300331   124.9
19300401 19300430    33.9
19300501 19300531   165.8
19300601 19300630   129.6
19300701 19300731     6.3
19300801 19300831    22.0
19300901 19300930     2.1
19301001 19301031    28.3
19301101 19301130    28.6
19301201 19301231    79.2
19310101 19310131   103.4
19310201 19310228   147.5
19310301 19310331   220.0
19310401 19310430    40.9
19310501 19310531    38.7
19310601 19310630     6.4
19310701 19310731     7.0
19310801 19310831     0.0
19310901 19310930     6.1
19311001 19311031    24.9
19311101 19311130    52.3
19311201 19311231   154.7
19320101 19320131   674.3
19320201 19320229    38.8
19320301 19320331    44.3
19320401 19320430    45.7
19320501 19320531   133.2
19320601 19320630    25.3
19320701 19320731     6.3
19320801 19320831     5.6
19320901 19320930     7.7
19321001 19321031     7.4
19321101 19321130    77.3
19321201 19321231   149.0
19330101 19330131   179.2
19330201 19330228   549.8
19330301 19330331    19.6
19330401 19330430    94.8
19330501 19330531    48.1
19330601 19330630    74.8
19330701 19330731   271.4
19330801 19330831    52.8
19330901 19330930    85.7
19331001 19331031    39.7
19331101 19331130   306.9
19331201 19331231   190.3
19340101 19340131   115.1
19340201 19340228   295.1
19340301 19340331    97.8
19340401 19340430    69.1
19340501 19340531    63.3
19340601 19340630    63.6
19340701 19340731    13.1
19340801 19340831     5.8
19340901 19340930    22.6
19341001 19341031    56.8
19341101 19341130   249.0
19341201 19341231    33.0
19350101 19350131    71.4
19350201 19350228   352.4
19350301 19350331   109.0
19350401 19350430    59.7
19350501 19350531   187.1
19350601 19350630    20.0
19350701 19350731    42.2
19350801 19350831    16.6
19350901 19350930    62.9
19351001 19351031    64.3
19351101 19351130    32.0
19351201 19351231    71.9
19360101 19360131   258.0
19360201 19360229   679.6
19360301 19360331   843.1
19360401 19360430    14.8
19360501 19360531    66.8
19360601 19360630   273.5
19360701 19360731    13.8
19360801 19360831     2.4
19360901 19360930    21.8
19361001 19361031    25.0
19361101 19361130    13.1
19361201 19361231   197.5
19370101 19370131   163.6
19370201 19370228   505.9
19370301 19370331   490.0
19370401 19370430    21.8
19370501 19370531    14.7
19370601 19370630    49.5
19370701 19370731    13.6
19370801 19370831    10.1
19370901 19370930     8.5
19371001 19371031    40.4
19371101 19371130    70.8
19371201 19371231    58.0
19380101 19380131    91.8
19380201 19380228   398.6
19380301 19380331   456.3
19380401 19380430     0.5
19380501 19380531    86.0
19380601 19380630    29.1
19380701 19380731    71.4
19380801 19380831     1.7
19380901 19380930     6.8
19381001 19381031    63.5
19381101 19381130    92.1
19381201 19381231    67.5
19390101 19390131   138.7
19390201 19390228   366.5
19390301 19390331   287.9
19390401 19390430   229.9
19390501 19390531   162.2
19390601 19390630    66.3
19390701 19390731     0.0
19390801 19390831    28.1
19390901 19390930     2.6
19391001 19391031    24.2
19391101 19391130    65.1
19391201 19391231    97.4
19400101 19400131   229.3
19400201 19400229  1006.2
19400301 19400331   337.1
19400401 19400430   298.1
19400501 19400531    21.1
19400601 19400630    19.2
19400701 19400731     0.0
19400801 19400831   186.4
19400901 19400930     0.0
19401001 19401031     6.3
19401101 19401130    15.8
19401201 19401231    14.4
19410101 19410131   618.7
19410201 19410228   135.2
19410301 19410331   254.0
19410401 19410430   436.9
19410501 19410531   101.6
19410601 19410630    89.4
19410701 19410731     0.8
19410801 19410831     5.1
19410901 19410930     8.1
19411001 19411031     7.1
19411101 19411130   114.1
19411201 19411231    36.8
19420101 19420131   102.6
19420201 19420228   993.7
19420301 19420331    56.3
19420401 19420430   148.5
19420501 19420531    69.9
19420601 19420630    80.5
19420701 19420731    80.0
19420801 19420831    28.1
19420901 19420930    50.6
19421001 19421031    93.5
19421101 19421130    52.3
19421201 19421231   522.4
19430101 19430131   363.2
19430201 19430228   512.3
19430301 19430331    27.2
19430401 19430430    85.4
19430501 19430531    52.6
19430601 19430630    76.4
19430701 19430731     0.0
19430801 19430831     0.0
19430901 19430930    84.3
19431001 19431031    62.7
19431101 19431130     0.0
19431201 19431231    69.7
19440101 19440131   160.3
19440201 19440229   471.1
19440301 19440331   437.2
19440401 19440430    37.5
19440501 19440531    26.0
19440601 19440630    65.6
19440701 19440731    24.3
19440801 19440831    20.5
19440901 19440930    20.4
19441001 19441031     7.1
19441101 19441130    34.3
19441201 19441231    31.8
19450101 19450131   107.9
19450201 19450228    75.5
19450301 19450331   340.9
19450401 19450430    51.2
19450501 19450531    41.3
19450601 19450630    88.2
19450701 19450731    93.0
19450801 19450831     6.6
19450901 19450930    26.4
19451001 19451031   190.0
19451101 19451130    46.6
19451201 19451231   108.1
19460101 19460131   598.5
19460201 19460228   127.0
19460301 19460331   591.3
19460401 19460430     7.1
19460501 19460531    48.8
19460601 19460630     1.0
19460701 19460731    10.1
19460801 19460831     0.0
19460901 19460930     2.5
19461001 19461031    12.7
19461101 19461130    17.7
19461201 19461231    45.5
19470101 19470131    47.5
19470201 19470228   895.3
19470301 19470331   200.5
19470401 19470430    26.2
19470501 19470531    41.1
19470601 19470630    16.0
19470701 19470731     8.1
19470801 19470831    24.5
19470901 19470930    31.8
19471001 19471031    25.5
19471101 19471130    64.7
19471201 19471231    12.9
19480101 19480131   206.8
19480201 19480229   339.6
19480301 19480331    88.5
19480401 19480430    61.9
19480501 19480531    24.4
19480601 19480630    42.0
19480701 19480731    71.0
19480801 19480831     0.3
19480901 19480930     0.5
19481001 19481031    23.4
19481101 19481130    15.0
19481201 19481231   175.6
19490101 19490131   125.5
19490201 19490228   389.5
19490301 19490331   205.0
19490401 19490430    42.8
19490501 19490531    31.4
19490601 19490630     3.3
19490701 19490731     2.6
19490801 19490831     0.5
19490901 19490930     3.6
19491001 19491031    83.1
19491101 19491130    77.6
19491201 19491231    74.0
19500101 19500131   611.9
19500201 19500228   303.7
19500301 19500331   645.1
19500401 19500430   252.3
19500501 19500531    59.0
19500601 19500630    30.3
19500701 19500731   318.3
19500801 19500831    56.8
19500901 19500930     7.9
19501001 19501031   175.0
19501101 19501130   216.2
19501201 19501231   137.6
19510101 19510131  1353.3
19510201 19510228   136.4
19510301 19510331    88.2
19510401 19510430     5.1
19510501 19510531    41.4
19510601 19510630    49.4
19510701 19510731    10.7
19510801 19510831     0.0
19510901 19510930     6.1
19511001 19511031    18.8
19511101 19511130     0.5
19511201 19511231    38.2
19520101 19520131   214.3
19520201 19520229   348.6
19520301 19520331    68.1
19520401 19520430    94.5
19520501 19520531    34.3
19520601 19520630    91.0
19520701 19520731    13.2
19520801 19520831    18.9
19520901 19520930    11.4
19521001 19521031    47.4
19521101 19521130    96.5
19521201 19521231    43.0
19530101 19530131   582.6
19530201 19530228   353.9
19530301 19530331   108.7
19530401 19530430   121.1
19530501 19530531    26.4
19530601 19530630    21.6
19530701 19530731     0.5
19530801 19530831   120.6
19530901 19530930     0.8
19531001 19531031    62.5
19531101 19531130    44.0
19531201 19531231    35.9
19540101 19540131   763.1
19540201 19540228   645.3
19540301 19540331   347.2
19540401 19540430   446.6
19540501 19540531    13.7
19540601 19540630    21.0
19540701 19540731    20.3
19540801 19540831    36.3
19540901 19540930    26.5
19541001 19541031   166.7
19541101 19541130    85.7
19541201 19541231    48.6
19550101 19550131   143.9
19550201 19550228   743.7
19550301 19550331  1018.0
19550401 19550430   207.9
19550501 19550531   585.7
19550601 19550630    26.7
19550701 19550731     6.9
19550801 19550831     1.8
19550901 19550930     5.1
19551001 19551031    48.2
19551101 19551130    37.9
19551201 19551231    43.1
19560101 19560131   430.1
19560201 19560229   531.6
19560301 19560331   688.7
19560401 19560430   143.5
19560501 19560531   146.3
19560601 19560630   160.3
19560701 19560731    52.2
19560801 19560831    41.6
19560901 19560930    20.8
19561001 19561031    31.0
19561101 19561130   151.6
19561201 19561231   331.2
19570101 19570131   218.2
19570201 19570228   102.7
19570301 19570331   166.3
19570401 19570430    23.0
19570501 19570531    62.5
19570601 19570630    64.4
19570701 19570731    78.0
19570801 19570831    73.8
19570901 19570930     0.0
19571001 19571031     8.1
19571101 19571130    85.4
19571201 19571231    11.9
19580101 19580131   400.1
19580201 19580228  1486.8
19580301 19580331   168.6
19580401 19580430   566.6
19580501 19580531    34.9
19580601 19580630   127.7
19580701 19580731     4.8
19580801 19580831    33.6
19580901 19580930    37.7
19581001 19581031     0.0
19581101 19581130    65.3
19581201 19581231   245.4
19590101 19590131   393.1
19590201 19590228   347.7
19590301 19590331   290.6
19590401 19590430   121.7
19590501 19590531   119.5
19590601 19590630    24.7
19590701 19590731     4.6
19590801 19590831     5.5
19590901 19590930     6.6
19591001 19591031     9.4
19591101 19591130    94.0
19591201 19591231   455.1
19600101 19600131   861.8
19600201 19600229   414.4
19600301 19600331   241.7
19600401 19600430    23.2
19600501 19600531    83.2
19600601 19600630    12.4
19600701 19600731    18.4
19600801 19600831     2.8
19600901 19600930     8.9
19601001 19601031    60.2
19601101 19601130    53.2
19601201 19601231   174.2
19610101 19610131    54.3
19610201 19610228   383.8
19610301 19610331    72.8
19610401 19610430    87.3
19610501 19610531    46.5
19610601 19610630    40.9
19610701 19610731    11.2
19610801 19610831    51.8
19610901 19610930     2.4
19611001 19611031     6.9
19611101 19611130   225.8
19611201 19611231    75.4
19620101 19620131   388.1
19620201 19620228   230.6
19620301 19620331   178.6
19620401 19620430   114.1
19620501 19620531    17.8
19620601 19620630    11.3
19620701 19620731    20.7
19620801 19620831     0.0
19620901 19620930    14.2
19621001 19621031     5.1
19621101 19621130    70.5
19621201 19621231   360.2
19630101 19630131   874.0
19630201 19630228   133.7
19630301 19630331   948.8
19630401 19630430   214.5
19630501 19630531    35.4
19630601 19630630    25.0
19630701 19630731     0.3
19630801 19630831    77.9
19630901 19630930     4.9
19631001 19631031    30.8
19631101 19631130    47.2
19631201 19631231    88.0
19640101 19640131   144.5
19640201 19640229   137.4
19640301 19640331   299.8
19640401 19640430    75.9
19640501 19640531    52.4
19640601 19640630    66.9
19640701 19640731    43.5
19640801 19640831    17.8
19640901 19640930    30.8
19641001 19641031    70.5
19641101 19641130    99.7
19641201 19641231   196.5
19650101 19650131   105.6
19650201 19650228   143.0
19650301 19650331   100.6
19650401 19650430   203.1
19650501 19650531    76.4
19650601 19650630     8.5
19650701 19650731     1.5
19650801 19650831    23.7
19650901 19650930     0.5
19651001 19651031    71.3
19651101 19651130    10.4
19651201 19651231   227.0
19660101 19660131   254.5
19660201 19660228   175.4
19660301 19660331    79.1
19660401 19660430   106.5
19660501 19660531    42.5
19660601 19660630     8.7
19660701 19660731    27.2
19660801 19660831    57.9
19660901 19660930     8.1
19661001 19661031    36.4
19661101 19661130    80.9
19661201 19661231   103.5
19670101 19670131   145.9
19670201 19670228    93.5
19670301 19670331   219.1
19670401 19670430    34.3
19670501 19670531    66.8
19670601 19670630   375.6
19670701 19670731     9.5
19670801 19670831    17.8
19670901 19670930     0.3
19671001 19671031    18.8
19671101 19671130    68.4
19671201 19671231   375.9
19680101 19680131   416.0
19680201 19680229   800.1
19680301 19680331   297.3
19680401 19680430    75.3
19680501 19680531   120.5
19680601 19680630     0.0
19680701 19680731    38.0
19680801 19680831    15.0
19680901 19680930    35.9
19681001 19681031     6.4
19681101 19681130     1.3
19681201 19681231    56.5
19690101 19690131   197.6
19690201 19690228    80.0
19690301 19690331   315.8
19690401 19690430   132.4
19690501 19690531    76.7
19690601 19690630    43.8
19690701 19690731    16.0
19690801 19690831    15.0
19690901 19690930     0.3
19691001 19691031    71.3
19691101 19691130    24.7
19691201 19691231   100.2
19700101 19700131   658.4
19700201 19700228   508.1
19700301 19700331   177.2
19700401 19700430    67.6
19700501 19700531     9.7
19700601 19700630     8.6
19700701 19700731     8.2
19700801 19700831    25.9
19700901 19700930    10.2
19701001 19701031    76.5
19701101 19701130   122.9
19701201 19701231   359.3
19710101 19710131   187.8
19710201 19710228   453.5
19710301 19710331   252.5
19710401 19710430    97.2
19710501 19710531     4.1
19710601 19710630    35.4
19710701 19710731    54.8
19710801 19710831    45.4
19710901 19710930    10.3
19711001 19711031    16.6
19711101 19711130   126.3
19711201 19711231   333.0
19720101 19720131   409.6
19720201 19720229   721.8
19720301 19720331   200.5
19720401 19720430    61.6
19720501 19720531    68.8
19720601 19720630    28.7
19720701 19720731     3.1
19720801 19720831     1.5
19720901 19720930    16.0
19721001 19721031     0.0
19721101 19721130    43.1
19721201 19721231     4.9
19730101 19730131   158.3
19730201 19730228   434.1
19730301 19730331   242.3
19730401 19730430   134.7
19730501 19730531    34.7
19730601 19730630    18.6
19730701 19730731    27.4
19730801 19730831     7.1
19730901 19730930    34.6
19731001 19731031   111.9
19731101 19731130   145.5
19731201 19731231   436.7
19740101 19740131  1374.2
19740201 19740228   127.8
19740301 19740331   723.3
19740401 19740430    77.6
19740501 19740531    97.0
19740601 19740630     1.4
19740701 19740731     0.0
19740801 19740831    70.0
19740901 19740930    79.2
19741001 19741031    13.0
19741101 19741130   178.6
19741201 19741231   142.4
19750101 19750131   605.4
19750201 19750228   221.2
19750301 19750331   304.8
19750401 19750430    72.6
19750501 19750531    10.4
19750601 19750630    40.6
19750701 19750731    35.4
19750801 19750831    26.4
19750901 19750930    75.4
19751001 19751031   107.8
19751101 19751130    63.0
19751201 19751231   574.4
19760101 19760131   251.6
19760201 19760229   373.6
19760301 19760331   612.8
19760401 19760430   115.2
19760501 19760531    38.6
19760601 19760630    47.2
19760701 19760731    15.2
19760801 19760831     0.6
19760901 19760930    13.6
19761001 19761031   106.2
19761101 19761130   125.8
19761201 19761231   245.8
19770101 19770131   174.6
19770201 19770228   481.8
19770301 19770331   450.6
19770401 19770430   169.8
19770501 19770531   190.6
19770601 19770630     0.4
19770701 19770731    15.2
19770801 19770831     0.0
19770901 19770930     3.4
19771001 19771031     2.2
19771101 19771130    99.4
19771201 19771231   128.0
19780101 19780131   165.8
19780201 19780228   662.0
19780301 19780331    87.4
19780401 19780430    26.2
19780501 19780531   107.4
19780601 19780630    17.6
19780701 19780731    62.2
19780801 19780831    31.8
19780901 19780930    40.2
19781001 19781031    52.2
19781101 19781130   165.8
19781201 19781231   112.2
19790101 19790131   720.2
19790201 19790228  1070.4
19790301 19790331   474.6
19790401 19790430    36.2
19790501 19790531    32.2
19790601 19790630   108.0
19790701 19790731    57.0
19790801 19790831     0.0
19790901 19790930     0.2
19791001 19791031    37.0
19791101 19791130    30.0
19791201 19791231   219.2
19800101 19800131   284.8
19800201 19800229   239.8
19800301 19800331    98.0
19800401 19800430   160.8
19800501 19800531   108.6
19800601 19800630    13.2
19800701 19800731    45.0
19800801 19800831    25.8
19800901 19800930     0.0
19801001 19801031    21.0
19801101 19801130    38.6
19801201 19801231   133.8
19810101 19810131   342.0
19810201 19810228   499.4
19810301 19810331   128.6
19810401 19810430   201.2
19810501 19810531   150.5
19810601 19810630    33.4
19810701 19810731    12.4
19810801 19810831    12.4
19810901 19810930     2.0
19811001 19811031     1.4
19811101 19811130   205.8
19811201 19811231   154.0
19820101 19820131   104.3
19820201 19820228    27.0
19820301 19820331   479.5
19820401 19820430   204.5
19820501 19820531    43.6
19820601 19820630    12.0
19820701 19820731     6.2
19820801 19820831    15.7
19820901 19820930    12.5
19821001 19821031     0.0
19821101 19821130     7.8
19821201 19821231   176.4
19830101 19830131   234.4
19830201 19830228    41.9
19830301 19830331   278.0
19830401 19830430   161.0
19830501 19830531   442.9
19830601 19830630    49.0
19830701 19830731    22.4
19830801 19830831     7.1
19830901 19830930    22.0
19831001 19831031    49.5
19831101 19831130    57.5
19831201 19831231    60.2
19840101 19840131   157.9
19840201 19840229   108.3
19840301 19840331    52.6
19840401 19840430    69.6
19840501 19840531    11.2
19840601 19840630     9.0
19840701 19840731    91.4
19840801 19840831     0.0
19840901 19840930    19.6
19841001 19841031    23.0
19841101 19841130   107.2
19841201 19841231   108.4
19850101 19850131    93.4
19850201 19850228   361.8
19850301 19850331   591.6
19850401 19850430    66.2
19850501 19850531   110.2
19850601 19850630    57.0
19850701 19850731    71.2
19850801 19850831    10.2
19850901 19850930     2.8
19851001 19851031   136.4
19851101 19851130   333.4
19851201 19851231    17.6
19860101 19860131   148.4
19860201 19860228   260.2
19860301 19860331   189.1
19860401 19860430   145.4
19860501 19860531    57.5
19860601 19860630    52.0
19860701 19860731    34.8
19860801 19860831    47.0
19860901 19860930    22.8
19861001 19861031    64.0
19861101 19861130    20.0
19861201 19861231    51.0
19870101 19870131    21.8
19870201 19870228    79.2
19870301 19870331   129.0
19870401 19870430   171.4
19870501 19870531    23.6
19870601 19870630    92.0
19870701 19870731    76.0
19870801 19870831     9.8
19870901 19870930     5.0
19871001 19871031    30.2
19871101 19871130   154.4
19871201 19871231    52.4
19880101 19880131    39.6
19880201 19880229   404.2
19880301 19880331   507.8
19880401 19880430   115.8
19880501 19880531    59.4
19880601 19880630   143.6
19880701 19880731   211.8
19880801 19880831    95.6
19880901 19880930     2.2
19881001 19881031     4.0
19881101 19881130   166.8
19881201 19881231   273.2
19890101 19890131   154.2
19890201 19890228   303.0
19890301 19890331   357.4
19890401 19890430   658.0
19890501 19890531   177.2
19890601 19890630    90.4
19890701 19890731    76.8
19890801 19890831     0.0
19890901 19890930     0.0
19891001 19891031    11.6
19891101 19891130   205.5
19891201 19891231     0.6
19900101 19900131    33.5
19900201 19900228   105.4
19900301 19900331   502.0
19900401 19900430   356.5
19900501 19900531   313.6
19900601 19900630   120.6
19900701 19900731    10.0
19900801 19900831     9.0
19900901 19900930    28.6
19901001 19901031    48.0
19901101 19901130     7.0
19901201 19901231   939.6
19910101 19910131   974.2
19910201 19910228   763.0
19910301 19910331    15.6
19910401 19910430    64.8
19910501 19910531    63.2
19910601 19910630    18.2
19910701 19910731     9.0
19910801 19910831     7.4
19910901 19910930     0.0
19911001 19911031     3.0
19911101 19911130   187.6
19911201 19911231   193.0
19920101 19920131    14.0
19920201 19920229   128.0
19920301 19920331    86.8
19920401 19920430    72.0
19920501 19920531   103.6
19920601 19920630     4.7
19920701 19920731     4.4
19920801 19920831     6.2
19920901 19920930    11.6
19921001 19921031    17.4
19921101 19921130     4.0
19921201 19921231   146.2
19930101 19930131   510.2
19930201 19930228   146.4
19930301 19930331    96.6
19930401 19930430   123.4
19930501 19930531    83.0
19930601 19930630    34.2
19930701 19930731    20.1
19930801 19930831    49.8
19930901 19930930    37.8
19931001 19931031    73.4
19931101 19931130    78.2
19931201 19931231   159.2
19940101 19940131   124.2
19940201 19940228   221.8
19940301 19940331   218.4
19940401 19940430    65.2
19940501 19940531    61.6
19940601 19940630    21.8
19940701 19940731    30.0
19940801 19940831     3.6
19940901 19940930     5.6
19941001 19941031    47.6
19941101 19941130    34.2
19941201 19941231   134.6
19950101 19950131   173.2
19950201 19950228   314.2
19950301 19950331    41.2
19950401 19950430    67.8
19950501 19950531    55.1
19950601 19950630    74.0
19950701 19950731     1.8
19950801 19950831   117.0
19950901 19950930    14.0
19951001 19951031    56.4
19951101 19951130    53.8
19951201 19951231    84.0
19960101 19960131   349.5
19960201 19960229   195.8
19960301 19960331   125.4
19960401 19960430    99.8
19960501 19960531    80.0
19960601 19960630    64.9
19960701 19960731    45.8
19960801 19960831    31.0
19960901 19960930    11.0
19961001 19961031    75.3
19961101 19961130   106.4
19961201 19961231   124.2
19970101 19970131    98.0
19970201 19970228   606.0
19970301 19970331   185.6
19970401 19970430    52.6
19970501 19970531   110.0
19970601 19970630    33.0
19970701 19970731    22.2
19970801 19970831    64.0
19970901 19970930    10.0
19971001 19971031    57.4
19971101 19971130    55.0
19971201 19971231   255.0
19980101 19980131   226.4
19980201 19980228   109.0
19980301 19980331    78.4
19980401 19980430   230.0
19980501 19980531   127.8
19980601 19980630    38.8
19980701 19980731    25.8
19980801 19980831   227.0
19980901 19980930    84.0
19981001 19981031   107.6
19981101 19981130   207.6
19981201 19981231   214.0
19990101 19990131   185.0
19990201 19990228   408.0
19990301 19990331   453.0
19990401 19990430   318.4
19990501 19990531    27.4
19990601 19990630    19.0
19990701 19990731    15.0
19990801 19990831    15.0
19990901 19990930    17.8
19991001 19991031     3.0
19991101 19991130   201.0
19991201 19991231   150.0
20000101 20000131    85.0
20000201 20000229  1046.0
20000301 20000331    55.8
20000401 20000430   436.0
20000501 20000531   115.0
20000601 20000630    78.0
20000701 20000731    17.0
20000801 20000831    10.0
20000901 20000930     0.0
20001001 20001031   133.0
20001101 20001130   435.4
20001201 20001231   278.0
20010101 20010131   246.8
20010201 20010228   288.3
20010301 20010331   116.8
20010401 20010430    76.2
20010501 20010531    11.0
20010601 20010630    64.2
20010701 20010731    28.0
20010801 20010831     2.6
20010901 20010930    14.0
20011001 20011031    14.0
20011101 20011130    75.0
20011201 20011231    84.4
20020101 20020131   169.4
20020201 20020228   248.0
20020301 20020331    41.0
20020401 20020430    62.6
20020501 20020531    40.4
20020601 20020630   205.6
20020701 20020731     0.6
20020801 20020831    13.4
20020901 20020930     9.8
20021001 20021031     9.0
20021101 20021130    13.4
20021201 20021231    36.4
20030101 20030131    38.0
20030201 20030228   433.8
20030301 20030331   186.4
20030401 20030430    26.6
20030501 20030531    53.0
20030601 20030630   135.2
20030701 20030731    23.8
20030801 20030831     5.4
20030901 20030930     0.0
20031001 20031031    18.8
20031101 20031130    36.2
20031201 20031231   143.6
20040101 20040131   200.3
20040201 20040229   178.4
20040301 20040331    83.6
20040401 20040430    77.9
20040501 20040531    10.2
20040601 20040630     6.4
20040701 20040731     9.6
20040801 20040831     7.0
20040901 20040930     6.2
20041001 20041031   110.0
20041101 20041130   116.0
20041201 20041231    76.8
20050101 20050131   532.6
20050201 20050228    56.4
20050301 20050331    62.2
20050401 20050430   194.8
20050501 20050531    92.6
20050601 20050630    65.8
20050701 20050731    35.2
20050801 20050831    59.6
20050901 20050930     2.0
20051001 20051031    74.8
20051101 20051130    96.0
20051201 20051231     4.0
20060101 20060131   228.0
20060201 20060228    89.6
20060301 20060331   222.6
20060401 20060430   176.7
20060501 20060531    69.5
20060601 20060630    92.0
20060701 20060731    34.7
20060801 20060831     5.8
20060901 20060930    64.6
20061001 20061031    23.0
20061101 20061130    55.0
20061201 20061231   168.8
20070101 20070131   465.0
20070201 20070228   648.0
20070301 20070331   186.8
20070401 20070430    57.6
20070501 20070531   101.0
20070601 20070630   264.5
20070701 20070731     0.0
20070801 20070831     3.0
20070901 20070930    46.0
20071001 20071031    35.0
20071101 20071130    75.0
20071201 20071231   258.0
20080101 20080131   406.0
20080201 20080229  1353.0
20080301 20080331    24.9
20080401 20080430     3.0
20080501 20080531    33.5
20080601 20080630    30.5
20080701 20080731   120.1
20080801 20080831     0.0
20080901 20080930    22.0
20081001 20081031    23.5
20081101 20081130    20.0
20081201 20081231   206.0
20090101 20090131   310.0
20090201 20090228   672.0
20090301 20090331   208.5
20090401 20090430   235.5
20090501 20090531    26.5
20090601 20090630    31.5
20090701 20090731     0.5
20090801 20090831     0.0
20090901 20090930     0.0
20091001 20091031    15.0
20091101 20091130   109.5
20091201 20091231    96.5
20100101 20100131   423.5
20100201 20100228   640.0
20100301 20100331   444.5
20100401 20100430    85.5
20100501 20100531    35.0
20100601 20100630     7.2
20100701 20100731     6.3
20100801 20100831   112.0
20100901 20100930   325.5
20101001 20101031    66.5
20101101 20101130   562.0
20101201 20101231   940.0
20110101 20110131   291.0
20110201 20110228   283.0
20110301 20110331  1100.5
20110401 20110430   120.0
20110501 20110531    31.5
20110601 20110630    37.5
20110701 20110731     9.0
20110801 20110831    39.5
20110901 20110930     1.5
20111001 20111031    44.0
20111101 20111130    16.0
20111201 20111231   268.5
20120101 20120131   280.5
20120201 20120229   527.0
20120301 20120331   952.0
20120401 20120430    23.5
20120501 20120531    88.0
20120601 20120630    67.0
20120701 20120731   148.0
20120801 20120831     9.0
20120901 20120930     0.5
20121001 20121031    37.5
20121101 20121130    19.5
20121201 20121231   255.5
20130101 20130131   290.0
20130201 20130228   443.5
20130301 20130331   518.5
20130401 20130430   250.0
20130501 20130531   100.5
20130601 20130630    18.5
20130701 20130731    25.5
20130801 20130831     0.0
20130901 20130930     5.7
20131001 20131031     4.2
20131101 20131130    86.6
20131201 20131231    52.5
20140101 20140131   430.5
20140201 20140228   206.9
20140301 20140331   266.1
20140401 20140430   150.0
20140501 20140531    84.0
20140601 20140630    40.5
20140701 20140731     1.0
20140801 20140831    71.0
20140901 20140930    36.5
20141001 20141031     8.0
20141101 20141130    22.0
20141201 20141231    65.5
20150101 20150131   384.0
20150201 20150228   100.0
20150301 20150331    60.0
20150401 20150430    61.0
20150501 20150531    22.0
20150601 20150630    74.5
20150701 20150731    23.0
20150801 20150831     1.0
20150901 20150930     9.5
20151001 20151031    59.0
20151101 20151130    96.0
20151201 20151231    61.0
20160101 20160131   303.5
20160201 20160229   281.5
20160301 20160331   542.2
20160401 20160430    92.3
20160501 20160531    32.5
20160601 20160630   155.0
20160701 20160731   143.2
20160801 20160831    25.1
20160901 20160930    88.0
20161001 20161031    21.5
20161101 20161130    29.5
20161201 20161231   238.6
20170101 20170131   627.8
20170201 20170228   135.3
20170301 20170331   916.9
20170401 20170430    53.1
20170501 20170531   160.4
20170601 20170630     1.5
20170701 20170731     6.8
20170801 20170831     3.0
20170901 20170930     0.0
20171001 20171031    82.2
20171101 20171130   251.0
20171201 20171231   116.4
20180101 20180131    62.2
