PRCP       018031 19100101 20171231 missing_value=99999.9 GILLES DOWNS                              
19100101 19100131     1.5
19100201 19100228    12.1
19100301 19100331    21.4
19100401 19100430     0.0
19100501 19100531    90.5
19100601 19100630    83.0
19100701 19100731    34.7
19100801 19100831    11.2
19100901 19100930    64.0
19101001 19101031     7.5
19101101 19101130     0.0
19101201 19101231     0.0
19110101 19110131     3.0
19110201 19110228    16.6
19110301 19110331     0.0
19110401 19110430     0.0
19110501 19110531    36.5
19110601 19110630    20.9
19110701 19110731    13.1
19110801 19110831    15.4
19110901 19110930    12.9
19111001 19111031     4.1
19111101 19111130     0.8
19111201 19111231    19.8
19120101 19120131     0.0
19120201 19120229    23.3
19120301 19120331    33.4
19120401 19120430     0.0
19120501 19120531     0.8
19120601 19120630    40.3
19120701 19120731    49.9
19120801 19120831    24.9
19120901 19120930    16.7
19121001 19121031    69.9
19121101 19121130    14.9
19121201 19121231     2.0
19130101 19130131     3.5
19130201 19130228    23.9
19130301 19130331     8.9
19130401 19130430     2.4
19130501 19130531    24.1
19130601 19130630     4.3
19130701 19130731    13.4
19130801 19130831    27.1
19130901 19130930    40.3
19131001 19131031    41.4
19131101 19131130    28.3
19131201 19131231    17.7
19140101 19140131     8.8
19140201 19140228     5.6
19140301 19140331    14.1
19140401 19140430    18.6
19140501 19140531    13.9
19140601 19140630     7.7
19140701 19140731     2.8
19140801 19140831     2.8
19140901 19140930    12.1
19141001 19141031     5.8
19141101 19141130    22.7
19141201 19141231    13.1
19150101 19150131    10.4
19150201 19150228     1.3
19150301 19150331     0.0
19150401 19150430    33.4
19150501 19150531    32.8
19150601 19150630    21.0
19150701 19150731    26.5
19150801 19150831    28.1
19150901 19150930    29.1
19151001 19151031    13.4
19151101 19151130     0.0
19151201 19151231    23.6
19160101 19160131     5.1
19160201 19160229     0.0
19160301 19160331     2.6
19160401 19160430     0.0
19160501 19160531    15.6
19160601 19160630    54.9
19160701 19160731   105.4
19160801 19160831    41.1
19160901 19160930    22.4
19161001 19161031    70.9
19161101 19161130    18.7
19161201 19161231    10.6
19170101 19170131    28.8
19170201 19170228    17.7
19170301 19170331    11.4
19170401 19170430     0.0
19170501 19170531    25.0
19170601 19170630    38.2
19170701 19170731    49.1
19170801 19170831    25.8
19170901 19170930    43.7
19171001 19171031    41.3
19171101 19171130    18.0
19171201 19171231    14.2
19180101 19180131     0.0
19180201 19180228     0.0
19180301 19180331    17.9
19180401 19180430    14.9
19180501 19180531    23.9
19180601 19180630    30.3
19180701 19180731    16.9
19180801 19180831    49.2
19180901 19180930     0.0
19181001 19181031    18.2
19181101 19181130     0.0
19181201 19181231     6.9
19190101 19190131     5.1
19190201 19190228    30.0
19190301 19190331     0.5
19190401 19190430    32.1
19190501 19190531    13.9
19190601 19190630    10.9
19190701 19190731     2.8
19190801 19190831    27.5
19190901 19190930    19.5
19191001 19191031     6.8
19191101 19191130     9.2
19191201 19191231    44.4
19200101 19200131    19.0
19200201 19200229     0.0
19200301 19200331     7.6
19200401 19200430    10.9
19200501 19200531    27.0
19200601 19200630    51.6
19200701 19200731    18.3
19200801 19200831    29.1
19200901 19200930    58.5
19201001 19201031    43.6
19201101 19201130    40.1
19201201 19201231    19.0
19210101 19210131    51.4
19210201 19210228    65.6
19210301 19210331    83.7
19210401 19210430    12.0
19210501 19210531    80.7
19210601 19210630    64.8
19210701 19210731     9.7
19210801 19210831    10.7
19210901 19210930    22.6
19211001 19211031    27.7
19211101 19211130    23.3
19211201 19211231     5.1
19220101 19220131     4.3
19220201 19220228    13.9
19220301 19220331     0.0
19220401 19220430    16.7
19220501 19220531    20.0
19220601 19220630     8.7
19220701 19220731    27.1
19220801 19220831    10.1
19220901 19220930    14.6
19221001 19221031     5.2
19221101 19221130     0.0
19221201 19221231    21.3
19230101 19230131    33.7
19230201 19230228     0.0
19230301 19230331     0.0
19230401 19230430     0.0
19230501 19230531    26.0
19230601 19230630    28.7
19230701 19230731    26.6
19230801 19230831     9.0
19230901 19230930    16.8
19231001 19231031    14.7
19231101 19231130     1.8
19231201 19231231    56.8
19240101 19240131    15.9
19240201 19240229    21.3
19240301 19240331     2.5
19240401 19240430     3.6
19240501 19240531     8.4
19240601 19240630    16.7
19240701 19240731     1.0
19240801 19240831    32.8
19240901 19240930    20.2
19241001 19241031    53.0
19241101 19241130    23.3
19241201 19241231    17.9
19250101 19250131     2.5
19250201 19250228    16.1
19250301 19250331     0.0
19250401 19250430    17.6
19250501 19250531    23.3
19250601 19250630     8.9
19250701 19250731    37.7
19250801 19250831    16.1
19250901 19250930    20.0
19251001 19251031     2.1
19251101 19251130    10.8
19251201 19251231     0.3
19260101 19260131     0.0
19260201 19260228     4.3
19260301 19260331    44.4
19260401 19260430    11.2
19260501 19260531    37.3
19260601 19260630    43.4
19260701 19260731    19.2
19260801 19260831    33.5
19260901 19260930    30.9
19261001 19261031     9.3
19261101 19261130     0.0
19261201 19261231     2.1
19270101 19270131     2.5
19270201 19270228     1.6
19270301 19270331     4.1
19270401 19270430     0.0
19270501 19270531     7.6
19270601 19270630    40.2
19270701 19270731     8.8
19270801 19270831     6.1
19270901 19270930     6.9
19271001 19271031     1.0
19271101 19271130     7.5
19271201 19271231    12.6
19280101 19280131     3.8
19280201 19280229    46.7
19280301 19280331    17.5
19280401 19280430     0.0
19280501 19280531    13.7
19280601 19280630     8.4
19280701 19280731    23.6
19280801 19280831    11.9
19280901 19280930    15.2
19281001 19281031     8.6
19281101 19281130     0.0
19281201 19281231     0.0
19290101 19290131     0.0
19290201 19290228     0.0
19290301 19290331     0.0
19290401 19290430     0.0
19290501 19290531    18.8
19290601 19290630     9.9
19290701 19290731     2.0
19290801 19290831    14.0
19290901 19290930    15.7
19291001 19291031     0.0
19291101 19291130    12.2
19291201 19291231    38.4
19300101 19300131     0.0
19300201 19300228    10.2
19300301 19300331     0.0
19300401 19300430    10.4
19300501 19300531     2.0
19300601 19300630     8.6
19300701 19300731    56.1
19300801 19300831    29.0
19300901 19300930    10.2
19301001 19301031    39.9
19301101 19301130     8.1
19301201 19301231    24.9
19310101 19310131     0.0
19310201 19310228     1.8
19310301 19310331    24.4
19310401 19310430    32.3
19310501 19310531    13.5
19310601 19310630    63.2
19310701 19310731    18.5
19310801 19310831    17.3
19310901 19310930    12.4
19311001 19311031     4.3
19311101 19311130     0.0
19311201 19311231     7.6
19320101 19320131     0.0
19320201 19320229    42.2
19320301 19320331     4.6
19320401 19320430    25.7
19320501 19320531    26.9
19320601 19320630    21.3
19320701 19320731    25.1
19320801 19320831    23.1
19320901 19320930    91.2
19321001 19321031    10.7
19321101 19321130     1.3
19321201 19321231     1.8
19330101 19330131     5.6
19330201 19330228     0.0
19330301 19330331    16.3
19330401 19330430     6.9
19330501 19330531    22.4
19330601 19330630     2.0
19330701 19330731    10.4
19330801 19330831    44.7
19330901 19330930    22.9
19331001 19331031     0.0
19331101 19331130    21.3
19331201 19331231    12.2
19340101 19340131     2.5
19340201 19340228    22.6
19340301 19340331    18.8
19340401 19340430     4.8
19340501 19340531     6.4
19340601 19340630     9.4
19340701 19340731     9.4
19340801 19340831    22.4
19340901 19340930    19.1
19341001 19341031    26.9
19341101 19341130    19.6
19341201 19341231     0.0
19350101 19350131    42.4
19350201 19350228     0.0
19350301 19350331    27.7
19350401 19350430    34.3
19350501 19350531     7.9
19350601 19350630    13.2
19350701 19350731     4.8
19350801 19350831    18.3
19350901 19350930    30.7
19351001 19351031    50.3
19351101 19351130     5.1
19351201 19351231     7.6
19360101 19360131    42.7
19360201 19360229    19.1
19360301 19360331     5.1
19360401 19360430     0.0
19360501 19360531     7.9
19360601 19360630     7.1
19360701 19360731    42.4
19360801 19360831    11.2
19360901 19360930     2.0
19361001 19361031    13.0
19361101 19361130     3.8
19361201 19361231    18.3
19370101 19370131    51.6
19370201 19370228    14.7
19370301 19370331     4.3
19370401 19370430     2.5
19370501 19370531    17.5
19370601 19370630    17.8
19370701 19370731    13.0
19370801 19370831    48.0
19370901 19370930     8.4
19371001 19371031     6.1
19371101 19371130   120.9
19371201 19371231    13.2
19380101 19380131     4.3
19380201 19380228    86.9
19380301 19380331     0.0
19380401 19380430     8.7
19380501 19380531     0.0
19380601 19380630    21.8
19380701 19380731    25.5
19380801 19380831    35.0
19380901 19380930     4.3
19381001 19381031    52.3
19381101 19381130     1.6
19381201 19381231     0.0
19390101 19390131     8.9
19390201 19390228    39.9
19390301 19390331    18.1
19390401 19390430     2.5
19390501 19390531    22.1
19390601 19390630    15.0
19390701 19390731    20.5
19390801 19390831    32.4
19390901 19390930     8.9
19391001 19391031     0.0
19391101 19391130    49.1
19391201 19391231     0.0
19400101 19400131    22.9
19400201 19400229     1.3
19400301 19400331    20.8
19400401 19400430     4.4
19400501 19400531    14.5
19400601 19400630     3.0
19400701 19400731    10.5
19400801 19400831    12.1
19400901 19400930     2.1
19401001 19401031     2.7
19401101 19401130     3.8
19401201 19401231     8.1
19410101 19410131    53.4
19410201 19410228     0.0
19410301 19410331    12.3
19410401 19410430     8.9
19410501 19410531     2.3
19410601 19410630    15.4
19410701 19410731    20.5
19410801 19410831    10.4
19410901 19410930    22.3
19411001 19411031    37.5
19411101 19411130    34.0
19411201 19411231     1.5
19420101 19420131    38.9
19420201 19420228     0.5
19420301 19420331     4.6
19420401 19420430    78.5
19420501 19420531    61.4
19420601 19420630    40.4
19420701 19420731    18.9
19420801 19420831    37.8
19420901 19420930    38.7
19421001 19421031     2.3
19421101 19421130    36.5
19421201 19421231    34.0
19430101 19430131     5.6
19430201 19430228    14.5
19430301 19430331     0.8
19430401 19430430     5.1
19430501 19430531     0.8
19430601 19430630     9.7
19430701 19430731    12.8
19430801 19430831    21.2
19430901 19430930    16.0
19431001 19431031    28.9
19431101 19431130     5.1
19431201 19431231     3.5
19440101 19440131     0.0
19440201 19440229    58.4
19440301 19440331     0.0
19440401 19440430    24.2
19440501 19440531    27.2
19440601 19440630     1.3
19440701 19440731     6.6
19440801 19440831    13.9
19440901 19440930     8.6
19441001 19441031     7.9
19441101 19441130     1.3
19441201 19441231    27.9
19450101 19450131    19.3
19450201 19450228     4.1
19450301 19450331     0.0
19450401 19450430     0.0
19450501 19450531     4.6
19450601 19450630    23.1
19450701 19450731     9.0
19450801 19450831     8.9
19450901 19450930    16.4
19451001 19451031    26.3
19451101 19451130    12.9
19451201 19451231    38.6
19460101 19460131    48.0
19460201 19460228   199.1
19460301 19460331     5.9
19460401 19460430     9.9
19460501 19460531    14.8
19460601 19460630    11.7
19460701 19460731    19.9
19460801 19460831     8.3
19460901 19460930    13.5
19461001 19461031     6.1
19461101 19461130    58.0
19461201 19461231    59.2
19470101 19470131     9.4
19470201 19470228    13.7
19470301 19470331   180.6
19470401 19470430    18.3
19470501 19470531     4.8
19470601 19470630    22.7
19470701 19470731    17.9
19470801 19470831    29.2
19470901 19470930    21.9
19471001 19471031    25.4
19471101 19471130     1.8
19471201 19471231    12.4
19480101 19480131     0.0
19480201 19480229     0.0
19480301 19480331     0.0
19480401 19480430    21.4
19480501 19480531     2.5
19480601 19480630    14.8
19480701 19480731     2.5
19480801 19480831     5.1
19480901 19480930     0.0
19481001 19481031    31.8
19481101 19481130    24.1
19481201 19481231    38.4
19490101 19490131     0.0
19490201 19490228    38.6
19490301 19490331     0.0
19490401 19490430     2.5
19490501 19490531    37.8
19490601 19490630     7.6
19490701 19490731    27.5
19490801 19490831     8.9
19490901 19490930    37.9
19491001 19491031    55.3
19491101 19491130    16.9
19491201 19491231    11.9
19500101 19500131     0.0
19500201 19500228    28.5
19500301 19500331     0.0
19500401 19500430     9.6
19500501 19500531    57.1
19500601 19500630    22.8
19500701 19500731    16.8
19500801 19500831    31.3
19500901 19500930     3.5
19501001 19501031    23.4
19501101 19501130    19.5
19501201 19501231     4.8
19510101 19510131     0.0
19510201 19510228     3.8
19510301 19510331     7.9
19510401 19510430     5.4
19510501 19510531    15.3
19510601 19510630    51.3
19510701 19510731    48.4
19510801 19510831    16.1
19510901 19510930    21.5
19511001 19511031    22.0
19511101 19511130     0.0
19511201 19511231    11.9
19520101 19520131    29.2
19520201 19520229     0.0
19520301 19520331    13.4
19520401 19520430    27.8
19520501 19520531    66.8
19520601 19520630    11.1
19520701 19520731    26.5
19520801 19520831    17.0
19520901 19520930    15.8
19521001 19521031    37.6
19521101 19521130    32.8
19521201 19521231    11.2
19530101 19530131    16.7
19530201 19530228     0.0
19530301 19530331     3.6
19530401 19530430     2.0
19530501 19530531     0.0
19530601 19530630    37.4
19530701 19530731    20.1
19530801 19530831    21.5
19530901 19530930    26.9
19531001 19531031    21.8
19531101 19531130    10.9
19531201 19531231    26.2
19540101 19540131    13.5
19540201 19540228     1.8
19540301 19540331     0.0
19540401 19540430    58.7
19540501 19540531     3.0
19540601 19540630    39.8
19540701 19540731    10.2
19540801 19540831    14.7
19540901 19540930    12.2
19541001 19541031    29.0
19541101 19541130    37.6
19541201 19541231    36.6
19550101 19550131     0.8
19550201 19550228    21.3
19550301 19550331    43.2
19550401 19550430    33.8
19550501 19550531    38.4
19550601 19550630    51.1
19550701 19550731    20.3
19550801 19550831    40.1
19550901 19550930    30.7
19551001 19551031    15.5
19551101 19551130    22.4
19551201 19551231     1.8
19560101 19560131    18.0
19560201 19560229    20.1
19560301 19560331    27.4
19560401 19560430    10.2
19560501 19560531    45.5
19560601 19560630    35.8
19560701 19560731    92.7
19560801 19560831    16.0
19560901 19560930    16.8
19561001 19561031    38.1
19561101 19561130     1.3
19561201 19561231     0.0
19570101 19570131     0.0
19570201 19570228     3.1
19570301 19570331    10.6
19570401 19570430     4.4
19570501 19570531     4.8
19570601 19570630    13.9
19570701 19570731    20.0
19570801 19570831    17.5
19570901 19570930    19.1
19571001 19571031     7.2
19571101 19571130     6.3
19571201 19571231     0.0
19580101 19580131     3.0
19580201 19580228     0.0
19580301 19580331    48.2
19580401 19580430    11.8
19580501 19580531    34.3
19580601 19580630     0.0
19580701 19580731    29.6
19580801 19580831    57.3
19580901 19580930    58.6
19581001 19581031    16.0
19581101 19581130    33.0
19581201 19581231    29.4
19590101 19590131     5.5
19590201 19590228    12.4
19590301 19590331     6.4
19590401 19590430     0.0
19590501 19590531     0.0
19590601 19590630     3.5
19590701 19590731    41.4
19590801 19590831     7.9
19590901 19590930     7.9
19591001 19591031     4.8
19591101 19591130    16.2
19591201 19591231     9.1
19600101 19600131    19.8
19600201 19600229    53.8
19600301 19600331     8.3
19600401 19600430    30.2
19600501 19600531    26.4
19600601 19600630    27.4
19600701 19600731    61.0
19600801 19600831    17.0
19600901 19600930    67.9
19601001 19601031     3.8
19601101 19601130    12.7
19601201 19601231    20.6
19610101 19610131     0.0
19610201 19610228     8.7
19610301 19610331     9.6
19610401 19610430    84.4
19610501 19610531     1.8
19610601 19610630     5.4
19610701 19610731     8.3
19610801 19610831    33.0
19610901 19610930     9.4
19611001 19611031     0.0
19611101 19611130    43.7
19611201 19611231     5.9
19620101 19620131    27.7
19620201 19620228     7.4
19620301 19620331    15.7
19620401 19620430     1.8
19620501 19620531    42.4
19620601 19620630     6.4
19620701 19620731    15.3
19620801 19620831    14.3
19620901 19620930     2.6
19621001 19621031    27.4
19621101 19621130     0.0
19621201 19621231    33.8
19630101 19630131    22.4
19630201 19630228     0.0
19630301 19630331    33.0
19630401 19630430    86.1
19630501 19630531    90.7
19630601 19630630    39.6
19630701 19630731    31.4
19630801 19630831    15.5
19630901 19630930     2.3
19631001 19631031    14.7
19631101 19631130     6.9
19631201 19631231     4.5
19640101 19640131     7.9
19640201 19640229     7.1
19640301 19640331     0.0
19640401 19640430    20.6
19640501 19640531     5.4
19640601 19640630    10.4
19640701 19640731    28.0
19640801 19640831    22.8
19640901 19640930    38.2
19641001 19641031    13.8
19641101 19641130    10.4
19641201 19641231     2.5
19650101 19650131     0.0
19650201 19650228     0.0
19650301 19650331     1.8
19650401 19650430     1.8
19650501 19650531    25.2
19650601 19650630    16.9
19650701 19650731     4.1
19650801 19650831    60.0
19650901 19650930    19.2
19651001 19651031     0.0
19651101 19651130     7.4
19651201 19651231    24.9
19660101 19660131     7.4
19660201 19660228    44.7
19660301 19660331    20.8
19660401 19660430     0.3
19660501 19660531    35.2
19660601 19660630    27.8
19660701 19660731    18.5
19660801 19660831    17.0
19660901 19660930    15.5
19661001 19661031    10.7
19661101 19661130    65.8
19661201 19661231    45.7
19670101 19670131    31.2
19670201 19670228    59.6
19670301 19670331     0.0
19670401 19670430     0.0
19670501 19670531    15.7
19670601 19670630     8.6
19670701 19670731    16.2
19670801 19670831     9.5
19670901 19670930    14.7
19671001 19671031     1.5
19671101 19671130     0.0
19671201 19671231     5.1
19680101 19680131    44.0
19680201 19680229    24.4
19680301 19680331    16.0
19680401 19680430    22.1
19680501 19680531    26.3
19680601 19680630    81.7
19680701 19680731    41.7
19680801 19680831    20.3
19680901 19680930    19.4
19681001 19681031    11.0
19681101 19681130    14.7
19681201 19681231     6.6
19690101 19690131    20.8
19690201 19690228    41.2
19690301 19690331    20.3
19690401 19690430    14.5
19690501 19690531    24.6
19690601 19690630    17.1
19690701 19690731    48.3
19690801 19690831    38.5
19690901 19690930    29.4
19691001 19691031     1.3
19691101 19691130     3.5
19691201 19691231     4.5
19700101 19700131     8.9
19700201 19700228     0.5
19700301 19700331    14.0
19700401 19700430     6.8
19700501 19700531    10.6
19700601 19700630     9.6
19700701 19700731     4.0
19700801 19700831    23.9
19700901 19700930    33.3
19701001 19701031    12.2
19701101 19701130     5.6
19701201 19701231    11.4
19710101 19710131     0.0
19710201 19710228     0.0
19710301 19710331    41.6
19710401 19710430    32.7
19710501 19710531    12.0
19710601 19710630    28.0
19710701 19710731    11.8
19710801 19710831    25.1
19710901 19710930    26.4
19711001 19711031     1.5
19711101 19711130    41.6
19711201 19711231    23.0
19720101 19720131    49.9
19720201 19720229    11.3
19720301 19720331     0.3
19720401 19720430     0.8
19720501 19720531     1.9
19720601 19720630     3.8
19720701 19720731    14.4
19720801 19720831    48.0
19720901 19720930    18.1
19721001 19721031    13.7
19721101 19721130    24.2
19721201 19721231    11.1
19730101 19730131    14.3
19730201 19730228   117.2
19730301 19730331    14.0
19730401 19730430    16.0
19730501 19730531    25.7
19730601 19730630    42.0
19730701 19730731    30.2
19730801 19730831    60.2
19730901 19730930    35.8
19731001 19731031    39.6
19731101 19731130    56.7
19731201 19731231    25.4
19740101 19740131   147.1
19740201 19740228    82.4
19740301 19740331     5.8
19740401 19740430    41.8
19740501 19740531   120.2
19740601 19740630    11.2
19740701 19740731    29.8
19740801 19740831    31.0
19740901 19740930    30.0
19741001 19741031    72.4
19741101 19741130     5.4
19741201 19741231     3.6
19750101 19750131     1.8
19750201 19750228    20.4
19750301 19750331    10.9
19750401 19750430    17.4
19750501 19750531    12.2
19750601 19750630     1.0
19750701 19750731    26.0
19750801 19750831    40.7
19750901 19750930    32.6
19751001 19751031    55.3
19751101 19751130     7.8
19751201 19751231     1.4
19760101 19760131     0.6
19760201 19760229    21.6
19760301 19760331    10.8
19760401 19760430     9.9
19760501 19760531     7.4
19760601 19760630    15.3
19760701 19760731     1.8
19760801 19760831     8.6
19760901 19760930    10.2
19761001 19761031   113.9
19761101 19761130     6.8
19761201 19761231     0.0
19770101 19770131     4.4
19770201 19770228     3.2
19770301 19770331     2.2
19770401 19770430     0.0
19770501 19770531    13.2
19770601 19770630    16.8
19770701 19770731     9.4
19770801 19770831     8.6
19770901 19770930    35.9
19771001 19771031    15.2
19771101 19771130     6.3
19771201 19771231    29.5
19780101 19780131    11.3
19780201 19780228     0.0
19780301 19780331     0.0
19780401 19780430     6.0
19780501 19780531    17.4
19780601 19780630    42.2
19780701 19780731    34.2
19780801 19780831    39.2
19780901 19780930    59.2
19781001 19781031    16.0
19781101 19781130    26.2
19781201 19781231     1.2
19790101 19790131    23.8
19790201 19790228    27.6
19790301 19790331     0.0
19790401 19790430    34.0
19790501 19790531    74.6
19790601 19790630     4.8
19790701 19790731    16.0
19790801 19790831    39.0
19790901 19790930    90.5
19791001 19791031    28.4
19791101 19791130    21.0
19791201 19791231    84.2
19800101 19800131     8.0
19800201 19800229     0.0
19800301 19800331     0.0
19800401 19800430    45.0
19800501 19800531    26.0
19800601 19800630    47.2
19800701 19800731    25.1
19800801 19800831     0.0
19800901 19800930     6.6
19801001 19801031    62.4
19801101 19801130     5.5
19801201 19801231     4.2
19810101 19810131    52.2
19810201 19810228    25.0
19810301 19810331    10.0
19810401 19810430     0.0
19810501 19810531    25.6
19810601 19810630    43.0
19810701 19810731    26.8
19810801 19810831    24.2
19810901 19810930     7.2
19811001 19811031     7.0
19811101 19811130    22.5
19811201 19811231     0.0
19820101 19820131     0.0
19820201 19820228     0.0
19820301 19820331    43.0
19820401 19820430     7.4
19820501 19820531     3.6
19820601 19820630    17.0
19820701 19820731     0.0
19820801 19820831     2.0
19820901 19820930    16.2
19821001 19821031     0.0
19821101 19821130     0.0
19821201 19821231    12.6
19830101 19830131     0.0
19830201 19830228    12.0
19830301 19830331    31.5
19830401 19830430    26.2
19830501 19830531    12.9
19830601 19830630    11.4
19830701 19830731    48.3
19830801 19830831    19.4
19830901 19830930    19.6
19831001 19831031    38.8
19831101 19831130     0.0
19831201 19831231     8.6
19840101 19840131     0.0
19840201 19840229     0.0
19840301 19840331     2.0
19840401 19840430    37.4
19840501 19840531    13.1
19840601 19840630    24.0
19840701 19840731    25.6
19840801 19840831    47.9
19840901 19840930    43.2
19841001 19841031    31.4
19841101 19841130    22.0
19841201 19841231     4.0
19850101 19850131     6.4
19850201 19850228     0.0
19850301 19850331    29.5
19850401 19850430    14.0
19850501 19850531     9.2
19850601 19850630    11.0
19850701 19850731     8.8
19850801 19850831    77.6
19850901 19850930     6.0
19851001 19851031    35.8
19851101 19851130    16.6
19851201 19851231    11.2
19860101 19860131     0.0
19860201 19860228    11.4
19860301 19860331     0.8
19860401 19860430     0.0
19860501 19860531    18.1
19860601 19860630    20.6
19860701 19860731    63.8
19860801 19860831    41.6
19860901 19860930    14.4
19861001 19861031    41.8
19861101 19861130    23.8
19861201 19861231    19.8
19870101 19870131    36.4
19870201 19870228    24.4
19870301 19870331     6.6
19870401 19870430    10.6
19870501 19870531    38.4
19870601 19870630    14.8
19870701 19870731    13.0
19870801 19870831    19.4
19870901 19870930    18.2
19871001 19871031     5.2
19871101 19871130     9.0
19871201 19871231    14.6
19880101 19880131    12.0
19880201 19880229     4.0
19880301 19880331    20.0
19880401 19880430     7.4
19880501 19880531    34.4
19880601 19880630    33.2
19880701 19880731    23.0
19880801 19880831     1.6
19880901 19880930    24.3
19881001 19881031    12.2
19881101 19881130    20.0
19881201 19881231     4.4
19890101 19890131     0.0
19890201 19890228     0.0
19890301 19890331    48.0
19890401 19890430    13.6
19890501 19890531    33.8
19890601 19890630    43.4
19890701 19890731    35.6
19890801 19890831     8.2
19890901 19890930     8.0
19891001 19891031    22.6
19891101 19891130    35.2
19891201 19891231    67.0
19900101 19900131     6.2
19900201 19900228     7.0
19900301 19900331     2.2
19900401 19900430    16.8
19900501 19900531    20.8
19900601 19900630    34.2
19900701 19900731    27.8
19900801 19900831    26.8
19900901 19900930    22.2
19901001 19901031     7.6
19901101 19901130     0.0
19901201 19901231    27.0
19910101 19910131     5.2
19910201 19910228     0.0
19910301 19910331     7.8
19910401 19910430    13.2
19910501 19910531     7.0
19910601 19910630    80.8
19910701 19910731    18.4
19910801 19910831    15.4
19910901 19910930    12.0
19911001 19911031     1.8
19911101 19911130    54.0
19911201 19911231     0.6
19920101 19920131     5.8
19920201 19920229    22.6
19920301 19920331    65.8
19920401 19920430    34.8
19920501 19920531    37.0
19920601 19920630    13.0
19920701 19920731     7.0
19920801 19920831    36.6
19920901 19920930    57.2
19921001 19921031    48.6
19921101 19921130    27.2
19921201 19921231   111.0
19930101 19930131    55.6
19930201 19930228     5.2
19930301 19930331     3.8
19930401 19930430     1.6
19930501 19930531    24.8
19930601 19930630    13.0
19930701 19930731    22.2
19930801 19930831    11.8
19930901 19930930    34.4
19931001 19931031    60.4
19931101 19931130     3.2
19931201 19931231    58.6
19940101 19940131     4.2
19940201 19940228    16.6
19940301 19940331     0.0
19940401 19940430 99999.9
19940501 19940531     2.4
19940601 19940630    52.0
19940701 19940731    12.2
19940801 19940831     2.2
19940901 19940930     8.0
19941001 19941031     2.6
19941101 19941130    10.6
19941201 19941231     1.6
19950101 19950131    39.6
19950201 19950228     2.6
19950301 19950331    35.8
19950401 19950430     9.2
19950501 19950531    27.2
19950601 19950630    59.8
19950701 19950731    44.0
19950801 19950831     7.4
19950901 19950930    10.6
19951001 19951031    18.6
19951101 19951130    11.8
19951201 19951231     9.2
19960101 19960131     4.2
19960201 19960229     6.2
19960301 19960331     1.6
19960401 19960430     0.8
19960501 19960531     3.8
19960601 19960630    31.2
19960701 19960731    40.8
19960801 19960831    38.0
19960901 19960930    43.2
19961001 19961031    29.2
19961101 19961130     5.6
19961201 19961231     6.4
19970101 19970131    24.8
19970201 19970228    63.2
19970301 19970331     0.0
19970401 19970430     0.2
19970501 19970531    19.6
19970601 19970630     4.2
19970701 19970731     2.2
19970801 19970831    40.4
19970901 19970930    71.4
19971001 19971031    52.6
19971101 19971130    24.6
19971201 19971231    49.0
19980101 19980131     5.4
19980201 19980228    40.2
19980301 19980331     9.0
19980401 19980430    45.0
19980501 19980531     2.0
19980601 19980630    19.2
19980701 19980731    38.2
19980801 19980831    23.4
19980901 19980930    23.0
19981001 19981031    12.4
19981101 19981130    61.6
19981201 19981231    22.2
19990101 19990131    36.4
19990201 19990228     3.4
19990301 19990331    23.8
19990401 19990430     0.0
19990501 19990531    32.0
19990601 19990630    24.6
19990701 19990731     5.4
19990801 19990831     9.4
19990901 19990930    11.2
19991001 19991031    39.4
19991101 19991130    19.2
19991201 19991231    24.2
20000101 20000131     0.4
20000201 20000229    42.8
20000301 20000331     8.6
20000401 20000430    18.6
20000501 20000531    12.2
20000601 20000630     8.6
20000701 20000731    20.6
20000801 20000831    43.6
20000901 20000930    18.0
20001001 20001031    16.4
20001101 20001130    36.2
20001201 20001231 99999.9
20010101 20010131    40.8
20010201 20010228     6.4
20010301 20010331     7.8
20010401 20010430     1.4
20010501 20010531     8.0
20010601 20010630    92.5
20010701 20010731    23.0
20010801 20010831     0.0
20010901 20010930    69.0
20011001 20011031    20.0
20011101 20011130    32.0
20011201 20011231    19.0
20020101 20020131     0.0
20020201 20020228     0.0
20020301 20020331     0.0
20020401 20020430     0.0
20020501 20020531    32.5
20020601 20020630    16.4
20020701 20020731    19.5
20020801 20020831    15.0
20020901 20020930     6.0
20021001 20021031     5.0
20021101 20021130    18.0
20021201 20021231     6.0
20030101 20030131    12.0
20030201 20030228    44.5
20030301 20030331     6.0
20030401 20030430    10.0
20030501 20030531    27.5
20030601 20030630    13.0
20030701 20030731    15.5
20030801 20030831    51.5
20030901 20030930     5.0
20031001 20031031    15.0
20031101 20031130    28.5
20031201 20031231    20.0
20040101 20040131     4.0
20040201 20040229     3.0
20040301 20040331     3.0
20040401 20040430     1.0
20040501 20040531    16.5
20040601 20040630    33.5
20040701 20040731    17.5
20040801 20040831    28.0
20040901 20040930    14.5
20041001 20041031     0.0
20041101 20041130    13.5
20041201 20041231    19.5
20050101 20050131    14.0
20050201 20050228     2.0
20050301 20050331     3.0
20050401 20050430     6.0
20050501 20050531     4.0
20050601 20050630    32.0
20050701 20050731    26.0
20050801 20050831    20.5
20050901 20050930    26.5
20051001 20051031    45.0
20051101 20051130    17.5
20051201 20051231    18.5
20060101 20060131     4.0
20060201 20060228    19.0
20060301 20060331    12.5
20060401 20060430    24.0
20060501 20060531    10.5
20060601 20060630     7.0
20060701 20060731    29.0
20060801 20060831     0.0
20060901 20060930     2.5
20061001 20061031     0.0
20061101 20061130     7.0
20061201 20061231    21.5
20070101 20070131   177.0
20070201 20070228     7.0
20070301 20070331    86.0
20070401 20070430    21.5
20070501 20070531    50.5
20070601 20070630    15.0
20070701 20070731     0.0
20070801 20070831     6.0
20070901 20070930     0.0
20071001 20071031    15.0
20071101 20071130     7.0
20071201 20071231    19.0
20080101 20080131     3.0
20080201 20080229     0.0
20080301 20080331     0.0
20080401 20080430     5.0
20080501 20080531    10.0
20080601 20080630    26.0
20080701 20080731    16.0
20080801 20080831    26.0
20080901 20080930     1.5
20081001 20081031     2.5
20081101 20081130     9.5
20081201 20081231    73.0
20090101 20090131     0.0
20090201 20090228     7.0
20090301 20090331     9.0
20090401 20090430    10.5
20090501 20090531    21.0
20090601 20090630    39.0
20090701 20090731    19.0
20090801 20090831    18.0
20090901 20090930 99999.9
20091001 20091031 99999.9
20091101 20091130 99999.9
20091201 20091231 99999.9
20100101 20100131    12.5
20100201 20100228    14.0
20100301 20100331     2.0
20100401 20100430     8.0
20100501 20100531    49.5
20100601 20100630    23.9
20100701 20100731    33.6
20100801 20100831    27.3
20100901 20100930    58.5
20101001 20101031    63.4
20101101 20101130     3.1
20101201 20101231    51.4
20110101 20110131     0.0
20110201 20110228    76.5
20110301 20110331    74.1
20110401 20110430     6.8
20110501 20110531    14.4
20110601 20110630    22.5
20110701 20110731    13.5
20110801 20110831    16.8
20110901 20110930     9.2
20111001 20111031    62.4
20111101 20111130    17.6
20111201 20111231    42.0
20120101 20120131    18.0
20120201 20120229    10.1
20120301 20120331    47.1
20120401 20120430     2.1
20120501 20120531    24.4
20120601 20120630    14.6
20120701 20120731    17.4
20120801 20120831    11.4
20120901 20120930     3.4
20121001 20121031     5.8
20121101 20121130    17.2
20121201 20121231     5.8
20130101 20130131     0.0
20130201 20130228    25.0
20130301 20130331    16.2
20130401 20130430    15.4
20130501 20130531    27.6
20130601 20130630    74.2
20130701 20130731    49.5
20130801 20130831    17.6
20130901 20130930    15.3
20131001 20131031     0.0
20131101 20131130     2.4
20131201 20131231     6.6
20140101 20140131    13.2
20140201 20140228    50.9
20140301 20140331     1.5
20140401 20140430   117.5
20140501 20140531    28.6
20140601 20140630    22.7
20140701 20140731    14.1
20140801 20140831     0.0
20140901 20140930    14.0
20141001 20141031     0.0
20141101 20141130     3.5
20141201 20141231     8.8
20150101 20150131    28.6
20150201 20150228     0.0
20150301 20150331     0.0
20150401 20150430    21.0
20150501 20150531    10.5
20150601 20150630    25.0
20150701 20150731    14.8
20150801 20150831    37.4
20150901 20150930     7.3
20151001 20151031     0.0
20151101 20151130    26.6
20151201 20151231     0.0
20160101 20160131    24.8
20160201 20160229     0.0
20160301 20160331    89.0
20160401 20160430     5.5
20160501 20160531    23.9
20160601 20160630    56.7
20160701 20160731     9.2
20160801 20160831    30.8
20160901 20160930    49.8
20161001 20161031    17.8
20161101 20161130     0.0
20161201 20161231    41.0
20170101 20170131    37.1
20170201 20170228     5.8
20170301 20170331     0.0
20170401 20170430    75.7
20170501 20170531     6.9
20170601 20170630     5.5
20170701 20170731     5.0
20170801 20170831    23.4
20170901 20170930     3.1
20171001 20171031     9.2
20171101 20171130    25.1
20171201 20171231    21.1
