PRCP       018045 18770101 20170930 missing_value=99999.9 LAKE HAMILTON                             
18770101 18770131    12.7
18770201 18770228    30.5
18770301 18770331    94.5
18770401 18770430    42.2
18770501 18770531   153.9
18770601 18770630    59.9
18770701 18770731    25.1
18770801 18770831    25.4
18770901 18770930    35.6
18771001 18771031    20.3
18771101 18771130     0.0
18771201 18771231     0.0
18780101 18780131     0.0
18780201 18780228    49.5
18780301 18780331    10.2
18780401 18780430    24.1
18780501 18780531    29.2
18780601 18780630    68.1
18780701 18780731    86.4
18780801 18780831    27.9
18780901 18780930    22.4
18781001 18781031    33.0
18781101 18781130    15.2
18781201 18781231    16.5
18790101 18790131     0.0
18790201 18790228     0.0
18790301 18790331    13.2
18790401 18790430    39.1
18790501 18790531    51.1
18790601 18790630    76.7
18790701 18790731    57.9
18790801 18790831    89.4
18790901 18790930    67.3
18791001 18791031    31.5
18791101 18791130    24.1
18791201 18791231    36.8
18800101 18800131     8.9
18800201 18800229     0.0
18800301 18800331    26.7
18800401 18800430    45.7
18800501 18800531    21.6
18800601 18800630    63.0
18800701 18800731    99.1
18800801 18800831    70.6
18800901 18800930    13.2
18801001 18801031    29.7
18801101 18801130     0.0
18801201 18801231     7.6
18810101 18810131    12.7
18810201 18810228     0.0
18810301 18810331     0.0
18810401 18810430    11.7
18810501 18810531    44.2
18810601 18810630   100.3
18810701 18810731    40.6
18810801 18810831    39.9
18810901 18810930    21.6
18811001 18811031    11.4
18811101 18811130     0.0
18811201 18811231     6.4
18820101 18820131    19.1
18820201 18820228     0.0
18820301 18820331     4.8
18820401 18820430    66.8
18820501 18820531    63.5
18820601 18820630    46.5
18820701 18820731    80.8
18820801 18820831    67.6
18820901 18820930    14.5
18821001 18821031    15.0
18821101 18821130    44.5
18821201 18821231     6.4
18830101 18830131     1.5
18830201 18830228     7.9
18830301 18830331     7.6
18830401 18830430    55.1
18830501 18830531   111.0
18830601 18830630   100.3
18830701 18830731    63.0
18830801 18830831    79.2
18830901 18830930    38.1
18831001 18831031    12.2
18831101 18831130    21.3
18831201 18831231     4.6
18840101 18840131     8.7
18840201 18840229     1.5
18840301 18840331     4.0
18840401 18840430     4.0
18840501 18840531    33.5
18840601 18840630   103.6
18840701 18840731    38.3
18840801 18840831    21.7
18840901 18840930    51.9
18841001 18841031    15.0
18841101 18841130     6.7
18841201 18841231     8.6
18850101 18850131     1.3
18850201 18850228    46.7
18850301 18850331    28.6
18850401 18850430    47.8
18850501 18850531    36.8
18850601 18850630   120.6
18850701 18850731    41.8
18850801 18850831    55.9
18850901 18850930    13.6
18851001 18851031    18.6
18851101 18851130     0.0
18851201 18851231     5.1
18860101 18860131     8.6
18860201 18860228     0.8
18860301 18860331     0.5
18860401 18860430    39.1
18860501 18860531    36.8
18860601 18860630    10.7
18860701 18860731    60.7
18860801 18860831   102.4
18860901 18860930    18.7
18861001 18861031    66.6
18861101 18861130     5.8
18861201 18861231     5.3
18870101 18870131     4.1
18870201 18870228     6.1
18870301 18870331     1.1
18870401 18870430    21.1
18870501 18870531    89.1
18870601 18870630    92.7
18870701 18870731    60.9
18870801 18870831    31.7
18870901 18870930    44.4
18871001 18871031    36.4
18871101 18871130    39.9
18871201 18871231    11.5
18880101 18880131    12.0
18880201 18880229     8.1
18880301 18880331     5.9
18880401 18880430     9.5
18880501 18880531    34.6
18880601 18880630    97.4
18880701 18880731    72.3
18880801 18880831    32.4
18880901 18880930    25.7
18881001 18881031     7.2
18881101 18881130    12.9
18881201 18881231     2.8
18890101 18890131    25.7
18890201 18890228     1.0
18890301 18890331    54.6
18890401 18890430    32.4
18890501 18890531    75.4
18890601 18890630   120.4
18890701 18890731    79.4
18890801 18890831    94.9
18890901 18890930    56.7
18891001 18891031    47.4
18891101 18891130    35.0
18891201 18891231     2.0
18900101 18900131     3.3
18900201 18900228    60.2
18900301 18900331     0.0
18900401 18900430    17.7
18900501 18900531    22.7
18900601 18900630   179.7
18900701 18900731   143.9
18900801 18900831    69.2
18900901 18900930    24.0
18901001 18901031    46.4
18901101 18901130    26.0
18901201 18901231     7.1
18910101 18910131     7.0
18910201 18910228     0.6
18910301 18910331     1.9
18910401 18910430    18.6
18910501 18910531    22.1
18910601 18910630    45.5
18910701 18910731    81.5
18910801 18910831    36.8
18910901 18910930    52.1
18911001 18911031    27.3
18911101 18911130    12.8
18911201 18911231    17.8
18920101 18920131    14.6
18920201 18920229     0.0
18920301 18920331    31.0
18920401 18920430    16.1
18920501 18920531    66.3
18920601 18920630    83.3
18920701 18920731    41.4
18920801 18920831    74.8
18920901 18920930    61.3
18921001 18921031    61.2
18921101 18921130    15.0
18921201 18921231    25.5
18930101 18930131     7.6
18930201 18930228     0.0
18930301 18930331     3.9
18930401 18930430    40.9
18930501 18930531   101.9
18930601 18930630   117.0
18930701 18930731    53.5
18930801 18930831    42.9
18930901 18930930    81.5
18931001 18931031    17.3
18931101 18931130     5.9
18931201 18931231    17.1
18940101 18940131     2.8
18940201 18940228     0.8
18940301 18940331    11.5
18940401 18940430    31.7
18940501 18940531    41.1
18940601 18940630    61.8
18940701 18940731    47.4
18940801 18940831    80.3
18940901 18940930    31.3
18941001 18941031    67.4
18941101 18941130     1.8
18941201 18941231    20.2
18950101 18950131    14.8
18950201 18950228     7.1
18950301 18950331    21.5
18950401 18950430    43.6
18950501 18950531    13.7
18950601 18950630    54.3
18950701 18950731   108.4
18950801 18950831    45.6
18950901 18950930    36.1
18951001 18951031     8.2
18951101 18951130     2.8
18951201 18951231     8.4
18960101 18960131    60.8
18960201 18960229    37.4
18960301 18960331     6.2
18960401 18960430    37.5
18960501 18960531    56.1
18960601 18960630    70.3
18960701 18960731    57.2
18960801 18960831    32.6
18960901 18960930    14.1
18961001 18961031     4.7
18961101 18961130     3.4
18961201 18961231    36.6
18970101 18970131     1.6
18970201 18970228     9.6
18970301 18970331     6.1
18970401 18970430    13.0
18970501 18970531    25.3
18970601 18970630    50.6
18970701 18970731    57.3
18970801 18970831    51.4
18970901 18970930    24.9
18971001 18971031     5.4
18971101 18971130     1.5
18971201 18971231     0.3
18980101 18980131     0.8
18980201 18980228    19.8
18980301 18980331    15.8
18980401 18980430    41.1
18980501 18980531    44.8
18980601 18980630    78.3
18980701 18980731    72.4
18980801 18980831    36.3
18980901 18980930    14.5
18981001 18981031    22.6
18981101 18981130    10.6
18981201 18981231     1.5
18990101 18990131    17.7
18990201 18990228    22.1
18990301 18990331     2.8
18990401 18990430    33.1
18990501 18990531    48.8
18990601 18990630    84.2
18990701 18990731    31.0
18990801 18990831    31.1
18990901 18990930    38.5
18991001 18991031    10.4
18991101 18991130    15.3
18991201 18991231    11.7
19000101 19000131     1.8
19000201 19000228     0.0
19000301 19000331    44.9
19000401 19000430    58.9
19000501 19000531    60.2
19000601 19000630   130.0
19000701 19000731    48.8
19000801 19000831    68.1
19000901 19000930    49.5
19001001 19001031     2.0
19001101 19001130    12.5
19001201 19001231     0.5
19010101 19010131     1.0
19010201 19010228    67.0
19010301 19010331     6.3
19010401 19010430    28.4
19010501 19010531    28.9
19010601 19010630    84.1
19010701 19010731    70.4
19010801 19010831    70.5
19010901 19010930    46.5
19011001 19011031    41.7
19011101 19011130    42.4
19011201 19011231     8.9
19020101 19020131    19.0
19020201 19020228    14.2
19020301 19020331    30.5
19020401 19020430     2.8
19020501 19020531    17.8
19020601 19020630    78.8
19020701 19020731    33.6
19020801 19020831    20.9
19020901 19020930    35.3
19021001 19021031    47.3
19021101 19021130    16.0
19021201 19021231    26.7
19030101 19030131    13.0
19030201 19030228    19.3
19030301 19030331    16.3
19030401 19030430    36.0
19030501 19030531    64.7
19030601 19030630   111.7
19030701 19030731    76.2
19030801 19030831    64.2
19030901 19030930    27.8
19031001 19031031    25.5
19031101 19031130    19.4
19031201 19031231     8.1
19040101 19040131    23.4
19040201 19040229    14.7
19040301 19040331    21.9
19040401 19040430    66.0
19040501 19040531    25.3
19040601 19040630   127.8
19040701 19040731    65.9
19040801 19040831    61.0
19040901 19040930    14.6
19041001 19041031    27.6
19041101 19041130     4.2
19041201 19041231     1.3
19050101 19050131    17.2
19050201 19050228     4.9
19050301 19050331    17.2
19050401 19050430    58.6
19050501 19050531    61.2
19050601 19050630    69.6
19050701 19050731    65.3
19050801 19050831    37.7
19050901 19050930    54.2
19051001 19051031    42.9
19051101 19051130     3.8
19051201 19051231     0.0
19060101 19060131     1.5
19060201 19060228     4.3
19060301 19060331     9.4
19060401 19060430    10.9
19060501 19060531    26.7
19060601 19060630    80.3
19060701 19060731   118.3
19060801 19060831    44.9
19060901 19060930    34.1
19061001 19061031     6.1
19061101 19061130   118.1
19061201 19061231     4.9
19070101 19070131     1.8
19070201 19070228     1.0
19070301 19070331     6.6
19070401 19070430    49.0
19070501 19070531    23.0
19070601 19070630    62.6
19070701 19070731    55.8
19070801 19070831    68.8
19070901 19070930    20.0
19071001 19071031    20.6
19071101 19071130    33.1
19071201 19071231    11.3
19080101 19080131     2.5
19080201 19080229     0.5
19080301 19080331    21.0
19080401 19080430    18.3
19080501 19080531    58.7
19080601 19080630   179.4
19080701 19080731    38.7
19080801 19080831    42.5
19080901 19080930    49.7
19081001 19081031    29.7
19081101 19081130     6.6
19081201 19081231    16.9
19090101 19090131     7.9
19090201 19090228    12.3
19090301 19090331    18.1
19090401 19090430    60.4
19090501 19090531    48.7
19090601 19090630    58.2
19090701 19090731   106.6
19090801 19090831   152.1
19090901 19090930    11.5
19091001 19091031    27.2
19091101 19091130    26.2
19091201 19091231     5.9
19100101 19100131     0.0
19100201 19100228     1.5
19100301 19100331     7.7
19100401 19100430     2.6
19100501 19100531    98.1
19100601 19100630   112.2
19100701 19100731   179.9
19100801 19100831    30.2
19100901 19100930    67.9
19101001 19101031    45.2
19101101 19101130    38.4
19101201 19101231    10.4
19110101 19110131     0.0
19110201 19110228    32.8
19110301 19110331     0.0
19110401 19110430     5.6
19110501 19110531    39.6
19110601 19110630    56.9
19110701 19110731    95.3
19110801 19110831    36.3
19110901 19110930    49.0
19111001 19111031    21.4
19111101 19111130     4.3
19111201 19111231    52.4
19120101 19120131     0.0
19120201 19120229    11.2
19120301 19120331    47.5
19120401 19120430     9.8
19120501 19120531    13.4
19120601 19120630    75.2
19120701 19120731   104.6
19120801 19120831    47.6
19120901 19120930    67.3
19121001 19121031    40.8
19121101 19121130    41.9
19121201 19121231     8.4
19130101 19130131     0.0
19130201 19130228    27.9
19130301 19130331    19.6
19130401 19130430    12.9
19130501 19130531    41.4
19130601 19130630    16.5
19130701 19130731    36.8
19130801 19130831    53.0
19130901 19130930    31.2
19131001 19131031    61.7
19131101 19131130     7.6
19131201 19131231    24.6
19140101 19140131     0.0
19140201 19140228     0.0
19140301 19140331    37.6
19140401 19140430    48.3
19140501 19140531    64.9
19140601 19140630    29.6
19140701 19140731    34.3
19140801 19140831    11.9
19140901 19140930    11.2
19141001 19141031    10.1
19141101 19141130    24.9
19141201 19141231    35.3
19150101 19150131     6.6
19150201 19150228     0.0
19150301 19150331     0.8
19150401 19150430    50.0
19150501 19150531    39.1
19150601 19150630    78.8
19150701 19150731   124.4
19150801 19150831    92.5
19150901 19150930    66.0
19151001 19151031    11.5
19151101 19151130     0.5
19151201 19151231     0.0
19160101 19160131     8.9
19160201 19160229     0.0
19160301 19160331    10.2
19160401 19160430    20.9
19160501 19160531    73.3
19160601 19160630   165.1
19160701 19160731    97.4
19160801 19160831    67.2
19160901 19160930     7.2
19161001 19161031    26.8
19161101 19161130    47.2
19161201 19161231     3.8
19170101 19170131     7.9
19170201 19170228    43.9
19170301 19170331    36.1
19170401 19170430     5.6
19170501 19170531    83.5
19170601 19170630    97.7
19170701 19170731    81.5
19170801 19170831    77.6
19170901 19170930    71.0
19171001 19171031    26.5
19171101 19171130    10.3
19171201 19171231    10.4
19180101 19180131     0.0
19180201 19180228     3.3
19180301 19180331    12.5
19180401 19180430     7.2
19180501 19180531    64.9
19180601 19180630    45.4
19180701 19180731    47.8
19180801 19180831    73.3
19180901 19180930     4.6
19181001 19181031    26.7
19181101 19181130     0.0
19181201 19181231    14.4
19190101 19190131    16.0
19190201 19190228    28.7
19190301 19190331     0.5
19190401 19190430    11.0
19190501 19190531    42.1
19190601 19190630    30.5
19190701 19190731    36.1
19190801 19190831    40.9
19190901 19190930    60.0
19191001 19191031    27.2
19191101 19191130     1.8
19191201 19191231    13.7
19200101 19200131     0.0
19200201 19200229     0.0
19200301 19200331     4.3
19200401 19200430    24.4
19200501 19200531    85.4
19200601 19200630   188.3
19200701 19200731   163.7
19200801 19200831    83.3
19200901 19200930    62.8
19201001 19201031    29.1
19201101 19201130    10.2
19201201 19201231    47.0
19210101 19210131     2.3
19210201 19210228    23.6
19210301 19210331     4.1
19210401 19210430     6.6
19210501 19210531    40.9
19210601 19210630    83.0
19210701 19210731    87.7
19210801 19210831    84.0
19210901 19210930    65.2
19211001 19211031    19.3
19211101 19211130    53.3
19211201 19211231     0.0
19220101 19220131    20.1
19220201 19220228     0.0
19220301 19220331    15.2
19220401 19220430    25.5
19220501 19220531    70.5
19220601 19220630   110.6
19220701 19220731    62.4
19220801 19220831    65.6
19220901 19220930    15.0
19221001 19221031     7.7
19221101 19221130     2.1
19221201 19221231    28.5
19230101 19230131     5.1
19230201 19230228     0.0
19230301 19230331     0.0
19230401 19230430     0.0
19230501 19230531    91.4
19230601 19230630   135.4
19230701 19230731    51.7
19230801 19230831    36.4
19230901 19230930    43.2
19231001 19231031    70.4
19231101 19231130    10.4
19231201 19231231     1.3
19240101 19240131     7.7
19240201 19240229    19.0
19240301 19240331    10.4
19240401 19240430    19.3
19240501 19240531    68.3
19240601 19240630    37.8
19240701 19240731    24.3
19240801 19240831    30.2
19240901 19240930    38.0
19241001 19241031    61.7
19241101 19241130    11.7
19241201 19241231     1.5
19250101 19250131     8.7
19250201 19250228    15.6
19250301 19250331     2.6
19250401 19250430    21.8
19250501 19250531    74.7
19250601 19250630    69.8
19250701 19250731    70.4
19250801 19250831    59.4
19250901 19250930    25.4
19251001 19251031    12.2
19251101 19251130    19.8
19251201 19251231     0.0
19260101 19260131     0.0
19260201 19260228     1.5
19260301 19260331    34.8
19260401 19260430    31.9
19260501 19260531    76.9
19260601 19260630    78.2
19260701 19260731    73.7
19260801 19260831    89.0
19260901 19260930    30.0
19261001 19261031    26.9
19261101 19261130     0.0
19261201 19261231     7.9
19270101 19270131     2.5
19270201 19270228    38.4
19270301 19270331    19.8
19270401 19270430     5.1
19270501 19270531    43.9
19270601 19270630    43.8
19270701 19270731    74.9
19270801 19270831    62.5
19270901 19270930    13.0
19271001 19271031     1.6
19271101 19271130    12.0
19271201 19271231     6.4
19280101 19280131    10.5
19280201 19280229    14.7
19280301 19280331     2.5
19280401 19280430     6.8
19280501 19280531    22.7
19280601 19280630    71.4
19280701 19280731    63.1
19280801 19280831    14.4
19280901 19280930    28.0
19281001 19281031    36.5
19281101 19281130     3.5
19281201 19281231     0.0
19290101 19290131     4.6
19290201 19290228     7.9
19290301 19290331     5.6
19290401 19290430     7.9
19290501 19290531    16.7
19290601 19290630    92.9
19290701 19290731    64.3
19290801 19290831    39.2
19290901 19290930    27.3
19291001 19291031    24.8
19291101 19291130    53.4
19291201 19291231    28.2
19300101 19300131     0.0
19300201 19300228    10.4
19300301 19300331     1.5
19300401 19300430     6.6
19300501 19300531    20.3
19300601 19300630     3.5
19300701 19300731    50.9
19300801 19300831    79.6
19300901 19300930    47.5
19301001 19301031    33.2
19301101 19301130     5.8
19301201 19301231     5.3
19310101 19310131     9.2
19310201 19310228     0.0
19310301 19310331    13.2
19310401 19310430    32.3
19310501 19310531    76.5
19310601 19310630   102.7
19310701 19310731    66.5
19310801 19310831    62.7
19310901 19310930    40.8
19311001 19311031     5.9
19311101 19311130    15.2
19311201 19311231     0.0
19320101 19320131     3.0
19320201 19320229    41.4
19320301 19320331     7.6
19320401 19320430    48.7
19320501 19320531    22.2
19320601 19320630   162.3
19320701 19320731    77.9
19320801 19320831    92.1
19320901 19320930    94.6
19321001 19321031    42.2
19321101 19321130     4.8
19321201 19321231     5.5
19330101 19330131     0.0
19330201 19330228     2.0
19330301 19330331    15.6
19330401 19330430    20.5
19330501 19330531   129.0
19330601 19330630    33.0
19330701 19330731    82.6
19330801 19330831    81.3
19330901 19330930    39.6
19331001 19331031    15.5
19331101 19331130     6.4
19331201 19331231    11.4
19340101 19340131     5.1
19340201 19340228     2.8
19340301 19340331    14.5
19340401 19340430    81.0
19340501 19340531     0.0
19340601 19340630    34.3
19340701 19340731    29.1
19340801 19340831    70.0
19340901 19340930    45.6
19341001 19341031    29.0
19341101 19341130    43.6
19341201 19341231     1.3
19350101 19350131    14.2
19350201 19350228     0.0
19350301 19350331    64.1
19350401 19350430    35.5
19350501 19350531   104.1
19350601 19350630    76.2
19350701 19350731    88.5
19350801 19350831    56.6
19350901 19350930    45.3
19351001 19351031    39.6
19351101 19351130    14.7
19351201 19351231    13.9
19360101 19360131     2.3
19360201 19360229     1.6
19360301 19360331     0.3
19360401 19360430     6.6
19360501 19360531    31.3
19360601 19360630    32.3
19360701 19360731    98.6
19360801 19360831    44.6
19360901 19360930    12.2
19361001 19361031    51.7
19361101 19361130    19.9
19361201 19361231    13.5
19370101 19370131    16.3
19370201 19370228    20.6
19370301 19370331     7.1
19370401 19370430    17.7
19370501 19370531    44.9
19370601 19370630    55.5
19370701 19370731    52.6
19370801 19370831    83.1
19370901 19370930    42.0
19371001 19371031    24.9
19371101 19371130    17.6
19371201 19371231    18.8
19380101 19380131     3.6
19380201 19380228   111.7
19380301 19380331     0.0
19380401 19380430    53.9
19380501 19380531    35.1
19380601 19380630    93.2
19380701 19380731    40.6
19380801 19380831    82.2
19380901 19380930    25.3
19381001 19381031     3.3
19381101 19381130     0.0
19381201 19381231    16.0
19390101 19390131    19.1
19390201 19390228     3.3
19390301 19390331    37.1
19390401 19390430    21.8
19390501 19390531    28.7
19390601 19390630   148.8
19390701 19390731    90.0
19390801 19390831   112.0
19390901 19390930     4.3
19391001 19391031    68.4
19391101 19391130    31.8
19391201 19391231     2.5
19400101 19400131    23.1
19400201 19400229     5.1
19400301 19400331     8.6
19400401 19400430    45.8
19400501 19400531    52.8
19400601 19400630    21.4
19400701 19400731   101.0
19400801 19400831    14.2
19400901 19400930    23.5
19401001 19401031    27.5
19401101 19401130    23.4
19401201 19401231     0.0
19410101 19410131    34.6
19410201 19410228    15.0
19410301 19410331    44.2
19410401 19410430    14.4
19410501 19410531    18.9
19410601 19410630    17.2
19410701 19410731    81.0
19410801 19410831    37.2
19410901 19410930    90.4
19411001 19411031    21.1
19411101 19411130    16.5
19411201 19411231     1.3
19420101 19420131     8.1
19420201 19420228    10.4
19420301 19420331     6.6
19420401 19420430    11.7
19420501 19420531    89.1
19420601 19420630   136.7
19420701 19420731    63.8
19420801 19420831    62.5
19420901 19420930    72.5
19421001 19421031     7.6
19421101 19421130    31.4
19421201 19421231    10.9
19430101 19430131    10.9
19430201 19430228    34.0
19430301 19430331     0.8
19430401 19430430    37.3
19430501 19430531    18.6
19430601 19430630    58.3
19430701 19430731   136.5
19430801 19430831    77.7
19430901 19430930    42.6
19431001 19431031    38.6
19431101 19431130     3.8
19431201 19431231    19.1
19440101 19440131     0.0
19440201 19440229     5.8
19440301 19440331     2.8
19440401 19440430    34.5
19440501 19440531    96.8
19440601 19440630    17.9
19440701 19440731    86.6
19440801 19440831    23.4
19440901 19440930    20.7
19441001 19441031    31.6
19441101 19441130    25.9
19441201 19441231     7.2
19450101 19450131    11.3
19450201 19450228     4.5
19450301 19450331     0.0
19450401 19450430     5.4
19450501 19450531    25.7
19450601 19450630    57.5
19450701 19450731    21.0
19450801 19450831    50.8
19450901 19450930    48.2
19451001 19451031    31.7
19451101 19451130    49.0
19451201 19451231    39.3
19460101 19460131    17.6
19460201 19460228    50.4
19460301 19460331    15.0
19460401 19460430    29.8
19460501 19460531    42.1
19460601 19460630    77.4
19460701 19460731    87.0
19460801 19460831    32.3
19460901 19460930    10.7
19461001 19461031    13.3
19461101 19461130    30.9
19461201 19461231    59.4
19470101 19470131     1.8
19470201 19470228    19.4
19470301 19470331    15.8
19470401 19470430    19.4
19470501 19470531    43.6
19470601 19470630    63.2
19470701 19470731   127.7
19470801 19470831    52.1
19470901 19470930    55.2
19471001 19471031    79.5
19471101 19471130    22.1
19471201 19471231    18.2
19480101 19480131     2.8
19480201 19480229     5.6
19480301 19480331     2.6
19480401 19480430    21.2
19480501 19480531    90.9
19480601 19480630    61.1
19480701 19480731    68.1
19480801 19480831    43.8
19480901 19480930    13.9
19481001 19481031    35.7
19481101 19481130    45.1
19481201 19481231    18.8
19490101 19490131     4.8
19490201 19490228    26.9
19490301 19490331     0.0
19490401 19490430     4.5
19490501 19490531    45.3
19490601 19490630    29.7
19490701 19490731    75.5
19490801 19490831    36.4
19490901 19490930    47.8
19491001 19491031    83.3
19491101 19491130    46.3
19491201 19491231    10.5
19500101 19500131     0.0
19500201 19500228     2.5
19500301 19500331     0.0
19500401 19500430     7.6
19500501 19500531    39.9
19500601 19500630    53.4
19500701 19500731    59.5
19500801 19500831    65.6
19500901 19500930    23.2
19501001 19501031    77.9
19501101 19501130     9.0
19501201 19501231    17.9
19510101 19510131     2.8
19510201 19510228     0.0
19510301 19510331     4.6
19510401 19510430    44.6
19510501 19510531    97.8
19510601 19510630    54.7
19510701 19510731   134.0
19510801 19510831    96.0
19510901 19510930    25.4
19511001 19511031    31.3
19511101 19511130     0.0
19511201 19511231    25.9
19520101 19520131     1.3
19520201 19520229     2.5
19520301 19520331     2.0
19520401 19520430    51.3
19520501 19520531   127.7
19520601 19520630    36.9
19520701 19520731    55.8
19520801 19520831    54.5
19520901 19520930    48.5
19521001 19521031    27.2
19521101 19521130    28.7
19521201 19521231    15.8
19530101 19530131     7.6
19530201 19530228     7.4
19530301 19530331     4.1
19530401 19530430    21.8
19530501 19530531    48.6
19530601 19530630   102.7
19530701 19530731    75.8
19530801 19530831    52.8
19530901 19530930    39.3
19531001 19531031    30.1
19531101 19531130    23.6
19531201 19531231    57.7
19540101 19540131    13.7
19540201 19540228     0.0
19540301 19540331     6.1
19540401 19540430    67.7
19540501 19540531    20.0
19540601 19540630    69.8
19540701 19540731    55.3
19540801 19540831    34.9
19540901 19540930    25.5
19541001 19541031    20.3
19541101 19541130    23.1
19541201 19541231    50.0
19550101 19550131     2.0
19550201 19550228    13.9
19550301 19550331    17.5
19550401 19550430    37.9
19550501 19550531    48.5
19550601 19550630   120.7
19550701 19550731    51.5
19550801 19550831    94.0
19550901 19550930    26.2
19551001 19551031    29.9
19551101 19551130    43.9
19551201 19551231    11.2
19560101 19560131     5.3
19560201 19560229    16.0
19560301 19560331     6.3
19560401 19560430    29.7
19560501 19560531   119.8
19560601 19560630   205.8
19560701 19560731    80.2
19560801 19560831    62.4
19560901 19560930    52.9
19561001 19561031    26.8
19561101 19561130     3.3
19561201 19561231    24.5
19570101 19570131     0.0
19570201 19570228     0.0
19570301 19570331    13.9
19570401 19570430    14.4
19570501 19570531    22.3
19570601 19570630    49.7
19570701 19570731    76.7
19570801 19570831    29.4
19570901 19570930    25.0
19571001 19571031     5.9
19571101 19571130     8.4
19571201 19571231     9.1
19580101 19580131     1.5
19580201 19580228     0.0
19580301 19580331    25.4
19580401 19580430     5.6
19580501 19580531    75.9
19580601 19580630    26.0
19580701 19580731   105.5
19580801 19580831    68.8
19580901 19580930    74.7
19581001 19581031    39.9
19581101 19581130    12.8
19581201 19581231    38.0
19590101 19590131     0.0
19590201 19590228    10.4
19590301 19590331    17.8
19590401 19590430     0.0
19590501 19590531    12.9
19590601 19590630    14.7
19590701 19590731    36.7
19590801 19590831    20.4
19590901 19590930    44.9
19591001 19591031    11.8
19591101 19591130    26.4
19591201 19591231    17.6
19600101 19600131    28.0
19600201 19600229    40.5
19600301 19600331     8.1
19600401 19600430    42.3
19600501 19600531   103.1
19600601 19600630    49.5
19600701 19600731    59.4
19600801 19600831    54.7
19600901 19600930    49.9
19601001 19601031    15.5
19601101 19601130    16.3
19601201 19601231     6.9
19610101 19610131     0.0
19610201 19610228     5.6
19610301 19610331     5.4
19610401 19610430    88.5
19610501 19610531    19.3
19610601 19610630    44.0
19610701 19610731    73.5
19610801 19610831    85.5
19610901 19610930    38.6
19611001 19611031     9.9
19611101 19611130    10.7
19611201 19611231     2.0
19620101 19620131     0.0
19620201 19620228     6.4
19620301 19620331    22.1
19620401 19620430     6.1
19620501 19620531    76.3
19620601 19620630    63.4
19620701 19620731    43.5
19620801 19620831    52.3
19620901 19620930    16.4
19621001 19621031    47.6
19621101 19621130    12.1
19621201 19621231    17.8
19630101 19630131    11.7
19630201 19630228    42.5
19630301 19630331     5.3
19630401 19630430    30.3
19630501 19630531    44.4
19630601 19630630    85.4
19630701 19630731   132.7
19630801 19630831    77.6
19630901 19630930    16.1
19631001 19631031     1.8
19631101 19631130     6.7
19631201 19631231     1.5
19640101 19640131     2.3
19640201 19640229     5.8
19640301 19640331     0.0
19640401 19640430    33.2
19640501 19640531    62.4
19640601 19640630   100.7
19640701 19640731   136.4
19640801 19640831    35.0
19640901 19640930    55.6
19641001 19641031    18.0
19641101 19641130    75.3
19641201 19641231     4.1
19650101 19650131     1.1
19650201 19650228     1.3
19650301 19650331     3.6
19650401 19650430    11.2
19650501 19650531    64.9
19650601 19650630    42.2
19650701 19650731    64.6
19650801 19650831   100.1
19650901 19650930    26.2
19651001 19651031     6.2
19651101 19651130    23.5
19651201 19651231    11.1
19660101 19660131    10.4
19660201 19660228     7.2
19660301 19660331    50.8
19660401 19660430     3.6
19660501 19660531    46.7
19660601 19660630    77.6
19660701 19660731    88.7
19660801 19660831    53.8
19660901 19660930    73.0
19661001 19661031    39.3
19661101 19661130    18.5
19661201 19661231    95.7
19670101 19670131    15.2
19670201 19670228    18.8
19670301 19670331     0.0
19670401 19670430     7.2
19670501 19670531    32.2
19670601 19670630    20.3
19670701 19670731    95.3
19670801 19670831    57.6
19670901 19670930    40.2
19671001 19671031    19.6
19671101 19671130     1.8
19671201 19671231    13.2
19680101 19680131    19.3
19680201 19680229     5.9
19680301 19680331    59.6
19680401 19680430    56.1
19680501 19680531    93.9
19680601 19680630    59.3
19680701 19680731   147.6
19680801 19680831    78.3
19680901 19680930    41.3
19681001 19681031    53.5
19681101 19681130    25.9
19681201 19681231    30.5
19690101 19690131    12.2
19690201 19690228    30.8
19690301 19690331    16.8
19690401 19690430    35.4
19690501 19690531    75.1
19690601 19690630    74.7
19690701 19690731    70.3
19690801 19690831    27.8
19690901 19690930    66.1
19691001 19691031     2.1
19691101 19691130    20.3
19691201 19691231     5.3
19700101 19700131    17.6
19700201 19700228     0.5
19700301 19700331     4.3
19700401 19700430    30.8
19700501 19700531    58.4
19700601 19700630    63.8
19700701 19700731    57.6
19700801 19700831   110.1
19700901 19700930    55.6
19701001 19701031     4.9
19701101 19701130    15.9
19701201 19701231     9.2
19710101 19710131     2.5
19710201 19710228     4.3
19710301 19710331    55.2
19710401 19710430   100.4
19710501 19710531   109.5
19710601 19710630    51.6
19710701 19710731    55.4
19710801 19710831   120.8
19710901 19710930    67.6
19711001 19711031    20.3
19711101 19711130    36.7
19711201 19711231    54.5
19720101 19720131    19.8
19720201 19720229    17.0
19720301 19720331     1.5
19720401 19720430    33.0
19720501 19720531     8.7
19720601 19720630    48.8
19720701 19720731   116.9
19720801 19720831   107.9
19720901 19720930    13.0
19721001 19721031    20.9
19721101 19721130    10.0
19721201 19721231     7.1
19730101 19730131     6.1
19730201 19730228     3.6
19730301 19730331    52.4
19730401 19730430    36.7
19730501 19730531    50.1
19730601 19730630   109.2
19730701 19730731    57.1
19730801 19730831    88.2
19730901 19730930    57.0
19731001 19731031    54.0
19731101 19731130     6.9
19731201 19731231    11.6
19740101 19740131     8.3
19740201 19740228     2.0
19740301 19740331     2.8
19740401 19740430    39.2
19740501 19740531    59.6
19740601 19740630    52.2
19740701 19740731   159.2
19740801 19740831    62.4
19740901 19740930    37.0
19741001 19741031    68.8
19741101 19741130    13.4
19741201 19741231     4.2
19750101 19750131     9.8
19750201 19750228     7.0
19750301 19750331    41.2
19750401 19750430     5.2
19750501 19750531    52.0
19750601 19750630    88.4
19750701 19750731    74.2
19750801 19750831    79.8
19750901 19750930    52.2
19751001 19751031    77.4
19751101 19751130    23.6
19751201 19751231     8.6
19760101 19760131    12.8
19760201 19760229    64.8
19760301 19760331     1.0
19760401 19760430    14.8
19760501 19760531    44.0
19760601 19760630   104.4
19760701 19760731    24.4
19760801 19760831    36.8
19760901 19760930    43.4
19761001 19761031    40.6
19761101 19761130    14.6
19761201 19761231     5.6
19770101 19770131    20.2
19770201 19770228    18.0
19770301 19770331    11.8
19770401 19770430     5.0
19770501 19770531    91.6
19770601 19770630    34.6
19770701 19770731    38.2
19770801 19770831    37.4
19770901 19770930    40.6
19771001 19771031    16.4
19771101 19771130     8.8
19771201 19771231     6.6
19780101 19780131    16.0
19780201 19780228     0.0
19780301 19780331     4.6
19780401 19780430    14.8
19780501 19780531    39.8
19780601 19780630    98.8
19780701 19780731   129.0
19780801 19780831    82.8
19780901 19780930    80.4
19781001 19781031    21.4
19781101 19781130    16.2
19781201 19781231    16.8
19790101 19790131     3.0
19790201 19790228     3.4
19790301 19790331     1.8
19790401 19790430    38.0
19790501 19790531    77.4
19790601 19790630    27.2
19790701 19790731    96.6
19790801 19790831    75.2
19790901 19790930   156.6
19791001 19791031    33.6
19791101 19791130    56.6
19791201 19791231    18.6
19800101 19800131     0.0
19800201 19800229     0.4
19800301 19800331     1.6
19800401 19800430    43.6
19800501 19800531    63.4
19800601 19800630    64.8
19800701 19800731    72.6
19800801 19800831    31.2
19800901 19800930    21.6
19801001 19801031    64.8
19801101 19801130    24.8
19801201 19801231    16.6
19810101 19810131     4.2
19810201 19810228    37.4
19810301 19810331    46.2
19810401 19810430     7.6
19810501 19810531    75.2
19810601 19810630   142.2
19810701 19810731   107.0
19810801 19810831   102.4
19810901 19810930    12.4
19811001 19811031    29.2
19811101 19811130    20.4
19811201 19811231     2.2
19820101 19820131     6.0
19820201 19820228    10.4
19820301 19820331    52.0
19820401 19820430    25.6
19820501 19820531    65.8
19820601 19820630    93.4
19820701 19820731    33.6
19820801 19820831    18.8
19820901 19820930    20.6
19821001 19821031    14.2
19821101 19821130     1.0
19821201 19821231    12.0
19830101 19830131     3.2
19830201 19830228    12.0
19830301 19830331    36.2
19830401 19830430   115.8
19830501 19830531    49.6
19830601 19830630    34.0
19830701 19830731   186.2
19830801 19830831    55.6
19830901 19830930    49.8
19831001 19831031    21.6
19831101 19831130     0.0
19831201 19831231    24.2
19840101 19840131     3.0
19840201 19840229     1.0
19840301 19840331    31.4
19840401 19840430    18.4
19840501 19840531    42.0
19840601 19840630    20.6
19840701 19840731    88.4
19840801 19840831    92.6
19840901 19840930    72.8
19841001 19841031    29.2
19841101 19841130     9.6
19841201 19841231    16.2
19850101 19850131     3.0
19850201 19850228     3.0
19850301 19850331    21.2
19850401 19850430    42.0
19850501 19850531    22.4
19850601 19850630    68.8
19850701 19850731    53.8
19850801 19850831   106.4
19850901 19850930    38.4
19851001 19851031    43.4
19851101 19851130    18.6
19851201 19851231    43.1
19860101 19860131     0.0
19860201 19860228     1.0
19860301 19860331     2.0
19860401 19860430    41.0
19860501 19860531    22.0
19860601 19860630    32.6
19860701 19860731   104.2
19860801 19860831    64.2
19860901 19860930    35.2
19861001 19861031    41.4
19861101 19861130    17.4
19861201 19861231    25.8
19870101 19870131    10.2
19870201 19870228    21.2
19870301 19870331     7.6
19870401 19870430    22.0
19870501 19870531    59.8
19870601 19870630    55.4
19870701 19870731    94.2
19870801 19870831    31.4
19870901 19870930    10.6
19871001 19871031    16.3
19871101 19871130     5.6
19871201 19871231    21.2
19880101 19880131    21.8
19880201 19880229    11.8
19880301 19880331    16.6
19880401 19880430     2.2
19880501 19880531    53.0
19880601 19880630    58.6
19880701 19880731    65.0
19880801 19880831    31.6
19880901 19880930    28.0
19881001 19881031     8.6
19881101 19881130    36.4
19881201 19881231    18.0
19890101 19890131     3.2
19890201 19890228     0.0
19890301 19890331    15.0
19890401 19890430    10.6
19890501 19890531    74.2
19890601 19890630   100.6
19890701 19890731   127.0
19890801 19890831    67.6
19890901 19890930    29.8
19891001 19891031    12.2
19891101 19891130    13.6
19891201 19891231    16.8
19900101 19900131    10.6
19900201 19900228    24.0
19900301 19900331     0.0
19900401 19900430     9.6
19900501 19900531    17.0
19900601 19900630    88.0
19900701 19900731    99.2
19900801 19900831   110.4
19900901 19900930    36.2
19901001 19901031    28.8
19901101 19901130     1.6
19901201 19901231    86.4
19910101 19910131     7.4
19910201 19910228     0.0
19910301 19910331    11.0
19910401 19910430    15.8
19910501 19910531    19.4
19910601 19910630    62.2
19910701 19910731    54.0
19910801 19910831    68.6
19910901 19910930    57.6
19911001 19911031    20.0
19911101 19911130    10.0
19911201 19911231     1.0
19920101 19920131     0.6
19920201 19920229     0.0
19920301 19920331    51.8
19920401 19920430    97.8
19920501 19920531    63.0
19920601 19920630    57.8
19920701 19920731    55.0
19920801 19920831    97.8
19920901 19920930    84.2
19921001 19921031    62.4
19921101 19921130    68.6
19921201 19921231    88.0
19930101 19930131    22.0
19930201 19930228     5.2
19930301 19930331     5.4
19930401 19930430     1.0
19930501 19930531    29.2
19930601 19930630    48.0
19930701 19930731    59.6
19930801 19930831    55.2
19930901 19930930    69.2
19931001 19931031    77.4
19931101 19931130    19.4
19931201 19931231    25.0
19940101 19940131    10.2
19940201 19940228     7.4
19940301 19940331     0.0
19940401 19940430     4.0
19940501 19940531    33.6
19940601 19940630    75.2
19940701 19940731    31.2
19940801 19940831    20.2
19940901 19940930    17.8
19941001 19941031    26.6
19941101 19941130     9.8
19941201 19941231     9.6
19950101 19950131    80.8
19950201 19950228    12.6
19950301 19950331     7.0
19950401 19950430    10.8
19950501 19950531    66.4
19950601 19950630    98.2
19950701 19950731    96.4
19950801 19950831    25.0
19950901 19950930    39.0
19951001 19951031    17.4
19951101 19951130    18.4
19951201 19951231     3.6
19960101 19960131     2.2
19960201 19960229    12.4
19960301 19960331    20.0
19960401 19960430    15.0
19960501 19960531    19.8
19960601 19960630    89.0
19960701 19960731   139.6
19960801 19960831    85.0
19960901 19960930    70.0
19961001 19961031     7.6
19961101 19961130     1.8
19961201 19961231     4.6
19970101 19970131    24.8
19970201 19970228    16.4
19970301 19970331     9.2
19970401 19970430     3.6
19970501 19970531    65.0
19970601 19970630    46.8
19970701 19970731    33.8
19970801 19970831    85.0
19970901 19970930    54.6
19971001 19971031    39.2
19971101 19971130    13.2
19971201 19971231    51.0
19980101 19980131     4.4
19980201 19980228     4.8
19980301 19980331     4.0
19980401 19980430    50.2
19980501 19980531    24.6
19980601 19980630    81.2
19980701 19980731    76.6
19980801 19980831    52.6
19980901 19980930    29.0
19981001 19981031    30.4
19981101 19981130     4.4
19981201 19981231    18.8
19990101 19990131     3.2
19990201 19990228     6.0
19990301 19990331     4.6
19990401 19990430     3.4
19990501 19990531    48.0
19990601 19990630    50.6
19990701 19990731    27.2
19990801 19990831    33.0
19990901 19990930    50.2
19991001 19991031    43.0
19991101 19991130    12.6
19991201 19991231    18.2
20000101 20000131     0.0
20000201 20000229    40.4
20000301 20000331    12.8
20000401 20000430    45.0
20000501 20000531    57.2
20000601 20000630    75.0
20000701 20000731   107.4
20000801 20000831    82.4
20000901 20000930    40.4
20001001 20001031    53.2
20001101 20001130     3.4
20001201 20001231     0.6
20010101 20010131     4.4
20010201 20010228    34.4
20010301 20010331    37.8
20010401 20010430     4.4
20010501 20010531    66.0
20010601 20010630    46.0
20010701 20010731    56.8
20010801 20010831    69.2
20010901 20010930    86.8
20011001 20011031    61.8
20011101 20011130    33.8
20011201 20011231    28.2
20020101 20020131    14.0
20020201 20020228     1.0
20020301 20020331     4.8
20020401 20020430     8.6
20020501 20020531    41.8
20020601 20020630    71.6
20020701 20020731    57.6
20020801 20020831    28.4
20020901 20020930    28.8
20021001 20021031    22.4
20021101 20021130    32.0
20021201 20021231    11.6
20030101 20030131    21.4
20030201 20030228    65.6
20030301 20030331     3.2
20030401 20030430     9.2
20030501 20030531    31.8
20030601 20030630   112.8
20030701 20030731    48.4
20030801 20030831   112.0
20030901 20030930    26.6
20031001 20031031    53.4
20031101 20031130    18.4
20031201 20031231    10.0
20040101 20040131     6.6
20040201 20040229     7.4
20040301 20040331    11.0
20040401 20040430    32.4
20040501 20040531    44.5
20040601 20040630    62.2
20040701 20040731   103.8
20040801 20040831    82.0
20040901 20040930    29.4
20041001 20041031     1.2
20041101 20041130    35.2
20041201 20041231    13.6
20050101 20050131     9.6
20050201 20050228     5.2
20050301 20050331     2.0
20050401 20050430     2.6
20050501 20050531    10.0
20050601 20050630   111.0
20050701 20050731    44.6
20050801 20050831    45.2
20050901 20050930    67.8
20051001 20051031    95.8
20051101 20051130    23.8
20051201 20051231    25.4
20060101 20060131    30.2
20060201 20060228    51.2
20060301 20060331    47.2
20060401 20060430    27.4
20060501 20060531    36.0
20060601 20060630    46.4
20060701 20060731    50.2
20060801 20060831    14.6
20060901 20060930    10.0
20061001 20061031     1.0
20061101 20061130    13.6
20061201 20061231    16.2
20070101 20070131    28.4
20070201 20070228     0.0
20070301 20070331    24.2
20070401 20070430    37.6
20070501 20070531    54.0
20070601 20070630    46.2
20070701 20070731    53.4
20070801 20070831    24.0
20070901 20070930    13.4
20071001 20071031    32.0
20071101 20071130    19.8
20071201 20071231    55.0
20080101 20080131     3.6
20080201 20080229     2.6
20080301 20080331     9.4
20080401 20080430    25.6
20080501 20080531    39.6
20080601 20080630    28.8
20080701 20080731    96.2
20080801 20080831    68.8
20080901 20080930    12.8
20081001 20081031     4.4
20081101 20081130    44.6
20081201 20081231    54.4
20090101 20090131     0.0
20090201 20090228     0.0
20090301 20090331    31.4
20090401 20090430    42.0
20090501 20090531    23.2
20090601 20090630   145.6
20090701 20090731   106.2
20090801 20090831    40.2
20090901 20090930    79.8
20091001 20091031    13.2
20091101 20091130    21.4
20091201 20091231     4.4
20100101 20100131    58.4
20100201 20100228    15.4
20100301 20100331    40.0
20100401 20100430    14.8
20100501 20100531    33.4
20100601 20100630    85.4
20100701 20100731    51.4
20100801 20100831    83.4
20100901 20100930   119.8
20101001 20101031    59.0
20101101 20101130    45.6
20101201 20101231    45.4
20110101 20110131     7.0
20110201 20110228    18.2
20110301 20110331    48.6
20110401 20110430    25.4
20110501 20110531    60.4
20110601 20110630    28.4
20110701 20110731    99.8
20110801 20110831    44.8
20110901 20110930    36.2
20111001 20111031    40.6
20111101 20111130    14.8
20111201 20111231    26.2
20120101 20120131    11.6
20120201 20120229     9.4
20120301 20120331    11.2
20120401 20120430    32.8
20120501 20120531    67.0
20120601 20120630   107.4
20120701 20120731    57.8
20120801 20120831    47.2
20120901 20120930    27.8
20121001 20121031    11.8
20121101 20121130     6.2
20121201 20121231     4.4
20130101 20130131     8.8
20130201 20130228    10.4
20130301 20130331    37.2
20130401 20130430    53.0
20130501 20130531    24.8
20130601 20130630    72.0
20130701 20130731   138.8
20130801 20130831    70.0
20130901 20130930    40.0
20131001 20131031    15.6
20131101 20131130    18.0
20131201 20131231    12.6
20140101 20140131     4.4
20140201 20140228    10.2
20140301 20140331    12.0
20140401 20140430    30.0
20140501 20140531    63.8
20140601 20140630    87.8
20140701 20140731    77.6
20140801 20140831    21.4
20140901 20140930     5.8
20141001 20141031     2.6
20141101 20141130     9.4
20141201 20141231     8.8
20150101 20150131     8.0
20150201 20150228     0.0
20150301 20150331     1.6
20150401 20150430    50.4
20150501 20150531    19.8
20150601 20150630    22.4
20150701 20150731    63.4
20150801 20150831   101.2
20150901 20150930    37.4
20151001 20151031     0.0
20151101 20151130    41.6
20151201 20151231     6.0
20160101 20160131     0.6
20160201 20160229    72.2
20160301 20160331    23.8
20160401 20160430    31.4
20160501 20160531    87.0
20160601 20160630    82.2
20160701 20160731    67.0
20160801 20160831    48.6
20160901 20160930    86.4
20161001 20161031    29.8
20161101 20161130     2.4
20161201 20161231    31.8
20170101 20170131    65.5
20170201 20170228    10.6
20170301 20170331     5.3
20170401 20170430    10.2
20170501 20170531    25.4
20170601 20170630 99999.9
20170701 20170731 99999.9
20170801 20170831    84.4
20170901 20170930   221.2
