PRCP       010592 19080801 20120831 missing_value=99999.9 LAKE GRACE POST OFFICE                    
19080801 19080831    18.3
19080901 19080930    21.4
19081001 19081031    24.3
19081101 19081130     6.8
19081201 19081231     3.5
19090101 19090131     9.0
19090201 19090228     0.0
19090301 19090331    12.0
19090401 19090430    47.1
19090501 19090531    32.9
19090601 19090630    55.6
19090701 19090731    26.0
19090801 19090831    76.6
19090901 19090930    41.4
19091001 19091031    19.0
19091101 19091130     7.2
19091201 19091231     0.8
19100101 19100131     5.9
19100201 19100228     2.9
19100301 19100331     1.2
19100401 19100430    25.3
19100501 19100531    69.6
19100601 19100630    67.6
19100701 19100731    79.4
19100801 19100831    51.3
19100901 19100930    16.8
19101001 19101031    36.4
19101101 19101130    21.6
19101201 19101231     1.1
19110101 19110131    18.2
19110201 19110228     1.2
19110301 19110331    23.1
19110401 19110430    20.2
19110501 19110531    17.7
19110601 19110630    32.2
19110701 19110731    54.9
19110801 19110831    33.7
19110901 19110930    22.1
19111001 19111031    20.3
19111101 19111130     0.0
19111201 19111231     5.4
19120101 19120131     2.4
19120201 19120229     0.2
19120301 19120331     7.7
19120401 19120430    11.4
19120501 19120531    32.6
19120601 19120630    31.0
19120701 19120731    80.6
19120801 19120831    22.8
19120901 19120930    40.1
19121001 19121031    24.7
19121101 19121130     3.3
19121201 19121231    19.8
19130101 19130131    16.3
19130201 19130228    18.5
19130301 19130331    12.3
19130401 19130430    29.0
19130501 19130531    14.8
19130601 19130630    37.0
19130701 19130731    32.1
19130801 19130831    54.1
19130901 19130930    38.4
19131001 19131031    14.7
19131101 19131130    16.2
19131201 19131231    70.2
19140101 19140131     0.0
19140201 19140228     3.8
19140301 19140331     6.6
19140401 19140430    17.7
19140501 19140531     7.7
19140601 19140630    28.7
19140701 19140731    45.1
19140801 19140831    16.2
19140901 19140930     2.7
19141001 19141031    38.1
19141101 19141130    48.6
19141201 19141231    66.6
19150101 19150131    15.9
19150201 19150228    59.3
19150301 19150331    17.3
19150401 19150430    11.4
19150501 19150531    63.5
19150601 19150630    35.0
19150701 19150731    56.2
19150801 19150831    53.8
19150901 19150930    42.0
19151001 19151031    24.9
19151101 19151130     2.3
19151201 19151231     0.0
19160101 19160131    31.8
19160201 19160229    10.7
19160301 19160331    24.9
19160401 19160430     4.8
19160501 19160531    22.3
19160601 19160630    50.9
19160701 19160731    65.9
19160801 19160831    55.0
19160901 19160930     2.6
19161001 19161031    29.2
19161101 19161130    21.7
19161201 19161231     0.0
19170101 19170131     4.6
19170201 19170228     4.8
19170301 19170331    25.2
19170401 19170430    35.3
19170501 19170531    62.3
19170601 19170630   111.9
19170701 19170731    66.1
19170801 19170831    61.1
19170901 19170930    56.8
19171001 19171031    37.3
19171101 19171130     3.8
19171201 19171231    22.5
19180101 19180131    26.0
19180201 19180228    36.5
19180301 19180331    23.2
19180401 19180430    59.8
19180501 19180531    57.0
19180601 19180630    86.6
19180701 19180731    21.1
19180801 19180831    51.2
19180901 19180930    35.8
19181001 19181031    32.0
19181101 19181130    15.7
19181201 19181231     2.8
19190101 19190131     5.1
19190201 19190228     7.7
19190301 19190331    17.3
19190401 19190430   117.3
19190501 19190531     8.8
19190601 19190630    29.0
19190701 19190731    77.5
19190801 19190831    35.0
19190901 19190930    31.0
19191001 19191031    19.4
19191101 19191130    28.6
19191201 19191231     2.8
19200101 19200131    22.9
19200201 19200229    12.4
19200301 19200331    42.4
19200401 19200430    12.3
19200501 19200531    67.9
19200601 19200630    52.4
19200701 19200731    32.5
19200801 19200831    74.1
19200901 19200930    15.0
19201001 19201031    14.5
19201101 19201130     1.5
19201201 19201231     0.0
19210101 19210131     8.6
19210201 19210228    25.4
19210301 19210331    11.7
19210401 19210430     0.8
19210501 19210531   100.1
19210601 19210630    37.4
19210701 19210731    58.2
19210801 19210831    18.3
19210901 19210930    36.1
19211001 19211031    42.2
19211101 19211130     2.8
19211201 19211231    48.0
19220101 19220131     1.3
19220201 19220228    12.0
19220301 19220331    21.1
19220401 19220430    36.7
19220501 19220531    55.9
19220601 19220630    23.9
19220701 19220731    53.4
19220801 19220831    47.9
19220901 19220930    29.2
19221001 19221031    10.1
19221101 19221130    14.0
19221201 19221231    26.7
19230101 19230131    10.6
19230201 19230228    16.0
19230301 19230331    20.6
19230401 19230430    40.2
19230501 19230531    46.2
19230601 19230630   102.5
19230701 19230731    13.0
19230801 19230831    28.6
19230901 19230930    65.6
19231001 19231031    14.1
19231101 19231130     0.0
19231201 19231231     9.9
19240101 19240131     0.0
19240201 19240229     2.8
19240301 19240331     0.0
19240401 19240430    12.5
19240501 19240531    62.6
19240601 19240630    42.7
19240701 19240731    23.3
19240801 19240831    65.7
19240901 19240930    24.7
19241001 19241031    40.7
19241101 19241130    12.0
19241201 19241231     0.0
19250101 19250131    20.8
19250201 19250228    63.2
19250301 19250331    32.4
19250401 19250430    14.6
19250501 19250531    35.4
19250601 19250630    45.9
19250701 19250731    30.5
19250801 19250831    16.6
19250901 19250930    31.5
19251001 19251031    26.3
19251101 19251130     0.8
19251201 19251231    34.3
19260101 19260131     0.8
19260201 19260228     6.3
19260301 19260331   114.8
19260401 19260430    39.9
19260501 19260531    45.0
19260601 19260630    47.0
19260701 19260731    82.8
19260801 19260831    15.0
19260901 19260930    45.6
19261001 19261031    32.0
19261101 19261130    21.1
19261201 19261231    21.2
19270101 19270131     4.1
19270201 19270228     0.5
19270301 19270331    40.6
19270401 19270430    11.2
19270501 19270531    20.4
19270601 19270630    60.1
19270701 19270731    37.5
19270801 19270831    24.3
19270901 19270930    41.5
19271001 19271031    47.5
19271101 19271130     1.1
19271201 19271231    27.2
19280101 19280131    28.2
19280201 19280229     0.0
19280301 19280331     0.5
19280401 19280430    25.5
19280501 19280531    31.9
19280601 19280630    23.3
19280701 19280731    79.6
19280801 19280831    67.2
19280901 19280930    23.2
19281001 19281031     9.3
19281101 19281130     0.5
19281201 19281231     6.6
19290101 19290131    25.7
19290201 19290228    10.9
19290301 19290331    20.6
19290401 19290430     7.4
19290501 19290531    48.9
19290601 19290630    86.5
19290701 19290731    50.7
19290801 19290831    25.9
19290901 19290930    14.5
19291001 19291031    15.3
19291101 19291130    98.0
19291201 19291231     3.5
19300101 19300131     0.0
19300201 19300228     4.3
19300301 19300331    17.7
19300401 19300430    45.7
19300501 19300531    33.8
19300601 19300630    97.2
19300701 19300731   128.1
19300801 19300831    25.9
19300901 19300930    24.2
19301001 19301031    11.2
19301101 19301130     0.8
19301201 19301231    13.8
19310101 19310131     0.0
19310201 19310228     9.4
19310301 19310331     9.2
19310401 19310430    16.5
19310501 19310531    56.6
19310601 19310630    37.9
19310701 19310731    46.4
19310801 19310831    96.3
19310901 19310930    58.1
19311001 19311031    11.4
19311101 19311130    17.1
19311201 19311231    11.8
19320101 19320131    38.1
19320201 19320229     3.0
19320301 19320331    12.4
19320401 19320430    24.7
19320501 19320531    70.6
19320601 19320630    17.6
19320701 19320731    62.6
19320801 19320831    97.2
19320901 19320930    41.0
19321001 19321031    57.2
19321101 19321130     1.8
19321201 19321231     5.6
19330101 19330131    21.3
19330201 19330228     2.8
19330301 19330331    57.7
19330401 19330430     5.1
19330501 19330531    43.9
19330601 19330630    54.6
19330701 19330731    25.4
19330801 19330831    25.3
19330901 19330930    23.1
19331001 19331031    41.4
19331101 19331130     1.1
19331201 19331231     5.8
19340101 19340131     9.7
19340201 19340228     6.9
19340301 19340331   118.6
19340401 19340430    40.5
19340501 19340531    48.0
19340601 19340630    48.1
19340701 19340731    69.4
19340801 19340831    46.2
19340901 19340930    38.4
19341001 19341031    19.6
19341101 19341130    22.3
19341201 19341231     5.8
19350101 19350131    20.8
19350201 19350228     2.5
19350301 19350331    11.2
19350401 19350430    19.0
19350501 19350531    33.1
19350601 19350630    43.3
19350701 19350731    69.7
19350801 19350831    55.7
19350901 19350930    39.4
19351001 19351031    78.1
19351101 19351130     0.0
19351201 19351231     7.8
19360101 19360131    44.0
19360201 19360229     1.3
19360301 19360331     8.1
19360401 19360430    19.5
19360501 19360531    79.3
19360601 19360630    87.1
19360701 19360731    31.6
19360801 19360831    38.9
19360901 19360930    11.6
19361001 19361031     2.6
19361101 19361130     8.1
19361201 19361231    30.4
19370101 19370131     0.5
19370201 19370228     0.0
19370301 19370331    99.4
19370401 19370430    20.0
19370501 19370531    73.5
19370601 19370630    66.2
19370701 19370731    12.8
19370801 19370831    63.0
19370901 19370930     9.8
19371001 19371031     7.1
19371101 19371130    41.2
19371201 19371231     2.6
19380101 19380131    18.1
19380201 19380228     0.0
19380301 19380331    68.6
19380401 19380430     7.6
19380501 19380531    17.4
19380601 19380630    39.4
19380701 19380731    55.9
19380801 19380831    32.6
19380901 19380930    29.9
19381001 19381031    23.4
19381101 19381130    13.0
19381201 19381231     7.2
19390101 19390131   101.8
19390201 19390228    57.9
19390301 19390331     0.8
19390401 19390430     6.1
19390501 19390531   116.0
19390601 19390630    48.4
19390701 19390731   108.3
19390801 19390831    39.4
19390901 19390930     6.4
19391001 19391031    74.3
19391101 19391130    37.7
19391201 19391231     0.0
19400101 19400131    11.6
19400201 19400229     0.0
19400301 19400331     0.0
19400401 19400430    10.9
19400501 19400531    20.3
19400601 19400630    33.1
19400701 19400731    43.9
19400801 19400831     9.3
19400901 19400930    25.0
19401001 19401031    15.6
19401101 19401130    11.3
19401201 19401231    44.6
19410101 19410131     1.0
19410201 19410228     2.3
19410301 19410331    18.6
19410401 19410430    20.1
19410501 19410531    14.5
19410601 19410630    40.2
19410701 19410731    40.2
19410801 19410831    52.9
19410901 19410930    35.1
19411001 19411031    34.6
19411101 19411130     7.6
19411201 19411231    19.4
19420101 19420131     0.6
19420201 19420228    10.7
19420301 19420331    98.3
19420401 19420430    43.2
19420501 19420531    40.7
19420601 19420630    32.3
19420701 19420731    41.5
19420801 19420831    63.3
19420901 19420930    33.1
19421001 19421031    24.9
19421101 19421130     6.6
19421201 19421231    30.3
19430101 19430131    16.5
19430201 19430228    25.7
19430301 19430331    14.9
19430401 19430430    50.0
19430501 19430531    51.2
19430601 19430630    86.7
19430701 19430731    30.8
19430801 19430831    60.6
19430901 19430930    37.9
19431001 19431031    14.5
19431101 19431130     5.6
19431201 19431231     6.2
19440101 19440131     1.5
19440201 19440229     0.0
19440301 19440331     6.1
19440401 19440430    16.0
19440501 19440531    51.2
19440601 19440630    21.9
19440701 19440731    59.7
19440801 19440831    48.3
19440901 19440930    13.2
19441001 19441031     0.0
19441101 19441130     2.3
19441201 19441231     9.4
19450101 19450131     0.0
19450201 19450228     0.8
19450301 19450331    37.0
19450401 19450430     8.9
19450501 19450531    40.2
19450601 19450630   149.7
19450701 19450731    48.1
19450801 19450831   101.4
19450901 19450930    26.4
19451001 19451031     7.1
19451101 19451130     5.7
19451201 19451231     3.9
19460101 19460131     0.0
19460201 19460228     3.0
19460301 19460331     2.5
19460401 19460430     6.4
19460501 19460531    51.2
19460601 19460630    93.8
19460701 19460731    91.0
19460801 19460831    26.8
19460901 19460930    13.3
19461001 19461031     3.0
19461101 19461130    39.4
19461201 19461231     9.1
19470101 19470131     0.8
19470201 19470228    37.6
19470301 19470331     1.0
19470401 19470430    51.8
19470501 19470531    52.4
19470601 19470630    69.5
19470701 19470731    40.7
19470801 19470831    12.0
19470901 19470930    20.5
19471001 19471031    46.2
19471101 19471130    28.0
19471201 19471231     0.5
19480101 19480131     0.0
19480201 19480229     0.0
19480301 19480331     5.1
19480401 19480430    15.5
19480501 19480531     2.1
19480601 19480630    62.4
19480701 19480731    68.0
19480801 19480831    34.5
19480901 19480930    65.4
19481001 19481031    11.7
19481101 19481130    14.3
19481201 19481231    17.6
19490101 19490131     1.3
19490201 19490228     3.6
19490301 19490331    10.9
19490401 19490430    14.1
19490501 19490531     6.0
19490601 19490630    45.7
19490701 19490731    66.2
19490801 19490831    44.5
19490901 19490930    17.5
19491001 19491031    20.5
19491101 19491130    20.2
19491201 19491231     0.5
19500101 19500131     1.8
19500201 19500228     0.0
19500301 19500331     0.3
19500401 19500430     0.5
19500501 19500531    58.9
19500601 19500630    33.0
19500701 19500731    50.6
19500801 19500831    12.3
19500901 19500930    29.1
19501001 19501031    15.5
19501101 19501130     8.7
19501201 19501231     2.0
19510101 19510131    17.8
19510201 19510228    35.1
19510301 19510331     5.8
19510401 19510430    38.4
19510501 19510531    25.1
19510601 19510630    76.3
19510701 19510731    21.0
19510801 19510831    30.7
19510901 19510930    55.4
19511001 19511031    23.9
19511101 19511130     1.5
19511201 19511231    17.3
19520101 19520131     9.6
19520201 19520229     1.0
19520301 19520331    13.5
19520401 19520430     1.5
19520501 19520531    64.5
19520601 19520630    69.6
19520701 19520731    37.3
19520801 19520831    15.4
19520901 19520930    33.0
19521001 19521031    29.6
19521101 19521130    17.0
19521201 19521231    23.6
19530101 19530131     3.0
19530201 19530228     6.6
19530301 19530331    45.8
19530401 19530430    18.1
19530501 19530531    98.2
19530601 19530630    53.6
19530701 19530731    34.3
19530801 19530831    16.1
19530901 19530930    24.8
19531001 19531031    55.9
19531101 19531130     7.8
19531201 19531231     0.0
19540101 19540131     5.3
19540201 19540228     2.3
19540301 19540331     0.0
19540401 19540430     7.9
19540501 19540531    71.4
19540601 19540630    21.5
19540701 19540731    54.8
19540801 19540831    22.9
19540901 19540930    11.2
19541001 19541031     5.1
19541101 19541130    13.3
19541201 19541231     5.3
19550101 19550131     1.8
19550201 19550228   214.3
19550301 19550331     5.8
19550401 19550430    46.7
19550501 19550531    29.8
19550601 19550630    17.1
19550701 19550731    30.7
19550801 19550831   104.3
19550901 19550930    34.6
19551001 19551031    26.9
19551101 19551130     1.3
19551201 19551231    11.0
19560101 19560131     1.3
19560201 19560229     4.8
19560301 19560331    15.3
19560401 19560430    11.5
19560501 19560531    52.6
19560601 19560630    61.0
19560701 19560731    42.2
19560801 19560831     5.7
19560901 19560930    12.4
19561001 19561031     8.3
19561101 19561130    27.2
19561201 19561231    12.0
19570101 19570131    12.9
19570201 19570228    12.1
19570301 19570331    14.2
19570401 19570430    11.3
19570501 19570531    24.6
19570601 19570630    70.8
19570701 19570731    13.1
19570801 19570831    27.2
19570901 19570930    12.0
19571001 19571031    15.3
19571101 19571130     0.3
19571201 19571231     0.5
19580101 19580131     3.3
19580201 19580228    40.6
19580301 19580331     2.0
19580401 19580430     4.6
19580501 19580531    59.3
19580601 19580630    12.7
19580701 19580731   117.8
19580801 19580831    21.7
19580901 19580930    77.1
19581001 19581031    19.4
19581101 19581130    13.7
19581201 19581231    35.2
19590101 19590131     4.3
19590201 19590228    81.8
19590301 19590331    16.5
19590401 19590430    20.6
19590501 19590531    13.5
19590601 19590630   104.1
19590701 19590731    15.9
19590801 19590831    37.6
19590901 19590930    24.2
19591001 19591031     9.8
19591101 19591130    46.5
19591201 19591231    27.7
19600101 19600131    45.0
19600201 19600229     8.7
19600301 19600331    39.5
19600401 19600430    11.3
19600501 19600531    99.7
19600601 19600630    23.3
19600701 19600731   105.8
19600801 19600831    16.9
19600901 19600930    28.2
19601001 19601031     2.5
19601101 19601130     1.8
19601201 19601231    18.0
19610101 19610131    48.5
19610201 19610228     2.1
19610301 19610331    19.9
19610401 19610430    27.6
19610501 19610531     5.9
19610601 19610630    61.2
19610701 19610731    45.3
19610801 19610831    49.8
19610901 19610930    18.6
19611001 19611031     5.9
19611101 19611130     0.0
19611201 19611231    12.7
19620101 19620131     4.3
19620201 19620228     5.3
19620301 19620331    24.7
19620401 19620430     0.8
19620501 19620531    87.7
19620601 19620630    61.9
19620701 19620731    29.3
19620801 19620831    27.2
19620901 19620930    12.6
19621001 19621031    19.8
19621101 19621130     3.8
19621201 19621231    28.3
19630101 19630131     3.1
19630201 19630228    54.6
19630301 19630331    17.6
19630401 19630430    21.5
19630501 19630531    74.8
19630601 19630630    81.8
19630701 19630731    49.1
19630801 19630831    52.9
19630901 19630930    45.0
19631001 19631031    10.1
19631101 19631130    22.0
19631201 19631231     1.8
19640101 19640131     1.0
19640201 19640229    20.4
19640301 19640331     7.2
19640401 19640430    81.8
19640501 19640531     7.1
19640601 19640630    93.1
19640701 19640731    80.5
19640801 19640831    55.4
19640901 19640930    33.4
19641001 19641031    26.4
19641101 19641130    15.0
19641201 19641231    11.7
19650101 19650131     1.0
19650201 19650228     1.0
19650301 19650331     8.9
19650401 19650430     4.6
19650501 19650531    53.3
19650601 19650630    49.8
19650701 19650731    43.4
19650801 19650831    63.0
19650901 19650930    27.1
19651001 19651031    55.3
19651101 19651130    31.9
19651201 19651231    13.8
19660101 19660131    68.8
19660201 19660228    21.6
19660301 19660331     1.6
19660401 19660430    14.0
19660501 19660531     7.7
19660601 19660630    93.7
19660701 19660731    73.1
19660801 19660831    18.4
19660901 19660930    40.3
19661001 19661031    44.0
19661101 19661130     0.0
19661201 19661231     7.9
19670101 19670131     2.0
19670201 19670228     8.4
19670301 19670331     8.4
19670401 19670430    13.0
19670501 19670531    88.0
19670601 19670630    55.1
19670701 19670731    33.3
19670801 19670831    29.0
19670901 19670930    11.1
19671001 19671031     3.1
19671101 19671130     1.5
19671201 19671231     5.3
19680101 19680131    77.2
19680201 19680229    25.5
19680301 19680331   152.3
19680401 19680430    43.5
19680501 19680531    30.1
19680601 19680630    98.9
19680701 19680731    43.0
19680801 19680831    32.0
19680901 19680930    27.4
19681001 19681031     8.8
19681101 19681130     6.1
19681201 19681231     0.3
19690101 19690131     1.0
19690201 19690228     1.0
19690301 19690331    36.9
19690401 19690430    14.7
19690501 19690531    19.1
19690601 19690630    52.3
19690701 19690731    13.2
19690801 19690831     8.3
19690901 19690930    46.4
19691001 19691031     1.8
19691101 19691130    21.8
19691201 19691231    18.0
19700101 19700131     2.0
19700201 19700228    52.1
19700301 19700331     0.0
19700401 19700430    28.7
19700501 19700531    25.3
19700601 19700630    67.0
19700701 19700731    24.5
19700801 19700831    13.8
19700901 19700930    52.3
19701001 19701031    30.1
19701101 19701130     8.4
19701201 19701231     7.7
19710101 19710131     6.4
19710201 19710228    26.7
19710301 19710331    72.1
19710401 19710430     0.3
19710501 19710531    29.6
19710601 19710630    29.4
19710701 19710731    21.0
19710801 19710831    48.6
19710901 19710930    31.3
19711001 19711031    18.9
19711101 19711130   130.0
19711201 19711231     0.5
19720101 19720131     1.6
19720201 19720229     2.3
19720301 19720331     2.4
19720401 19720430     9.4
19720501 19720531    22.9
19720601 19720630    32.6
19720701 19720731    63.9
19720801 19720831    37.9
19720901 19720930    17.5
19721001 19721031     6.5
19721101 19721130     3.9
19721201 19721231     9.7
19730101 19730131    11.0
19730201 19730228     0.3
19730301 19730331     1.3
19730401 19730430    23.1
19730501 19730531    38.6
19730601 19730630    58.5
19730701 19730731    68.2
19730801 19730831    28.6
19730901 19730930    52.7
19731001 19731031    18.0
19731101 19731130    64.7
19731201 19731231     1.0
19740101 19740131     1.0
19740201 19740228     0.2
19740301 19740331    49.2
19740401 19740430    61.3
19740501 19740531   150.6
19740601 19740630    48.0
19740701 19740731    47.0
19740801 19740831    55.8
19740901 19740930    29.8
19741001 19741031    29.8
19741101 19741130    32.8
19741201 19741231     1.6
19750101 19750131     0.0
19750201 19750228     1.4
19750301 19750331     3.4
19750401 19750430   105.6
19750501 19750531    36.0
19750601 19750630    31.6
19750701 19750731    58.6
19750801 19750831    47.0
19750901 19750930    25.3
19751001 19751031    25.2
19751101 19751130    14.4
19751201 19751231    11.2
19760101 19760131    24.0
19760201 19760229    81.8
19760301 19760331     0.6
19760401 19760430    34.4
19760501 19760531    35.0
19760601 19760630    16.8
19760701 19760731    20.0
19760801 19760831   102.5
19760901 19760930    33.2
19761001 19761031    23.5
19761101 19761130    22.4
19761201 19761231     1.0
19770101 19770131     0.6
19770201 19770228    10.2
19770301 19770331     0.4
19770401 19770430     3.6
19770501 19770531    50.8
19770601 19770630    38.2
19770701 19770731    24.4
19770801 19770831    30.3
19770901 19770930    45.1
19771001 19771031    75.8
19771101 19771130     8.2
19771201 19771231    10.2
19780101 19780131    14.6
19780201 19780228    25.8
19780301 19780331     0.6
19780401 19780430    16.8
19780501 19780531    21.8
19780601 19780630    75.8
19780701 19780731    70.8
19780801 19780831    39.6
19780901 19780930    30.2
19781001 19781031    12.6
19781101 19781130     8.6
19781201 19781231     7.2
19790101 19790131    14.0
19790201 19790228    34.6
19790301 19790331    23.4
19790401 19790430     9.6
19790501 19790531    29.2
19790601 19790630    59.6
19790701 19790731    33.0
19790801 19790831    42.6
19790901 19790930    18.8
19791001 19791031     3.6
19791101 19791130    12.8
19791201 19791231     0.8
19800101 19800131    12.6
19800201 19800229    47.0
19800301 19800331     0.2
19800401 19800430    33.7
19800501 19800531    43.0
19800601 19800630    37.0
19800701 19800731    27.8
19800801 19800831    26.6
19800901 19800930    14.8
19801001 19801031    27.2
19801101 19801130     3.6
19801201 19801231    67.8
19810101 19810131    13.4
19810201 19810228    49.6
19810301 19810331     4.2
19810401 19810430    18.4
19810501 19810531    62.4
19810601 19810630    43.2
19810701 19810731    43.2
19810801 19810831    34.6
19810901 19810930    17.6
19811001 19811031    10.4
19811101 19811130    31.8
19811201 19811231     1.6
19820101 19820131    93.0
19820201 19820228     1.2
19820301 19820331    12.0
19820401 19820430     0.2
19820501 19820531    27.2
19820601 19820630    43.2
19820701 19820731    30.0
19820801 19820831    71.6
19820901 19820930    35.6
19821001 19821031     8.0
19821101 19821130    20.2
19821201 19821231     7.8
19830101 19830131    12.6
19830201 19830228    29.2
19830301 19830331     2.2
19830401 19830430     3.6
19830501 19830531    16.2
19830601 19830630   111.4
19830701 19830731    64.6
19830801 19830831    37.6
19830901 19830930    34.2
19831001 19831031     9.4
19831101 19831130    71.6
19831201 19831231    56.8
19840101 19840131     0.2
19840201 19840229     4.0
19840301 19840331    15.0
19840401 19840430    26.2
19840501 19840531    55.4
19840601 19840630    34.6
19840701 19840731    44.6
19840801 19840831    44.6
19840901 19840930    56.6
19841001 19841031     7.6
19841101 19841130    17.4
19841201 19841231    11.4
19850101 19850131     0.4
19850201 19850228     2.2
19850301 19850331     0.4
19850401 19850430    22.2
19850501 19850531    22.4
19850601 19850630    12.4
19850701 19850731    64.4
19850801 19850831    43.4
19850901 19850930    23.2
19851001 19851031    25.2
19851101 19851130    11.4
19851201 19851231     5.0
19860101 19860131     0.2
19860201 19860228    52.2
19860301 19860331     8.2
19860401 19860430     1.2
19860501 19860531    41.0
19860601 19860630    48.6
19860701 19860731    29.4
19860801 19860831    31.0
19860901 19860930    26.6
19861001 19861031    10.4
19861101 19861130    18.6
19861201 19861231    19.2
19870101 19870131     0.0
19870201 19870228     0.0
19870301 19870331     7.0
19870401 19870430    20.0
19870501 19870531    38.0
19870601 19870630    22.6
19870701 19870731    64.2
19870801 19870831    28.8
19870901 19870930    27.6
19871001 19871031     4.8
19871101 19871130    24.2
19871201 19871231    51.0
19880101 19880131     3.4
19880201 19880229     1.2
19880301 19880331    20.6
19880401 19880430    29.6
19880501 19880531    83.2
19880601 19880630    63.0
19880701 19880731    44.8
19880801 19880831    42.2
19880901 19880930    35.2
19881001 19881031     6.8
19881101 19881130     5.8
19881201 19881231    13.2
19890101 19890131    30.0
19890201 19890228    22.6
19890301 19890331     2.8
19890401 19890430    41.4
19890501 19890531    65.6
19890601 19890630    39.4
19890701 19890731    33.2
19890801 19890831    26.2
19890901 19890930    10.8
19891001 19891031    25.4
19891101 19891130     5.0
19891201 19891231     7.0
19900101 19900131   143.0
19900201 19900228    31.6
19900301 19900331    25.6
19900401 19900430    16.0
19900501 19900531    74.2
19900601 19900630    27.6
19900701 19900731    68.8
19900801 19900831    14.6
19900901 19900930    25.0
19901001 19901031    25.6
19901101 19901130    13.8
19901201 19901231     1.8
19910101 19910131     3.6
19910201 19910228    18.2
19910301 19910331     1.8
19910401 19910430    39.2
19910501 19910531    13.2
19910601 19910630    40.2
19910701 19910731    75.8
19910801 19910831    39.4
19910901 19910930    38.8
19911001 19911031    19.2
19911101 19911130    38.2
19911201 19911231    24.0
19920101 19920131     2.0
19920201 19920229    32.0
19920301 19920331    28.2
19920401 19920430    31.6
19920501 19920531    19.2
19920601 19920630    78.4
19920701 19920731    39.0
19920801 19920831    92.8
19920901 19920930    60.8
19921001 19921031    17.6
19921101 19921130    34.4
19921201 19921231    12.8
19930101 19930131     3.6
19930201 19930228    41.4
19930301 19930331   130.4
19930401 19930430     7.6
19930501 19930531   101.0
19930601 19930630    56.0
19930701 19930731    29.8
19930801 19930831    50.6
19930901 19930930    20.0
19931001 19931031    10.8
19931101 19931130    53.2
19931201 19931231     1.4
19940101 19940131     0.0
19940201 19940228     0.2
19940301 19940331     0.0
19940401 19940430     0.2
19940501 19940531    58.0
19940601 19940630    40.5
19940701 19940731    44.2
19940801 19940831    40.8
19940901 19940930    22.8
19941001 19941031    22.4
19941101 19941130     4.8
19941201 19941231     2.0
19950101 19950131    11.2
19950201 19950228    11.6
19950301 19950331    10.4
19950401 19950430     8.4
19950501 19950531    55.6
19950601 19950630    50.6
19950701 19950731    61.2
19950801 19950831     5.2
19950901 19950930    46.6
19951001 19951031    45.2
19951101 19951130     3.0
19951201 19951231    23.8
19960101 19960131     1.0
19960201 19960229    24.6
19960301 19960331    16.2
19960401 19960430    26.2
19960501 19960531    18.0
19960601 19960630    42.8
19960701 19960731    59.8
19960801 19960831    26.8
19960901 19960930    31.2
19961001 19961031    48.0
19961101 19961130    28.2
19961201 19961231     3.8
19970101 19970131     0.6
19970201 19970228    32.4
19970301 19970331    86.6
19970401 19970430    34.6
19970501 19970531    31.0
19970601 19970630    26.0
19970701 19970731    41.2
19970801 19970831    41.8
19970901 19970930    64.0
19971001 19971031    26.4
19971101 19971130     8.6
19971201 19971231     1.2
19980101 19980131     0.0
19980201 19980228     0.0
19980301 19980331    23.8
19980401 19980430    70.6
19980501 19980531    15.4
19980601 19980630    61.4
19980701 19980731    22.0
19980801 19980831    64.0
19980901 19980930    14.6
19981001 19981031    30.2
19981101 19981130    19.8
19981201 19981231     9.8
19990101 19990131    69.2
19990201 19990228     1.0
19990301 19990331    24.2
19990401 19990430    11.8
19990501 19990531    67.2
19990601 19990630    39.2
19990701 19990731    51.8
19990801 19990831    43.6
19990901 19990930    37.0
19991001 19991031    28.6
19991101 19991130    16.8
19991201 19991231    38.4
20000101 20000131   168.2
20000201 20000229     8.6
20000301 20000331     6.8
20000401 20000430     6.6
20000501 20000531     3.4
20000601 20000630    37.4
20000701 20000731    50.2
20000801 20000831    29.6
20000901 20000930     5.2
20001001 20001031     5.2
20001101 20001130     3.0
20001201 20001231     1.4
20010101 20010131    14.4
20010201 20010228     7.2
20010301 20010331     0.0
20010401 20010430    12.0
20010501 20010531    26.4
20010601 20010630     7.6
20010701 20010731    49.8
20010801 20010831    64.2
20010901 20010930    22.6
20011001 20011031    18.2
20011101 20011130    52.8
20011201 20011231    37.4
20020101 20020131     2.4
20020201 20020228     2.8
20020301 20020331     4.2
20020401 20020430    14.6
20020501 20020531     9.0
20020601 20020630    21.8
20020701 20020731    25.4
20020801 20020831    18.0
20020901 20020930    12.2
20021001 20021031    19.4
20021101 20021130    55.8
20021201 20021231    10.8
20030101 20030131     0.0
20030201 20030228    29.4
20030301 20030331    23.8
20030401 20030430    22.0
20030501 20030531    37.4
20030601 20030630    28.2
20030701 20030731    34.8
20030801 20030831    69.6
20030901 20030930    53.8
20031001 20031031    13.2
20031101 20031130    21.2
20031201 20031231    10.4
20040101 20040131    16.4
20040201 20040229    51.6
20040301 20040331    28.0
20040401 20040430     6.4
20040501 20040531    23.8
20040601 20040630    54.2
20040701 20040731    23.2
20040801 20040831    41.8
20040901 20040930    22.4
20041001 20041031    20.2
20041101 20041130    31.4
20041201 20041231    14.2
20050101 20050131     0.0
20050201 20050228     7.8
20050301 20050331    38.2
20050401 20050430    14.6
20050501 20050531    60.0
20050601 20050630    61.6
20050701 20050731    16.6
20050801 20050831    31.0
20050901 20050930    34.2
20051001 20051031    59.0
20051101 20051130    12.8
20051201 20051231     2.4
20060101 20060131   268.6
20060201 20060228    48.8
20060301 20060331    28.0
20060401 20060430    37.8
20060501 20060531     9.0
20060601 20060630    13.6
20060701 20060731    22.2
20060801 20060831    49.6
20060901 20060930    16.2
20061001 20061031     9.0
20061101 20061130    19.4
20061201 20061231    11.6
20070101 20070131    14.8
20070201 20070228     0.0
20070301 20070331     2.0
20070401 20070430    38.6
20070501 20070531    15.8
20070601 20070630    31.8
20070701 20070731    60.2
20070801 20070831    20.0
20070901 20070930    26.4
20071001 20071031    15.6
20071101 20071130     0.0
20071201 20071231    31.2
20080101 20080131     6.4
20080201 20080229     1.8
20080301 20080331     2.6
20080401 20080430    74.6
20080501 20080531    35.2
20080601 20080630    25.6
20080701 20080731    80.6
20080801 20080831     6.2
20080901 20080930    43.4
20081001 20081031    40.0
20081101 20081130    15.8
20081201 20081231    33.2
20090101 20090131     8.2
20090201 20090228     1.4
20090301 20090331     8.0
20090401 20090430     0.0
20090501 20090531     4.4
20090601 20090630    40.0
20090701 20090731    29.0
20090801 20090831    18.6
20090901 20090930    34.2
20091001 20091031    17.2
20091101 20091130    25.8
20091201 20091231     0.2
20100101 20100131     2.2
20100201 20100228     0.6
20100301 20100331    16.6
20100401 20100430    15.8
20100501 20100531    40.0
20100601 20100630    31.0
20100701 20100731    27.8
20100801 20100831     8.6
20100901 20100930     4.4
20101001 20101031     0.2
20101101 20101130     7.2
20101201 20101231     1.2
20110101 20110131    15.4
20110201 20110228     5.0
20110301 20110331     0.0
20110401 20110430    14.6
20110501 20110531    32.2
20110601 20110630    33.4
20110701 20110731    66.2
20110801 20110831    26.8
20110901 20110930    30.4
20111001 20111031    78.2
20111101 20111130    49.0
20111201 20111231    93.4
20120101 20120131    33.6
20120201 20120229    17.2
20120301 20120331     9.2
20120401 20120430     0.8
20120501 20120531    33.8
20120601 20120630    33.4
20120701 20120731    13.6
20120801 20120831    25.4
