PRCP       008147 19090801 20180131 missing_value=99999.9 YUNA                                      
19090801 19090831   186.3
19090901 19090930    40.0
19091001 19091031    32.5
19091101 19091130    12.2
19091201 19091231     0.0
19100101 19100131     0.0
19100201 19100228    17.1
19100301 19100331     0.0
19100401 19100430     1.3
19100501 19100531    80.2
19100601 19100630   147.9
19100701 19100731    84.5
19100801 19100831    11.0
19100901 19100930    27.0
19101001 19101031    14.0
19101101 19101130    17.7
19101201 19101231     2.8
19110101 19110131     1.0
19110201 19110228     4.1
19110301 19110331     0.0
19110401 19110430     8.9
19110501 19110531    25.0
19110601 19110630    24.0
19110701 19110731    61.6
19110801 19110831    21.9
19110901 19110930     6.6
19111001 19111031     2.6
19111101 19111130     0.0
19111201 19111231     1.0
19120101 19120131    22.9
19120201 19120229     4.3
19120301 19120331     4.8
19120401 19120430     0.0
19120501 19120531    78.0
19120601 19120630    47.5
19120701 19120731    86.2
19120801 19120831    10.0
19120901 19120930    39.7
19121001 19121031    79.2
19121101 19121130     1.6
19121201 19121231     0.0
19130101 19130131    31.7
19130201 19130228     3.6
19130301 19130331    27.0
19130401 19130430     2.6
19130501 19130531     1.8
19130601 19130630    45.4
19130701 19130731    53.4
19130801 19130831    81.6
19130901 19130930    50.5
19131001 19131031    15.0
19131101 19131130     0.8
19131201 19131231     3.6
19140101 19140131    13.5
19140201 19140228     2.7
19140301 19140331     0.3
19140401 19140430     1.3
19140501 19140531     6.4
19140601 19140630    24.3
19140701 19140731    34.0
19140801 19140831    26.9
19140901 19140930     1.0
19141001 19141031     3.8
19141101 19141130    59.2
19141201 19141231    14.7
19150101 19150131    31.0
19150201 19150228   110.0
19150301 19150331     6.1
19150401 19150430    32.4
19150501 19150531    51.8
19150601 19150630    94.4
19150701 19150731   100.3
19150801 19150831    45.4
19150901 19150930    31.9
19151001 19151031    28.6
19151101 19151130     0.0
19151201 19151231     5.6
19160101 19160131    58.1
19160201 19160229     4.6
19160301 19160331     1.5
19160401 19160430     1.0
19160501 19160531    28.2
19160601 19160630    65.1
19160701 19160731    50.0
19160801 19160831    66.9
19160901 19160930     1.6
19161001 19161031    51.0
19161101 19161130     6.5
19161201 19161231     0.0
19170101 19170131     0.8
19170201 19170228     1.3
19170301 19170331    85.9
19170401 19170430    12.7
19170501 19170531    50.1
19170601 19170630   124.8
19170701 19170731   156.3
19170801 19170831   102.8
19170901 19170930    69.9
19171001 19171031    30.5
19171101 19171130     0.0
19171201 19171231    31.8
19180101 19180131    14.0
19180201 19180228    71.0
19180301 19180331     2.0
19180401 19180430     7.2
19180501 19180531    30.1
19180601 19180630    94.9
19180701 19180731    55.8
19180801 19180831    44.0
19180901 19180930    35.2
19181001 19181031    14.7
19181101 19181130     0.5
19181201 19181231     2.1
19190101 19190131     0.0
19190201 19190228     6.3
19190301 19190331     0.0
19190401 19190430    13.3
19190501 19190531    18.6
19190601 19190630   112.1
19190701 19190731   118.8
19190801 19190831    66.2
19190901 19190930    10.2
19191001 19191031     4.2
19191101 19191130    23.3
19191201 19191231    19.6
19200101 19200131     0.0
19200201 19200229     0.0
19200301 19200331    24.7
19200401 19200430    12.4
19200501 19200531   104.8
19200601 19200630    52.6
19200701 19200731    53.8
19200801 19200831   119.5
19200901 19200930    28.5
19201001 19201031     5.2
19201101 19201130     1.1
19201201 19201231     0.0
19210101 19210131     0.0
19210201 19210228    42.1
19210301 19210331    33.4
19210401 19210430     0.0
19210501 19210531   197.1
19210601 19210630    76.5
19210701 19210731    33.7
19210801 19210831    27.5
19210901 19210930    36.6
19211001 19211031    14.8
19211101 19211130     1.3
19211201 19211231     5.0
19220101 19220131     0.0
19220201 19220228     5.6
19220301 19220331    12.7
19220401 19220430    20.0
19220501 19220531    34.3
19220601 19220630    18.8
19220701 19220731    56.1
19220801 19220831    24.2
19220901 19220930    16.1
19221001 19221031     2.8
19221101 19221130     0.5
19221201 19221231     2.8
19230101 19230131    18.4
19230201 19230228    49.8
19230301 19230331     6.6
19230401 19230430    36.1
19230501 19230531    29.7
19230601 19230630   245.5
19230701 19230731    43.0
19230801 19230831    27.3
19230901 19230930    33.6
19231001 19231031    10.4
19231101 19231130     0.3
19231201 19231231     2.3
19240101 19240131     0.0
19240201 19240229     0.0
19240301 19240331    19.6
19240401 19240430     0.0
19240501 19240531    32.1
19240601 19240630    77.7
19240701 19240731    61.2
19240801 19240831    58.5
19240901 19240930    12.0
19241001 19241031    21.5
19241101 19241130     9.2
19241201 19241231     0.0
19250101 19250131    22.6
19250201 19250228    13.4
19250301 19250331    44.0
19250401 19250430     0.3
19250501 19250531    41.5
19250601 19250630    98.4
19250701 19250731    49.5
19250801 19250831    41.2
19250901 19250930    41.6
19251001 19251031    13.0
19251101 19251130     3.3
19251201 19251231    47.7
19260101 19260131     1.5
19260201 19260228     0.8
19260301 19260331    18.4
19260401 19260430    52.6
19260501 19260531    46.5
19260601 19260630    67.0
19260701 19260731    95.2
19260801 19260831    33.4
19260901 19260930    28.4
19261001 19261031    19.2
19261101 19261130    20.7
19261201 19261231    10.2
19270101 19270131     0.0
19270201 19270228     0.0
19270301 19270331   159.0
19270401 19270430     4.8
19270501 19270531    42.3
19270601 19270630    94.5
19270701 19270731    77.4
19270801 19270831    43.8
19270901 19270930    42.7
19271001 19271031     7.5
19271101 19271130     0.5
19271201 19271231    15.2
19280101 19280131    22.1
19280201 19280229     0.0
19280301 19280331    12.7
19280401 19280430    10.7
19280501 19280531    62.5
19280601 19280630    43.9
19280701 19280731    77.8
19280801 19280831    36.7
19280901 19280930    13.7
19281001 19281031    12.0
19281101 19281130     0.6
19281201 19281231     5.9
19290101 19290131     0.0
19290201 19290228    21.6
19290301 19290331     1.5
19290401 19290430     0.0
19290501 19290531    98.9
19290601 19290630    82.0
19290701 19290731    36.4
19290801 19290831    32.6
19290901 19290930     7.6
19291001 19291031     4.1
19291101 19291130    14.4
19291201 19291231     0.0
19300101 19300131     0.0
19300201 19300228     0.0
19300301 19300331     7.6
19300401 19300430    14.0
19300501 19300531    17.4
19300601 19300630   171.4
19300701 19300731    66.2
19300801 19300831    14.2
19300901 19300930    13.7
19301001 19301031    26.2
19301101 19301130     1.4
19301201 19301231     0.3
19310101 19310131     0.0
19310201 19310228     0.0
19310301 19310331     1.8
19310401 19310430     9.2
19310501 19310531    94.3
19310601 19310630    43.1
19310701 19310731    75.7
19310801 19310831    42.3
19310901 19310930    23.6
19311001 19311031    20.8
19311101 19311130     3.1
19311201 19311231    33.5
19320101 19320131    30.7
19320201 19320229     1.3
19320301 19320331    16.0
19320401 19320430    27.7
19320501 19320531    89.4
19320601 19320630    44.9
19320701 19320731    56.2
19320801 19320831   108.9
19320901 19320930    18.2
19321001 19321031    21.4
19321101 19321130     0.5
19321201 19321231    13.6
19330101 19330131     0.0
19330201 19330228     0.0
19330301 19330331    60.4
19330401 19330430     4.3
19330501 19330531    54.7
19330601 19330630    83.1
19330701 19330731    53.2
19330801 19330831    73.9
19330901 19330930    19.6
19331001 19331031    20.1
19331101 19331130     0.3
19331201 19331231    10.9
19340101 19340131    28.0
19340201 19340228    30.2
19340301 19340331   171.0
19340401 19340430    94.3
19340501 19340531    17.3
19340601 19340630    88.8
19340701 19340731    61.6
19340801 19340831    33.7
19340901 19340930    15.3
19341001 19341031     0.0
19341101 19341130     4.3
19341201 19341231     1.3
19350101 19350131    15.3
19350201 19350228    32.7
19350301 19350331    47.7
19350401 19350430    40.3
19350501 19350531     7.0
19350601 19350630    23.0
19350701 19350731    57.5
19350801 19350831    71.8
19350901 19350930    16.3
19351001 19351031     1.4
19351101 19351130     0.0
19351201 19351231     0.0
19360101 19360131     0.0
19360201 19360229    14.0
19360301 19360331     0.0
19360401 19360430    21.1
19360501 19360531    19.5
19360601 19360630    43.7
19360701 19360731    29.9
19360801 19360831    35.5
19360901 19360930    12.7
19361001 19361031    10.9
19361101 19361130    23.4
19361201 19361231     0.0
19370101 19370131     2.5
19370201 19370228     9.4
19370301 19370331     0.0
19370401 19370430    31.7
19370501 19370531    45.0
19370601 19370630    98.9
19370701 19370731     4.1
19370801 19370831    43.3
19370901 19370930    30.6
19371001 19371031    11.8
19371101 19371130     0.8
19371201 19371231     5.8
19380101 19380131     0.8
19380201 19380228     0.0
19380301 19380331     8.4
19380401 19380430    48.2
19380501 19380531    13.5
19380601 19380630    13.2
19380701 19380731   110.7
19380801 19380831    33.5
19380901 19380930    11.3
19381001 19381031     6.9
19381101 19381130     5.1
19381201 19381231     4.1
19390101 19390131     8.4
19390201 19390228    32.3
19390301 19390331     0.0
19390401 19390430    10.9
19390501 19390531    39.3
19390601 19390630   158.8
19390701 19390731   100.6
19390801 19390831    54.2
19390901 19390930     1.0
19391001 19391031    13.1
19391101 19391130    21.1
19391201 19391231     0.0
19400101 19400131     5.1
19400201 19400229     0.0
19400301 19400331     0.5
19400401 19400430     0.0
19400501 19400531    47.5
19400601 19400630    34.6
19400701 19400731    85.1
19400801 19400831    10.7
19400901 19400930    16.1
19401001 19401031    16.1
19401101 19401130     3.5
19401201 19401231     0.8
19410101 19410131     0.0
19410201 19410228     0.0
19410301 19410331     0.0
19410401 19410430    29.1
19410501 19410531    42.2
19410601 19410630    93.0
19410701 19410731    52.8
19410801 19410831    29.8
19410901 19410930    20.2
19411001 19411031     5.3
19411101 19411130    20.6
19411201 19411231     7.9
19420101 19420131     6.1
19420201 19420228     0.0
19420301 19420331    15.7
19420401 19420430    32.2
19420501 19420531    79.5
19420601 19420630    67.7
19420701 19420731    28.9
19420801 19420831    29.1
19420901 19420930    22.9
19421001 19421031     9.4
19421101 19421130     0.0
19421201 19421231     0.0
19430101 19430131    18.3
19430201 19430228     0.0
19430301 19430331    32.0
19430401 19430430    14.0
19430501 19430531    15.2
19430601 19430630    65.4
19430701 19430731    37.5
19430801 19430831    33.2
19430901 19430930    17.7
19431001 19431031     0.0
19431101 19431130     0.0
19431201 19431231    20.4
19440101 19440131     1.8
19440201 19440229     0.0
19440301 19440331     6.8
19440401 19440430     5.3
19440501 19440531    37.4
19440601 19440630    22.2
19440701 19440731   117.6
19440801 19440831    33.5
19440901 19440930     5.9
19441001 19441031     0.0
19441101 19441130     2.8
19441201 19441231     6.3
19450101 19450131     0.0
19450201 19450228    16.5
19450301 19450331     4.3
19450401 19450430     3.8
19450501 19450531    69.5
19450601 19450630   206.2
19450701 19450731    37.6
19450801 19450831    76.1
19450901 19450930    34.6
19451001 19451031     0.0
19451101 19451130    12.4
19451201 19451231     6.4
19460101 19460131     8.1
19460201 19460228     2.3
19460301 19460331     5.5
19460401 19460430    25.9
19460501 19460531    32.9
19460601 19460630    84.1
19460701 19460731   142.1
19460801 19460831    45.6
19460901 19460930     1.3
19461001 19461031     1.5
19461101 19461130    42.7
19461201 19461231     1.3
19470101 19470131     0.0
19470201 19470228     5.6
19470301 19470331    44.4
19470401 19470430    30.5
19470501 19470531    90.4
19470601 19470630    56.5
19470701 19470731    71.1
19470801 19470831    20.9
19470901 19470930    28.5
19471001 19471031    62.2
19471101 19471130     4.3
19471201 19471231     0.0
19480101 19480131     0.0
19480201 19480229     0.0
19480301 19480331     8.7
19480401 19480430    19.1
19480501 19480531     0.0
19480601 19480630    47.2
19480701 19480731    35.3
19480801 19480831    42.7
19480901 19480930     9.7
19481001 19481031     0.0
19481101 19481130    17.8
19481201 19481231     0.0
19490101 19490131     0.0
19490201 19490228    60.1
19490301 19490331     0.0
19490401 19490430    20.2
19490501 19490531     7.6
19490601 19490630    28.1
19490701 19490731    83.1
19490801 19490831    42.2
19490901 19490930    47.4
19491001 19491031    29.9
19491101 19491130    13.2
19491201 19491231     0.0
19500101 19500131     9.9
19500201 19500228     0.0
19500301 19500331     0.0
19500401 19500430     0.0
19500501 19500531    77.5
19500601 19500630    57.0
19500701 19500731    77.5
19500801 19500831    52.6
19500901 19500930    28.7
19501001 19501031    13.0
19501101 19501130     7.6
19501201 19501231     0.0
19510101 19510131     0.0
19510201 19510228     8.9
19510301 19510331     2.5
19510401 19510430    93.2
19510501 19510531    36.0
19510601 19510630   139.0
19510701 19510731    87.6
19510801 19510831    39.1
19510901 19510930    17.5
19511001 19511031    10.0
19511101 19511130     8.4
19511201 19511231     0.0
19520101 19520131     3.8
19520201 19520229    14.8
19520301 19520331     2.5
19520401 19520430     0.0
19520501 19520531    58.6
19520601 19520630    37.8
19520701 19520731    64.8
19520801 19520831     9.7
19520901 19520930    25.7
19521001 19521031     9.7
19521101 19521130     2.1
19521201 19521231     4.5
19530101 19530131     0.0
19530201 19530228     2.3
19530301 19530331   103.6
19530401 19530430    47.3
19530501 19530531   126.6
19530601 19530630    73.0
19530701 19530731    74.8
19530801 19530831    16.8
19530901 19530930    12.0
19531001 19531031     0.5
19531101 19531130     6.1
19531201 19531231     0.0
19540101 19540131    19.5
19540201 19540228     0.0
19540301 19540331     0.0
19540401 19540430     6.9
19540501 19540531    25.4
19540601 19540630    15.8
19540701 19540731    57.6
19540801 19540831    32.8
19540901 19540930     6.3
19541001 19541031     1.3
19541101 19541130     0.0
19541201 19541231     0.0
19550101 19550131     2.8
19550201 19550228    71.2
19550301 19550331     1.8
19550401 19550430    23.6
19550501 19550531    70.2
19550601 19550630    21.3
19550701 19550731     0.5
19550801 19550831    84.0
19550901 19550930    18.8
19551001 19551031    33.0
19551101 19551130     0.0
19551201 19551231     6.1
19560101 19560131     0.0
19560201 19560229     0.0
19560301 19560331    14.2
19560401 19560430     5.8
19560501 19560531    81.8
19560601 19560630    92.2
19560701 19560731    66.1
19560801 19560831    12.6
19560901 19560930     1.8
19561001 19561031    15.5
19561101 19561130    13.8
19561201 19561231     2.3
19570101 19570131    10.4
19570201 19570228     0.0
19570301 19570331     0.0
19570401 19570430     3.8
19570501 19570531    15.7
19570601 19570630   104.2
19570701 19570731    22.8
19570801 19570831    61.8
19570901 19570930     4.0
19571001 19571031    13.9
19571101 19571130     0.0
19571201 19571231     0.5
19580101 19580131    39.3
19580201 19580228     4.6
19580301 19580331     0.0
19580401 19580430     4.6
19580501 19580531    59.0
19580601 19580630    15.7
19580701 19580731   157.1
19580801 19580831    99.2
19580901 19580930    42.0
19581001 19581031    14.0
19581101 19581130     5.6
19581201 19581231    30.7
19590101 19590131     0.0
19590201 19590228     0.0
19590301 19590331     0.0
19590401 19590430     3.0
19590501 19590531    11.3
19590601 19590630    73.4
19590701 19590731    27.8
19590801 19590831    55.1
19590901 19590930     0.0
19591001 19591031    21.4
19591101 19591130     6.6
19591201 19591231    17.8
19600101 19600131     6.9
19600201 19600229    62.5
19600301 19600331    76.7
19600401 19600430    18.9
19600501 19600531    62.3
19600601 19600630    46.8
19600701 19600731   129.2
19600801 19600831    16.7
19600901 19600930    11.1
19601001 19601031     3.0
19601101 19601130     0.0
19601201 19601231     0.0
19610101 19610131    29.0
19610201 19610228     3.6
19610301 19610331     1.3
19610401 19610430    51.0
19610501 19610531    27.4
19610601 19610630    97.8
19610701 19610731    59.8
19610801 19610831    40.6
19610901 19610930     3.3
19611001 19611031     4.6
19611101 19611130     0.0
19611201 19611231     7.6
19620101 19620131    21.6
19620201 19620228     0.0
19620301 19620331     0.0
19620401 19620430     1.8
19620501 19620531    94.8
19620601 19620630   124.4
19620701 19620731    50.8
19620801 19620831    20.8
19620901 19620930    11.7
19621001 19621031    23.9
19621101 19621130     2.5
19621201 19621231     8.1
19630101 19630131    39.9
19630201 19630228    69.1
19630301 19630331    16.1
19630401 19630430    11.5
19630501 19630531   160.7
19630601 19630630    90.8
19630701 19630731    86.1
19630801 19630831    76.8
19630901 19630930    11.4
19631001 19631031     2.3
19631101 19631130     7.6
19631201 19631231     2.0
19640101 19640131     2.0
19640201 19640229     3.3
19640301 19640331    24.6
19640401 19640430    21.6
19640501 19640531     3.3
19640601 19640630    93.1
19640701 19640731    84.9
19640801 19640831    28.1
19640901 19640930    19.9
19641001 19641031    37.3
19641101 19641130     3.1
19641201 19641231     2.3
19650101 19650131     0.0
19650201 19650228     0.0
19650301 19650331     0.0
19650401 19650430     3.8
19650501 19650531    64.6
19650601 19650630   141.5
19650701 19650731    98.7
19650801 19650831    62.0
19650901 19650930    15.2
19651001 19651031    33.6
19651101 19651130    31.8
19651201 19651231     0.0
19660101 19660131     0.0
19660201 19660228    18.4
19660301 19660331     0.0
19660401 19660430    76.9
19660501 19660531     7.9
19660601 19660630    67.0
19660701 19660731    74.7
19660801 19660831    29.7
19660901 19660930    26.8
19661001 19661031    21.5
19661101 19661130     4.3
19661201 19661231     0.5
19670101 19670131    38.5
19670201 19670228     2.1
19670301 19670331     0.0
19670401 19670430     8.0
19670501 19670531    96.1
19670601 19670630    67.2
19670701 19670731    72.1
19670801 19670831    11.2
19670901 19670930    26.4
19671001 19671031     7.4
19671101 19671130     0.0
19671201 19671231    11.1
19680101 19680131    15.8
19680201 19680229    13.2
19680301 19680331    25.3
19680401 19680430    85.4
19680501 19680531    27.4
19680601 19680630   127.0
19680701 19680731    58.1
19680801 19680831    38.3
19680901 19680930    43.9
19681001 19681031     9.2
19681101 19681130    15.2
19681201 19681231     0.0
19690101 19690131     1.0
19690201 19690228     2.8
19690301 19690331     0.0
19690401 19690430     8.4
19690501 19690531    67.4
19690601 19690630    51.4
19690701 19690731    44.2
19690801 19690831    16.4
19690901 19690930     7.1
19691001 19691031     0.0
19691101 19691130    21.6
19691201 19691231     0.8
19700101 19700131     4.1
19700201 19700228    81.1
19700301 19700331     0.0
19700401 19700430    21.4
19700501 19700531    27.7
19700601 19700630    68.5
19700701 19700731    39.4
19700801 19700831    24.4
19700901 19700930    41.8
19701001 19701031    12.7
19701101 19701130     2.1
19701201 19701231     7.7
19710101 19710131    35.4
19710201 19710228     2.3
19710301 19710331   104.1
19710401 19710430     6.1
19710501 19710531    33.0
19710601 19710630    46.2
19710701 19710731    58.8
19710801 19710831    68.3
19710901 19710930    29.7
19711001 19711031    31.4
19711101 19711130     9.2
19711201 19711231     0.0
19720101 19720131     0.0
19720201 19720229     0.0
19720301 19720331     4.8
19720401 19720430     4.1
19720501 19720531    33.8
19720601 19720630    63.3
19720701 19720731   105.5
19720801 19720831    47.7
19720901 19720930    14.2
19721001 19721031    19.4
19721101 19721130     3.3
19721201 19721231     0.5
19730101 19730131     4.3
19730201 19730228     0.0
19730301 19730331     0.0
19730401 19730430    14.7
19730501 19730531    28.6
19730601 19730630    74.1
19730701 19730731    78.9
19730801 19730831    35.6
19730901 19730930    38.2
19731001 19731031     5.7
19731101 19731130    25.6
19731201 19731231    19.3
19740101 19740131    27.0
19740201 19740228     4.8
19740301 19740331     3.6
19740401 19740430    41.6
19740501 19740531   121.6
19740601 19740630    82.8
19740701 19740731   103.8
19740801 19740831    57.0
19740901 19740930    44.0
19741001 19741031    29.8
19741101 19741130     4.8
19741201 19741231     0.0
19750101 19750131     0.0
19750201 19750228    18.8
19750301 19750331    66.6
19750401 19750430    60.4
19750501 19750531    26.8
19750601 19750630    66.6
19750701 19750731    94.6
19750801 19750831    32.4
19750901 19750930    25.6
19751001 19751031    46.8
19751101 19751130     7.0
19751201 19751231     6.2
19760101 19760131     1.0
19760201 19760229    18.8
19760301 19760331     0.0
19760401 19760430    10.4
19760501 19760531    28.8
19760601 19760630    22.6
19760701 19760731    14.2
19760801 19760831    50.8
19760901 19760930    19.6
19761001 19761031    24.0
19761101 19761130    14.0
19761201 19761231     0.0
19770101 19770131     2.0
19770201 19770228     0.8
19770301 19770331     5.6
19770401 19770430    35.4
19770501 19770531    25.0
19770601 19770630    66.8
19770701 19770731     8.2
19770801 19770831    47.0
19770901 19770930     2.6
19771001 19771031    26.0
19771101 19771130     5.8
19771201 19771231     3.0
19780101 19780131    13.8
19780201 19780228    15.0
19780301 19780331     2.8
19780401 19780430    45.2
19780501 19780531    20.8
19780601 19780630    55.6
19780701 19780731   107.4
19780801 19780831    28.6
19780901 19780930    38.0
19781001 19781031     5.0
19781101 19781130     2.2
19781201 19781231     2.8
19790101 19790131     0.0
19790201 19790228     2.4
19790301 19790331    29.0
19790401 19790430    47.0
19790501 19790531    28.8
19790601 19790630    48.8
19790701 19790731    10.8
19790801 19790831    40.2
19790901 19790930     8.8
19791001 19791031     3.6
19791101 19791130     6.8
19791201 19791231     1.6
19800101 19800131     0.0
19800201 19800229    11.2
19800301 19800331     0.0
19800401 19800430    20.2
19800501 19800531    63.2
19800601 19800630    77.2
19800701 19800731    43.2
19800801 19800831    30.4
19800901 19800930    13.4
19801001 19801031    13.0
19801101 19801130     3.6
19801201 19801231     0.0
19810101 19810131     7.2
19810201 19810228     0.8
19810301 19810331     8.4
19810401 19810430     1.6
19810501 19810531    85.2
19810601 19810630   117.0
19810701 19810731    51.8
19810801 19810831    59.2
19810901 19810930    10.8
19811001 19811031    13.0
19811101 19811130     6.8
19811201 19811231     5.4
19820101 19820131    27.6
19820201 19820228     2.0
19820301 19820331    12.2
19820401 19820430     2.4
19820501 19820531    39.6
19820601 19820630    96.0
19820701 19820731    46.4
19820801 19820831    34.8
19820901 19820930    45.8
19821001 19821031    13.0
19821101 19821130     2.6
19821201 19821231     0.0
19830101 19830131     3.6
19830201 19830228     1.0
19830301 19830331    19.6
19830401 19830430     1.0
19830501 19830531    11.8
19830601 19830630    86.0
19830701 19830731    50.4
19830801 19830831    62.0
19830901 19830930    51.2
19831001 19831031     5.6
19831101 19831130    13.4
19831201 19831231    35.8
19840101 19840131     0.0
19840201 19840229    16.2
19840301 19840331    34.2
19840401 19840430    39.2
19840501 19840531   152.0
19840601 19840630    34.6
19840701 19840731    42.8
19840801 19840831    53.2
19840901 19840930    15.8
19841001 19841031    14.8
19841101 19841130    14.2
19841201 19841231     2.8
19850101 19850131     0.0
19850201 19850228    45.6
19850301 19850331    12.2
19850401 19850430     0.0
19850501 19850531    24.0
19850601 19850630    57.2
19850701 19850731    86.8
19850801 19850831    40.0
19850901 19850930    26.6
19851001 19851031     8.8
19851101 19851130     6.0
19851201 19851231     1.0
19860101 19860131    24.8
19860201 19860228    54.6
19860301 19860331     3.0
19860401 19860430     0.6
19860501 19860531    47.2
19860601 19860630   109.8
19860701 19860731    88.4
19860801 19860831    57.6
19860901 19860930    17.4
19861001 19861031    12.8
19861101 19861130     0.0
19861201 19861231     0.0
19870101 19870131     0.0
19870201 19870228    50.0
19870301 19870331    27.6
19870401 19870430    16.6
19870501 19870531    21.8
19870601 19870630    70.8
19870701 19870731    32.6
19870801 19870831    51.4
19870901 19870930     7.6
19871001 19871031    20.6
19871101 19871130    28.2
19871201 19871231     1.6
19880101 19880131    13.4
19880201 19880229     3.4
19880301 19880331    14.0
19880401 19880430    15.4
19880501 19880531   168.8
19880601 19880630    45.0
19880701 19880731    87.0
19880801 19880831    54.6
19880901 19880930    17.8
19881001 19881031     7.2
19881101 19881130     9.6
19881201 19881231    49.4
19890101 19890131     4.6
19890201 19890228    13.2
19890301 19890331     0.0
19890401 19890430    11.0
19890501 19890531    83.2
19890601 19890630   117.4
19890701 19890731    43.4
19890801 19890831    21.2
19890901 19890930     9.6
19891001 19891031    21.0
19891101 19891130     0.0
19891201 19891231     0.0
19900101 19900131    65.2
19900201 19900228     2.8
19900301 19900331     6.6
19900401 19900430    25.2
19900501 19900531    47.4
19900601 19900630    52.8
19900701 19900731    45.8
19900801 19900831    39.0
19900901 19900930    14.2
19901001 19901031    22.2
19901101 19901130     0.0
19901201 19901231     3.6
19910101 19910131     5.0
19910201 19910228     4.6
19910301 19910331     7.4
19910401 19910430    50.0
19910501 19910531    26.8
19910601 19910630   106.8
19910701 19910731    90.6
19910801 19910831    21.4
19910901 19910930    25.8
19911001 19911031    22.6
19911101 19911130    26.2
19911201 19911231    14.2
19920101 19920131     1.4
19920201 19920229     0.0
19920301 19920331    33.6
19920401 19920430    65.6
19920501 19920531     7.0
19920601 19920630    72.6
19920701 19920731    17.2
19920801 19920831   146.8
19920901 19920930    78.0
19921001 19921031    14.6
19921101 19921130    11.0
19921201 19921231     2.6
19930101 19930131     0.6
19930201 19930228    18.0
19930301 19930331     6.1
19930401 19930430     4.6
19930501 19930531    68.6
19930601 19930630    40.7
19930701 19930731    62.2
19930801 19930831    48.4
19930901 19930930    36.2
19931001 19931031    10.8
19931101 19931130    35.6
19931201 19931231     1.8
19940101 19940131     0.0
19940201 19940228    69.4
19940301 19940331     5.0
19940401 19940430     0.0
19940501 19940531    32.2
19940601 19940630    45.4
19940701 19940731    47.2
19940801 19940831    53.4
19940901 19940930    13.4
19941001 19941031     5.8
19941101 19941130     0.2
19941201 19941231     1.2
19950101 19950131     2.4
19950201 19950228    10.4
19950301 19950331     2.0
19950401 19950430    37.4
19950501 19950531    22.4
19950601 19950630    43.8
19950701 19950731   120.6
19950801 19950831     8.8
19950901 19950930    19.4
19951001 19951031    18.8
19951101 19951130    39.6
19951201 19951231     4.0
19960101 19960131     0.0
19960201 19960229 99999.9
19960301 19960331     0.4
19960401 19960430    30.4
19960501 19960531    25.0
19960601 19960630    60.6
19960701 19960731   140.0
19960801 19960831    58.6
19960901 19960930    40.6
19961001 19961031    16.0
19961101 19961130    16.4
19961201 19961231     1.6
19970101 19970131     0.0
19970201 19970228    49.6
19970301 19970331     1.4
19970401 19970430   107.2
19970501 19970531    30.0
19970601 19970630    37.8
19970701 19970731    75.4
19970801 19970831    67.3
19970901 19970930    36.2
19971001 19971031    22.0
19971101 19971130     0.0
19971201 19971231     0.0
19980101 19980131     0.0
19980201 19980228     0.0
19980301 19980331     1.4
19980401 19980430     2.2
19980501 19980531   103.0
19980601 19980630    97.4
19980701 19980731   100.4
19980801 19980831    26.6
19980901 19980930    30.4
19981001 19981031     6.2
19981101 19981130     0.2
19981201 19981231    12.8
19990101 19990131     2.0
19990201 19990228     2.8
19990301 19990331    14.2
19990401 19990430    41.6
19990501 19990531   199.8
19990601 19990630    23.8
19990701 19990731    51.6
19990801 19990831    34.2
19990901 19990930    67.0
19991001 19991031    20.8
19991101 19991130     0.4
19991201 19991231    35.6
20000101 20000131    18.8
20000201 20000229     1.2
20000301 20000331   125.8
20000401 20000430    10.8
20000501 20000531     5.4
20000601 20000630    32.0
20000701 20000731    59.4
20000801 20000831    46.0
20000901 20000930    23.2
20001001 20001031     1.4
20001101 20001130     1.0
20001201 20001231     0.0
20010101 20010131     2.6
20010201 20010228     1.4
20010301 20010331     0.2
20010401 20010430     9.0
20010501 20010531    53.6
20010601 20010630    13.8
20010701 20010731    77.6
20010801 20010831    24.8
20010901 20010930    48.2
20011001 20011031    62.6
20011101 20011130     9.6
20011201 20011231     0.0
20020101 20020131    11.2
20020201 20020228     0.0
20020301 20020331     0.0
20020401 20020430    22.0
20020501 20020531    36.4
20020601 20020630    44.2
20020701 20020731    45.8
20020801 20020831    32.2
20020901 20020930    19.6
20021001 20021031     8.4
20021101 20021130     2.8
20021201 20021231     0.0
20030101 20030131     0.0
20030201 20030228    11.8
20030301 20030331     2.0
20030401 20030430    17.8
20030501 20030531    45.6
20030601 20030630    41.6
20030701 20030731    51.4
20030801 20030831    88.0
20030901 20030930    47.8
20031001 20031031     9.2
20031101 20031130    31.0
20031201 20031231     0.0
20040101 20040131     0.0
20040201 20040229    11.0
20040301 20040331     1.0
20040401 20040430 99999.9
20040501 20040531    49.1
20040601 20040630    40.0
20040701 20040731    40.6
20040801 20040831    36.8
20040901 20040930    39.6
20041001 20041031     6.0
20041101 20041130     6.0
20041201 20041231     0.0
20050101 20050131     1.0
20050201 20050228     0.8
20050301 20050331    27.8
20050401 20050430    30.0
20050501 20050531    52.2
20050601 20050630    78.6
20050701 20050731    20.4
20050801 20050831    51.2
20050901 20050930    30.6
20051001 20051031    12.8
20051101 20051130     0.8
20051201 20051231     0.0
20060101 20060131    35.8
20060201 20060228   106.2
20060301 20060331     6.8
20060401 20060430     8.8
20060501 20060531     5.2
20060601 20060630     2.6
20060701 20060731    25.6
20060801 20060831    32.0
20060901 20060930    18.0
20061001 20061031     1.2
20061101 20061130     3.0
20061201 20061231    22.4
20070101 20070131     6.0
20070201 20070228     0.6
20070301 20070331     0.0
20070401 20070430     3.4
20070501 20070531    15.4
20070601 20070630    26.2
20070701 20070731    56.8
20070801 20070831    14.0
20070901 20070930    17.6
20071001 20071031    16.8
20071101 20071130     0.0
20071201 20071231    41.6
20080101 20080131     0.0
20080201 20080229    28.2
20080301 20080331    43.2
20080401 20080430    34.4
20080501 20080531     5.0
20080601 20080630    68.8
20080701 20080731    87.4
20080801 20080831    11.0
20080901 20080930    20.0
20081001 20081031     9.8
20081101 20081130     3.2
20081201 20081231     6.4
20090101 20090131     0.0
20090201 20090228     3.6
20090301 20090331     0.4
20090401 20090430     0.4
20090501 20090531    35.4
20090601 20090630    55.4
20090701 20090731    86.2
20090801 20090831    31.4
20090901 20090930    42.2
20091001 20091031    14.6
20091101 20091130    16.0
20091201 20091231     5.2
20100101 20100131     0.0
20100201 20100228     0.0
20100301 20100331    23.6
20100401 20100430     4.4
20100501 20100531    32.8
20100601 20100630    35.8
20100701 20100731    42.0
20100801 20100831    61.6
20100901 20100930    14.8
20101001 20101031     0.6
20101101 20101130     0.4
20101201 20101231    70.0
20110101 20110131    39.4
20110201 20110228    72.8
20110301 20110331     4.2
20110401 20110430     5.0
20110501 20110531    58.2
20110601 20110630    77.8
20110701 20110731    78.6
20110801 20110831    58.2
20110901 20110930    26.8
20111001 20111031    44.0
20111101 20111130     3.4
20111201 20111231     1.0
20120101 20120131     1.6
20120201 20120229     0.6
20120301 20120331     0.0
20120401 20120430     6.4
20120501 20120531     7.2
20120601 20120630    75.0
20120701 20120731    12.6
20120801 20120831    25.4
20120901 20120930    23.8
20121001 20121031     2.4
20121101 20121130    12.6
20121201 20121231     5.4
20130101 20130131    25.2
20130201 20130228     0.0
20130301 20130331    27.6
20130401 20130430     7.8
20130501 20130531    55.6
20130601 20130630     0.4
20130701 20130731    19.0
20130801 20130831    42.6
20130901 20130930    35.2
20131001 20131031    17.0
20131101 20131130     0.2
20131201 20131231     0.0
20140101 20140131     3.2
20140201 20140228     1.0
20140301 20140331     1.0
20140401 20140430    49.4
20140501 20140531    62.6
20140601 20140630    15.4
20140701 20140731    36.0
20140801 20140831    11.2
20140901 20140930    51.6
20141001 20141031     3.6
20141101 20141130     1.2
20141201 20141231     2.4
20150101 20150131     0.8
20150201 20150228     3.6
20150301 20150331    75.0
20150401 20150430    67.0
20150501 20150531    25.0
20150601 20150630    52.8
20150701 20150731    59.6
20150801 20150831    28.0
20150901 20150930     6.5
20151001 20151031     1.2
20151101 20151130    15.2
20151201 20151231 99999.9
20160101 20160131    19.0
20160201 20160229     0.0
20160301 20160331     4.2
20160401 20160430    29.8
20160501 20160531    20.4
20160601 20160630    70.4
20160701 20160731    73.8
20160801 20160831    37.6
20160901 20160930    15.2
20161001 20161031     5.0
20161101 20161130     2.8
20161201 20161231     0.6
20170101 20170131    33.0
20170201 20170228    31.8
20170301 20170331    12.4
20170401 20170430     0.0
20170501 20170531    11.2
20170601 20170630     7.2
20170701 20170731    29.8
20170801 20170831    99.0
20170901 20170930    33.8
20171001 20171031     3.6
20171101 20171130    14.0
20171201 20171231    31.0
20180101 20180131    44.8
