PRCP       021073 19100101 20160331 missing_value=99999.9 CLOVERLEA                                 
19100101 19100131     4.2
19100201 19100228     0.0
19100301 19100331   105.3
19100401 19100430    13.9
19100501 19100531   118.7
19100601 19100630    89.8
19100701 19100731    99.0
19100801 19100831    45.3
19100901 19100930   124.4
19101001 19101031    71.8
19101101 19101130    26.7
19101201 19101231    15.9
19110101 19110131     1.9
19110201 19110228    49.5
19110301 19110331    42.8
19110401 19110430     3.2
19110501 19110531    66.8
19110601 19110630    72.6
19110701 19110731    41.1
19110801 19110831    36.3
19110901 19110930    68.9
19111001 19111031    13.3
19111101 19111130     0.0
19111201 19111231    78.9
19120101 19120131     0.0
19120201 19120229    16.2
19120301 19120331    23.1
19120401 19120430     2.3
19120501 19120531    14.3
19120601 19120630   101.2
19120701 19120731   107.6
19120801 19120831    52.3
19120901 19120930    54.0
19121001 19121031    28.0
19121101 19121130    59.1
19121201 19121231    17.5
19130101 19130131     1.7
19130201 19130228    15.9
19130301 19130331    68.3
19130401 19130430     0.6
19130501 19130531    16.2
19130601 19130630    21.2
19130701 19130731    38.1
19130801 19130831    78.0
19130901 19130930   121.1
19131001 19131031    57.8
19131101 19131130    27.4
19131201 19131231    18.8
19140101 19140131     1.7
19140201 19140228     7.2
19140301 19140331    20.5
19140401 19140430    22.1
19140501 19140531    44.4
19140601 19140630    22.8
19140701 19140731    36.2
19140801 19140831     4.6
19140901 19140930    19.8
19141001 19141031     4.2
19141101 19141130    33.5
19141201 19141231    30.6
19150101 19150131     9.8
19150201 19150228     0.0
19150301 19150331     4.6
19150401 19150430    49.8
19150501 19150531    87.0
19150601 19150630    73.9
19150701 19150731    57.8
19150801 19150831    66.5
19150901 19150930    99.9
19151001 19151031    41.1
19151101 19151130     2.6
19151201 19151231    27.9
19160101 19160131    22.4
19160201 19160229     2.9
19160301 19160331    14.2
19160401 19160430    23.0
19160501 19160531    52.1
19160601 19160630   167.0
19160701 19160731    77.9
19160801 19160831   172.0
19160901 19160930    64.8
19161001 19161031    73.4
19161101 19161130    65.6
19161201 19161231    40.3
19170101 19170131    37.0
19170201 19170228    35.6
19170301 19170331    60.6
19170401 19170430     3.6
19170501 19170531   104.6
19170601 19170630    86.1
19170701 19170731   116.6
19170801 19170831   113.4
19170901 19170930   110.4
19171001 19171031   106.8
19171101 19171130    29.0
19171201 19171231    65.6
19180101 19180131    34.5
19180201 19180228     9.1
19180301 19180331    21.7
19180401 19180430    52.6
19180501 19180531    65.5
19180601 19180630    59.1
19180701 19180731    40.9
19180801 19180831    83.8
19180901 19180930     5.1
19181001 19181031    52.6
19181101 19181130     3.6
19181201 19181231     5.2
19190101 19190131     7.2
19190201 19190228    57.7
19190301 19190331     7.4
19190401 19190430    16.9
19190501 19190531    81.6
19190601 19190630    48.6
19190701 19190731    37.3
19190801 19190831    48.6
19190901 19190930    51.0
19191001 19191031    35.7
19191101 19191130    11.4
19191201 19191231    90.3
19200101 19200131     0.0
19200201 19200229     0.0
19200301 19200331    19.8
19200401 19200430    24.9
19200501 19200531    38.9
19200601 19200630   162.3
19200701 19200731    65.1
19200801 19200831    92.1
19200901 19200930    70.1
19201001 19201031    74.2
19201101 19201130   122.8
19201201 19201231    53.0
19210101 19210131    73.8
19210201 19210228    57.4
19210301 19210331    27.6
19210401 19210430     1.9
19210501 19210531   100.8
19210601 19210630    67.8
19210701 19210731    63.6
19210801 19210831    69.6
19210901 19210930    48.7
19211001 19211031    37.0
19211101 19211130    46.4
19211201 19211231    15.3
19220101 19220131    22.8
19220201 19220228     1.7
19220301 19220331     5.9
19220401 19220430    25.3
19220501 19220531   127.0
19220601 19220630    39.0
19220701 19220731   102.3
19220801 19220831    67.0
19220901 19220930    48.0
19221001 19221031    24.4
19221101 19221130     3.2
19221201 19221231    90.8
19230101 19230131    21.1
19230201 19230228     6.8
19230301 19230331     0.0
19230401 19230430     6.5
19230501 19230531    99.9
19230601 19230630    84.7
19230701 19230731   100.1
19230801 19230831    55.1
19230901 19230930    76.5
19231001 19231031    57.2
19231101 19231130     3.6
19231201 19231231    90.3
19240101 19240131    42.0
19240201 19240229    39.5
19240301 19240331    15.6
19240401 19240430    61.0
19240501 19240531    53.0
19240601 19240630    83.6
19240701 19240731    13.6
19240801 19240831   100.5
19240901 19240930    57.8
19241001 19241031    49.8
19241101 19241130    31.7
19241201 19241231    31.2
19250101 19250131    42.2
19250201 19250228    70.7
19250301 19250331     8.1
19250401 19250430    53.8
19250501 19250531    61.8
19250601 19250630    23.7
19250701 19250731    62.5
19250801 19250831    47.3
19250901 19250930    89.4
19251001 19251031    27.6
19251101 19251130    16.5
19251201 19251231     0.0
19260101 19260131     4.2
19260201 19260228    20.2
19260301 19260331    15.3
19260401 19260430    16.1
19260501 19260531   119.6
19260601 19260630    47.1
19260701 19260731    37.7
19260801 19260831    91.6
19260901 19260930   105.0
19261001 19261031    43.0
19261101 19261130     4.2
19261201 19261231     7.8
19270101 19270131    16.2
19270201 19270228    13.7
19270301 19270331    21.7
19270401 19270430     9.5
19270501 19270531    24.7
19270601 19270630    26.0
19270701 19270731    51.7
19270801 19270831    64.3
19270901 19270930    38.4
19271001 19271031    10.6
19271101 19271130    37.3
19271201 19271231    14.2
19280101 19280131     7.8
19280201 19280229    53.0
19280301 19280331    18.2
19280401 19280430     9.7
19280501 19280531    44.4
19280601 19280630    72.9
19280701 19280731    54.2
19280801 19280831    13.0
19280901 19280930    46.6
19281001 19281031    34.3
19281101 19281130     1.7
19281201 19281231     4.0
19290101 19290131     1.9
19290201 19290228     7.8
19290301 19290331     2.9
19290401 19290430     3.6
19290501 19290531    36.3
19290601 19290630    39.3
19290701 19290731    27.8
19290801 19290831    45.8
19290901 19290930    45.3
19291001 19291031     6.1
19291101 19291130    34.5
19291201 19291231   105.0
19300101 19300131     0.0
19300201 19300228    28.3
19300301 19300331     0.6
19300401 19300430    29.7
19300501 19300531    43.5
19300601 19300630    16.9
19300701 19300731    61.6
19300801 19300831    76.1
19300901 19300930    27.9
19301001 19301031    87.6
19301101 19301130    10.7
19301201 19301231    10.7
19310101 19310131    18.2
19310201 19310228     2.6
19310301 19310331    27.6
19310401 19310430    44.5
19310501 19310531    85.2
19310601 19310630   103.2
19310701 19310731    60.4
19310801 19310831    68.3
19310901 19310930    55.0
19311001 19311031    15.0
19311101 19311130    28.9
19311201 19311231     3.6
19320101 19320131     0.0
19320201 19320229    76.0
19320301 19320331    29.5
19320401 19320430    75.6
19320501 19320531    46.7
19320601 19320630   105.3
19320701 19320731    72.4
19320801 19320831    81.6
19320901 19320930    61.1
19321001 19321031    58.6
19321101 19321130     1.3
19321201 19321231     4.5
19330101 19330131    23.8
19330201 19330228     0.0
19330301 19330331    46.8
19330401 19330430    22.6
19330501 19330531   105.5
19330601 19330630    39.1
19330701 19330731    24.3
19330801 19330831    77.4
19330901 19330930    81.1
19331001 19331031     9.3
19331101 19331130    38.2
19331201 19331231    29.8
19340101 19340131    18.8
19340201 19340228    17.5
19340301 19340331     4.9
19340401 19340430    15.9
19340501 19340531     7.2
19340601 19340630    51.8
19340701 19340731    40.2
19340801 19340831    64.1
19340901 19340930    62.7
19341001 19341031    60.1
19341101 19341130    53.2
19341201 19341231    20.6
19350101 19350131    63.4
19350201 19350228     0.6
19350301 19350331    48.2
19350401 19350430    64.1
19350501 19350531    28.3
19350601 19350630    47.7
19350701 19350731    36.8
19350801 19350831    57.0
19350901 19350930    42.6
19351001 19351031    85.7
19351101 19351130     3.2
19351201 19351231    17.1
19360101 19360131    19.8
19360201 19360229    21.1
19360301 19360331     0.8
19360401 19360430    37.7
19360501 19360531    41.2
19360601 19360630    41.8
19360701 19360731    66.8
19360801 19360831    36.7
19360901 19360930     8.8
19361001 19361031    44.4
19361101 19361130    13.4
19361201 19361231    30.8
19370101 19370131    57.8
19370201 19370228    34.8
19370301 19370331    17.9
19370401 19370430    63.4
19370501 19370531    52.8
19370601 19370630    53.0
19370701 19370731    30.1
19370801 19370831   123.4
19370901 19370930    78.7
19371001 19371031     7.5
19371101 19371130    49.8
19371201 19371231    49.4
19380101 19380131    15.3
19380201 19380228    35.7
19380301 19380331     1.0
19380401 19380430    81.2
19380501 19380531     4.2
19380601 19380630    35.0
19380701 19380731    61.6
19380801 19380831    61.9
19380901 19380930    13.4
19381001 19381031    38.4
19381101 19381130     8.4
19381201 19381231     2.7
19390101 19390131    17.0
19390201 19390228   115.4
19390301 19390331    16.5
19390401 19390430    36.1
19390501 19390531    33.0
19390601 19390630   113.6
19390701 19390731    41.8
19390801 19390831   132.4
19390901 19390930    20.6
19391001 19391031    16.2
19391101 19391130    77.6
19391201 19391231     4.9
19400101 19400131    65.7
19400201 19400229     2.9
19400301 19400331    28.6
19400401 19400430    19.7
19400501 19400531    27.0
19400601 19400630    10.2
19400701 19400731    51.3
19400801 19400831    28.3
19400901 19400930    18.5
19401001 19401031     5.6
19401101 19401130    23.9
19401201 19401231    21.1
19410101 19410131   123.8
19410201 19410228     1.9
19410301 19410331    56.8
19410401 19410430     4.6
19410501 19410531     5.5
19410601 19410630    83.9
19410701 19410731    62.4
19410801 19410831    70.3
19410901 19410930    80.7
19411001 19411031    82.1
19411101 19411130    47.1
19411201 19411231     3.8
19420101 19420131    37.0
19420201 19420228     0.0
19420301 19420331     4.2
19420401 19420430    19.4
19420501 19420531   124.3
19420601 19420630    75.5
19420701 19420731    87.7
19420801 19420831    99.0
19420901 19420930    68.9
19421001 19421031    27.8
19421101 19421130    33.0
19421201 19421231    27.6
19430101 19430131    17.8
19430201 19430228   111.0
19430301 19430331     0.0
19430401 19430430    39.5
19430501 19430531    14.5
19430601 19430630    64.3
19430701 19430731    60.2
19430801 19430831    54.7
19430901 19430930    53.5
19431001 19431031    38.0
19431101 19431130    18.8
19431201 19431231     6.5
19440101 19440131     0.0
19440201 19440229    16.6
19440301 19440331     9.7
19440401 19440430    36.3
19440501 19440531    70.0
19440601 19440630    13.0
19440701 19440731    38.8
19440801 19440831     9.8
19440901 19440930    11.4
19441001 19441031    35.8
19441101 19441130    54.9
19441201 19441231    43.9
19450101 19450131    35.7
19450201 19450228    32.7
19450301 19450331     0.0
19450401 19450430    10.7
19450501 19450531    35.4
19450601 19450630    86.2
19450701 19450731    15.6
19450801 19450831    72.9
19450901 19450930    43.6
19451001 19451031    68.7
19451101 19451130    73.2
19451201 19451231    41.3
19460101 19460131    73.4
19460201 19460228   163.3
19460301 19460331    28.0
19460401 19460430    17.3
19460501 19460531    41.6
19460601 19460630    48.5
19460701 19460731    93.0
19460801 19460831    47.2
19460901 19460930     9.2
19461001 19461031    17.1
19461101 19461130    39.8
19461201 19461231    33.1
19470101 19470131     8.8
19470201 19470228    56.3
19470301 19470331    70.5
19470401 19470430    79.6
19470501 19470531    27.6
19470601 19470630    60.8
19470701 19470731    76.6
19470801 19470831    75.6
19470901 19470930    63.2
19471001 19471031    90.9
19471101 19471130    22.8
19471201 19471231    58.8
19480101 19480131     0.4
19480201 19480229     3.6
19480301 19480331     1.7
19480401 19480430    49.9
19480501 19480531    75.1
19480601 19480630    41.2
19480701 19480731    38.9
19480801 19480831    74.3
19480901 19480930     8.1
19481001 19481031    87.6
19481101 19481130    39.9
19481201 19481231    33.3
19490101 19490131     5.5
19490201 19490228    69.2
19490301 19490331     0.4
19490401 19490430     6.5
19490501 19490531    67.4
19490601 19490630    46.7
19490701 19490731    68.7
19490801 19490831    28.9
19490901 19490930    48.2
19491001 19491031   141.5
19491101 19491130    69.4
19491201 19491231     8.8
19500101 19500131     0.4
19500201 19500228    69.8
19500301 19500331    11.4
19500401 19500430     4.0
19500501 19500531   111.7
19500601 19500630    67.4
19500701 19500731    32.2
19500801 19500831    46.6
19500901 19500930    44.1
19501001 19501031    33.8
19501101 19501130    14.8
19501201 19501231    14.3
19510101 19510131     0.0
19510201 19510228     9.5
19510301 19510331     3.8
19510401 19510430    49.1
19510501 19510531    61.6
19510601 19510630   114.3
19510701 19510731    91.4
19510801 19510831    75.5
19510901 19510930    41.3
19511001 19511031    89.8
19511101 19511130     8.2
19511201 19511231    19.2
19520101 19520131    46.2
19520201 19520229     0.4
19520301 19520331     6.5
19520401 19520430    61.8
19520501 19520531   128.2
19520601 19520630    47.8
19520701 19520731    52.7
19520801 19520831    32.5
19520901 19520930    60.6
19521001 19521031    81.0
19521101 19521130   128.7
19521201 19521231    13.7
19530101 19530131    27.2
19530201 19530228    13.7
19530301 19530331     6.5
19530401 19530430    15.0
19530501 19530531    27.0
19530601 19530630    76.4
19530701 19530731    55.9
19530801 19530831    45.5
19530901 19530930    82.8
19531001 19531031    79.9
19531101 19531130    49.1
19531201 19531231    50.1
19540101 19540131    33.5
19540201 19540228     0.0
19540301 19540331     4.9
19540401 19540430   109.6
19540501 19540531    15.3
19540601 19540630    50.5
19540701 19540731    55.6
19540801 19540831    50.5
19540901 19540930    17.4
19541001 19541031    53.0
19541101 19541130    22.8
19541201 19541231    51.8
19550101 19550131     5.5
19550201 19550228    74.2
19550301 19550331    38.1
19550401 19550430    20.2
19550501 19550531    82.1
19550601 19550630   102.7
19550701 19550731    43.7
19550801 19550831    81.9
19550901 19550930    31.8
19551001 19551031    24.8
19551101 19551130    57.4
19551201 19551231     8.8
19560101 19560131    12.8
19560201 19560229    34.1
19560301 19560331    23.4
19560401 19560430    46.0
19560501 19560531    91.3
19560601 19560630   119.8
19560701 19560731   125.2
19560801 19560831    48.2
19560901 19560930   112.0
19561001 19561031    59.2
19561101 19561130    24.4
19561201 19561231     0.0
19570101 19570131     0.0
19570201 19570228     0.4
19570301 19570331    11.5
19570401 19570430     9.8
19570501 19570531    25.5
19570601 19570630    74.9
19570701 19570731    85.2
19570801 19570831    33.9
19570901 19570930    31.3
19571001 19571031    27.0
19571101 19571130    22.1
19571201 19571231    25.4
19580101 19580131     3.0
19580201 19580228    16.7
19580301 19580331    29.1
19580401 19580430    17.5
19580501 19580531    97.3
19580601 19580630     8.9
19580701 19580731    48.5
19580801 19580831    85.2
19580901 19580930   127.3
19581001 19581031    70.2
19581101 19581130    11.7
19581201 19581231    15.8
19590101 19590131     7.1
19590201 19590228    23.6
19590301 19590331    26.7
19590401 19590430     9.2
19590501 19590531     9.5
19590601 19590630    17.3
19590701 19590731    47.9
19590801 19590831    49.6
19590901 19590930    35.0
19591001 19591031    41.4
19591101 19591130    11.9
19591201 19591231    36.4
19600101 19600131    15.2
19600201 19600229    69.6
19600301 19600331    19.1
19600401 19600430    39.6
19600501 19600531   165.9
19600601 19600630    38.3
19600701 19600731    63.8
19600801 19600831    62.7
19600901 19600930   112.6
19601001 19601031    24.5
19601101 19601130    50.7
19601201 19601231    21.9
19610101 19610131     1.5
19610201 19610228    16.3
19610301 19610331     6.9
19610401 19610430   132.3
19610501 19610531    28.3
19610601 19610630    35.6
19610701 19610731    57.5
19610801 19610831    84.7
19610901 19610930    52.2
19611001 19611031     8.6
19611101 19611130    61.7
19611201 19611231    15.0
19620101 19620131    13.5
19620201 19620228     5.3
19620301 19620331    31.8
19620401 19620430     0.8
19620501 19620531   110.4
19620601 19620630    47.7
19620701 19620731    47.6
19620801 19620831    49.8
19620901 19620930    38.7
19621001 19621031    59.1
19621101 19621130    15.4
19621201 19621231    98.9
19630101 19630131    48.6
19630201 19630228     8.4
19630301 19630331     2.5
19630401 19630430    37.1
19630501 19630531    78.1
19630601 19630630    94.4
19630701 19630731   128.4
19630801 19630831    72.3
19630901 19630930    40.1
19631001 19631031    34.3
19631101 19631130    19.6
19631201 19631231     3.1
19640101 19640131    21.8
19640201 19640229    44.2
19640301 19640331     3.8
19640401 19640430    38.1
19640501 19640531    45.6
19640601 19640630    37.3
19640701 19640731    86.3
19640801 19640831    50.6
19640901 19640930    89.4
19641001 19641031    64.2
19641101 19641130    50.6
19641201 19641231    25.9
19650101 19650131     0.5
19650201 19650228     0.0
19650301 19650331     4.3
19650401 19650430    19.3
19650501 19650531    65.8
19650601 19650630    39.8
19650701 19650731    92.6
19650801 19650831    70.6
19650901 19650930    51.4
19651001 19651031     7.6
19651101 19651130    38.4
19651201 19651231    21.1
19660101 19660131     5.4
19660201 19660228    28.0
19660301 19660331    48.3
19660401 19660430     8.1
19660501 19660531    48.3
19660601 19660630    40.2
19660701 19660731   104.3
19660801 19660831    39.4
19660901 19660930    85.9
19661001 19661031    34.9
19661101 19661130    13.2
19661201 19661231   145.4
19670101 19670131    17.3
19670201 19670228    19.3
19670301 19670331     5.3
19670401 19670430     3.3
19670501 19670531    24.4
19670601 19670630     5.1
19670701 19670731    40.8
19670801 19670831    63.0
19670901 19670930    50.7
19671001 19671031    10.1
19671101 19671130     1.0
19671201 19671231    10.1
19680101 19680131    40.0
19680201 19680229    70.9
19680301 19680331    34.0
19680401 19680430    45.7
19680501 19680531   112.9
19680601 19680630    84.0
19680701 19680731    68.8
19680801 19680831    77.2
19680901 19680930    20.9
19681001 19681031    56.5
19681101 19681130    64.0
19681201 19681231    34.2
19690101 19690131    57.7
19690201 19690228    44.5
19690301 19690331    39.1
19690401 19690430    26.3
19690501 19690531    88.1
19690601 19690630    57.2
19690701 19690731   107.0
19690801 19690831    32.7
19690901 19690930    65.7
19691001 19691031    10.6
19691101 19691130    29.2
19691201 19691231    32.7
19700101 19700131    49.4
19700201 19700228     1.5
19700301 19700331    14.2
19700401 19700430    22.2
19700501 19700531    81.8
19700601 19700630    55.6
19700701 19700731    28.9
19700801 19700831    89.4
19700901 19700930    85.7
19701001 19701031     9.3
19701101 19701130    43.5
19701201 19701231    43.6
19710101 19710131     0.5
19710201 19710228    32.5
19710301 19710331    32.0
19710401 19710430    82.9
19710501 19710531    82.5
19710601 19710630    75.6
19710701 19710731    68.8
19710801 19710831   108.6
19710901 19710930    59.0
19711001 19711031    14.2
19711101 19711130    84.6
19711201 19711231    38.6
19720101 19720131    30.5
19720201 19720229    32.5
19720301 19720331     0.0
19720401 19720430    24.5
19720501 19720531    26.6
19720601 19720630    29.2
19720701 19720731    60.2
19720801 19720831    87.9
19720901 19720930    17.0
19721001 19721031    23.4
19721101 19721130    15.3
19721201 19721231     4.1
19730101 19730131    12.7
19730201 19730228   162.7
19730301 19730331    40.9
19730401 19730430    46.2
19730501 19730531    62.7
19730601 19730630    84.3
19730701 19730731    70.4
19730801 19730831    77.7
19730901 19730930    47.8
19731001 19731031   163.5
19731101 19731130    44.1
19731201 19731231    24.8
19740101 19740131    49.8
19740201 19740228    49.3
19740301 19740331    37.5
19740401 19740430   138.3
19740501 19740531   111.8
19740601 19740630    33.6
19740701 19740731   101.0
19740801 19740831    52.9
19740901 19740930    71.9
19741001 19741031   128.6
19741101 19741130    11.6
19741201 19741231     1.6
19750101 19750131    20.8
19750201 19750228     1.2
19750301 19750331    38.2
19750401 19750430    11.0
19750501 19750531    57.8
19750601 19750630     1.8
19750701 19750731    74.6
19750801 19750831    41.4
19750901 19750930   104.8
19751001 19751031   124.8
19751101 19751130    16.5
19751201 19751231    32.0
19760101 19760131     4.2
19760201 19760229    28.6
19760301 19760331     7.0
19760401 19760430    17.4
19760501 19760531    21.1
19760601 19760630    51.2
19760701 19760731     8.2
19760801 19760831    41.6
19760901 19760930    48.2
19761001 19761031    98.2
19761101 19761130    54.2
19761201 19761231     6.2
19770101 19770131    26.6
19770201 19770228    27.0
19770301 19770331    12.4
19770401 19770430    23.6
19770501 19770531    44.8
19770601 19770630    38.0
19770701 19770731    29.8
19770801 19770831    28.6
19770901 19770930    62.6
19771001 19771031    39.0
19771101 19771130    52.4
19771201 19771231    19.6
19780101 19780131    19.0
19780201 19780228     0.0
19780301 19780331     4.8
19780401 19780430    42.8
19780501 19780531    66.2
19780601 19780630   119.2
19780701 19780731   101.0
19780801 19780831   107.2
19780901 19780930    97.4
19781001 19781031    31.0
19781101 19781130    40.0
19781201 19781231    13.0
19790101 19790131    15.0
19790201 19790228    49.8
19790301 19790331     7.2
19790401 19790430    41.8
19790501 19790531    63.6
19790601 19790630    13.0
19790701 19790731    39.1
19790801 19790831    64.2
19790901 19790930   143.0
19791001 19791031    82.8
19791101 19791130    36.6
19791201 19791231    30.4
19800101 19800131     1.6
19800201 19800229     0.6
19800301 19800331     3.4
19800401 19800430   103.6
19800501 19800531    37.2
19800601 19800630    81.4
19800701 19800731    73.8
19800801 19800831     8.2
19800901 19800930    15.8
19801001 19801031    98.4
19801101 19801130    23.2
19801201 19801231    13.2
19810101 19810131    36.0
19810201 19810228     7.8
19810301 19810331    25.8
19810401 19810430     5.2
19810501 19810531    75.4
19810601 19810630   103.8
19810701 19810731   110.6
19810801 19810831    89.6
19810901 19810930    20.0
19811001 19811031    33.6
19811101 19811130    29.0
19811201 19811231    14.4
19820101 19820131    17.6
19820201 19820228     7.0
19820301 19820331    49.0
19820401 19820430    45.0
19820501 19820531    43.8
19820601 19820630    48.8
19820701 19820731    17.6
19820801 19820831    20.0
19820901 19820930    38.2
19821001 19821031    21.6
19821101 19821130     1.6
19821201 19821231     2.4
19830101 19830131     5.0
19830201 19830228     5.4
19830301 19830331    94.0
19830401 19830430    75.2
19830501 19830531    48.4
19830601 19830630    17.2
19830701 19830731    72.4
19830801 19830831    70.6
19830901 19830930    79.8
19831001 19831031    47.4
19831101 19831130    35.8
19831201 19831231    44.6
19840101 19840131    40.4
19840201 19840229     1.6
19840301 19840331    11.2
19840401 19840430    31.2
19840501 19840531    27.2
19840601 19840630    34.6
19840701 19840731   113.6
19840801 19840831    62.8
19840901 19840930    91.6
19841001 19841031    29.8
19841101 19841130    27.6
19841201 19841231     2.6
19850101 19850131    16.6
19850201 19850228     0.0
19850301 19850331    56.2
19850401 19850430    31.0
19850501 19850531    43.4
19850601 19850630    50.4
19850701 19850731    35.4
19850801 19850831   105.2
19850901 19850930    72.4
19851001 19851031    67.8
19851101 19851130    17.4
19851201 19851231    49.6
19860101 19860131     2.6
19860201 19860228     4.6
19860301 19860331     0.0
19860401 19860430    29.4
19860501 19860531    26.8
19860601 19860630    48.4
19860701 19860731    84.4
19860801 19860831    88.4
19860901 19860930    47.2
19861001 19861031    54.2
19861101 19861130    57.0
19861201 19861231    17.6
19870101 19870131    35.4
19870201 19870228    37.2
19870301 19870331    15.6
19870401 19870430    21.2
19870501 19870531    81.4
19870601 19870630    37.0
19870701 19870731    45.6
19870801 19870831    65.6
19870901 19870930    51.8
19871001 19871031    33.0
19871101 19871130     5.6
19871201 19871231    24.6
19880101 19880131     5.0
19880201 19880229    17.2
19880301 19880331    38.0
19880401 19880430 99999.9
19880501 19880531    58.2
19880601 19880630   103.8
19880701 19880731    38.8
19880801 19880831    41.0
19880901 19880930    50.0
19881001 19881031    23.8
19881101 19881130    95.0
19881201 19881231     6.6
19890101 19890131     1.0
19890201 19890228     0.0
19890301 19890331    55.6
19890401 19890430    16.0
19890501 19890531    53.2
19890601 19890630    71.2
19890701 19890731    88.6
19890801 19890831    73.4
19890901 19890930    36.0
19891001 19891031    20.2
19891101 19891130    52.6
19891201 19891231    29.8
19900101 19900131     6.6
19900201 19900228    33.6
19900301 19900331     1.0
19900401 19900430    10.2
19900501 19900531    30.6
19900601 19900630    91.6
19900701 19900731    91.0
19900801 19900831    56.4
19900901 19900930    44.2
19901001 19901031    38.4
19901101 19901130     6.6
19901201 19901231    42.8
19910101 19910131     6.2
19910201 19910228     0.0
19910301 19910331    11.4
19910401 19910430    47.0
19910501 19910531     8.4
19910601 19910630   135.8
19910701 19910731    42.6
19910801 19910831    86.2
19910901 19910930    85.2
19911001 19911031    17.4
19911101 19911130    42.6
19911201 19911231     5.6
19920101 19920131     0.6
19920201 19920229     4.2
19920301 19920331    77.2
19920401 19920430    62.0
19920501 19920531    87.4
19920601 19920630    44.4
19920701 19920731    37.4
19920801 19920831    97.0
19920901 19920930   130.4
19921001 19921031   100.9
19921101 19921130    61.8
19921201 19921231   101.4
19930101 19930131   144.0
19930201 19930228    10.0
19930301 19930331     4.6
19930401 19930430     2.4
19930501 19930531    48.1
19930601 19930630    42.8
19930701 19930731    78.0
19930801 19930831    39.4
19930901 19930930    63.6
19931001 19931031    69.6
19931101 19931130    23.2
19931201 19931231    52.0
19940101 19940131     6.8
19940201 19940228    14.6
19940301 19940331     0.0
19940401 19940430     3.4
19940501 19940531    18.0
19940601 19940630   109.6
19940701 19940731    29.2
19940801 19940831    14.0
19940901 19940930    23.8
19941001 19941031    40.6
19941101 19941130    56.4
19941201 19941231     7.6
19950101 19950131    41.2
19950201 19950228    22.1
19950301 19950331    17.8
19950401 19950430    50.4
19950501 19950531    44.8
19950601 19950630    92.4
19950701 19950731    99.4
19950801 19950831    38.2
19950901 19950930    29.4
19951001 19951031    77.8
19951101 19951130    29.2
19951201 19951231     8.4
19960101 19960131    56.4
19960201 19960229    16.0
19960301 19960331    10.4
19960401 19960430     9.2
19960501 19960531     3.0
19960601 19960630   114.6
19960701 19960731    68.0
19960801 19960831   107.4
19960901 19960930    93.4
19961001 19961031    26.0
19961101 19961130    15.0
19961201 19961231    14.8
19970101 19970131    24.6
19970201 19970228    84.6
19970301 19970331     3.0
19970401 19970430     0.0
19970501 19970531    64.7
19970601 19970630    18.0
19970701 19970731    21.2
19970801 19970831    69.5
19970901 19970930    89.3
19971001 19971031    77.6
19971101 19971130    41.6
19971201 19971231    43.6
19980101 19980131     7.0
19980201 19980228    29.6
19980301 19980331    14.8
19980401 19980430    66.4
19980501 19980531    15.0
19980601 19980630    91.9
19980701 19980731    47.8
19980801 19980831    43.8
19980901 19980930    53.2
19981001 19981031    36.3
19981101 19981130    36.8
19981201 19981231    21.0
19990101 19990131    19.3
19990201 19990228     4.2
19990301 19990331    41.0
19990401 19990430     9.6
19990501 19990531    47.8
19990601 19990630    41.4
19990701 19990731    32.0
19990801 19990831    51.6
19990901 19990930    62.0
19991001 19991031    77.8
19991101 19991130    40.6
19991201 19991231    48.5
20000101 20000131     0.0
20000201 20000229    54.2
20000301 20000331    24.0
20000401 20000430    69.0
20000501 20000531    68.5
20000601 20000630    54.2
20000701 20000731    47.0
20000801 20000831    42.0
20000901 20000930    40.4
20001001 20001031    75.4
20001101 20001130    44.8
20001201 20001231    13.8
20010101 20010131    17.6
20010201 20010228    17.2
20010301 20010331    33.0
20010401 20010430    28.6
20010501 20010531    60.0
20010601 20010630    48.8
20010701 20010731    40.8
20010801 20010831    65.2
20010901 20010930    92.8
20011001 20011031    67.4
20011101 20011130    38.2
20011201 20011231    14.2
20020101 20020131    16.6
20020201 20020228     0.0
20020301 20020331     8.4
20020401 20020430     2.6
20020501 20020531    39.6
20020601 20020630    71.0
20020701 20020731    40.2
20020801 20020831    14.8
20020901 20020930    25.8
20021001 20021031    20.8
20021101 20021130    25.0
20021201 20021231    32.6
20030101 20030131     9.6
20030201 20030228    78.8
20030301 20030331     2.0
20030401 20030430    11.6
20030501 20030531    37.9
20030601 20030630    88.7
20030701 20030731    42.6
20030801 20030831    78.6
20030901 20030930    30.5
20031001 20031031    37.4
20031101 20031130    13.8
20031201 20031231    20.2
20040101 20040131     5.6
20040201 20040229     5.8
20040301 20040331    19.6
20040401 20040430     4.6
20040501 20040531    37.4
20040601 20040630    69.4
20040701 20040731    49.5
20040801 20040831    68.4
20040901 20040930    50.4
20041001 20041031     9.8
20041101 20041130    40.0
20041201 20041231    47.6
20050101 20050131    17.4
20050201 20050228    26.2
20050301 20050331     7.6
20050401 20050430     7.2
20050501 20050531    10.2
20050601 20050630    56.6
20050701 20050731    52.4
20050801 20050831    51.6
20050901 20050930    63.8
20051001 20051031    80.9
20051101 20051130    23.8
20051201 20051231    32.2
20060101 20060131    20.0
20060201 20060228     9.2
20060301 20060331    54.3
20060401 20060430    37.5
20060501 20060531    36.8
20060601 20060630    19.6
20060701 20060731    47.7
20060801 20060831     8.4
20060901 20060930    13.6
20061001 20061031     0.0
20061101 20061130    36.2
20061201 20061231    24.6
20070101 20070131    67.8
20070201 20070228     2.4
20070301 20070331    53.4
20070401 20070430    74.6
20070501 20070531    20.2
20070601 20070630    33.3
20070701 20070731    39.6
20070801 20070831    16.4
20070901 20070930    29.4
20071001 20071031    22.8
20071101 20071130    43.0
20071201 20071231    24.0
20080101 20080131     5.8
20080201 20080229     1.0
20080301 20080331    24.4
20080401 20080430    32.0
20080501 20080531    36.8
20080601 20080630    32.2
20080701 20080731    85.2
20080801 20080831    74.2
20080901 20080930    11.8
20081001 20081031     5.2
20081101 20081130    34.7
20081201 20081231    86.4
20090101 20090131     0.0
20090201 20090228     4.0
20090301 20090331    19.2
20090401 20090430    62.8
20090501 20090531    23.6
20090601 20090630    94.9
20090701 20090731    56.0
20090801 20090831    42.1
20090901 20090930    84.2
20091001 20091031    39.8
20091101 20091130    42.8
20091201 20091231    19.6
20100101 20100131    15.2
20100201 20100228     2.2
20100301 20100331    41.6
20100401 20100430    40.0
20100501 20100531    76.0
20100601 20100630    42.0
20100701 20100731    35.1
20100801 20100831    57.6
20100901 20100930    93.4
20101001 20101031    83.5
20101101 20101130    33.1
20101201 20101231    78.7
20110101 20110131     6.2
20110201 20110228    57.6
20110301 20110331    61.5
20110401 20110430    11.7
20110501 20110531    26.4
20110601 20110630    39.4
20110701 20110731    44.6
20110801 20110831    50.4
20110901 20110930    27.3
20111001 20111031    40.8
20111101 20111130    41.6
20111201 20111231    29.0
20120101 20120131     8.0
20120201 20120229 99999.9
20120301 20120331    35.3
20120401 20120430    12.1
20120501 20120531    51.8
20120601 20120630    59.6
20120701 20120731    71.7
20120801 20120831    27.2
20120901 20120930    20.8
20121001 20121031    16.2
20121101 20121130    10.2
20121201 20121231    18.2
20130101 20130131     1.0
20130201 20130228    20.2
20130301 20130331     6.2
20130401 20130430    12.4
20130501 20130531    61.5
20130601 20130630    95.0
20130701 20130731    66.6
20130801 20130831    55.2
20130901 20130930    43.8
20131001 20131031    16.4
20131101 20131130     8.1
20131201 20131231    24.1
20140101 20140131 99999.9
20140201 20140228    80.0
20140301 20140331    13.2
20140401 20140430    68.0
20140501 20140531    42.8
20140601 20140630    83.0
20140701 20140731    56.2
20140801 20140831     2.2
20140901 20140930    17.2
20141001 20141031     4.2
20141101 20141130    12.2
20141201 20141231     8.0
20150101 20150131    80.2
20150201 20150228     4.8
20150301 20150331     1.8
20150401 20150430    98.4
20150501 20150531    43.0
20150601 20150630    11.6
20150701 20150731    16.8
20150801 20150831    64.8
20150901 20150930    19.6
20151001 20151031     8.8
20151101 20151130    64.8
20151201 20151231     0.0
20160101 20160131    42.0
20160201 20160229    11.4
20160301 20160331    55.2
