PRCP       054036 18830101 20171231 missing_value=99999.9 WALLANGRA (WALLANGRA STATION)             
18830101 18830131   121.4
18830201 18830228   228.1
18830301 18830331    34.5
18830401 18830430    37.6
18830501 18830531    71.1
18830601 18830630     9.4
18830701 18830731    17.5
18830801 18830831    18.8
18830901 18830930    29.7
18831001 18831031    89.4
18831101 18831130    21.3
18831201 18831231    57.2
18840101 18840131    19.8
18840201 18840229    59.9
18840301 18840331    21.8
18840401 18840430    57.4
18840501 18840531    39.6
18840601 18840630    62.5
18840701 18840731    80.5
18840801 18840831    10.2
18840901 18840930    83.8
18841001 18841031    24.9
18841101 18841130    70.4
18841201 18841231    33.3
18850101 18850131   102.9
18850201 18850228    85.6
18850301 18850331    50.0
18850401 18850430    33.8
18850501 18850531    28.7
18850601 18850630    91.7
18850701 18850731    20.8
18850801 18850831     4.3
18850901 18850930    34.8
18851001 18851031    29.2
18851101 18851130    39.1
18851201 18851231    92.5
18860101 18860131    83.8
18860201 18860228    12.7
18860301 18860331    73.4
18860401 18860430    66.3
18860501 18860531   144.0
18860601 18860630   115.8
18860701 18860731    75.7
18860801 18860831   132.8
18860901 18860930    63.2
18861001 18861031   176.8
18861101 18861130   175.3
18861201 18861231    25.7
18870101 18870131   100.3
18870201 18870228   111.5
18870301 18870331    87.1
18870401 18870430    35.6
18870501 18870531     9.4
18870601 18870630    45.5
18870701 18870731    96.5
18870801 18870831    90.9
18870901 18870930    37.3
18871001 18871031    28.4
18871101 18871130    70.9
18871201 18871231   158.5
18880101 18880131    43.2
18880201 18880229   150.9
18880301 18880331    21.8
18880401 18880430     0.0
18880501 18880531    31.0
18880601 18880630     8.4
18880701 18880731     0.0
18880801 18880831     0.0
18880901 18880930    32.3
18881001 18881031    10.9
18881101 18881130    13.0
18881201 18881231   106.9
18890101 18890131   126.5
18890201 18890228    30.7
18890301 18890331    85.3
18890401 18890430    72.9
18890501 18890531   125.0
18890601 18890630    77.2
18890701 18890731    34.0
18890801 18890831    43.7
18890901 18890930    28.4
18891001 18891031    31.0
18891101 18891130   116.6
18891201 18891231    72.4
18900101 18900131   169.9
18900201 18900228   152.1
18900301 18900331   223.0
18900401 18900430    84.8
18900501 18900531    61.2
18900601 18900630    60.2
18900701 18900731    31.0
18900801 18900831    16.0
18900901 18900930     3.8
18901001 18901031   137.2
18901101 18901130    85.9
18901201 18901231    69.6
18910101 18910131   261.4
18910201 18910228    24.9
18910301 18910331    35.3
18910401 18910430    34.5
18910501 18910531    38.1
18910601 18910630   112.8
18910701 18910731    50.5
18910801 18910831    67.6
18910901 18910930    67.1
18911001 18911031    29.0
18911101 18911130    77.2
18911201 18911231    88.6
18920101 18920131    26.9
18920201 18920229    34.8
18920301 18920331    78.0
18920401 18920430    54.4
18920501 18920531    52.8
18920601 18920630    87.6
18920701 18920731    46.7
18920801 18920831    19.6
18920901 18920930   137.7
18921001 18921031   149.1
18921101 18921130    51.6
18921201 18921231   187.7
18930101 18930131    47.8
18930201 18930228   243.6
18930301 18930331    69.6
18930401 18930430    94.0
18930501 18930531    48.5
18930601 18930630    96.3
18930701 18930731    37.1
18930801 18930831    46.7
18930901 18930930    10.2
18931001 18931031    51.3
18931101 18931130   125.0
18931201 18931231    26.2
18940101 18940131   126.7
18940201 18940228    24.4
18940301 18940331   239.5
18940401 18940430    63.0
18940501 18940531    65.3
18940601 18940630    74.9
18940701 18940731    18.8
18940801 18940831    22.1
18940901 18940930    37.3
18941001 18941031   126.2
18941101 18941130    21.3
18941201 18941231    29.0
18950101 18950131   191.5
18950201 18950228    13.7
18950301 18950331     0.0
18950401 18950430     9.1
18950501 18950531    17.5
18950601 18950630     7.1
18950701 18950731    27.9
18950801 18950831    16.3
18950901 18950930    48.0
18951001 18951031    53.8
18951101 18951130    82.8
18951201 18951231   126.7
18960101 18960131    78.7
18960201 18960229   217.4
18960301 18960331    80.5
18960401 18960430    35.3
18960501 18960531    55.1
18960601 18960630    21.8
18960701 18960731    49.5
18960801 18960831    42.2
18960901 18960930    38.1
18961001 18961031    24.1
18961101 18961130    91.7
18961201 18961231    98.8
18970101 18970131    71.9
18970201 18970228    53.3
18970301 18970331    43.4
18970401 18970430     0.0
18970501 18970531     1.3
18970601 18970630   129.0
18970701 18970731   135.4
18970801 18970831    35.8
18970901 18970930    63.2
18971001 18971031    61.0
18971101 18971130    11.4
18971201 18971231   146.6
18980101 18980131   139.7
18980201 18980228   133.1
18980301 18980331     1.5
18980401 18980430     5.3
18980501 18980531    26.9
18980601 18980630    67.6
18980701 18980731    13.7
18980801 18980831    12.2
18980901 18980930    60.2
18981001 18981031    65.5
18981101 18981130     8.9
18981201 18981231    11.2
18990101 18990131   211.3
18990201 18990228    85.3
18990301 18990331    14.7
18990401 18990430    80.0
18990501 18990531    19.8
18990601 18990630    62.5
18990701 18990731    62.2
18990801 18990831    48.0
18990901 18990930    81.0
18991001 18991031    30.7
18991101 18991130    72.1
18991201 18991231    55.6
19000101 19000131    36.8
19000201 19000228    82.8
19000301 19000331    98.3
19000401 19000430    64.5
19000501 19000531    61.5
19000601 19000630    59.9
19000701 19000731    91.9
19000801 19000831    16.8
19000901 19000930    61.5
19001001 19001031     3.6
19001101 19001130    82.8
19001201 19001231    38.6
19010101 19010131     6.4
19010201 19010228     5.6
19010301 19010331    87.1
19010401 19010430    53.1
19010501 19010531    40.1
19010601 19010630    57.7
19010701 19010731    34.5
19010801 19010831    95.0
19010901 19010930    26.7
19011001 19011031    63.8
19011101 19011130    23.9
19011201 19011231    36.1
19020101 19020131    30.5
19020201 19020228    31.2
19020301 19020331    29.2
19020401 19020430     1.5
19020501 19020531     1.5
19020601 19020630    16.0
19020701 19020731     0.0
19020801 19020831    72.6
19020901 19020930     9.1
19021001 19021031    41.1
19021101 19021130    31.5
19021201 19021231    80.3
19030101 19030131    33.8
19030201 19030228     4.1
19030301 19030331    42.2
19030401 19030430    57.4
19030501 19030531    75.7
19030601 19030630    56.4
19030701 19030731   151.6
19030801 19030831    60.7
19030901 19030930   119.1
19031001 19031031    72.1
19031101 19031130   144.0
19031201 19031231    89.7
19040101 19040131    99.3
19040201 19040229    74.2
19040301 19040331   151.6
19040401 19040430    12.4
19040501 19040531    97.8
19040601 19040630    15.5
19040701 19040731    60.2
19040801 19040831    24.9
19040901 19040930    36.3
19041001 19041031    68.6
19041101 19041130    12.4
19041201 19041231    39.9
19050101 19050131    75.2
19050201 19050228    17.8
19050301 19050331    91.2
19050401 19050430   159.3
19050501 19050531    91.2
19050601 19050630     9.4
19050701 19050731    20.3
19050801 19050831    29.2
19050901 19050930     3.3
19051001 19051031    57.9
19051101 19051130    37.3
19051201 19051231    88.4
19060101 19060131    77.7
19060201 19060228    64.3
19060301 19060331    65.0
19060401 19060430    19.1
19060501 19060531    51.3
19060601 19060630    26.9
19060701 19060731    16.8
19060801 19060831    92.7
19060901 19060930    74.4
19061001 19061031   155.7
19061101 19061130    93.5
19061201 19061231    84.1
19070101 19070131    69.3
19070201 19070228    96.8
19070301 19070331   162.8
19070401 19070430    15.2
19070501 19070531     9.7
19070601 19070630    66.0
19070701 19070731    35.6
19070801 19070831    40.4
19070901 19070930     1.5
19071001 19071031    23.6
19071101 19071130   166.9
19071201 19071231    53.3
19080101 19080131    29.0
19080201 19080229   123.7
19080301 19080331    80.0
19080401 19080430    69.1
19080501 19080531     8.4
19080601 19080630    45.0
19080701 19080731    16.3
19080801 19080831    66.3
19080901 19080930    40.6
19081001 19081031    43.9
19081101 19081130    59.4
19081201 19081231    58.9
19090101 19090131    16.8
19090201 19090228    88.1
19090301 19090331    17.0
19090401 19090430    72.4
19090501 19090531    33.3
19090601 19090630    65.0
19090701 19090731    44.2
19090801 19090831   128.0
19090901 19090930    29.5
19091001 19091031    43.7
19091101 19091130    82.0
19091201 19091231    69.1
19100101 19100131   157.0
19100201 19100228    53.1
19100301 19100331   184.7
19100401 19100430    39.9
19100501 19100531     3.8
19100601 19100630    95.0
19100701 19100731    68.1
19100801 19100831    13.5
19100901 19100930     5.8
19101001 19101031    64.0
19101101 19101130    45.5
19101201 19101231   124.0
19110101 19110131   203.5
19110201 19110228   106.2
19110301 19110331    64.8
19110401 19110430     7.9
19110501 19110531    56.6
19110601 19110630     4.8
19110701 19110731    42.4
19110801 19110831    26.9
19110901 19110930    83.8
19111001 19111031    34.0
19111101 19111130    27.7
19111201 19111231    18.5
19120101 19120131    72.4
19120201 19120229   108.0
19120301 19120331    84.1
19120401 19120430     0.8
19120501 19120531     4.1
19120601 19120630   148.1
19120701 19120731    70.1
19120801 19120831    38.4
19120901 19120930    36.8
19121001 19121031    65.0
19121101 19121130    93.2
19121201 19121231    35.3
19130101 19130131    94.7
19130201 19130228    35.8
19130301 19130331    59.2
19130401 19130430    25.7
19130501 19130531   157.2
19130601 19130630    88.1
19130701 19130731    13.2
19130801 19130831     6.9
19130901 19130930    25.9
19131001 19131031    59.7
19131101 19131130    26.2
19131201 19131231    90.2
19140101 19140131    67.6
19140201 19140228   113.8
19140301 19140331   103.6
19140401 19140430    39.9
19140501 19140531    82.0
19140601 19140630    20.1
19140701 19140731    57.4
19140801 19140831     5.1
19140901 19140930    21.3
19141001 19141031    66.3
19141101 19141130    39.6
19141201 19141231    78.7
19150101 19150131    22.1
19150201 19150228    29.2
19150301 19150331     2.0
19150401 19150430    17.0
19150501 19150531    69.9
19150601 19150630    21.3
19150701 19150731    46.2
19150801 19150831    67.3
19150901 19150930    33.5
19151001 19151031    29.7
19151101 19151130     6.4
19151201 19151231   100.6
19160101 19160131    44.5
19160201 19160229   178.3
19160301 19160331    45.7
19160401 19160430    84.8
19160501 19160531     5.3
19160601 19160630    71.9
19160701 19160731    98.6
19160801 19160831    79.2
19160901 19160930    68.8
19161001 19161031    29.0
19161101 19161130   122.2
19161201 19161231   196.9
19170101 19170131   188.5
19170201 19170228    83.3
19170301 19170331    49.0
19170401 19170430     1.3
19170501 19170531     8.6
19170601 19170630    30.0
19170701 19170731    22.1
19170801 19170831    24.9
19170901 19170930   134.1
19171001 19171031    30.7
19171101 19171130   206.2
19171201 19171231    80.8
19180101 19180131   141.0
19180201 19180228    25.9
19180301 19180331     2.5
19180401 19180430    34.8
19180501 19180531     6.4
19180601 19180630     9.1
19180701 19180731    36.6
19180801 19180831    75.7
19180901 19180930     7.1
19181001 19181031    15.7
19181101 19181130    39.1
19181201 19181231    18.3
19190101 19190131    45.7
19190201 19190228    36.1
19190301 19190331    23.1
19190401 19190430     7.6
19190501 19190531    36.1
19190601 19190630    15.0
19190701 19190731     5.8
19190801 19190831    23.6
19190901 19190930     2.8
19191001 19191031    13.7
19191101 19191130    10.7
19191201 19191231    56.4
19200101 19200131    38.4
19200201 19200229    23.9
19200301 19200331    18.5
19200401 19200430    13.0
19200501 19200531    32.3
19200601 19200630   113.8
19200701 19200731    90.2
19200801 19200831    56.1
19200901 19200930    59.4
19201001 19201031    63.0
19201101 19201130    66.8
19201201 19201231    84.1
19210101 19210131    24.1
19210201 19210228    38.6
19210301 19210331    76.5
19210401 19210430    24.6
19210501 19210531   119.1
19210601 19210630   178.1
19210701 19210731   189.2
19210801 19210831    11.4
19210901 19210930    94.2
19211001 19211031    93.7
19211101 19211130    39.9
19211201 19211231   219.5
19220101 19220131    77.7
19220201 19220228     3.8
19220301 19220331    43.9
19220401 19220430     5.8
19220501 19220531     1.3
19220601 19220630    34.3
19220701 19220731    65.8
19220801 19220831    15.0
19220901 19220930    56.9
19221001 19221031    37.3
19221101 19221130    40.6
19221201 19221231    98.6
19230101 19230131    79.0
19230201 19230228    19.8
19230301 19230331    36.1
19230401 19230430     4.8
19230501 19230531     7.6
19230601 19230630    67.1
19230701 19230731    27.7
19230801 19230831    15.2
19230901 19230930    45.2
19231001 19231031    31.2
19231101 19231130     8.9
19231201 19231231    98.8
19240101 19240131    90.7
19240201 19240229   167.6
19240301 19240331    18.3
19240401 19240430    77.5
19240501 19240531    10.4
19240601 19240630    67.3
19240701 19240731    56.4
19240801 19240831    51.3
19240901 19240930    37.1
19241001 19241031    74.2
19241101 19241130   129.8
19241201 19241231    37.1
19250101 19250131    83.1
19250201 19250228    59.2
19250301 19250331    38.9
19250401 19250430     2.5
19250501 19250531    66.5
19250601 19250630     3.3
19250701 19250731    40.6
19250801 19250831    69.9
19250901 19250930     8.6
19251001 19251031    12.7
19251101 19251130   162.6
19251201 19251231    52.1
19260101 19260131    28.7
19260201 19260228    19.6
19260301 19260331    21.6
19260401 19260430    25.9
19260501 19260531    43.7
19260601 19260630    47.8
19260701 19260731    40.6
19260801 19260831    14.0
19260901 19260930    22.1
19261001 19261031     7.6
19261101 19261130     5.6
19261201 19261231   167.4
19270101 19270131    86.4
19270201 19270228    21.1
19270301 19270331    95.3
19270401 19270430    48.3
19270501 19270531     3.0
19270601 19270630    32.5
19270701 19270731     4.8
19270801 19270831    22.1
19270901 19270930    13.2
19271001 19271031    55.6
19271101 19271130   151.6
19271201 19271231    57.7
19280101 19280131    98.6
19280201 19280229   130.6
19280301 19280331    51.3
19280401 19280430    49.0
19280501 19280531    27.4
19280601 19280630   117.9
19280701 19280731    69.3
19280801 19280831     0.0
19280901 19280930     5.8
19281001 19281031    45.5
19281101 19281130    43.9
19281201 19281231    32.8
19290101 19290131    26.9
19290201 19290228   114.6
19290301 19290331    52.8
19290401 19290430   106.7
19290501 19290531     9.9
19290601 19290630    30.2
19290701 19290731    17.5
19290801 19290831    48.5
19290901 19290930    23.4
19291001 19291031   103.6
19291101 19291130    46.5
19291201 19291231    42.9
19300101 19300131   134.6
19300201 19300228    35.1
19300301 19300331    50.3
19300401 19300430    44.7
19300501 19300531    46.2
19300601 19300630    91.7
19300701 19300731   103.4
19300801 19300831    61.2
19300901 19300930    13.0
19301001 19301031    79.2
19301101 19301130    83.3
19301201 19301231    40.6
19310101 19310131    53.3
19310201 19310228    42.9
19310301 19310331   124.7
19310401 19310430    63.5
19310501 19310531    66.8
19310601 19310630    81.0
19310701 19310731    79.2
19310801 19310831    24.9
19310901 19310930    47.2
19311001 19311031    52.3
19311101 19311130   113.3
19311201 19311231   134.1
19320101 19320131    15.7
19320201 19320229    31.8
19320301 19320331    44.5
19320401 19320430    74.9
19320501 19320531    31.5
19320601 19320630    33.0
19320701 19320731    39.9
19320801 19320831     5.3
19320901 19320930   106.7
19321001 19321031    79.5
19321101 19321130    54.4
19321201 19321231    82.8
19330101 19330131   251.0
19330201 19330228    22.1
19330301 19330331     4.1
19330401 19330430    11.2
19330501 19330531    48.3
19330601 19330630    53.3
19330701 19330731    82.6
19330801 19330831    45.2
19330901 19330930    63.8
19331001 19331031   119.9
19331101 19331130    69.6
19331201 19331231   117.3
19340101 19340131   121.2
19340201 19340228   119.6
19340301 19340331     0.0
19340401 19340430    91.2
19340501 19340531    29.7
19340601 19340630    35.8
19340701 19340731    52.1
19340801 19340831    61.2
19340901 19340930    75.4
19341001 19341031   106.7
19341101 19341130    70.9
19341201 19341231   170.2
19350101 19350131   186.4
19350201 19350228    52.6
19350301 19350331    20.3
19350401 19350430    28.2
19350501 19350531    11.2
19350601 19350630     7.4
19350701 19350731    55.9
19350801 19350831    22.6
19350901 19350930    66.3
19351001 19351031   111.8
19351101 19351130    17.3
19351201 19351231    53.6
19360101 19360131    59.7
19360201 19360229    20.6
19360301 19360331    68.3
19360401 19360430    17.3
19360501 19360531    47.8
19360601 19360630    19.8
19360701 19360731   103.9
19360801 19360831    41.4
19360901 19360930    55.1
19361001 19361031    15.7
19361101 19361130    25.1
19361201 19361231   166.1
19370101 19370131    83.8
19370201 19370228    26.7
19370301 19370331   142.2
19370401 19370430    19.3
19370501 19370531     8.9
19370601 19370630    34.3
19370701 19370731    21.3
19370801 19370831    35.6
19370901 19370930     9.1
19371001 19371031    61.5
19371101 19371130   148.6
19371201 19371231    59.9
19380101 19380131    88.4
19380201 19380228    46.7
19380301 19380331     5.6
19380401 19380430     8.1
19380501 19380531   110.7
19380601 19380630    45.0
19380701 19380731    32.5
19380801 19380831    65.8
19380901 19380930    24.6
19381001 19381031   119.6
19381101 19381130   146.1
19381201 19381231     1.0
19390101 19390131   112.0
19390201 19390228     9.4
19390301 19390331   127.5
19390401 19390430    33.0
19390501 19390531     0.3
19390601 19390630    88.9
19390701 19390731    31.0
19390801 19390831    59.4
19390901 19390930    13.2
19391001 19391031    48.3
19391101 19391130    22.9
19391201 19391231    36.8
19400101 19400131    34.0
19400201 19400229   110.2
19400301 19400331   107.7
19400401 19400430    32.8
19400501 19400531    10.2
19400601 19400630    11.4
19400701 19400731     0.0
19400801 19400831     4.8
19400901 19400930    30.5
19401001 19401031    19.6
19401101 19401130    66.5
19401201 19401231   180.3
19410101 19410131   166.1
19410201 19410228    60.5
19410301 19410331   100.8
19410401 19410430    17.3
19410501 19410531     6.1
19410601 19410630    54.9
19410701 19410731    15.7
19410801 19410831     3.0
19410901 19410930     4.6
19411001 19411031    48.5
19411101 19411130    81.0
19411201 19411231     1.8
19420101 19420131    39.4
19420201 19420228    66.0
19420301 19420331    25.4
19420401 19420430     0.0
19420501 19420531    33.5
19420601 19420630    46.2
19420701 19420731    98.3
19420801 19420831    11.9
19420901 19420930    24.9
19421001 19421031   134.9
19421101 19421130   103.4
19421201 19421231   159.5
19430101 19430131    54.9
19430201 19430228    15.5
19430301 19430331    18.5
19430401 19430430    43.7
19430501 19430531    29.7
19430601 19430630    29.2
19430701 19430731    31.5
19430801 19430831    54.9
19430901 19430930    56.9
19431001 19431031    46.0
19431101 19431130   165.6
19431201 19431231    92.5
19440101 19440131   100.1
19440201 19440229    30.2
19440301 19440331     8.1
19440401 19440430    15.7
19440501 19440531    26.7
19440601 19440630    15.2
19440701 19440731    57.9
19440801 19440831   115.1
19440901 19440930    21.1
19441001 19441031     7.6
19441101 19441130    43.9
19441201 19441231    52.8
19450101 19450131   102.4
19450201 19450228   178.3
19450301 19450331    10.2
19450401 19450430    31.0
19450501 19450531    46.7
19450601 19450630    89.9
19450701 19450731    50.5
19450801 19450831    45.5
19450901 19450930    24.1
19451001 19451031     5.6
19451101 19451130    33.3
19451201 19451231    41.4
19460101 19460131   179.6
19460201 19460228    39.4
19460301 19460331    32.5
19460401 19460430    41.1
19460501 19460531    23.4
19460601 19460630     8.1
19460701 19460731     2.5
19460801 19460831     1.5
19460901 19460930   121.9
19461001 19461031    15.2
19461101 19461130    66.8
19461201 19461231    55.1
19470101 19470131    21.8
19470201 19470228   114.0
19470301 19470331   108.5
19470401 19470430    56.1
19470501 19470531    19.3
19470601 19470630    18.3
19470701 19470731    27.9
19470801 19470831    59.2
19470901 19470930    70.6
19471001 19471031    41.9
19471101 19471130    91.7
19471201 19471231   157.7
19480101 19480131   103.4
19480201 19480229    94.5
19480301 19480331    35.3
19480401 19480430    18.8
19480501 19480531    62.0
19480601 19480630    87.9
19480701 19480731    46.0
19480801 19480831    14.7
19480901 19480930    38.4
19481001 19481031    28.7
19481101 19481130    99.3
19481201 19481231    76.7
19490101 19490131    98.3
19490201 19490228   129.0
19490301 19490331    23.1
19490401 19490430    15.7
19490501 19490531     9.7
19490601 19490630    65.8
19490701 19490731    27.4
19490801 19490831    23.4
19490901 19490930    53.3
19491001 19491031   154.9
19491101 19491130    93.0
19491201 19491231    39.4
19500101 19500131    34.5
19500201 19500228   113.8
19500301 19500331   115.6
19500401 19500430    91.7
19500501 19500531    40.6
19500601 19500630   109.0
19500701 19500731   172.2
19500801 19500831    13.2
19500901 19500930    71.9
19501001 19501031   179.6
19501101 19501130   214.6
19501201 19501231    32.0
19510101 19510131   135.9
19510201 19510228    45.4
19510301 19510331    32.1
19510401 19510430    21.3
19510501 19510531    28.7
19510601 19510630   137.8
19510701 19510731     5.9
19510801 19510831    32.3
19510901 19510930    29.4
19511001 19511031    31.7
19511101 19511130    16.2
19511201 19511231    15.2
19520101 19520131    17.8
19520201 19520229   132.6
19520301 19520331    89.1
19520401 19520430    72.0
19520501 19520531    70.9
19520601 19520630    33.8
19520701 19520731    36.8
19520801 19520831   129.0
19520901 19520930    23.7
19521001 19521031   238.0
19521101 19521130    17.5
19521201 19521231    37.1
19530101 19530131    61.4
19530201 19530228   295.3
19530301 19530331    56.5
19530401 19530430     9.9
19530501 19530531    62.2
19530601 19530630     0.5
19530701 19530731    11.7
19530801 19530831    72.6
19530901 19530930    13.5
19531001 19531031    41.8
19531101 19531130    33.5
19531201 19531231    11.9
19540101 19540131    61.3
19540201 19540228   168.3
19540301 19540331     7.4
19540401 19540430     1.8
19540501 19540531    26.2
19540601 19540630    28.1
19540701 19540731    41.9
19540801 19540831    52.4
19540901 19540930    18.2
19541001 19541031   248.9
19541101 19541130   111.7
19541201 19541231    43.2
19550101 19550131    53.6
19550201 19550228   214.5
19550301 19550331     6.0
19550401 19550430    68.4
19550501 19550531    39.6
19550601 19550630    18.3
19550701 19550731    51.0
19550801 19550831    37.0
19550901 19550930    32.1
19551001 19551031   130.3
19551101 19551130    34.3
19551201 19551231    95.3
19560101 19560131   152.0
19560201 19560229   294.1
19560301 19560331    31.0
19560401 19560430    39.8
19560501 19560531    89.3
19560601 19560630    92.8
19560701 19560731    49.3
19560801 19560831     3.3
19560901 19560930    48.4
19561001 19561031    58.4
19561101 19561130    35.3
19561201 19561231    49.3
19570101 19570131    88.8
19570201 19570228    67.0
19570301 19570331    66.8
19570401 19570430    23.9
19570501 19570531     2.1
19570601 19570630    48.8
19570701 19570731    12.8
19570801 19570831    50.6
19570901 19570930     4.3
19571001 19571031    38.1
19571101 19571130     5.8
19571201 19571231    46.0
19580101 19580131    54.6
19580201 19580228    78.0
19580301 19580331    95.2
19580401 19580430    34.1
19580501 19580531    27.5
19580601 19580630    58.3
19580701 19580731    17.3
19580801 19580831    34.7
19580901 19580930    79.9
19581001 19581031    58.4
19581101 19581130    31.7
19581201 19581231   129.3
19590101 19590131   209.3
19590201 19590228   103.4
19590301 19590331    84.1
19590401 19590430     8.1
19590501 19590531    35.1
19590601 19590630     7.5
19590701 19590731    83.7
19590801 19590831     0.8
19590901 19590930    34.0
19591001 19591031    57.6
19591101 19591130   130.3
19591201 19591231   163.9
19600101 19600131    40.1
19600201 19600229    92.5
19600301 19600331    10.9
19600401 19600430     8.5
19600501 19600531    65.7
19600601 19600630    37.1
19600701 19600731    55.0
19600801 19600831    44.8
19600901 19600930    57.0
19601001 19601031    77.8
19601101 19601130    66.8
19601201 19601231    70.7
19610101 19610131    79.8
19610201 19610228    99.9
19610301 19610331    45.0
19610401 19610430    25.7
19610501 19610531    28.4
19610601 19610630    55.6
19610701 19610731    58.7
19610801 19610831    47.0
19610901 19610930    15.3
19611001 19611031    57.7
19611101 19611130   184.2
19611201 19611231    53.6
19620101 19620131   135.7
19620201 19620228    68.1
19620301 19620331   113.2
19620401 19620430    99.9
19620501 19620531    28.0
19620601 19620630     1.6
19620701 19620731    52.3
19620801 19620831    52.0
19620901 19620930    30.3
19621001 19621031    35.5
19621101 19621130    43.2
19621201 19621231   143.5
19630101 19630131    51.9
19630201 19630228    48.6
19630301 19630331   114.2
19630401 19630430    39.4
19630501 19630531   100.6
19630601 19630630    33.8
19630701 19630731     4.3
19630801 19630831    70.8
19630901 19630930     6.3
19631001 19631031    31.5
19631101 19631130    93.7
19631201 19631231   147.1
19640101 19640131    52.3
19640201 19640229    41.0
19640301 19640331    98.3
19640401 19640430    76.0
19640501 19640531    41.7
19640601 19640630    25.4
19640701 19640731    62.5
19640801 19640831    27.2
19640901 19640930    62.7
19641001 19641031   112.7
19641101 19641130    19.7
19641201 19641231    34.0
19650101 19650131    26.2
19650201 19650228    18.0
19650301 19650331     6.9
19650401 19650430    19.9
19650501 19650531     9.9
19650601 19650630    12.3
19650701 19650731    25.2
19650801 19650831    20.5
19650901 19650930    39.2
19651001 19651031    31.1
19651101 19651130    24.9
19651201 19651231   197.1
19660101 19660131    15.5
19660201 19660228    56.4
19660301 19660331    85.6
19660401 19660430    33.3
19660501 19660531     6.4
19660601 19660630    57.9
19660701 19660731     9.2
19660801 19660831   156.8
19660901 19660930    31.3
19661001 19661031   101.9
19661101 19661130    83.4
19661201 19661231    30.5
19670101 19670131    56.9
19670201 19670228     8.7
19670301 19670331   156.7
19670401 19670430     0.3
19670501 19670531    32.9
19670601 19670630    61.2
19670701 19670731    36.2
19670801 19670831    26.8
19670901 19670930    11.9
19671001 19671031    85.2
19671101 19671130    11.1
19671201 19671231    69.8
19680101 19680131   158.9
19680201 19680229    28.2
19680301 19680331   112.9
19680401 19680430    18.0
19680501 19680531    79.4
19680601 19680630     8.9
19680701 19680731    40.9
19680801 19680831    54.9
19680901 19680930    30.8
19681001 19681031    36.4
19681101 19681130    13.3
19681201 19681231    92.3
19690101 19690131   147.6
19690201 19690228    21.5
19690301 19690331    11.7
19690401 19690430    44.2
19690501 19690531    88.4
19690601 19690630    44.1
19690701 19690731    36.9
19690801 19690831    36.5
19690901 19690930    72.7
19691001 19691031   114.7
19691101 19691130   110.1
19691201 19691231    51.9
19700101 19700131   173.0
19700201 19700228    45.0
19700301 19700331    31.3
19700401 19700430    60.7
19700501 19700531    22.2
19700601 19700630    14.7
19700701 19700731     0.0
19700801 19700831    29.1
19700901 19700930   174.3
19701001 19701031    60.4
19701101 19701130    57.1
19701201 19701231   355.0
19710101 19710131   233.2
19710201 19710228   162.2
19710301 19710331    14.5
19710401 19710430    28.0
19710501 19710531     6.4
19710601 19710630    13.5
19710701 19710731   112.5
19710801 19710831    75.0
19710901 19710930    48.2
19711001 19711031    25.5
19711101 19711130    78.9
19711201 19711231    60.6
19720101 19720131    62.5
19720201 19720229    20.8
19720301 19720331    17.5
19720401 19720430    54.6
19720501 19720531    24.9
19720601 19720630     7.5
19720701 19720731     6.4
19720801 19720831    64.1
19720901 19720930    71.7
19721001 19721031   195.0
19721101 19721130   106.1
19721201 19721231    87.1
19730101 19730131   116.3
19730201 19730228   120.0
19730301 19730331    28.2
19730401 19730430     3.0
19730501 19730531    29.4
19730601 19730630    30.0
19730701 19730731    76.0
19730801 19730831    40.7
19730901 19730930    88.5
19731001 19731031    42.9
19731101 19731130   114.7
19731201 19731231   127.7
19740101 19740131    54.2
19740201 19740228    48.0
19740301 19740331     9.4
19740401 19740430    48.2
19740501 19740531    28.6
19740601 19740630    38.0
19740701 19740731     8.6
19740801 19740831    82.4
19740901 19740930    25.6
19741001 19741031    65.2
19741101 19741130   130.4
19741201 19741231    44.6
19750101 19750131    34.0
19750201 19750228   142.0
19750301 19750331   297.8
19750401 19750430    32.6
19750501 19750531     1.6
19750601 19750630    64.8
19750701 19750731    48.7
19750801 19750831    56.8
19750901 19750930    32.8
19751001 19751031    79.8
19751101 19751130    77.8
19751201 19751231    99.8
19760101 19760131   138.6
19760201 19760229   313.0
19760301 19760331   135.6
19760401 19760430     7.4
19760501 19760531    29.6
19760601 19760630    60.0
19760701 19760731    69.0
19760801 19760831    16.4
19760901 19760930    79.0
19761001 19761031    53.4
19761101 19761130    79.4
19761201 19761231    23.0
19770101 19770131    77.8
19770201 19770228   139.0
19770301 19770331   127.6
19770401 19770430    85.4
19770501 19770531   106.8
19770601 19770630    36.4
19770701 19770731     1.0
19770801 19770831    13.8
19770901 19770930    33.8
19771001 19771031    34.4
19771101 19771130    40.4
19771201 19771231    25.8
19780101 19780131   187.0
19780201 19780228    59.8
19780301 19780331    55.2
19780401 19780430    27.0
19780501 19780531   113.0
19780601 19780630    90.4
19780701 19780731    61.6
19780801 19780831    41.4
19780901 19780930   102.6
19781001 19781031    37.2
19781101 19781130   149.0
19781201 19781231   143.0
19790101 19790131    18.4
19790201 19790228    15.0
19790301 19790331   125.8
19790401 19790430    26.4
19790501 19790531    60.0
19790601 19790630    42.6
19790701 19790731    11.4
19790801 19790831    19.0
19790901 19790930    50.0
19791001 19791031    88.0
19791101 19791130    96.6
19791201 19791231     7.0
19800101 19800131    71.4
19800201 19800229    73.0
19800301 19800331     7.8
19800401 19800430     1.0
19800501 19800531   102.4
19800601 19800630    12.8
19800701 19800731    21.2
19800801 19800831    20.2
19800901 19800930     0.4
19801001 19801031    61.8
19801101 19801130    58.4
19801201 19801231   220.2
19810101 19810131     6.4
19810201 19810228    70.2
19810301 19810331    18.0
19810401 19810430    21.0
19810501 19810531    67.6
19810601 19810630   112.0
19810701 19810731   112.8
19810801 19810831    14.2
19810901 19810930    20.4
19811001 19811031    86.8
19811101 19811130   101.8
19811201 19811231   110.2
19820101 19820131    43.4
19820201 19820228    39.0
19820301 19820331   260.8
19820401 19820430    44.6
19820501 19820531    19.8
19820601 19820630     4.2
19820701 19820731    17.8
19820801 19820831     0.2
19820901 19820930    77.0
19821001 19821031    55.4
19821101 19821130     2.8
19821201 19821231    93.4
19830101 19830131   152.6
19830201 19830228    42.2
19830301 19830331    60.0
19830401 19830430   132.6
19830501 19830531   213.0
19830601 19830630    68.0
19830701 19830731    57.6
19830801 19830831    66.6
19830901 19830930    74.8
19831001 19831031   125.0
19831101 19831130    81.0
19831201 19831231    80.4
19840101 19840131   188.8
19840201 19840229    74.8
19840301 19840331    23.8
19840401 19840430    94.6
19840501 19840531     7.8
19840601 19840630    27.0
19840701 19840731   171.0
19840801 19840831    25.0
19840901 19840930    48.0
19841001 19841031    63.2
19841101 19841130    91.6
19841201 19841231    88.4
19850101 19850131    24.8
19850201 19850228    78.0
19850301 19850331    47.4
19850401 19850430    45.2
19850501 19850531    31.8
19850601 19850630    18.0
19850701 19850731    68.8
19850801 19850831    63.4
19850901 19850930    37.0
19851001 19851031    46.4
19851101 19851130   120.6
19851201 19851231   143.4
19860101 19860131    71.0
19860201 19860228    59.4
19860301 19860331    30.6
19860401 19860430     1.4
19860501 19860531    61.4
19860601 19860630     3.2
19860701 19860731    84.6
19860801 19860831    49.4
19860901 19860930    58.8
19861001 19861031    64.6
19861101 19861130   193.6
19861201 19861231    41.8
19870101 19870131   164.0
19870201 19870228    57.2
19870301 19870331   131.6
19870401 19870430     4.0
19870501 19870531    60.6
19870601 19870630    20.4
19870701 19870731    28.2
19870801 19870831    69.8
19870901 19870930    15.6
19871001 19871031    53.0
19871101 19871130    51.4
19871201 19871231   102.6
19880101 19880131   148.0
19880201 19880229   144.0
19880301 19880331    19.4
19880401 19880430   231.8
19880501 19880531    25.8
19880601 19880630    18.4
19880701 19880731    68.2
19880801 19880831    78.4
19880901 19880930    73.8
19881001 19881031    18.2
19881101 19881130    67.0
19881201 19881231    95.6
19890101 19890131    48.4
19890201 19890228     5.8
19890301 19890331   133.2
19890401 19890430    71.0
19890501 19890531    50.2
19890601 19890630    74.4
19890701 19890731    60.0
19890801 19890831     8.0
19890901 19890930     1.6
19891001 19891031    80.6
19891101 19891130   132.2
19891201 19891231   143.0
19900101 19900131    84.2
19900201 19900228    64.4
19900301 19900331     6.4
19900401 19900430   157.6
19900501 19900531    63.6
19900601 19900630    49.6
19900701 19900731    57.8
19900801 19900831    14.2
19900901 19900930    25.2
19901001 19901031    43.0
19901101 19901130     9.8
19901201 19901231    98.0
19910101 19910131   211.0
19910201 19910228   129.2
19910301 19910331    25.4
19910401 19910430     0.0
19910501 19910531    43.0
19910601 19910630    32.8
19910701 19910731    69.2
19910801 19910831     0.0
19910901 19910930     6.4
19911001 19911031    13.6
19911101 19911130    55.4
19911201 19911231   123.8
19920101 19920131    74.2
19920201 19920229   165.0
19920301 19920331    33.4
19920401 19920430    34.2
19920501 19920531    47.4
19920601 19920630    19.8
19920701 19920731    30.4
19920801 19920831    66.4
19920901 19920930    24.6
19921001 19921031    51.6
19921101 19921130    64.4
19921201 19921231    97.8
19930101 19930131    90.6
19930201 19930228    76.4
19930301 19930331    39.0
19930401 19930430     0.0
19930501 19930531    23.8
19930601 19930630    37.6
19930701 19930731    66.6
19930801 19930831    34.2
19930901 19930930    60.0
19931001 19931031   126.2
19931101 19931130     8.6
19931201 19931231   100.0
19940101 19940131    65.8
19940201 19940228   184.2
19940301 19940331    70.2
19940401 19940430    20.0
19940501 19940531     5.8
19940601 19940630    29.0
19940701 19940731     3.6
19940801 19940831    33.6
19940901 19940930    19.6
19941001 19941031    21.8
19941101 19941130    53.4
19941201 19941231   109.8
19950101 19950131   192.0
19950201 19950228   102.2
19950301 19950331    38.8
19950401 19950430     4.0
19950501 19950531    37.6
19950601 19950630    61.2
19950701 19950731     8.4
19950801 19950831     0.0
19950901 19950930    74.0
19951001 19951031    42.8
19951101 19951130   137.8
19951201 19951231   107.2
19960101 19960131   505.4
19960201 19960229    70.8
19960301 19960331    11.2
19960401 19960430    18.4
19960501 19960531   119.4
19960601 19960630    27.8
19960701 19960731    64.2
19960801 19960831    57.4
19960901 19960930    91.2
19961001 19961031    42.0
19961101 19961130    56.2
19961201 19961231   142.6
19970101 19970131    45.8
19970201 19970228   154.4
19970301 19970331    42.8
19970401 19970430     0.0
19970501 19970531    84.2
19970601 19970630    35.6
19970701 19970731    12.4
19970801 19970831    14.0
19970901 19970930    38.8
19971001 19971031    79.8
19971101 19971130    94.6
19971201 19971231   136.8
19980101 19980131   106.4
19980201 19980228    82.4
19980301 19980331     9.0
19980401 19980430    54.6
19980501 19980531    79.6
19980601 19980630    69.9
19980701 19980731   157.0
19980801 19980831   108.3
19980901 19980930    53.8
19981001 19981031    65.0
19981101 19981130    76.1
19981201 19981231    47.4
19990101 19990131    72.6
19990201 19990228    76.9
19990301 19990331   136.3
19990401 19990430    40.5
19990501 19990531     6.4
19990601 19990630    41.4
19990701 19990731    43.2
19990801 19990831    47.4
19990901 19990930    19.6
19991001 19991031   148.9
19991101 19991130   124.2
19991201 19991231    95.6
20000101 20000131    37.8
20000201 20000229    39.0
20000301 20000331   179.6
20000401 20000430    19.8
20000501 20000531    46.2
20000601 20000630    10.6
20000701 20000731    36.7
20000801 20000831    21.8
20000901 20000930     5.0
20001001 20001031   104.0
20001101 20001130   217.0
20001201 20001231   159.4
20010101 20010131    59.2
20010201 20010228   223.4
20010301 20010331   101.4
20010401 20010430    14.4
20010501 20010531    42.4
20010601 20010630    30.8
20010701 20010731    65.6
20010801 20010831    17.6
20010901 20010930    24.4
20011001 20011031    52.8
20011101 20011130   169.5
20011201 20011231    38.2
20020101 20020131    38.1
20020201 20020228    25.6
20020301 20020331    99.2
20020401 20020430     2.2
20020501 20020531     6.4
20020601 20020630    13.9
20020701 20020731     1.2
20020801 20020831    52.2
20020901 20020930    23.7
20021001 20021031    25.5
20021101 20021130    59.1
20021201 20021231    93.7
20030101 20030131    11.8
20030201 20030228   128.3
20030301 20030331    84.3
20030401 20030430    80.1
20030501 20030531     0.9
20030601 20030630    31.6
20030701 20030731    29.6
20030801 20030831    25.7
20030901 20030930     1.0
20031001 20031031   118.1
20031101 20031130    49.9
20031201 20031231   123.3
20040101 20040131   243.4
20040201 20040229    26.2
20040301 20040331    52.3
20040401 20040430    37.4
20040501 20040531    27.1
20040601 20040630    10.1
20040701 20040731    25.9
20040801 20040831    27.4
20040901 20040930    72.8
20041001 20041031    35.6
20041101 20041130    92.6
20041201 20041231   219.9
20050101 20050131    42.3
20050201 20050228     8.8
20050301 20050331    17.4
20050401 20050430     0.1
20050501 20050531    15.7
20050601 20050630   128.3
20050701 20050731    20.0
20050801 20050831    16.6
20050901 20050930    57.5
20051001 20051031    62.0
20051101 20051130   119.9
20051201 20051231    65.9
20060101 20060131    87.9
20060201 20060228   144.2
20060301 20060331    26.6
20060401 20060430    23.4
20060501 20060531     3.0
20060601 20060630    34.1
20060701 20060731    48.6
20060801 20060831     9.1
20060901 20060930    30.2
20061001 20061031    22.5
20061101 20061130    66.7
20061201 20061231    15.7
20070101 20070131    16.4
20070201 20070228    49.6
20070301 20070331    28.3
20070401 20070430    61.2
20070501 20070531    30.6
20070601 20070630    86.7
20070701 20070731     5.3
20070801 20070831    61.5
20070901 20070930     2.4
20071001 20071031    53.5
20071101 20071130    54.7
20071201 20071231   135.2
20080101 20080131    72.2
20080201 20080229   144.7
20080301 20080331     4.7
20080401 20080430     6.1
20080501 20080531     3.0
20080601 20080630    61.0
20080701 20080731    38.7
20080801 20080831     4.6
20080901 20080930    67.0
20081001 20081031    11.6
20081101 20081130   181.1
20081201 20081231   209.0
20090101 20090131    42.8
20090201 20090228   205.7
20090301 20090331     4.9
20090401 20090430    27.6
20090501 20090531    53.4
20090601 20090630    33.5
20090701 20090731    21.9
20090801 20090831     5.0
20090901 20090930    35.9
20091001 20091031    19.5
20091101 20091130    23.5
20091201 20091231   239.5
20100101 20100131    30.8
20100201 20100228    42.3
20100301 20100331    62.7
20100401 20100430     4.5
20100501 20100531    61.2
20100601 20100630    33.5
20100701 20100731    91.3
20100801 20100831    82.0
20100901 20100930   131.2
20101001 20101031    86.7
20101101 20101130    86.9
20101201 20101231    88.8
20110101 20110131   125.4
20110201 20110228    31.9
20110301 20110331    68.1
20110401 20110430    86.3
20110501 20110531    42.7
20110601 20110630    44.8
20110701 20110731     8.1
20110801 20110831    56.3
20110901 20110930 99999.9
20111001 20111031    90.2
20111101 20111130   110.4
20111201 20111231   161.2
20120101 20120131    96.3
20120201 20120229    64.6
20120301 20120331     8.1
20120401 20120430    44.9
20120501 20120531    40.1
20120601 20120630    15.9
20120701 20120731    58.2
20120801 20120831     6.5
20120901 20120930    22.8
20121001 20121031    27.4
20121101 20121130    41.5
20121201 20121231   107.5
20130101 20130131   176.5
20130201 20130228    54.9
20130301 20130331    93.4
20130401 20130430    28.6
20130501 20130531    13.9
20130601 20130630    73.5
20130701 20130731    17.3
20130801 20130831     8.0
20130901 20130930    22.9
20131001 20131031    15.7
20131101 20131130    91.7
20131201 20131231    13.5
20140101 20140131    31.9
20140201 20140228    36.5
20140301 20140331   195.8
20140401 20140430    17.4
20140501 20140531    22.3
20140601 20140630    54.9
20140701 20140731    11.3
20140801 20140831    55.0
20140901 20140930    28.1
20141001 20141031    13.3
20141101 20141130    41.6
20141201 20141231   151.4
20150101 20150131   196.9
20150201 20150228    58.6
20150301 20150331    36.5
20150401 20150430   120.5
20150501 20150531    52.2
20150601 20150630    43.2
20150701 20150731    67.0
20150801 20150831    11.7
20150901 20150930    13.5
20151001 20151031    67.8
20151101 20151130   124.4
20151201 20151231   136.0
20160101 20160131   133.0
20160201 20160229    27.1
20160301 20160331    22.2
20160401 20160430    36.0
20160501 20160531    28.3
20160601 20160630   109.8
20160701 20160731    50.4
20160801 20160831    76.9
20160901 20160930   141.1
20161001 20161031    62.7
20161101 20161130    23.8
20161201 20161231    54.1
20170101 20170131    99.0
20170201 20170228    27.3
20170301 20170331   191.2
20170401 20170430    47.6
20170501 20170531    34.1
20170601 20170630    32.3
20170701 20170731    13.7
20170801 20170831     7.0
20170901 20170930     3.5
20171001 20171031   142.5
20171101 20171130    40.2
20171201 20171231    17.4
