PRCP       047053 18680101 20130228 missing_value=99999.9 WENTWORTH POST OFFICE                     
18680101 18680131    33.5
18680201 18680229     8.4
18680301 18680331     6.4
18680401 18680430    19.8
18680501 18680531     9.1
18680601 18680630    11.2
18680701 18680731    64.5
18680801 18680831     4.3
18680901 18680930    38.4
18681001 18681031    10.4
18681101 18681130    10.9
18681201 18681231     0.0
18690101 18690131     7.1
18690201 18690228    24.6
18690301 18690331    58.9
18690401 18690430     0.0
18690501 18690531    12.7
18690601 18690630    32.0
18690701 18690731    18.3
18690801 18690831     9.7
18690901 18690930    16.8
18691001 18691031    54.1
18691101 18691130    12.7
18691201 18691231    22.1
18700101 18700131   105.9
18700201 18700228     0.0
18700301 18700331    28.4
18700401 18700430    62.5
18700501 18700531   150.1
18700601 18700630    61.0
18700701 18700731    30.7
18700801 18700831    49.3
18700901 18700930    70.9
18701001 18701031   113.3
18701101 18701130     7.1
18701201 18701231    25.9
18710101 18710131    63.5
18710201 18710228    67.5
18710301 18710331     0.0
18710401 18710430    21.1
18710501 18710531    62.5
18710601 18710630    19.3
18710701 18710731     9.7
18710801 18710831     7.4
18710901 18710930    13.1
18711001 18711031    12.1
18711101 18711130   100.6
18711201 18711231    15.6
18720101 18720131    92.2
18720201 18720229     6.3
18720301 18720331     5.9
18720401 18720430    13.7
18720501 18720531    24.9
18720601 18720630    64.5
18720701 18720731    37.8
18720801 18720831    17.3
18720901 18720930    30.9
18721001 18721031    33.1
18721101 18721130    64.0
18721201 18721231    10.2
18730101 18730131    57.7
18730201 18730228    34.4
18730301 18730331     7.1
18730401 18730430    43.3
18730501 18730531    42.2
18730601 18730630    19.8
18730701 18730731     8.1
18730801 18730831    44.4
18730901 18730930    21.9
18731001 18731031    12.7
18731101 18731130    12.5
18731201 18731231    24.6
18740101 18740131    44.8
18740201 18740228     3.0
18740301 18740331    51.3
18740401 18740430    13.7
18740501 18740531    39.3
18740601 18740630    28.9
18740701 18740731    21.0
18740801 18740831    26.3
18740901 18740930    23.2
18741001 18741031    13.3
18741101 18741130    12.4
18741201 18741231     2.0
18750101 18750131     8.6
18750201 18750228    32.0
18750301 18750331    11.2
18750401 18750430    23.9
18750501 18750531    71.2
18750601 18750630    30.7
18750701 18750731    33.3
18750801 18750831    33.0
18750901 18750930    25.8
18751001 18751031    19.1
18751101 18751130     8.6
18751201 18751231    26.2
18760101 18760131     5.3
18760201 18760229    32.8
18760301 18760331    14.7
18760401 18760430     7.4
18760501 18760531    35.5
18760601 18760630     0.8
18760701 18760731    26.4
18760801 18760831     8.7
18760901 18760930    19.6
18761001 18761031    19.6
18761101 18761130    54.1
18761201 18761231     2.5
18770101 18770131    12.4
18770201 18770228     7.3
18770301 18770331    40.1
18770401 18770430     8.6
18770501 18770531    35.2
18770601 18770630    24.9
18770701 18770731    16.5
18770801 18770831     1.0
18770901 18770930    47.5
18771001 18771031    11.9
18771101 18771130     3.3
18771201 18771231     9.4
18780101 18780131     0.0
18780201 18780228    19.1
18780301 18780331   115.6
18780401 18780430    23.9
18780501 18780531     1.0
18780601 18780630    13.9
18780701 18780731    29.7
18780801 18780831     4.0
18780901 18780930     5.1
18781001 18781031     7.7
18781101 18781130    14.2
18781201 18781231     4.8
18790101 18790131     1.5
18790201 18790228     8.5
18790301 18790331     8.2
18790401 18790430    13.0
18790501 18790531    23.4
18790601 18790630    13.3
18790701 18790731    42.8
18790801 18790831    24.9
18790901 18790930    49.3
18791001 18791031    60.0
18791101 18791130    70.7
18791201 18791231    12.4
18800101 18800131    15.8
18800201 18800229    20.3
18800301 18800331    23.0
18800401 18800430    21.3
18800501 18800531     7.1
18800601 18800630     8.9
18800701 18800731     7.3
18800801 18800831    22.1
18800901 18800930    33.3
18801001 18801031    27.3
18801101 18801130     7.9
18801201 18801231    10.6
18810101 18810131    92.9
18810201 18810228     2.8
18810301 18810331    20.4
18810401 18810430    15.7
18810501 18810531    71.8
18810601 18810630    43.5
18810701 18810731    13.2
18810801 18810831    32.5
18810901 18810930    25.0
18811001 18811031    10.0
18811101 18811130     9.4
18811201 18811231    15.4
18820101 18820131     0.0
18820201 18820228     0.3
18820301 18820331     0.6
18820401 18820430    20.3
18820501 18820531    34.2
18820601 18820630    27.8
18820701 18820731    17.1
18820801 18820831    28.9
18820901 18820930     1.1
18821001 18821031    31.6
18821101 18821130    60.9
18821201 18821231    12.0
18830101 18830131     0.5
18830201 18830228    13.7
18830301 18830331    10.1
18830401 18830430    17.7
18830501 18830531    39.4
18830601 18830630    18.3
18830701 18830731    11.3
18830801 18830831    29.5
18830901 18830930    18.5
18831001 18831031    36.3
18831101 18831130    24.3
18831201 18831231     8.6
18840101 18840131     2.0
18840201 18840229     0.3
18840301 18840331    70.9
18840401 18840430     6.9
18840501 18840531    36.5
18840601 18840630    34.7
18840701 18840731     0.8
18840801 18840831     3.6
18840901 18840930    30.0
18841001 18841031     7.4
18841101 18841130     6.1
18841201 18841231    15.2
18850101 18850131     5.6
18850201 18850228    47.0
18850301 18850331    19.4
18850401 18850430     2.3
18850501 18850531    15.3
18850601 18850630    18.0
18850701 18850731     9.3
18850801 18850831     7.7
18850901 18850930    38.2
18851001 18851031     8.6
18851101 18851130     0.0
18851201 18851231    90.5
18860101 18860131    48.6
18860201 18860228     1.0
18860301 18860331     0.3
18860401 18860430     4.1
18860501 18860531     4.1
18860601 18860630     9.4
18860701 18860731    84.5
18860801 18860831    50.2
18860901 18860930    32.7
18861001 18861031     4.0
18861101 18861130    14.7
18861201 18861231    36.4
18870101 18870131     0.3
18870201 18870228    18.0
18870301 18870331     6.1
18870401 18870430    77.1
18870501 18870531    27.5
18870601 18870630    36.2
18870701 18870731    41.1
18870801 18870831    23.1
18870901 18870930    19.8
18871001 18871031    20.0
18871101 18871130    67.1
18871201 18871231    41.2
18880101 18880131    12.6
18880201 18880229     8.6
18880301 18880331     1.8
18880401 18880430     0.0
18880501 18880531    18.8
18880601 18880630    10.6
18880701 18880731    10.4
18880801 18880831     5.9
18880901 18880930    26.6
18881001 18881031     2.5
18881101 18881130     0.8
18881201 18881231    18.5
18890101 18890131    72.1
18890201 18890228    21.2
18890301 18890331     0.0
18890401 18890430    86.9
18890501 18890531    81.9
18890601 18890630    54.6
18890701 18890731     1.6
18890801 18890831    49.5
18890901 18890930    35.2
18891001 18891031    57.1
18891101 18891130    27.4
18891201 18891231    13.2
18900101 18900131    18.7
18900201 18900228     8.9
18900301 18900331    23.3
18900401 18900430    18.3
18900501 18900531    72.2
18900601 18900630    37.5
18900701 18900731    63.5
18900801 18900831    48.3
18900901 18900930     5.6
18901001 18901031    35.9
18901101 18901130    35.8
18901201 18901231     8.4
18910101 18910131    29.5
18910201 18910228     0.0
18910301 18910331    31.6
18910401 18910430    59.1
18910501 18910531    26.1
18910601 18910630    54.9
18910701 18910731     0.6
18910801 18910831    32.8
18910901 18910930     4.1
18911001 18911031    41.3
18911101 18911130     3.8
18911201 18911231     6.6
18920101 18920131    10.4
18920201 18920229     6.9
18920301 18920331     0.3
18920401 18920430    19.6
18920501 18920531    24.2
18920601 18920630    30.7
18920701 18920731    27.1
18920801 18920831    17.3
18920901 18920930    59.1
18921001 18921031    79.7
18921101 18921130    47.2
18921201 18921231     5.6
18930101 18930131     0.5
18930201 18930228     0.0
18930301 18930331    14.4
18930401 18930430    26.4
18930501 18930531    70.4
18930601 18930630    41.8
18930701 18930731    20.4
18930801 18930831    17.4
18930901 18930930    48.8
18931001 18931031    11.9
18931101 18931130    57.4
18931201 18931231     2.5
18940101 18940131     6.1
18940201 18940228     4.6
18940301 18940331    69.1
18940401 18940430    14.7
18940501 18940531    13.0
18940601 18940630    75.9
18940701 18940731    32.6
18940801 18940831    55.3
18940901 18940930    21.3
18941001 18941031    84.8
18941101 18941130    19.8
18941201 18941231   197.6
18950101 18950131    25.7
18950201 18950228     0.0
18950301 18950331     5.1
18950401 18950430    37.9
18950501 18950531     3.5
18950601 18950630    31.2
18950701 18950731    24.5
18950801 18950831    35.6
18950901 18950930    16.3
18951001 18951031     1.3
18951101 18951130     4.8
18951201 18951231    28.7
18960101 18960131     4.5
18960201 18960229    16.7
18960301 18960331     9.4
18960401 18960430    15.7
18960501 18960531    28.9
18960601 18960630    25.1
18960701 18960731    19.2
18960801 18960831    26.7
18960901 18960930    14.2
18961001 18961031     8.2
18961101 18961130     9.4
18961201 18961231    21.2
18970101 18970131    43.9
18970201 18970228     8.3
18970301 18970331     0.5
18970401 18970430     0.3
18970501 18970531    13.4
18970601 18970630    25.7
18970701 18970731    32.8
18970801 18970831    30.5
18970901 18970930    27.8
18971001 18971031     2.8
18971101 18971130     0.0
18971201 18971231     5.6
18980101 18980131     0.0
18980201 18980228    47.7
18980301 18980331     0.5
18980401 18980430    22.1
18980501 18980531     9.2
18980601 18980630    33.0
18980701 18980731    15.3
18980801 18980831    56.9
18980901 18980930    10.2
18981001 18981031    22.9
18981101 18981130     0.6
18981201 18981231    24.6
18990101 18990131     9.2
18990201 18990228    35.8
18990301 18990331    17.3
18990401 18990430    21.3
18990501 18990531    10.2
18990601 18990630    74.2
18990701 18990731    24.5
18990801 18990831     6.6
18990901 18990930    13.0
18991001 18991031    15.0
18991101 18991130    36.8
18991201 18991231     0.8
19000101 19000131    26.1
19000201 19000228     0.0
19000301 19000331    14.8
19000401 19000430    67.6
19000501 19000531    15.8
19000601 19000630    44.5
19000701 19000731    17.3
19000801 19000831    34.1
19000901 19000930    22.1
19001001 19001031    10.7
19001101 19001130    13.5
19001201 19001231     0.6
19010101 19010131    38.6
19010201 19010228     4.5
19010301 19010331     0.0
19010401 19010430     8.5
19010501 19010531     0.9
19010601 19010630     8.2
19010701 19010731    24.7
19010801 19010831    92.2
19010901 19010930    19.9
19011001 19011031    26.8
19011101 19011130     4.4
19011201 19011231     9.9
19020101 19020131     4.4
19020201 19020228     0.0
19020301 19020331     8.6
19020401 19020430     2.1
19020501 19020531     2.6
19020601 19020630    20.3
19020701 19020731     4.2
19020801 19020831     8.8
19020901 19020930    18.7
19021001 19021031    11.4
19021101 19021130    14.8
19021201 19021231    75.2
19030101 19030131     2.1
19030201 19030228    26.4
19030301 19030331    26.6
19030401 19030430    30.4
19030501 19030531    21.9
19030601 19030630    19.5
19030701 19030731    11.9
19030801 19030831    11.8
19030901 19030930   109.3
19031001 19031031    27.5
19031101 19031130    38.3
19031201 19031231    31.4
19040101 19040131    16.8
19040201 19040229    65.0
19040301 19040331     4.1
19040401 19040430    13.0
19040501 19040531    12.6
19040601 19040630    31.3
19040701 19040731    49.5
19040801 19040831    18.9
19040901 19040930    17.4
19041001 19041031    41.5
19041101 19041130    17.8
19041201 19041231    41.9
19050101 19050131    55.6
19050201 19050228     6.4
19050301 19050331    11.4
19050401 19050430    54.3
19050501 19050531    43.1
19050601 19050630    29.3
19050701 19050731    22.8
19050801 19050831     3.6
19050901 19050930     9.9
19051001 19051031    26.9
19051101 19051130     0.6
19051201 19051231     0.0
19060101 19060131     0.0
19060201 19060228    16.8
19060301 19060331    75.6
19060401 19060430     0.0
19060501 19060531    36.8
19060601 19060630    58.2
19060701 19060731    24.3
19060801 19060831    33.6
19060901 19060930    47.2
19061001 19061031    34.1
19061101 19061130    25.9
19061201 19061231    39.1
19070101 19070131     1.3
19070201 19070228     0.0
19070301 19070331     6.4
19070401 19070430    26.2
19070501 19070531    23.4
19070601 19070630    34.8
19070701 19070731    24.7
19070801 19070831    34.7
19070901 19070930     2.1
19071001 19071031     6.1
19071101 19071130    24.2
19071201 19071231    62.7
19080101 19080131     5.6
19080201 19080229    34.3
19080301 19080331    12.7
19080401 19080430     0.3
19080501 19080531    31.0
19080601 19080630    35.8
19080701 19080731    13.6
19080801 19080831    36.1
19080901 19080930    61.8
19081001 19081031    71.4
19081101 19081130    11.7
19081201 19081231     3.8
19090101 19090131     9.1
19090201 19090228     2.5
19090301 19090331    28.2
19090401 19090430    11.4
19090501 19090531    75.9
19090601 19090630    67.8
19090701 19090731    11.2
19090801 19090831    35.1
19090901 19090930    21.5
19091001 19091031     7.2
19091101 19091130    17.0
19091201 19091231     4.3
19100101 19100131    52.4
19100201 19100228     0.0
19100301 19100331    83.0
19100401 19100430     1.3
19100501 19100531    55.5
19100601 19100630    64.3
19100701 19100731    35.4
19100801 19100831    41.9
19100901 19100930    52.7
19101001 19101031    28.2
19101101 19101130    24.6
19101201 19101231     4.6
19110101 19110131    34.0
19110201 19110228   222.4
19110301 19110331    23.9
19110401 19110430     1.0
19110501 19110531    49.3
19110601 19110630    16.8
19110701 19110731    19.1
19110801 19110831    11.7
19110901 19110930    37.3
19111001 19111031    27.0
19111101 19111130    37.6
19111201 19111231    36.4
19120101 19120131     1.0
19120201 19120229    22.8
19120301 19120331     4.1
19120401 19120430     0.0
19120501 19120531     0.5
19120601 19120630    89.9
19120701 19120731     8.7
19120801 19120831    48.1
19120901 19120930    29.1
19121001 19121031     3.1
19121101 19121130    63.2
19121201 19121231    16.0
19130101 19130131     0.0
19130201 19130228    36.8
19130301 19130331    89.1
19130401 19130430    11.0
19130501 19130531    18.1
19130601 19130630     0.0
19130701 19130731     1.8
19130801 19130831    12.6
19130901 19130930    36.9
19131001 19131031   121.2
19131101 19131130     9.5
19131201 19131231    23.7
19140101 19140131     5.1
19140201 19140228    13.5
19140301 19140331    76.7
19140401 19140430    25.1
19140501 19140531     9.6
19140601 19140630     2.6
19140701 19140731     9.0
19140801 19140831     0.0
19140901 19140930     0.0
19141001 19141031     2.8
19141101 19141130    39.4
19141201 19141231    20.8
19150101 19150131    10.9
19150201 19150228     0.0
19150301 19150331     0.0
19150401 19150430    26.4
19150501 19150531    27.0
19150601 19150630    29.6
19150701 19150731    28.3
19150801 19150831    33.0
19150901 19150930    54.1
19151001 19151031    11.3
19151101 19151130     0.0
19151201 19151231     0.0
19160101 19160131    13.0
19160201 19160229     0.5
19160301 19160331     0.0
19160401 19160430     4.5
19160501 19160531    20.9
19160601 19160630    62.7
19160701 19160731    67.9
19160801 19160831    62.8
19160901 19160930    74.2
19161001 19161031    26.4
19161101 19161130    60.2
19161201 19161231    13.4
19170101 19170131    38.9
19170201 19170228    59.2
19170301 19170331    14.8
19170401 19170430     0.0
19170501 19170531    34.2
19170601 19170630    51.8
19170701 19170731    49.8
19170801 19170831    65.5
19170901 19170930    56.1
19171001 19171031    58.2
19171101 19171130    38.4
19171201 19171231    10.7
19180101 19180131    21.3
19180201 19180228    14.0
19180301 19180331    31.5
19180401 19180430    45.2
19180501 19180531    80.0
19180601 19180630    20.1
19180701 19180731    10.4
19180801 19180831    35.0
19180901 19180930     9.1
19181001 19181031    18.9
19181101 19181130     0.0
19181201 19181231     4.1
19190101 19190131     5.6
19190201 19190228    45.4
19190301 19190331     0.0
19190401 19190430    11.9
19190501 19190531    68.7
19190601 19190630    12.4
19190701 19190731     7.1
19190801 19190831     7.1
19190901 19190930     9.4
19191001 19191031    12.4
19191101 19191130     7.8
19191201 19191231    19.8
19200101 19200131    21.6
19200201 19200229     0.8
19200301 19200331     3.8
19200401 19200430    15.2
19200501 19200531    20.7
19200601 19200630    32.9
19200701 19200731    12.2
19200801 19200831    77.8
19200901 19200930    65.1
19201001 19201031    55.5
19201101 19201130    47.5
19201201 19201231    41.4
19210101 19210131    28.0
19210201 19210228    49.4
19210301 19210331    27.0
19210401 19210430     0.0
19210501 19210531    43.3
19210601 19210630    30.1
19210701 19210731    12.0
19210801 19210831    18.3
19210901 19210930    59.1
19211001 19211031    18.9
19211101 19211130     4.3
19211201 19211231    27.4
19220101 19220131    18.3
19220201 19220228    40.6
19220301 19220331     0.0
19220401 19220430    33.0
19220501 19220531    26.9
19220601 19220630    29.7
19220701 19220731    12.8
19220801 19220831     9.4
19220901 19220930    21.6
19221001 19221031    18.3
19221101 19221130     0.0
19221201 19221231    12.1
19230101 19230131     2.5
19230201 19230228     0.0
19230301 19230331     0.0
19230401 19230430     0.0
19230501 19230531    27.3
19230601 19230630    83.3
19230701 19230731    55.7
19230801 19230831    19.6
19230901 19230930    25.6
19231001 19231031    10.6
19231101 19231130     8.9
19231201 19231231    27.2
19240101 19240131    14.2
19240201 19240229    29.7
19240301 19240331    16.8
19240401 19240430     6.9
19240501 19240531     6.2
19240601 19240630    32.1
19240701 19240731     0.8
19240801 19240831    23.0
19240901 19240930    27.0
19241001 19241031    26.2
19241101 19241130    35.4
19241201 19241231    32.8
19250101 19250131    10.9
19250201 19250228    15.9
19250301 19250331    13.5
19250401 19250430     0.5
19250501 19250531    47.9
19250601 19250630    13.7
19250701 19250731    24.6
19250801 19250831    13.7
19250901 19250930    37.3
19251001 19251031     1.6
19251101 19251130    16.9
19251201 19251231     0.0
19260101 19260131     0.0
19260201 19260228     0.0
19260301 19260331    12.4
19260401 19260430     5.6
19260501 19260531    89.9
19260601 19260630    35.3
19260701 19260731    13.7
19260801 19260831    34.2
19260901 19260930    26.8
19261001 19261031    14.6
19261101 19261130     0.3
19261201 19261231     2.3
19270101 19270131     8.6
19270201 19270228     1.8
19270301 19270331     6.1
19270401 19270430     0.0
19270501 19270531     7.1
19270601 19270630    10.9
19270701 19270731    29.2
19270801 19270831    17.9
19270901 19270930    12.9
19271001 19271031    21.0
19271101 19271130    32.8
19271201 19271231     4.5
19280101 19280131    10.9
19280201 19280229   150.4
19280301 19280331    40.2
19280401 19280430     2.0
19280501 19280531     4.4
19280601 19280630    31.6
19280701 19280731    22.0
19280801 19280831     4.1
19280901 19280930    20.1
19281001 19281031    16.4
19281101 19281130     0.0
19281201 19281231     8.1
19290101 19290131     6.4
19290201 19290228    30.7
19290301 19290331     1.0
19290401 19290430     3.0
19290501 19290531     0.0
19290601 19290630     5.8
19290701 19290731    10.9
19290801 19290831     9.7
19290901 19290930    18.7
19291001 19291031     0.0
19291101 19291130    22.4
19291201 19291231    73.9
19300101 19300131    13.2
19300201 19300228     0.0
19300301 19300331     9.4
19300401 19300430    16.5
19300501 19300531    54.1
19300601 19300630     2.0
19300701 19300731    20.6
19300801 19300831    37.6
19300901 19300930     8.9
19301001 19301031    53.0
19301101 19301130    19.3
19301201 19301231    48.9
19310101 19310131     7.8
19310201 19310228     0.5
19310301 19310331    54.6
19310401 19310430    70.0
19310501 19310531    34.9
19310601 19310630    71.6
19310701 19310731    12.7
19310801 19310831    11.4
19310901 19310930    37.2
19311001 19311031    18.1
19311101 19311130    23.9
19311201 19311231     3.3
19320101 19320131     2.0
19320201 19320229    75.0
19320301 19320331    29.4
19320401 19320430    32.1
19320501 19320531    31.8
19320601 19320630    30.0
19320701 19320731    17.5
19320801 19320831    36.8
19320901 19320930     3.6
19321001 19321031    13.9
19321101 19321130    11.5
19321201 19321231    16.0
19330101 19330131    60.4
19330201 19330228     0.0
19330301 19330331     4.8
19330401 19330430     1.0
19330501 19330531    17.8
19330601 19330630     2.3
19330701 19330731    28.0
19330801 19330831    31.3
19330901 19330930    32.9
19331001 19331031    11.1
19331101 19331130    86.8
19331201 19331231    29.0
19340101 19340131    15.2
19340201 19340228    14.8
19340301 19340331     8.1
19340401 19340430     5.6
19340501 19340531     0.0
19340601 19340630     5.6
19340701 19340731    29.0
19340801 19340831    13.9
19340901 19340930    19.1
19341001 19341031    49.0
19341101 19341130    28.5
19341201 19341231     6.6
19350101 19350131    10.2
19350201 19350228     1.3
19350301 19350331    16.3
19350401 19350430    25.2
19350501 19350531     8.1
19350601 19350630    11.6
19350701 19350731    18.5
19350801 19350831    13.8
19350901 19350930    15.5
19351001 19351031    23.6
19351101 19351130     3.3
19351201 19351231     5.6
19360101 19360131    84.2
19360201 19360229     2.8
19360301 19360331     5.8
19360401 19360430    17.3
19360501 19360531    26.2
19360601 19360630    21.0
19360701 19360731    42.5
19360801 19360831     9.7
19360901 19360930     8.6
19361001 19361031    18.3
19361101 19361130     2.0
19361201 19361231    87.5
19370101 19370131    68.6
19370201 19370228     4.1
19370301 19370331    16.0
19370401 19370430     4.5
19370501 19370531    15.3
19370601 19370630    38.0
19370701 19370731    12.5
19370801 19370831    47.0
19370901 19370930     5.6
19371001 19371031    36.0
19371101 19371130     1.5
19371201 19371231    47.0
19380101 19380131    16.2
19380201 19380228     4.3
19380301 19380331     2.5
19380401 19380430     5.9
19380501 19380531     2.8
19380601 19380630    15.9
19380701 19380731    43.1
19380801 19380831    11.5
19380901 19380930     1.6
19381001 19381031    18.6
19381101 19381130     4.4
19381201 19381231     0.5
19390101 19390131     0.8
19390201 19390228    68.9
19390301 19390331    11.4
19390401 19390430     8.0
19390501 19390531    33.6
19390601 19390630    25.5
19390701 19390731    17.2
19390801 19390831    29.0
19390901 19390930     8.9
19391001 19391031    29.8
19391101 19391130    67.5
19391201 19391231     0.5
19400101 19400131     8.6
19400201 19400229     0.0
19400301 19400331     0.3
19400401 19400430    35.1
19400501 19400531     5.6
19400601 19400630     1.0
19400701 19400731    12.0
19400801 19400831     5.7
19400901 19400930    27.5
19401001 19401031     6.1
19401101 19401130     5.9
19401201 19401231     5.9
19410101 19410131    63.2
19410201 19410228     8.6
19410301 19410331     7.4
19410401 19410430     0.5
19410501 19410531     6.8
19410601 19410630    24.2
19410701 19410731    32.5
19410801 19410831    18.8
19410901 19410930    21.8
19411001 19411031    20.0
19411101 19411130    27.6
19411201 19411231     9.4
19420101 19420131     4.3
19420201 19420228    10.7
19420301 19420331     0.8
19420401 19420430    17.6
19420501 19420531    41.3
19420601 19420630    50.1
19420701 19420731    19.1
19420801 19420831    41.6
19420901 19420930     7.0
19421001 19421031    41.4
19421101 19421130     4.1
19421201 19421231    11.9
19430101 19430131     0.3
19430201 19430228    16.5
19430301 19430331     1.3
19430401 19430430    13.3
19430501 19430531     5.7
19430601 19430630     4.3
19430701 19430731    11.6
19430801 19430831    15.2
19430901 19430930    21.9
19431001 19431031    22.4
19431101 19431130    11.8
19431201 19431231     2.3
19440101 19440131     3.3
19440201 19440229     0.0
19440301 19440331     2.8
19440401 19440430     3.6
19440501 19440531    26.2
19440601 19440630     2.6
19440701 19440731    14.8
19440801 19440831     2.3
19440901 19440930     2.4
19441001 19441031    18.6
19441101 19441130    16.8
19441201 19441231    20.4
19450101 19450131     0.9
19450201 19450228     6.6
19450301 19450331     1.0
19450401 19450430     0.0
19450501 19450531    27.0
19450601 19450630    33.0
19450701 19450731    19.3
19450801 19450831    23.5
19450901 19450930     4.6
19451001 19451031    42.2
19451101 19451130    10.3
19451201 19451231    17.8
19460101 19460131    37.6
19460201 19460228    66.4
19460301 19460331    14.7
19460401 19460430     9.8
19460501 19460531    25.4
19460601 19460630    42.6
19460701 19460731    27.0
19460801 19460831     8.7
19460901 19460930     4.1
19461001 19461031    10.6
19461101 19461130    45.0
19461201 19461231    18.0
19470101 19470131     3.1
19470201 19470228    48.8
19470301 19470331    56.2
19470401 19470430     5.3
19470501 19470531     1.5
19470601 19470630    29.3
19470701 19470731    34.0
19470801 19470831    17.5
19470901 19470930    25.7
19471001 19471031    47.5
19471101 19471130    20.0
19471201 19471231    28.0
19480101 19480131     3.3
19480201 19480229     0.8
19480301 19480331     0.0
19480401 19480430    27.3
19480501 19480531    10.6
19480601 19480630    35.7
19480701 19480731    12.3
19480801 19480831    25.2
19480901 19480930     7.6
19481001 19481031    38.0
19481101 19481130     8.4
19481201 19481231    26.9
19490101 19490131     0.0
19490201 19490228    47.0
19490301 19490331    36.1
19490401 19490430     5.1
19490501 19490531    81.6
19490601 19490630     8.4
19490701 19490731    15.1
19490801 19490831     5.6
19490901 19490930    30.9
19491001 19491031    32.2
19491101 19491130    10.8
19491201 19491231     4.6
19500101 19500131     0.3
19500201 19500228   110.3
19500301 19500331   138.7
19500401 19500430     2.0
19500501 19500531    30.2
19500601 19500630     3.1
19500701 19500731    31.3
19500801 19500831    13.5
19500901 19500930    11.7
19501001 19501031    34.3
19501101 19501130    26.4
19501201 19501231    16.2
19510101 19510131    15.7
19510201 19510228    11.7
19510301 19510331     0.8
19510401 19510430    12.3
19510501 19510531    27.8
19510601 19510630    82.2
19510701 19510731    20.7
19510801 19510831    34.7
19510901 19510930    19.8
19511001 19511031    23.9
19511101 19511130     1.8
19511201 19511231     1.5
19520101 19520131    29.2
19520201 19520229     3.3
19520301 19520331    33.5
19520401 19520430    21.0
19520501 19520531    79.2
19520601 19520630    14.8
19520701 19520731    11.5
19520801 19520831    13.9
19520901 19520930    10.5
19521001 19521031    73.6
19521101 19521130    49.1
19521201 19521231     2.0
19530101 19530131    18.6
19530201 19530228     8.9
19530301 19530331     0.0
19530401 19530430     5.3
19530501 19530531     4.7
19530601 19530630    22.3
19530701 19530731    29.4
19530801 19530831    33.0
19530901 19530930    96.6
19531001 19531031    28.5
19531101 19531130    15.3
19531201 19531231     6.1
19540101 19540131    19.8
19540201 19540228     0.0
19540301 19540331     1.8
19540401 19540430    54.4
19540501 19540531     6.4
19540601 19540630     7.6
19540701 19540731    11.8
19540801 19540831    50.3
19540901 19540930     8.6
19541001 19541031    30.0
19541101 19541130    33.6
19541201 19541231    33.3
19550101 19550131     0.0
19550201 19550228    39.1
19550301 19550331    16.3
19550401 19550430     8.9
19550501 19550531    53.3
19550601 19550630    50.3
19550701 19550731    20.1
19550801 19550831    48.7
19550901 19550930    42.9
19551001 19551031    18.5
19551101 19551130    18.0
19551201 19551231     5.9
19560101 19560131    12.5
19560201 19560229     0.0
19560301 19560331    62.8
19560401 19560430    25.9
19560501 19560531    90.8
19560601 19560630    45.5
19560701 19560731    57.0
19560801 19560831    13.2
19560901 19560930    40.7
19561001 19561031    48.7
19561101 19561130     9.4
19561201 19561231     0.0
19570101 19570131     0.0
19570201 19570228   127.2
19570301 19570331    14.7
19570401 19570430     6.6
19570501 19570531     9.2
19570601 19570630    60.8
19570701 19570731    17.5
19570801 19570831     7.4
19570901 19570930     3.5
19571001 19571031    19.5
19571101 19571130     4.8
19571201 19571231    47.9
19580101 19580131    28.7
19580201 19580228     0.0
19580301 19580331     5.6
19580401 19580430    16.5
19580501 19580531    29.0
19580601 19580630     1.8
19580701 19580731    31.4
19580801 19580831    52.3
19580901 19580930    11.6
19581001 19581031    81.2
19581101 19581130   106.8
19581201 19581231     5.6
19590101 19590131     3.8
19590201 19590228    10.6
19590301 19590331     2.3
19590401 19590430     0.0
19590501 19590531    10.9
19590601 19590630     0.8
19590701 19590731    13.3
19590801 19590831    10.7
19590901 19590930    15.7
19591001 19591031    51.3
19591101 19591130     2.0
19591201 19591231     5.8
19600101 19600131    28.6
19600201 19600229    29.2
19600301 19600331    11.0
19600401 19600430    20.5
19600501 19600531    50.7
19600601 19600630    11.9
19600701 19600731    56.1
19600801 19600831    35.8
19600901 19600930    24.1
19601001 19601031    15.3
19601101 19601130    43.0
19601201 19601231     5.3
19610101 19610131     5.6
19610201 19610228    12.2
19610301 19610331    32.3
19610401 19610430    31.6
19610501 19610531     8.9
19610601 19610630    13.5
19610701 19610731    29.0
19610801 19610831     8.5
19610901 19610930    27.7
19611001 19611031     8.6
19611101 19611130    72.9
19611201 19611231    57.1
19620101 19620131    68.1
19620201 19620228     1.8
19620301 19620331    10.4
19620401 19620430     2.5
19620501 19620531    38.1
19620601 19620630     5.6
19620701 19620731    15.1
19620801 19620831    34.3
19620901 19620930     7.0
19621001 19621031     9.9
19621101 19621130     2.1
19621201 19621231    80.7
19630101 19630131    26.9
19630201 19630228     3.1
19630301 19630331     9.4
19630401 19630430    27.1
19630501 19630531    36.4
19630601 19630630    73.2
19630701 19630731    34.6
19630801 19630831    32.6
19630901 19630930    10.1
19631001 19631031    17.1
19631101 19631130     9.1
19631201 19631231    16.4
19640101 19640131    17.1
19640201 19640229     6.9
19640301 19640331     1.8
19640401 19640430    32.4
19640501 19640531    15.0
19640601 19640630    18.6
19640701 19640731    14.5
19640801 19640831    19.2
19640901 19640930    92.4
19641001 19641031    30.6
19641101 19641130     7.1
19641201 19641231    13.2
19650101 19650131     0.3
19650201 19650228     0.0
19650301 19650331     1.6
19650401 19650430     9.4
19650501 19650531    21.9
19650601 19650630    29.7
19650701 19650731    40.6
19650801 19650831    55.2
19650901 19650930    45.4
19651001 19651031    13.2
19651101 19651130    26.7
19651201 19651231    15.9
19660101 19660131    13.3
19660201 19660228    16.3
19660301 19660331    32.1
19660401 19660430     1.8
19660501 19660531    29.7
19660601 19660630    18.0
19660701 19660731    29.3
19660801 19660831    27.3
19660901 19660930    23.6
19661001 19661031    19.1
19661101 19661130    39.7
19661201 19661231    53.4
19670101 19670131    10.5
19670201 19670228    32.5
19670301 19670331     6.9
19670401 19670430     0.8
19670501 19670531    10.4
19670601 19670630    11.3
19670701 19670731     8.7
19670801 19670831    22.9
19670901 19670930    10.0
19671001 19671031    12.2
19671101 19671130     0.0
19671201 19671231     0.3
19680101 19680131    31.5
19680201 19680229     0.0
19680301 19680331     9.7
19680401 19680430    14.7
19680501 19680531    41.9
19680601 19680630    33.8
19680701 19680731    23.2
19680801 19680831    23.7
19680901 19680930     5.6
19681001 19681031    18.4
19681101 19681130    11.2
19681201 19681231    18.8
19690101 19690131     2.5
19690201 19690228    55.1
19690301 19690331   144.6
19690401 19690430     3.3
19690501 19690531    30.2
19690601 19690630     5.6
19690701 19690731    34.3
19690801 19690831     4.3
19690901 19690930    29.8
19691001 19691031     5.9
19691101 19691130    23.9
19691201 19691231     6.9
19700101 19700131    20.1
19700201 19700228    18.3
19700301 19700331     8.9
19700401 19700430    30.3
19700501 19700531     5.1
19700601 19700630    15.1
19700701 19700731     2.6
19700801 19700831    43.1
19700901 19700930    69.6
19701001 19701031     5.8
19701101 19701130    43.7
19701201 19701231     9.4
19710101 19710131     0.0
19710201 19710228     2.6
19710301 19710331    21.5
19710401 19710430    90.4
19710501 19710531     5.3
19710601 19710630    18.1
19710701 19710731    21.3
19710801 19710831    20.4
19710901 19710930     9.4
19711001 19711031     0.0
19711101 19711130    18.4
19711201 19711231    20.4
19720101 19720131    48.0
19720201 19720229    26.0
19720301 19720331     0.0
19720401 19720430    11.8
19720501 19720531     9.7
19720601 19720630     5.1
19720701 19720731     4.3
19720801 19720831    37.8
19720901 19720930     7.1
19721001 19721031    20.3
19721101 19721130     4.9
19721201 19721231     4.6
19730101 19730131    16.3
19730201 19730228    98.5
19730301 19730331    35.1
19730401 19730430    11.2
19730501 19730531    16.2
19730601 19730630    42.4
19730701 19730731    41.0
19730801 19730831    69.5
19730901 19730930    18.5
19731001 19731031    94.9
19731101 19731130    48.6
19731201 19731231    38.6
19740101 19740131    87.4
19740201 19740228    47.2
19740301 19740331    31.2
19740401 19740430   117.8
19740501 19740531    81.2
19740601 19740630     2.6
19740701 19740731    47.5
19740801 19740831    15.3
19740901 19740930    45.8
19741001 19741031    70.4
19741101 19741130   104.0
19741201 19741231     0.0
19750101 19750131     6.2
19750201 19750228     2.8
19750301 19750331    11.6
19750401 19750430     3.8
19750501 19750531     8.8
19750601 19750630     6.2
19750701 19750731    28.0
19750801 19750831    32.8
19750901 19750930    60.8
19751001 19751031    97.5
19751101 19751130    11.7
19751201 19751231   119.9
19760101 19760131    28.0
19760201 19760229    40.5
19760301 19760331     6.2
19760401 19760430    29.6
19760501 19760531     4.0
19760601 19760630     3.6
19760701 19760731     7.6
19760801 19760831     4.5
19760901 19760930    23.4
19761001 19761031   100.7
19761101 19761130    22.0
19761201 19761231     4.2
19770101 19770131     4.0
19770201 19770228    78.4
19770301 19770331     2.5
19770401 19770430     4.6
19770501 19770531    37.2
19770601 19770630    30.7
19770701 19770731     2.7
19770801 19770831     1.6
19770901 19770930    17.6
19771001 19771031     3.4
19771101 19771130    53.5
19771201 19771231     0.7
19780101 19780131    10.2
19780201 19780228     0.0
19780301 19780331    21.7
19780401 19780430     5.3
19780501 19780531    28.9
19780601 19780630    61.3
19780701 19780731    42.2
19780801 19780831    29.8
19780901 19780930    32.8
19781001 19781031    17.7
19781101 19781130    37.6
19781201 19781231     5.8
19790101 19790131    59.8
19790201 19790228    17.9
19790301 19790331    18.0
19790401 19790430    20.4
19790501 19790531    69.1
19790601 19790630     2.8
19790701 19790731     1.0
19790801 19790831    19.2
19790901 19790930    34.2
19791001 19791031    55.8
19791101 19791130    36.4
19791201 19791231     0.2
19800101 19800131     7.8
19800201 19800229     1.6
19800301 19800331     4.6
19800401 19800430    93.2
19800501 19800531    21.2
19800601 19800630    36.0
19800701 19800731    22.0
19800801 19800831    17.8
19800901 19800930     7.6
19801001 19801031    28.2
19801101 19801130    13.0
19801201 19801231    15.4
19810101 19810131    27.4
19810201 19810228    23.3
19810301 19810331    26.4
19810401 19810430     0.0
19810501 19810531    45.4
19810601 19810630    33.4
19810701 19810731    50.3
19810801 19810831    26.6
19810901 19810930    30.0
19811001 19811031    18.8
19811101 19811130    19.8
19811201 19811231     2.8
19820101 19820131    32.2
19820201 19820228     1.0
19820301 19820331    14.6
19820401 19820430     5.1
19820501 19820531     1.8
19820601 19820630    13.0
19820701 19820731     1.0
19820801 19820831     2.7
19820901 19820930    23.7
19821001 19821031     0.8
19821101 19821130     0.6
19821201 19821231     6.4
19830101 19830131     0.0
19830201 19830228     0.0
19830301 19830331    46.4
19830401 19830430    12.0
19830501 19830531     5.6
19830601 19830630     5.1
19830701 19830731    40.2
19830801 19830831    50.8
19830901 19830930    32.0
19831001 19831031    40.0
19831101 19831130    11.8
19831201 19831231    32.0
19840101 19840131   103.2
19840201 19840229     6.0
19840301 19840331    39.2
19840401 19840430    23.4
19840501 19840531     1.7
19840601 19840630     0.0
19840701 19840731    49.4
19840801 19840831    48.0
19840901 19840930    30.2
19841001 19841031    14.6
19841101 19841130     3.7
19841201 19841231     0.8
19850101 19850131     4.7
19850201 19850228     0.1
19850301 19850331     3.0
19850401 19850430     1.2
19850501 19850531    31.1
19850601 19850630     9.2
19850701 19850731     5.2
19850801 19850831    47.7
19850901 19850930    10.4
19851001 19851031    66.4
19851101 19851130     7.0
19851201 19851231    18.6
19860101 19860131     0.0
19860201 19860228     8.4
19860301 19860331     0.0
19860401 19860430     3.4
19860501 19860531    24.0
19860601 19860630     5.0
19860701 19860731    48.6
19860801 19860831    61.2
19860901 19860930    30.3
19861001 19861031    46.5
19861101 19861130    18.0
19861201 19861231    53.2
19870101 19870131    12.8
19870201 19870228     3.8
19870301 19870331    25.4
19870401 19870430     6.0
19870501 19870531    22.6
19870601 19870630    36.6
19870701 19870731    34.0
19870801 19870831    44.5
19870901 19870930    18.8
19871001 19871031    15.0
19871101 19871130     7.0
19871201 19871231    33.6
19880101 19880131    28.8
19880201 19880229     1.6
19880301 19880331    12.4
19880401 19880430    16.2
19880501 19880531    34.0
19880601 19880630    35.8
19880701 19880731    29.2
19880801 19880831     7.2
19880901 19880930    28.4
19881001 19881031     6.1
19881101 19881130    52.2
19881201 19881231    50.0
19890101 19890131    22.8
19890201 19890228     5.2
19890301 19890331    77.8
19890401 19890430    38.9
19890501 19890531    53.4
19890601 19890630    36.8
19890701 19890731    28.3
19890801 19890831    19.8
19890901 19890930    11.4
19891001 19891031     2.6
19891101 19891130    17.2
19891201 19891231    11.0
19900101 19900131    20.4
19900201 19900228    15.6
19900301 19900331     6.2
19900401 19900430    21.4
19900501 19900531    34.1
19900601 19900630    28.8
19900701 19900731    43.6
19900801 19900831    41.2
19900901 19900930    17.4
19901001 19901031     3.0
19901101 19901130     3.8
19901201 19901231     3.4
19910101 19910131    89.4
19910201 19910228     0.0
19910301 19910331     0.0
19910401 19910430    13.2
19910501 19910531     0.0
19910601 19910630    65.6
19910701 19910731    52.4
19910801 19910831    15.6
19910901 19910930    30.8
19911001 19911031     1.2
19911101 19911130    44.4
19911201 19911231     2.0
19920101 19920131     0.0
19920201 19920229     8.6
19920301 19920331     6.8
19920401 19920430    13.2
19920501 19920531    45.8
19920601 19920630    18.4
19920701 19920731     3.8
19920801 19920831    47.0
19920901 19920930    82.0
19921001 19921031    53.2
19921101 19921130    42.4
19921201 19921231    57.4
19930101 19930131    85.8
19930201 19930228     3.0
19930301 19930331    10.0
19930401 19930430     0.0
19930501 19930531    16.8
19930601 19930630    15.4
19930701 19930731    33.0
19930801 19930831     6.0
19930901 19930930    45.2
19931001 19931031   101.6
19931101 19931130    26.8
19931201 19931231    67.2
19940101 19940131     0.0
19940201 19940228    73.4
19940301 19940331     0.0
19940401 19940430     1.2
19940501 19940531     1.2
19940601 19940630    26.3
19940701 19940731    12.8
19940801 19940831     1.2
19940901 19940930    16.6
19941001 19941031     3.2
19941101 19941130    14.4
19941201 19941231     7.4
19950101 19950131    33.6
19950201 19950228    21.0
19950301 19950331     0.0
19950401 19950430    10.4
19950501 19950531    45.7
19950601 19950630    10.2
19950701 19950731    40.0
19950801 19950831     5.2
19950901 19950930    52.0
19951001 19951031    33.9
19951101 19951130    12.8
19951201 19951231     0.0
19960101 19960131    17.2
19960201 19960229    11.8
19960301 19960331    29.8
19960401 19960430     6.6
19960501 19960531     1.0
19960601 19960630    36.2
19960701 19960731    54.8
19960801 19960831    38.4
19960901 19960930    31.4
19961001 19961031    14.8
19961101 19961130    14.0
19961201 19961231     1.2
19970101 19970131    22.8
19970201 19970228    54.8
19970301 19970331     0.2
19970401 19970430     0.2
19970501 19970531    17.0
19970601 19970630     8.6
19970701 19970731     3.4
19970801 19970831    37.8
19970901 19970930    78.2
19971001 19971031    10.8
19971101 19971130    12.8
19971201 19971231    11.7
19980101 19980131    11.0
19980201 19980228    11.6
19980301 19980331     1.6
19980401 19980430    25.4
19980501 19980531     0.4
19980601 19980630     6.8
19980701 19980731    35.4
19980801 19980831     3.8
19980901 19980930    21.8
19981001 19981031    15.0
19981101 19981130    11.8
19981201 19981231     5.2
19990101 19990131    32.8
19990201 19990228    56.4
19990301 19990331    20.8
19990401 19990430     4.6
19990501 19990531    30.8
19990601 19990630    20.2
19990701 19990731    37.4
19990801 19990831    35.6
19990901 19990930    11.6
19991001 19991031    23.9
19991101 19991130    71.8
19991201 19991231    31.6
20000101 20000131     4.1
20000201 20000229    63.6
20000301 20000331     2.2
20000401 20000430    39.6
20000501 20000531    15.8
20000601 20000630    12.0
20000701 20000731    34.0
20000801 20000831    41.8
20000901 20000930    43.6
20001001 20001031    38.0
20001101 20001130    39.8
20001201 20001231    14.4
20010101 20010131     0.4
20010201 20010228    12.4
20010301 20010331    10.0
20010401 20010430     4.4
20010501 20010531    16.4
20010601 20010630    33.2
20010701 20010731    27.2
20010801 20010831    15.4
20010901 20010930    38.2
20011001 20011031    28.0
20011101 20011130     1.6
20011201 20011231     3.8
20020101 20020131     1.6
20020201 20020228     9.8
20020301 20020331    12.0
20020401 20020430     9.8
20020501 20020531    16.8
20020601 20020630    16.8
20020701 20020731     7.0
20020801 20020831     9.4
20020901 20020930     8.6
20021001 20021031     4.6
20021101 20021130    19.6
20021201 20021231    66.2
20030101 20030131     0.6
20030201 20030228    40.4
20030301 20030331     0.0
20030401 20030430     0.6
20030501 20030531    19.4
20030601 20030630    17.2
20030701 20030731    14.6
20030801 20030831    51.0
20030901 20030930     3.0
20031001 20031031    30.4
20031101 20031130    20.0
20031201 20031231    41.8
20040101 20040131     3.2
20040201 20040229     1.4
20040301 20040331     0.6
20040401 20040430     0.0
20040501 20040531     8.4
20040601 20040630    22.8
20040701 20040731    25.0
20040801 20040831    23.2
20040901 20040930    12.7
20041001 20041031     1.6
20041101 20041130    47.4
20041201 20041231    23.0
20050101 20050131    21.0
20050201 20050228     5.6
20050301 20050331     5.2
20050401 20050430     2.8
20050501 20050531     3.0
20050601 20050630    49.8
20050701 20050731    34.0
20050801 20050831    27.6
20050901 20050930    58.2
20051001 20051031    68.6
20051101 20051130    49.0
20051201 20051231     2.0
20060101 20060131     7.2
20060201 20060228     1.8
20060301 20060331    28.8
20060401 20060430    19.4
20060501 20060531    11.3
20060601 20060630    11.8
20060701 20060731    31.8
20060801 20060831     9.0
20060901 20060930    11.8
20061001 20061031     0.0
20061101 20061130     6.2
20061201 20061231     5.6
20070101 20070131    48.6
20070201 20070228    13.8
20070301 20070331    16.0
20070401 20070430    33.8
20070501 20070531    22.2
20070601 20070630     1.6
20070701 20070731    25.8
20070801 20070831     3.4
20070901 20070930     3.0
20071001 20071031     7.8
20071101 20071130    36.4
20071201 20071231    15.4
20080101 20080131    19.0
20080201 20080229     0.0
20080301 20080331     0.4
20080401 20080430    12.4
20080501 20080531    27.6
20080601 20080630    14.2
20080701 20080731    17.0
20080801 20080831    42.1
20080901 20080930     5.8
20081001 20081031     3.4
20081101 20081130    36.4
20081201 20081231    41.2
20090101 20090131     3.4
20090201 20090228     0.0
20090301 20090331    23.0
20090401 20090430    25.8
20090501 20090531 99999.9
20090601 20090630    37.8
20090701 20090731    14.6
20090801 20090831    11.2
20090901 20090930    26.6
20091001 20091031     8.6
20091101 20091130    57.0
20091201 20091231    12.4
20100101 20100131     7.4
20100201 20100228    12.2
20100301 20100331    40.6
20100401 20100430    24.8
20100501 20100531    54.6
20100601 20100630    12.2
20100701 20100731    27.6
20100801 20100831    28.2
20100901 20100930    46.8
20101001 20101031    87.8
20101101 20101130   117.2
20101201 20101231    74.2
20110101 20110131    89.0
20110201 20110228   108.4
20110301 20110331   102.6
20110401 20110430     8.6
20110501 20110531    19.8
20110601 20110630     8.2
20110701 20110731    14.8
20110801 20110831    26.4
20110901 20110930 99999.9
20111001 20111031    24.6
20111101 20111130 99999.9
20111201 20111231   103.6
20120101 20120131    22.6
20120201 20120229 99999.9
20120301 20120331    50.8
20120401 20120430     3.8
20120501 20120531 99999.9
20120601 20120630    15.0
20120701 20120731 99999.9
20120801 20120831    17.4
20120901 20120930     9.6
20121001 20121031     4.4
20121101 20121130 99999.9
20121201 20121231     6.6
20130101 20130131 99999.9
20130201 20130228    20.4
