PRCP       010670 19050901 20180131 missing_value=99999.9 LAKE CARMODY                              
19050901 19050930    41.9
19051001 19051031     4.8
19051101 19051130     9.9
19051201 19051231 99999.9
19060101 19060131     7.6
19060201 19060228     7.1
19060301 19060331     3.6
19060401 19060430     0.5
19060501 19060531    35.3
19060601 19060630    34.8
19060701 19060731    81.8
19060801 19060831    38.6
19060901 19060930    24.6
19061001 19061031    11.4
19061101 19061130     2.8
19061201 19061231    30.5
19070101 19070131    12.0
19070201 19070228     0.0
19070301 19070331    42.0
19070401 19070430     6.3
19070501 19070531    22.7
19070601 19070630    37.6
19070701 19070731    40.6
19070801 19070831    61.0
19070901 19070930     6.9
19071001 19071031     2.5
19071101 19071130     7.8
19071201 19071231     0.0
19080101 19080131     0.0
19080201 19080229    10.9
19080301 19080331    10.2
19080401 19080430    25.1
19080501 19080531    56.6
19080601 19080630    45.7
19080701 19080731    24.6
19080801 19080831    14.2
19080901 19080930    10.9
19081001 19081031     1.5
19081101 19081130    28.7
19081201 19081231     0.0
19090101 19090131     8.4
19090201 19090228    12.4
19090301 19090331    11.4
19090401 19090430    66.3
19090501 19090531    36.3
19090601 19090630    63.8
19090701 19090731    27.4
19090801 19090831    90.3
19090901 19090930    26.5
19091001 19091031    16.0
19091101 19091130    14.4
19091201 19091231     0.8
19100101 19100131     8.1
19100201 19100228    20.1
19100301 19100331     1.5
19100401 19100430     4.8
19100501 19100531    60.8
19100601 19100630    60.0
19100701 19100731    52.7
19100801 19100831    15.8
19100901 19100930    19.2
19101001 19101031    11.1
19101101 19101130    10.6
19101201 19101231     5.1
19110101 19110131    30.7
19110201 19110228     2.5
19110301 19110331     3.3
19110401 19110430    20.8
19110501 19110531    53.6
19110601 19110630    27.9
19110701 19110731    23.6
19110801 19110831    24.4
19110901 19110930     8.9
19111001 19111031    13.2
19111101 19111130     0.8
19111201 19111231     5.8
19120101 19120131     0.0
19120201 19120229     9.9
19120301 19120331     8.7
19120401 19120430    10.1
19120501 19120531    48.0
19120601 19120630     2.0
19120701 19120731    59.2
19120801 19120831    24.6
19120901 19120930    19.0
19121001 19121031    15.2
19121101 19121130    17.8
19121201 19121231     1.8
19130101 19130131    18.5
19130201 19130228     0.0
19130301 19130331     8.4
19130401 19130430    11.4
19130501 19130531    24.2
19130601 19130630    26.7
19130701 19130731    14.2
19130801 19130831    49.9
19130901 19130930    45.0
19131001 19131031    15.3
19131101 19131130     5.1
19131201 19131231   105.4
19140101 19140131     0.0
19140201 19140228     0.0
19140301 19140331     0.0
19140401 19140430     7.1
19140501 19140531     3.8
19140601 19140630     2.8
19140701 19140731    22.6
19140801 19140831     3.0
19140901 19140930     1.3
19141001 19141031    41.9
19141101 19141130    88.7
19141201 19141231     8.1
19150101 19150131    64.0
19150201 19150228    41.6
19150301 19150331     4.1
19150401 19150430    11.4
19150501 19150531    72.4
19150601 19150630    36.1
19150701 19150731    69.8
19150801 19150831    42.2
19150901 19150930    14.2
19151001 19151031    26.9
19151101 19151130     0.0
19151201 19151231     0.0
19160101 19160131    28.2
19160201 19160229    18.2
19160301 19160331    22.5
19160401 19160430     2.7
19160501 19160531    22.9
19160601 19160630    28.0
19160701 19160731    58.5
19160801 19160831    44.1
19160901 19160930     8.6
19161001 19161031    15.2
19161101 19161130    16.6
19161201 19161231     0.0
19170101 19170131     0.0
19170201 19170228     0.0
19170301 19170331     0.0
19170401 19170430   174.0
19170501 19170531    83.4
19170601 19170630    31.8
19170701 19170731     0.0
19170801 19170831   113.5
19170901 19170930    34.9
19171001 19171031     1.8
19171101 19171130    18.1
19171201 19171231    29.9
19180101 19180131    14.8
19180201 19180228    72.4
19180301 19180331     7.7
19180401 19180430    63.0
19180501 19180531    32.3
19180601 19180630     0.2
19180701 19180731    18.6
19180801 19180831     0.1
19180901 19180930    18.4
19181001 19181031     0.0
19181101 19181130     8.9
19181201 19181231     0.0
19190101 19190131     0.0
19190201 19190228     1.3
19190301 19190331     0.0
19190401 19190430    57.2
19190501 19190531    32.8
19190601 19190630     0.1
19190701 19190731    47.0
19190801 19190831    47.0
19190901 19190930    22.1
19191001 19191031    19.8
19191101 19191130    15.5
19191201 19191231     0.0
19200101 19200131    11.4
19200201 19200229     0.0
19200301 19200331    92.2
19200401 19200430    19.9
19200501 19200531     0.0
19200601 19200630    11.6
19200701 19200731    40.8
19200801 19200831     0.6
19200901 19200930     6.6
19201001 19201031     0.0
19201101 19201130    12.7
19201201 19201231     0.0
19210101 19210131     0.0
19210201 19210228     0.0
19210301 19210331     0.8
19210401 19210430     0.0
19210501 19210531    57.1
19210601 19210630    31.2
19210701 19210731    33.4
19210801 19210831    20.5
19210901 19210930    17.0
19211001 19211031    18.6
19211101 19211130     3.9
19211201 19211231    17.2
19220101 19220131     0.0
19220201 19220228     0.0
19220301 19220331     0.0
19220401 19220430    23.0
19220501 19220531    23.5
19220601 19220630     0.5
19220701 19220731    23.7
19220801 19220831    26.1
19220901 19220930     0.0
19221001 19221031    17.7
19221101 19221130     0.0
19221201 19221231     0.0
19230101 19230131    16.8
19230201 19230228     6.7
19230301 19230331     3.0
19230401 19230430     8.1
19230501 19230531    27.6
19230601 19230630    34.2
19230701 19230731    24.4
19230801 19230831    11.1
19230901 19230930    27.8
19231001 19231031    10.8
19231101 19231130     0.0
19231201 19231231     0.0
19240101 19240131     7.6
19240201 19240229     0.0
19240301 19240331     1.3
19240401 19240430    12.7
19240501 19240531    48.1
19240601 19240630    26.1
19240701 19240731    13.1
19240801 19240831    41.3
19240901 19240930    24.4
19241001 19241031    31.2
19241101 19241130     0.0
19241201 19241231     0.5
19250101 19250131    30.2
19250201 19250228     0.0
19250301 19250331     0.0
19250401 19250430     0.0
19250501 19250531     0.0
19250601 19250630    20.3
19250701 19250731     0.0
19250801 19250831    31.9
19250901 19250930    19.6
19251001 19251031    16.6
19251101 19251130    11.4
19251201 19251231     0.0
19260101 19260131     0.0
19260201 19260228     0.0
19260301 19260331    87.6
19260401 19260430     0.0
19260501 19260531    63.5
19260601 19260630     9.7
19260701 19260731    82.9
19260801 19260831     0.0
19260901 19260930     0.0
19261001 19261031    22.6
19261101 19261130    13.4
19261201 19261231     0.9
19270101 19270131     0.0
19270201 19270228     0.0
19270301 19270331   125.0
19270401 19270430     0.0
19270501 19270531     4.1
19270601 19270630    24.3
19270701 19270731    15.0
19270801 19270831    25.4
19270901 19270930    48.6
19271001 19271031    19.4
19271101 19271130     3.3
19271201 19271231     0.0
19280101 19280131     0.0
19280201 19280229     0.0
19280301 19280331     5.1
19280401 19280430     1.3
19280501 19280531    27.9
19280601 19280630     5.1
19280701 19280731    52.3
19280801 19280831    54.9
19280901 19280930    17.4
19281001 19281031    12.6
19281101 19281130     0.0
19281201 19281231     5.8
19290101 19290131    18.8
19290201 19290228    30.2
19290301 19290331    12.7
19290401 19290430     0.0
19290501 19290531    62.0
19290601 19290630    26.2
19290701 19290731    54.6
19290801 19290831    42.7
19290901 19290930     1.0
19291001 19291031     0.0
19291101 19291130    78.5
19291201 19291231     0.8
19300101 19300131     0.0
19300201 19300228     1.3
19300301 19300331     0.0
19300401 19300430    67.0
19300501 19300531    26.6
19300601 19300630    43.6
19300701 19300731    40.2
19300801 19300831    46.7
19300901 19300930    16.5
19301001 19301031     3.0
19301101 19301130     5.6
19301201 19301231     0.0
19310101 19310131     0.0
19310201 19310228     7.4
19310301 19310331     0.0
19310401 19310430    31.2
19310501 19310531    50.1
19310601 19310630    18.4
19310701 19310731    40.1
19310801 19310831    88.9
19310901 19310930    33.8
19311001 19311031    12.8
19311101 19311130    65.3
19311201 19311231     7.9
19320101 19320131    21.8
19320201 19320229     0.0
19320301 19320331     0.0
19320401 19320430    34.3
19320501 19320531     6.1
19320601 19320630   108.1
19320701 19320731    32.5
19320801 19320831    60.2
19320901 19320930    44.1
19321001 19321031    64.8
19321101 19321130     5.6
19321201 19321231     0.0
19330101 19330131    11.4
19330201 19330228     0.0
19330301 19330331     6.4
19330401 19330430    12.7
19330501 19330531    71.1
19330601 19330630    16.8
19330701 19330731    35.2
19330801 19330831    39.7
19330901 19330930    12.5
19331001 19331031    24.2
19331101 19331130    26.4
19331201 19331231     9.9
19340101 19340131     6.9
19340201 19340228    15.8
19340301 19340331    59.2
19340401 19340430    68.1
19340501 19340531     4.5
19340601 19340630    40.1
19340701 19340731    41.9
19340801 19340831    30.9
19340901 19340930    22.5
19341001 19341031    13.2
19341101 19341130    24.2
19341201 19341231     6.6
19350101 19350131    12.7
19350201 19350228    19.7
19350301 19350331    11.0
19350401 19350430     8.1
19350501 19350531     8.9
19350601 19350630    14.8
19350701 19350731    64.0
19350801 19350831    43.5
19350901 19350930    39.6
19351001 19351031    78.6
19351101 19351130     0.3
19351201 19351231     3.6
19360101 19360131    22.1
19360201 19360229     0.5
19360301 19360331     4.0
19360401 19360430     3.8
19360501 19360531    49.9
19360601 19360630    64.5
19360701 19360731    31.4
19360801 19360831    51.5
19360901 19360930    12.0
19361001 19361031     6.2
19361101 19361130     9.2
19361201 19361231    17.2
19370101 19370131     2.5
19370201 19370228     2.6
19370301 19370331    99.5
19370401 19370430    27.4
19370501 19370531    32.7
19370601 19370630    42.6
19370701 19370731     5.1
19370801 19370831    29.3
19370901 19370930     8.1
19371001 19371031     8.1
19371101 19371130    47.0
19371201 19371231     0.0
19380101 19380131    41.2
19380201 19380228     0.0
19380301 19380331    33.2
19380401 19380430     5.8
19380501 19380531    20.3
19380601 19380630    48.3
19380701 19380731    40.6
19380801 19380831    25.5
19380901 19380930    25.4
19381001 19381031    15.3
19381101 19381130    11.7
19381201 19381231     3.6
19390101 19390131    35.2
19390201 19390228    66.6
19390301 19390331     2.1
19390401 19390430    11.1
19390501 19390531    64.5
19390601 19390630    20.1
19390701 19390731    65.2
19390801 19390831    38.9
19390901 19390930     3.8
19391001 19391031    38.2
19391101 19391130    42.4
19391201 19391231     0.0
19400101 19400131     3.0
19400201 19400229     0.0
19400301 19400331     0.0
19400401 19400430     7.1
19400501 19400531    16.4
19400601 19400630    17.8
19400701 19400731    37.0
19400801 19400831     9.1
19400901 19400930    15.9
19401001 19401031    34.3
19401101 19401130     8.6
19401201 19401231    72.4
19410101 19410131     0.0
19410201 19410228     0.0
19410301 19410331    14.5
19410401 19410430    16.0
19410501 19410531    45.3
19410601 19410630    45.7
19410701 19410731    50.2
19410801 19410831    35.2
19410901 19410930    35.9
19411001 19411031    56.6
19411101 19411130     3.8
19411201 19411231    11.4
19420101 19420131     0.0
19420201 19420228    14.9
19420301 19420331    93.4
19420401 19420430    77.2
19420501 19420531    31.7
19420601 19420630    30.9
19420701 19420731    55.2
19420801 19420831    53.4
19420901 19420930    27.6
19421001 19421031    12.7
19421101 19421130     0.0
19421201 19421231    56.1
19430101 19430131    30.5
19430201 19430228    66.4
19430301 19430331    45.5
19430401 19430430    42.0
19430501 19430531    15.7
19430601 19430630    47.2
19430701 19430731    35.1
19430801 19430831    40.0
19430901 19430930    31.9
19431001 19431031     0.0
19431101 19431130     0.0
19431201 19431231    23.6
19440101 19440131     0.0
19440201 19440229    14.0
19440301 19440331     3.0
19440401 19440430     4.3
19440501 19440531     4.8
19440601 19440630    11.9
19440701 19440731    45.3
19440801 19440831    64.0
19440901 19440930     8.9
19441001 19441031     0.0
19441101 19441130     0.0
19441201 19441231     0.0
19450101 19450131     6.1
19450201 19450228     0.0
19450301 19450331    14.0
19450401 19450430     3.8
19450501 19450531    38.6
19450601 19450630   129.6
19450701 19450731    44.0
19450801 19450831    74.9
19450901 19450930    16.5
19451001 19451031     7.6
19451101 19451130     0.0
19451201 19451231     0.0
19460101 19460131     3.6
19460201 19460228     8.6
19460301 19460331     0.0
19460401 19460430     8.9
19460501 19460531    20.7
19460601 19460630    58.7
19460701 19460731   107.1
19460801 19460831    46.3
19460901 19460930    29.5
19461001 19461031     0.0
19461101 19461130    28.2
19461201 19461231     0.0
19470101 19470131     0.0
19470201 19470228    13.2
19470301 19470331    10.2
19470401 19470430    43.5
19470501 19470531    29.7
19470601 19470630    37.0
19470701 19470731    36.6
19470801 19470831    19.8
19470901 19470930     8.2
19471001 19471031    36.0
19471101 19471130    12.4
19471201 19471231     0.0
19480101 19480131     2.3
19480201 19480229     3.8
19480301 19480331    12.9
19480401 19480430     0.0
19480501 19480531    13.5
19480601 19480630    35.3
19480701 19480731    28.7
19480801 19480831    41.0
19480901 19480930    45.7
19481001 19481031    20.1
19481101 19481130    10.2
19481201 19481231     0.0
19490101 19490131     0.0
19490201 19490228     1.8
19490301 19490331    10.2
19490401 19490430     5.1
19490501 19490531     9.2
19490601 19490630    48.6
19490701 19490731    68.6
19490801 19490831    60.5
19490901 19490930    24.0
19491001 19491031    20.4
19491101 19491130    35.7
19491201 19491231     3.8
19500101 19500131     5.3
19500201 19500228     0.0
19500301 19500331     0.0
19500401 19500430     0.0
19500501 19500531    97.4
19500601 19500630    25.9
19500701 19500731    32.3
19500801 19500831    38.4
19500901 19500930    22.9
19501001 19501031    16.7
19501101 19501130     6.1
19501201 19501231     0.5
19510101 19510131     9.4
19510201 19510228    89.1
19510301 19510331     8.7
19510401 19510430    34.2
19510501 19510531     7.7
19510601 19510630    62.4
19510701 19510731    18.4
19510801 19510831    36.4
19510901 19510930    11.3
19511001 19511031    15.2
19511101 19511130    10.1
19511201 19511231    26.1
19520101 19520131    17.0
19520201 19520229     0.0
19520301 19520331    13.5
19520401 19520430     4.0
19520501 19520531    29.7
19520601 19520630    26.3
19520701 19520731    35.1
19520801 19520831     7.1
19520901 19520930    34.6
19521001 19521031    24.5
19521101 19521130    28.7
19521201 19521231    18.6
19530101 19530131     0.0
19530201 19530228     5.6
19530301 19530331    85.2
19530401 19530430     9.7
19530501 19530531    79.1
19530601 19530630    65.3
19530701 19530731    40.3
19530801 19530831    34.1
19530901 19530930    26.2
19531001 19531031    43.1
19531101 19531130     6.9
19531201 19531231     0.0
19540101 19540131     4.1
19540201 19540228     0.0
19540301 19540331     0.0
19540401 19540430     1.8
19540501 19540531    57.7
19540601 19540630    26.6
19540701 19540731    37.5
19540801 19540831    32.6
19540901 19540930     7.1
19541001 19541031    15.0
19541101 19541130     7.4
19541201 19541231     2.8
19550101 19550131     4.3
19550201 19550228   170.0
19550301 19550331    38.6
19550401 19550430    59.3
19550501 19550531    34.7
19550601 19550630     9.5
19550701 19550731    28.6
19550801 19550831    78.0
19550901 19550930    76.2
19551001 19551031    17.9
19551101 19551130     1.5
19551201 19551231     1.3
19560101 19560131     0.5
19560201 19560229     1.3
19560301 19560331     3.0
19560401 19560430    20.5
19560501 19560531    29.3
19560601 19560630    33.4
19560701 19560731    51.6
19560801 19560831     2.3
19560901 19560930    22.0
19561001 19561031    20.8
19561101 19561130    28.2
19561201 19561231     0.0
19570101 19570131    38.1
19570201 19570228     1.5
19570301 19570331    24.5
19570401 19570430    11.0
19570501 19570531    29.0
19570601 19570630   117.8
19570701 19570731    16.0
19570801 19570831    24.1
19570901 19570930    11.0
19571001 19571031     4.8
19571101 19571130     0.5
19571201 19571231     0.0
19580101 19580131    66.0
19580201 19580228     1.5
19580301 19580331     1.3
19580401 19580430     3.3
19580501 19580531    50.3
19580601 19580630    26.9
19580701 19580731   111.3
19580801 19580831    14.5
19580901 19580930    32.6
19581001 19581031    31.8
19581101 19581130    16.2
19581201 19581231    21.1
19590101 19590131     3.5
19590201 19590228    24.8
19590301 19590331     4.3
19590401 19590430    26.5
19590501 19590531     5.7
19590601 19590630   106.1
19590701 19590731    10.2
19590801 19590831    29.1
19590901 19590930    48.5
19591001 19591031    17.2
19591101 19591130    22.2
19591201 19591231    14.7
19600101 19600131    39.0
19600201 19600229     5.4
19600301 19600331    71.3
19600401 19600430    21.4
19600501 19600531    57.9
19600601 19600630    21.9
19600701 19600731    91.6
19600801 19600831    20.8
19600901 19600930    35.5
19601001 19601031     1.6
19601101 19601130     6.1
19601201 19601231    33.0
19610101 19610131    57.9
19610201 19610228    12.8
19610301 19610331    12.7
19610401 19610430    60.7
19610501 19610531     5.1
19610601 19610630    38.9
19610701 19610731    38.7
19610801 19610831    31.0
19610901 19610930    15.4
19611001 19611031     3.9
19611101 19611130     0.0
19611201 19611231     8.2
19620101 19620131    49.1
19620201 19620228    30.5
19620301 19620331    13.7
19620401 19620430     0.5
19620501 19620531    81.2
19620601 19620630    51.3
19620701 19620731    25.8
19620801 19620831    29.4
19620901 19620930    27.7
19621001 19621031    16.5
19621101 19621130     7.1
19621201 19621231    51.1
19630101 19630131    56.8
19630201 19630228    62.9
19630301 19630331    31.6
19630401 19630430    30.0
19630501 19630531    96.8
19630601 19630630    85.9
19630701 19630731    69.8
19630801 19630831    62.3
19630901 19630930    14.6
19631001 19631031    24.0
19631101 19631130    17.0
19631201 19631231     6.6
19640101 19640131    11.0
19640201 19640229     9.5
19640301 19640331    20.8
19640401 19640430    54.8
19640501 19640531     6.1
19640601 19640630    64.0
19640701 19640731    88.7
19640801 19640831    54.1
19640901 19640930    34.5
19641001 19641031    30.4
19641101 19641130    10.9
19641201 19641231     3.5
19650101 19650131     0.0
19650201 19650228     0.0
19650301 19650331     8.6
19650401 19650430     9.5
19650501 19650531    86.8
19650601 19650630    77.8
19650701 19650731    55.4
19650801 19650831    54.9
19650901 19650930    20.2
19651001 19651031    39.2
19651101 19651130    15.1
19651201 19651231     4.3
19660101 19660131    67.6
19660201 19660228    15.4
19660301 19660331     0.0
19660401 19660430    43.1
19660501 19660531     3.6
19660601 19660630    79.3
19660701 19660731    67.9
19660801 19660831    15.2
19660901 19660930    33.8
19661001 19661031    36.0
19661101 19661130     0.0
19661201 19661231     5.6
19670101 19670131     8.4
19670201 19670228     2.5
19670301 19670331     1.4
19670401 19670430    10.2
19670501 19670531    90.9
19670601 19670630    27.8
19670701 19670731    43.5
19670801 19670831    21.9
19670901 19670930     6.8
19671001 19671031    45.9
19671101 19671130     1.1
19671201 19671231     7.3
19680101 19680131    48.6
19680201 19680229    18.3
19680301 19680331    74.3
19680401 19680430    37.1
19680501 19680531    14.2
19680601 19680630   146.9
19680701 19680731    50.9
19680801 19680831    32.1
19680901 19680930    27.2
19681001 19681031    15.6
19681101 19681130     4.6
19681201 19681231     9.4
19690101 19690131    14.2
19690201 19690228    15.0
19690301 19690331    17.8
19690401 19690430    27.5
19690501 19690531    14.3
19690601 19690630    52.0
19690701 19690731    18.3
19690801 19690831    10.7
19690901 19690930    28.8
19691001 19691031     5.1
19691101 19691130    11.7
19691201 19691231     7.6
19700101 19700131     0.0
19700201 19700228   119.9
19700301 19700331     2.4
19700401 19700430    33.8
19700501 19700531    26.6
19700601 19700630    53.6
19700701 19700731    16.0
19700801 19700831    15.5
19700901 19700930    65.5
19701001 19701031    13.2
19701101 19701130     4.9
19701201 19701231     1.5
19710101 19710131    29.5
19710201 19710228     4.3
19710301 19710331    92.2
19710401 19710430    13.7
19710501 19710531    41.9
19710601 19710630    22.0
19710701 19710731    32.8
19710801 19710831    30.4
19710901 19710930    40.7
19711001 19711031    16.7
19711101 19711130    40.3
19711201 19711231     4.0
19720101 19720131     3.6
19720201 19720229     0.0
19720301 19720331     7.7
19720401 19720430    14.5
19720501 19720531    12.2
19720601 19720630    56.5
19720701 19720731    47.1
19720801 19720831    26.7
19720901 19720930     5.8
19721001 19721031     9.4
19721101 19721130     4.9
19721201 19721231     0.8
19730101 19730131     7.9
19730201 19730228     3.3
19730301 19730331     1.5
19730401 19730430    42.9
19730501 19730531    23.2
19730601 19730630   104.3
19730701 19730731    60.5
19730801 19730831    36.9
19730901 19730930    57.1
19731001 19731031    24.7
19731101 19731130    17.5
19731201 19731231     6.1
19740101 19740131     0.2
19740201 19740228     0.0
19740301 19740331    36.3
19740401 19740430    97.5
19740501 19740531    99.8
19740601 19740630    36.5
19740701 19740731    36.2
19740801 19740831    48.4
19740901 19740930    32.8
19741001 19741031    25.2
19741101 19741130    72.3
19741201 19741231     9.4
19750101 19750131     0.0
19750201 19750228    27.8
19750301 19750331     1.6
19750401 19750430    92.0
19750501 19750531    36.2
19750601 19750630    60.8
19750701 19750731    58.2
19750801 19750831    38.2
19750901 19750930    17.1
19751001 19751031    40.6
19751101 19751130     4.6
19751201 19751231    35.8
19760101 19760131     7.8
19760201 19760229    75.2
19760301 19760331     7.0
19760401 19760430    33.2
19760501 19760531    22.6
19760601 19760630    16.3
19760701 19760731    15.6
19760801 19760831    65.2
19760901 19760930    33.8
19761001 19761031    44.8
19761101 19761130    28.4
19761201 19761231     0.0
19770101 19770131     0.2
19770201 19770228    14.2
19770301 19770331     0.6
19770401 19770430     4.8
19770501 19770531    27.2
19770601 19770630    27.4
19770701 19770731    13.6
19770801 19770831    34.8
19770901 19770930    21.0
19771001 19771031    45.7
19771101 19771130    28.8
19771201 19771231    69.2
19780101 19780131    31.8
19780201 19780228   103.8
19780301 19780331     0.6
19780401 19780430    79.4
19780501 19780531    19.8
19780601 19780630    53.0
19780701 19780731    86.2
19780801 19780831     4.4
19780901 19780930    39.8
19781001 19781031    19.8
19781101 19781130    21.8
19781201 19781231    11.2
19790101 19790131    16.8
19790201 19790228    45.8
19790301 19790331    13.4
19790401 19790430     4.6
19790501 19790531    21.0
19790601 19790630    52.0
19790701 19790731    22.0
19790801 19790831    47.6
19790901 19790930    29.8
19791001 19791031     6.0
19791101 19791130    23.0
19791201 19791231     9.8
19800101 19800131    13.4
19800201 19800229    44.8
19800301 19800331     1.8
19800401 19800430    32.2
19800501 19800531    18.2
19800601 19800630    42.8
19800701 19800731    32.0
19800801 19800831    24.0
19800901 19800930     5.0
19801001 19801031    22.2
19801101 19801130    23.0
19801201 19801231    18.6
19810101 19810131    21.2
19810201 19810228    29.8
19810301 19810331     9.4
19810401 19810430    19.0
19810501 19810531    47.0
19810601 19810630    46.8
19810701 19810731    48.2
19810801 19810831    39.0
19810901 19810930    12.6
19811001 19811031    13.8
19811101 19811130    22.8
19811201 19811231     1.8
19820101 19820131    26.4
19820201 19820228     2.4
19820301 19820331     8.6
19820401 19820430     0.0
19820501 19820531    22.6
19820601 19820630    60.6
19820701 19820731    20.8
19820801 19820831    63.6
19820901 19820930    30.8
19821001 19821031    27.4
19821101 19821130    11.6
19821201 19821231    14.4
19830101 19830131     5.6
19830201 19830228     5.4
19830301 19830331     1.6
19830401 19830430     1.2
19830501 19830531     9.0
19830601 19830630    45.6
19830701 19830731    62.6
19830801 19830831    25.4
19830901 19830930    53.0
19831001 19831031     8.0
19831101 19831130    56.2
19831201 19831231    46.2
19840101 19840131     4.2
19840201 19840229    18.8
19840301 19840331    14.0
19840401 19840430    27.2
19840501 19840531    81.4
19840601 19840630    17.8
19840701 19840731    47.4
19840801 19840831    46.4
19840901 19840930    34.2
19841001 19841031     9.4
19841101 19841130    13.4
19841201 19841231     8.0
19850101 19850131     0.0
19850201 19850228     8.8
19850301 19850331    23.6
19850401 19850430    16.2
19850501 19850531    10.6
19850601 19850630    15.6
19850701 19850731    50.8
19850801 19850831    51.0
19850901 19850930    32.2
19851001 19851031    24.6
19851101 19851130    19.2
19851201 19851231     0.0
19860101 19860131    23.4
19860201 19860228    30.2
19860301 19860331    15.2
19860401 19860430     5.6
19860501 19860531    46.0
19860601 19860630    85.8
19860701 19860731    27.4
19860801 19860831    64.4
19860901 19860930    29.6
19861001 19861031    18.4
19861101 19861130     8.4
19861201 19861231     4.2
19870101 19870131     1.6
19870201 19870228     0.6
19870301 19870331     2.6
19870401 19870430    23.6
19870501 19870531    42.0
19870601 19870630    20.0
19870701 19870731    46.2
19870801 19870831    37.4
19870901 19870930    33.0
19871001 19871031    11.6
19871101 19871130    25.2
19871201 19871231    52.8
19880101 19880131     2.6
19880201 19880229     0.4
19880301 19880331    20.0
19880401 19880430    24.8
19880501 19880531    56.4
19880601 19880630    30.9
19880701 19880731    35.8
19880801 19880831    36.0
19880901 19880930    34.0
19881001 19881031     8.8
19881101 19881130    11.2
19881201 19881231    23.3
19890101 19890131    21.8
19890201 19890228    39.4
19890301 19890331     2.4
19890401 19890430    43.2
19890501 19890531    97.6
19890601 19890630    56.6
19890701 19890731    32.4
19890801 19890831    29.0
19890901 19890930     9.4
19891001 19891031    12.6
19891101 19891130    15.6
19891201 19891231    10.8
19900101 19900131    73.4
19900201 19900228    20.8
19900301 19900331    42.8
19900401 19900430    21.2
19900501 19900531    31.8
19900601 19900630    44.4
19900701 19900731    44.8
19900801 19900831    18.0
19900901 19900930    28.6
19901001 19901031    50.4
19901101 19901130     2.6
19901201 19901231     0.8
19910101 19910131    15.0
19910201 19910228     0.0
19910301 19910331     8.6
19910401 19910430    15.2
19910501 19910531    19.8
19910601 19910630    58.2
19910701 19910731    69.2
19910801 19910831    33.0
19910901 19910930    24.8
19911001 19911031    29.2
19911101 19911130    24.4
19911201 19911231    21.4
19920101 19920131     7.0
19920201 19920229    44.2
19920301 19920331   144.0
19920401 19920430    10.2
19920501 19920531    39.4
19920601 19920630    74.4
19920701 19920731    38.0
19920801 19920831   106.4
19920901 19920930    45.8
19921001 19921031    18.6
19921101 19921130    29.0
19921201 19921231     5.8
19930101 19930131     4.0
19930201 19930228     1.2
19930301 19930331    24.8
19930401 19930430    11.0
19930501 19930531    50.2
19930601 19930630    65.2
19930701 19930731    22.6
19930801 19930831    61.4
19930901 19930930    35.4
19931001 19931031    10.6
19931101 19931130    47.2
19931201 19931231     4.2
19940101 19940131     1.0
19940201 19940228     2.8
19940301 19940331     2.8
19940401 19940430     0.4
19940501 19940531    50.2
19940601 19940630    40.2
19940701 19940731    25.4
19940801 19940831    40.0
19940901 19940930    26.6
19941001 19941031    12.0
19941101 19941130    12.8
19941201 19941231    12.6
19950101 19950131    12.2
19950201 19950228    38.8
19950301 19950331    13.2
19950401 19950430     8.4
19950501 19950531    51.6
19950601 19950630    71.6
19950701 19950731    76.2
19950801 19950831    28.4
19950901 19950930    24.4
19951001 19951031    52.4
19951101 19951130     5.6
19951201 19951231    25.6
19960101 19960131     1.2
19960201 19960229    17.2
19960301 19960331     5.0
19960401 19960430    26.0
19960501 19960531    24.0
19960601 19960630    71.8
19960701 19960731    63.2
19960801 19960831    31.2
19960901 19960930    66.6
19961001 19961031    24.4
19961101 19961130    27.2
19961201 19961231     0.4
19970101 19970131     0.0
19970201 19970228   125.0
19970301 19970331    47.4
19970401 19970430    31.2
19970501 19970531    34.4
19970601 19970630    23.2
19970701 19970731    43.0
19970801 19970831    31.2
19970901 19970930    41.8
19971001 19971031     8.0
19971101 19971130    18.8
19971201 19971231     3.8
19980101 19980131     0.0
19980201 19980228     0.0
19980301 19980331    29.6
19980401 19980430    81.0
19980501 19980531    27.0
19980601 19980630    73.4
19980701 19980731    43.2
19980801 19980831    41.6
19980901 19980930    25.6
19981001 19981031    13.4
19981101 19981130    13.8
19981201 19981231     9.8
19990101 19990131    50.8
19990201 19990228    12.2
19990301 19990331    49.4
19990401 19990430    63.6
19990501 19990531    47.2
19990601 19990630    22.2
19990701 19990731    65.0
19990801 19990831    41.4
19990901 19990930    39.6
19991001 19991031    28.0
19991101 19991130    17.4
19991201 19991231    59.2
20000101 20000131   204.4
20000201 20000229    18.8
20000301 20000331    48.2
20000401 20000430    18.4
20000501 20000531    11.8
20000601 20000630    29.2
20000701 20000731    60.2
20000801 20000831    44.0
20000901 20000930    16.4
20001001 20001031     0.8
20001101 20001130     3.4
20001201 20001231     3.6
20010101 20010131    61.8
20010201 20010228    13.2
20010301 20010331     0.6
20010401 20010430     0.4
20010501 20010531    48.6
20010601 20010630    12.8
20010701 20010731    69.4
20010801 20010831    66.2
20010901 20010930    33.0
20011001 20011031    21.8
20011101 20011130    43.0
20011201 20011231    15.6
20020101 20020131    19.4
20020201 20020228     5.0
20020301 20020331     2.4
20020401 20020430    25.0
20020501 20020531     5.8
20020601 20020630    18.2
20020701 20020731    25.0
20020801 20020831    27.4
20020901 20020930    13.8
20021001 20021031    10.6
20021101 20021130    34.4
20021201 20021231    10.2
20030101 20030131     2.6
20030201 20030228    52.2
20030301 20030331    38.8
20030401 20030430    17.0
20030501 20030531    85.0
20030601 20030630    42.8
20030701 20030731    51.8
20030801 20030831    66.6
20030901 20030930    45.4
20031001 20031031    16.8
20031101 20031130    13.8
20031201 20031231    32.6
20040101 20040131    16.6
20040201 20040229    49.4
20040301 20040331    11.8
20040401 20040430    27.0
20040501 20040531    25.2
20040601 20040630    51.4
20040701 20040731    49.8
20040801 20040831    48.0
20040901 20040930    20.4
20041001 20041031    29.0
20041101 20041130     7.4
20041201 20041231     5.0
20050101 20050131     0.0
20050201 20050228    10.0
20050301 20050331    32.2
20050401 20050430    31.0
20050501 20050531    88.4
20050601 20050630    53.0
20050701 20050731    12.2
20050801 20050831    50.4
20050901 20050930    38.8
20051001 20051031    43.0
20051101 20051130    33.6
20051201 20051231     4.2
20060101 20060131    69.4
20060201 20060228    16.0
20060301 20060331    65.0
20060401 20060430    53.0
20060501 20060531    25.6
20060601 20060630    20.2
20060701 20060731    25.2
20060801 20060831    31.4
20060901 20060930    37.2
20061001 20061031     6.8
20061101 20061130     9.6
20061201 20061231    13.6
20070101 20070131    30.0
20070201 20070228     0.0
20070301 20070331     0.0
20070401 20070430    27.1
20070501 20070531    16.5
20070601 20070630    19.8
20070701 20070731    54.6
20070801 20070831    27.7
20070901 20070930    24.2
20071001 20071031    28.2
20071101 20071130     2.5
20071201 20071231    26.3
20080101 20080131     3.2
20080201 20080229    16.9
20080301 20080331     6.8
20080401 20080430    35.5
20080501 20080531    22.8
20080601 20080630    21.0
20080701 20080731    69.6
20080801 20080831    30.2
20080901 20080930    52.0
20081001 20081031    68.1
20081101 20081130    24.0
20081201 20081231     6.0
20090101 20090131    23.0
20090201 20090228    63.3
20090301 20090331     5.0
20090401 20090430     0.0
20090501 20090531    18.0
20090601 20090630    61.6
20090701 20090731    30.7
20090801 20090831    37.0
20090901 20090930    45.1
20091001 20091031    17.0
20091101 20091130    37.8
20091201 20091231     6.8
20100101 20100131     0.0
20100201 20100228     4.6
20100301 20100331    17.2
20100401 20100430    21.2
20100501 20100531    26.4
20100601 20100630    16.0
20100701 20100731    40.0
20100801 20100831    18.4
20100901 20100930    10.7
20101001 20101031     0.0
20101101 20101130     9.2
20101201 20101231    16.3
20110101 20110131    47.2
20110201 20110228    19.4
20110301 20110331     1.0
20110401 20110430    21.0
20110501 20110531    27.2
20110601 20110630    19.1
20110701 20110731    63.7
20110801 20110831    41.6
20110901 20110930    25.6
20111001 20111031    60.8
20111101 20111130    35.4
20111201 20111231    87.7
20120101 20120131 99999.9
20120201 20120229     7.0
20120301 20120331    15.6
20120401 20120430    12.2
20120501 20120531    26.8
20120601 20120630    55.8
20120701 20120731    13.4
20120801 20120831    23.3
20120901 20120930    21.1
20121001 20121031     4.4
20121101 20121130    85.4
20121201 20121231    11.8
20130101 20130131    34.4
20130201 20130228     0.0
20130301 20130331    40.1
20130401 20130430    29.5
20130501 20130531    40.2
20130601 20130630     9.0
20130701 20130731    62.2
20130801 20130831    40.2
20130901 20130930    73.3
20131001 20131031    27.0
20131101 20131130     0.0
20131201 20131231     3.0
20140101 20140131     0.0
20140201 20140228 99999.9
20140301 20140331     2.5
20140401 20140430    21.5
20140501 20140531    33.7
20140601 20140630    13.5
20140701 20140731    54.0
20140801 20140831    27.5
20140901 20140930    39.5
20141001 20141031    31.8
20141101 20141130    49.4
20141201 20141231     6.7
20150101 20150131     0.0
20150201 20150228     0.0
20150301 20150331    66.0
20150401 20150430    16.5
20150501 20150531    18.0
20150601 20150630    29.0
20150701 20150731    35.5
20150801 20150831    56.0
20150901 20150930     6.0
20151001 20151031    10.0
20151101 20151130    11.5
20151201 20151231    45.6
20160101 20160131    84.5
20160201 20160229    13.8
20160301 20160331   122.9
20160401 20160430    26.2
20160501 20160531    30.8
20160601 20160630    29.2
20160701 20160731    38.0
20160801 20160831    52.8
20160901 20160930     9.6
20161001 20161031     6.8
20161101 20161130     0.0
20161201 20161231    19.4
20170101 20170131    64.2
20170201 20170228    77.4
20170301 20170331     6.5
20170401 20170430    26.0
20170501 20170531    13.0
20170601 20170630    44.0
20170701 20170731    25.7
20170801 20170831    52.9
20170901 20170930    32.2
20171001 20171031    30.4
20171101 20171130    53.8
20171201 20171231     2.0
20180101 20180131     8.0
