PRCP       018073 19100101 20070630 missing_value=99999.9 PUNTABIE                                  
19100101 19100131     0.0
19100201 19100228     0.0
19100301 19100331     6.3
19100401 19100430     0.7
19100501 19100531   105.9
19100601 19100630    18.4
19100701 19100731    83.3
19100801 19100831    17.5
19100901 19100930    30.9
19101001 19101031    23.8
19101101 19101130    16.6
19101201 19101231     6.3
19110101 19110131     0.0
19110201 19110228    24.4
19110301 19110331     2.1
19110401 19110430     2.7
19110501 19110531    42.3
19110601 19110630    45.3
19110701 19110731    34.4
19110801 19110831    44.5
19110901 19110930    43.3
19111001 19111031    11.5
19111101 19111130     3.1
19111201 19111231    37.7
19120101 19120131     0.0
19120201 19120229    28.0
19120301 19120331    16.9
19120401 19120430     1.2
19120501 19120531     7.5
19120601 19120630    61.3
19120701 19120731    34.1
19120801 19120831    28.0
19120901 19120930    40.1
19121001 19121031     9.8
19121101 19121130    25.7
19121201 19121231    11.5
19130101 19130131     4.2
19130201 19130228    79.4
19130301 19130331    19.0
19130401 19130430     8.8
19130501 19130531    31.2
19130601 19130630     6.1
19130701 19130731    18.9
19130801 19130831    38.1
19130901 19130930    50.6
19131001 19131031    43.7
19131101 19131130     6.0
19131201 19131231    16.9
19140101 19140131     2.1
19140201 19140228     0.0
19140301 19140331    25.5
19140401 19140430    29.0
19140501 19140531    23.2
19140601 19140630    21.5
19140701 19140731    22.6
19140801 19140831     9.5
19140901 19140930     9.4
19141001 19141031    10.1
19141101 19141130    24.5
19141201 19141231     8.0
19150101 19150131     5.0
19150201 19150228     8.7
19150301 19150331     1.5
19150401 19150430    13.8
19150501 19150531    40.5
19150601 19150630    39.8
19150701 19150731    49.6
19150801 19150831    58.3
19150901 19150930    16.3
19151001 19151031     9.4
19151101 19151130     0.0
19151201 19151231     5.6
19160101 19160131     2.7
19160201 19160229     0.0
19160301 19160331     5.3
19160401 19160430     9.4
19160501 19160531    29.7
19160601 19160630    82.5
19160701 19160731   106.4
19160801 19160831    64.4
19160901 19160930    62.2
19161001 19161031    28.2
19161101 19161130    20.0
19161201 19161231     4.4
19170101 19170131    36.1
19170201 19170228     4.9
19170301 19170331    17.1
19170401 19170430     4.6
19170501 19170531    78.1
19170601 19170630    66.4
19170701 19170731    58.7
19170801 19170831    58.4
19170901 19170930    63.7
19171001 19171031    33.3
19171101 19171130    17.9
19171201 19171231    10.0
19180101 19180131     3.8
19180201 19180228     2.5
19180301 19180331    14.2
19180401 19180430    15.8
19180501 19180531    34.2
19180601 19180630    52.9
19180701 19180731    25.1
19180801 19180831    51.0
19180901 19180930     1.3
19181001 19181031    31.3
19181101 19181130     0.3
19181201 19181231    15.5
19190101 19190131    15.5
19190201 19190228    25.5
19190301 19190331     0.8
19190401 19190430    24.4
19190501 19190531    23.7
19190601 19190630    17.3
19190701 19190731    31.0
19190801 19190831    23.0
19190901 19190930    32.7
19191001 19191031    20.4
19191101 19191130     3.3
19191201 19191231    51.6
19200101 19200131    12.7
19200201 19200229     0.0
19200301 19200331     3.3
19200401 19200430    13.2
19200501 19200531    40.6
19200601 19200630    60.3
19200701 19200731    30.6
19200801 19200831    62.2
19200901 19200930    57.7
19201001 19201031    33.8
19201101 19201130    37.1
19201201 19201231    13.9
19210101 19210131    22.4
19210201 19210228    61.5
19210301 19210331    25.8
19210401 19210430     4.1
19210501 19210531    65.6
19210601 19210630    34.8
19210701 19210731    23.6
19210801 19210831    24.5
19210901 19210930    28.8
19211001 19211031    30.2
19211101 19211130    39.1
19211201 19211231     0.0
19220101 19220131    26.2
19220201 19220228     0.0
19220301 19220331     4.6
19220401 19220430    46.5
19220501 19220531    23.1
19220601 19220630    26.8
19220701 19220731    41.5
19220801 19220831    28.0
19220901 19220930    17.4
19221001 19221031     4.1
19221101 19221130     0.0
19221201 19221231    26.7
19230101 19230131     1.8
19230201 19230228     0.0
19230301 19230331     0.8
19230401 19230430     1.8
19230501 19230531    52.7
19230601 19230630    61.4
19230701 19230731   101.8
19230801 19230831    36.6
19230901 19230930    40.7
19231001 19231031     9.4
19231101 19231130     1.8
19231201 19231231    60.2
19240101 19240131     6.9
19240201 19240229    21.8
19240301 19240331     7.3
19240401 19240430     0.0
19240501 19240531    20.2
19240601 19240630    53.8
19240701 19240731     0.5
19240801 19240831    52.7
19240901 19240930    29.8
19241001 19241031    68.5
19241101 19241130     3.3
19241201 19241231    11.2
19250101 19250131     5.6
19250201 19250228    23.7
19250301 19250331     0.0
19250401 19250430    18.2
19250501 19250531    35.1
19250601 19250630    27.9
19250701 19250731    72.1
19250801 19250831    46.0
19250901 19250930    43.0
19251001 19251031    16.5
19251101 19251130    16.3
19251201 19251231     4.6
19260101 19260131     0.0
19260201 19260228     1.3
19260301 19260331    15.2
19260401 19260430    31.3
19260501 19260531    46.4
19260601 19260630    89.9
19260701 19260731    23.4
19260801 19260831    63.1
19260901 19260930    27.7
19261001 19261031    14.1
19261101 19261130     0.0
19261201 19261231    13.5
19270101 19270131     0.0
19270201 19270228     1.3
19270301 19270331     7.3
19270401 19270430     3.8
19270501 19270531    29.0
19270601 19270630    80.6
19270701 19270731    42.6
19270801 19270831    29.4
19270901 19270930    10.1
19271001 19271031     0.3
19271101 19271130     8.4
19271201 19271231     7.6
19280101 19280131     6.6
19280201 19280229    32.1
19280301 19280331     0.5
19280401 19280430     2.5
19280501 19280531    19.1
19280601 19280630    36.7
19280701 19280731    40.1
19280801 19280831     9.1
19280901 19280930    11.9
19281001 19281031    39.9
19281101 19281130     0.0
19281201 19281231     0.0
19290101 19290131     2.0
19290201 19290228     0.0
19290301 19290331     2.8
19290401 19290430     5.1
19290501 19290531    19.2
19290601 19290630    29.0
19290701 19290731    32.1
19290801 19290831    36.6
19290901 19290930    45.7
19291001 19291031    36.4
19291101 19291130     5.1
19291201 19291231     5.6
19300101 19300131     0.0
19300201 19300228     0.0
19300301 19300331     0.0
19300401 19300430    32.3
19300501 19300531    25.1
19300601 19300630     3.3
19300701 19300731    56.6
19300801 19300831    25.2
19300901 19300930    14.5
19301001 19301031    12.1
19301101 19301130    13.7
19301201 19301231     6.8
19310101 19310131     0.0
19310201 19310228     2.3
19310301 19310331    52.6
19310401 19310430    38.9
19310501 19310531    62.8
19310601 19310630    72.7
19310701 19310731    51.3
19310801 19310831    25.2
19310901 19310930    26.9
19311001 19311031    13.2
19311101 19311130    13.7
19311201 19311231     0.0
19320101 19320131     0.0
19320201 19320229    60.3
19320301 19320331     1.3
19320401 19320430    41.3
19320501 19320531    26.2
19320601 19320630    49.1
19320701 19320731    20.7
19320801 19320831    68.4
19320901 19320930    21.4
19321001 19321031    11.9
19321101 19321130     6.6
19321201 19321231     0.0
19330101 19330131    10.1
19330201 19330228     0.0
19330301 19330331    15.3
19330401 19330430    12.2
19330501 19330531    44.9
19330601 19330630    17.4
19330701 19330731    68.7
19330801 19330831    52.4
19330901 19330930    18.6
19331001 19331031    10.1
19331101 19331130    37.1
19331201 19331231     0.0
19340101 19340131     0.0
19340201 19340228    14.0
19340301 19340331     8.8
19340401 19340430    18.5
19340501 19340531     2.5
19340601 19340630    27.6
19340701 19340731    18.8
19340801 19340831    67.7
19340901 19340930    13.6
19341001 19341031    10.4
19341101 19341130    18.5
19341201 19341231     0.0
19350101 19350131    13.5
19350201 19350228     0.0
19350301 19350331    70.1
19350401 19350430    13.4
19350501 19350531    24.9
19350601 19350630    25.5
19350701 19350731    20.9
19350801 19350831    47.4
19350901 19350930    54.4
19351001 19351031    51.2
19351101 19351130     8.3
19351201 19351231     5.3
19360101 19360131     0.0
19360201 19360229    14.8
19360301 19360331     0.0
19360401 19360430     9.4
19360501 19360531     9.2
19360601 19360630    27.7
19360701 19360731    37.1
19360801 19360831    27.4
19360901 19360930     0.0
19361001 19361031    42.2
19361101 19361130    11.0
19361201 19361231    20.6
19370101 19370131     6.3
19370201 19370228    68.6
19370301 19370331     7.1
19370401 19370430     4.6
19370501 19370531    34.0
19370601 19370630    34.0
19370701 19370731    24.1
19370801 19370831    50.5
19370901 19370930    24.4
19371001 19371031    20.9
19371101 19371130    40.7
19371201 19371231     5.4
19380101 19380131     0.0
19380201 19380228   138.6
19380301 19380331     0.0
19380401 19380430    39.1
19380501 19380531    24.2
19380601 19380630    47.9
19380701 19380731    55.7
19380801 19380831    36.2
19380901 19380930     1.3
19381001 19381031     0.0
19381101 19381130     0.0
19381201 19381231     9.9
19390101 19390131     8.1
19390201 19390228     0.0
19390301 19390331    58.4
19390401 19390430     6.1
19390501 19390531    19.5
19390601 19390630    61.2
19390701 19390731    39.4
19390801 19390831    72.4
19390901 19390930     1.0
19391001 19391031     2.5
19391101 19391130    32.8
19391201 19391231     0.0
19400101 19400131     0.0
19400201 19400229    32.7
19400301 19400331     0.0
19400401 19400430     2.5
19400501 19400531    14.8
19400601 19400630     3.8
19400701 19400731    23.8
19400801 19400831     0.5
19400901 19400930     9.6
19401001 19401031     5.3
19401101 19401130     0.0
19401201 19401231     0.0
19410101 19410131    26.4
19410201 19410228     2.5
19410301 19410331    37.4
19410401 19410430    54.6
19410501 19410531     5.1
19410601 19410630    13.3
19410701 19410731    48.2
19410801 19410831    29.8
19410901 19410930    54.3
19411001 19411031     8.6
19411101 19411130    21.3
19411201 19411231     0.0
19420101 19420131    24.6
19420201 19420228     0.0
19420301 19420331    21.1
19420401 19420430     6.1
19420501 19420531    17.0
19420601 19420630    82.6
19420701 19420731    33.0
19420801 19420831    45.5
19420901 19420930    37.3
19421001 19421031    14.0
19421101 19421130    40.6
19421201 19421231     6.6
19430101 19430131     0.0
19430201 19430228    37.6
19430301 19430331     0.0
19430401 19430430    17.3
19430501 19430531    12.7
19430601 19430630    30.8
19430701 19430731    29.5
19430801 19430831    38.0
19430901 19430930    20.8
19431001 19431031    54.4
19431101 19431130     0.0
19431201 19431231     0.0
19440101 19440131     0.0
19440201 19440229     1.8
19440301 19440331     0.0
19440401 19440430    41.1
19440501 19440531    38.1
19440601 19440630    17.3
19440701 19440731    43.5
19440801 19440831     3.1
19440901 19440930     9.9
19441001 19441031     3.0
19441101 19441130     4.1
19441201 19441231    10.7
19450101 19450131     0.0
19450201 19450228     7.6
19450301 19450331     0.0
19450401 19450430     0.0
19450501 19450531    22.1
19450601 19450630    20.8
19450701 19450731     6.5
19450801 19450831    12.1
19450901 19450930    22.9
19451001 19451031    13.7
19451101 19451130    34.9
19451201 19451231    50.1
19460101 19460131     0.0
19460201 19460228    56.0
19460301 19460331     5.8
19460401 19460430    21.3
19460501 19460531    22.2
19460601 19460630    45.4
19460701 19460731    20.1
19460801 19460831    15.2
19460901 19460930     1.8
19461001 19461031     6.8
19461101 19461130     0.0
19461201 19461231    42.6
19470101 19470131     8.1
19470201 19470228    14.8
19470301 19470331    27.9
19470401 19470430     6.9
19470501 19470531    30.5
19470601 19470630    13.9
19470701 19470731    29.5
19470801 19470831    36.5
19470901 19470930    48.5
19471001 19471031     1.8
19471101 19471130     6.3
19471201 19471231     1.3
19480101 19480131     0.0
19480201 19480229     0.0
19480301 19480331     0.0
19480401 19480430     9.4
19480501 19480531    14.6
19480601 19480630    22.2
19480701 19480731     7.6
19480801 19480831    46.8
19480901 19480930    13.4
19481001 19481031    22.1
19481101 19481130    26.7
19481201 19481231    11.1
19490101 19490131     0.0
19490201 19490228    26.9
19490301 19490331     0.0
19490401 19490430     3.8
19490501 19490531    23.8
19490601 19490630    26.6
19490701 19490731    56.9
19490801 19490831     9.1
19490901 19490930    51.7
19491001 19491031    48.3
19491101 19491130    25.4
19491201 19491231     0.0
19500101 19500131     0.0
19500201 19500228    25.7
19500301 19500331     0.0
19500401 19500430     1.3
19500501 19500531    19.1
19500601 19500630    22.6
19500701 19500731    23.9
19500801 19500831    65.6
19500901 19500930    10.7
19501001 19501031    81.6
19501101 19501130    32.6
19501201 19501231    42.6
19510101 19510131     0.0
19510201 19510228     0.0
19510301 19510331     8.6
19510401 19510430    20.2
19510501 19510531    63.1
19510601 19510630    33.1
19510701 19510731   122.5
19510801 19510831    64.3
19510901 19510930    18.0
19511001 19511031    13.7
19511101 19511130     0.0
19511201 19511231     8.9
19520101 19520131     0.0
19520201 19520229     0.0
19520301 19520331    12.2
19520401 19520430    44.8
19520501 19520531    72.5
19520601 19520630    21.4
19520701 19520731    27.6
19520801 19520831    14.4
19520901 19520930    18.6
19521001 19521031    20.5
19521101 19521130    53.3
19521201 19521231    15.5
19530101 19530131     0.0
19530201 19530228    30.0
19530301 19530331     3.8
19530401 19530430     2.0
19530501 19530531     6.3
19530601 19530630    72.5
19530701 19530731    22.9
19530801 19530831    43.6
19530901 19530930    10.6
19531001 19531031    26.0
19531101 19531130     8.2
19531201 19531231    48.8
19540101 19540131    21.4
19540201 19540228     0.0
19540301 19540331     0.0
19540401 19540430    30.5
19540501 19540531     2.6
19540601 19540630    63.0
19540701 19540731    12.7
19540801 19540831    12.0
19540901 19540930    18.6
19541001 19541031    21.4
19541101 19541130    13.2
19541201 19541231    22.6
19550101 19550131    11.4
19550201 19550228    37.1
19550301 19550331     0.0
19550401 19550430     3.8
19550501 19550531    50.1
19550601 19550630    71.7
19550701 19550731    32.2
19550801 19550831    30.0
19550901 19550930     8.9
19551001 19551031    13.5
19551101 19551130    19.8
19551201 19551231     1.3
19560101 19560131     0.0
19560201 19560229    20.3
19560301 19560331     0.0
19560401 19560430    67.3
19560501 19560531    65.0
19560601 19560630    86.7
19560701 19560731    68.6
19560801 19560831    21.2
19560901 19560930    26.4
19561001 19561031    84.9
19561101 19561130     6.3
19561201 19561231     6.9
19570101 19570131     0.0
19570201 19570228     0.0
19570301 19570331     0.0
19570401 19570430     2.0
19570501 19570531     0.0
19570601 19570630    70.9
19570701 19570731    43.1
19570801 19570831    18.2
19570901 19570930    22.5
19571001 19571031     4.1
19571101 19571130     0.0
19571201 19571231     0.0
19580101 19580131     1.3
19580201 19580228     0.0
19580301 19580331    57.4
19580401 19580430     7.4
19580501 19580531    56.4
19580601 19580630     4.3
19580701 19580731    27.6
19580801 19580831    63.3
19580901 19580930    59.0
19581001 19581031    44.2
19581101 19581130     6.8
19581201 19581231    19.4
19590101 19590131     0.0
19590201 19590228     6.6
19590301 19590331     4.8
19590401 19590430     1.3
19590501 19590531     4.3
19590601 19590630     9.3
19590701 19590731    39.4
19590801 19590831     3.3
19590901 19590930    13.5
19591001 19591031     9.4
19591101 19591130    32.8
19591201 19591231    22.1
19600101 19600131    13.0
19600201 19600229    47.3
19600301 19600331     8.1
19600401 19600430    52.0
19600501 19600531    57.6
19600601 19600630    27.5
19600701 19600731    33.6
19600801 19600831    42.4
19600901 19600930    62.1
19601001 19601031     5.1
19601101 19601130    20.5
19601201 19601231     0.0
19610101 19610131     0.0
19610201 19610228     5.8
19610301 19610331     0.0
19610401 19610430    83.1
19610501 19610531     5.3
19610601 19610630    18.6
19610701 19610731    27.0
19610801 19610831    46.8
19610901 19610930    13.2
19611001 19611031     6.6
19611101 19611130    23.3
19611201 19611231    10.4
19620101 19620131     0.0
19620201 19620228     1.3
19620301 19620331    13.9
19620401 19620430     3.0
19620501 19620531    65.9
19620601 19620630     8.7
19620701 19620731    29.9
19620801 19620831    38.1
19620901 19620930    28.7
19621001 19621031    56.3
19621101 19621130     3.3
19621201 19621231     6.1
19630101 19630131     8.1
19630201 19630228     0.0
19630301 19630331     0.0
19630401 19630430    44.7
19630501 19630531    92.6
19630601 19630630    77.5
19630701 19630731    63.0
19630801 19630831    23.2
19630901 19630930     8.4
19631001 19631031     0.0
19631101 19631130     0.5
19631201 19631231     0.0
19640101 19640131     5.4
19640201 19640229    10.7
19640301 19640331     0.5
19640401 19640430    15.8
19640501 19640531    63.4
19640601 19640630    41.4
19640701 19640731    54.1
19640801 19640831    21.6
19640901 19640930    77.5
19641001 19641031    38.1
19641101 19641130    41.7
19641201 19641231     0.5
19650101 19650131     0.0
19650201 19650228     0.0
19650301 19650331     0.0
19650401 19650430     2.8
19650501 19650531    35.8
19650601 19650630    13.2
19650701 19650731    19.7
19650801 19650831    25.3
19650901 19650930    21.5
19651001 19651031    13.0
19651101 19651130     3.6
19651201 19651231    11.6
19660101 19660131     5.1
19660201 19660228    19.9
19660301 19660331    32.2
19660401 19660430     1.8
19660501 19660531    61.0
19660601 19660630    34.7
19660701 19660731    29.6
19660801 19660831    50.1
19660901 19660930    53.2
19661001 19661031    41.4
19661101 19661130    26.5
19661201 19661231   108.7
19670101 19670131    26.5
19670201 19670228    18.0
19670301 19670331     0.0
19670401 19670430     0.3
19670501 19670531     9.6
19670601 19670630     4.0
19670701 19670731    52.5
19670801 19670831    27.1
19670901 19670930    21.6
19671001 19671031     5.6
19671101 19671130     2.6
19671201 19671231     0.3
19680101 19680131    11.7
19680201 19680229    33.0
19680301 19680331    73.4
19680401 19680430    31.6
19680501 19680531    50.9
19680601 19680630    75.4
19680701 19680731    27.1
19680801 19680831    89.6
19680901 19680930    14.5
19681001 19681031    17.0
19681101 19681130    18.8
19681201 19681231    22.3
19690101 19690131     8.4
19690201 19690228    46.5
19690301 19690331    35.8
19690401 19690430    20.1
19690501 19690531    52.7
19690601 19690630    29.4
19690701 19690731    27.2
19690801 19690831    26.7
19690901 19690930    35.1
19691001 19691031     3.0
19691101 19691130     8.2
19691201 19691231     1.3
19700101 19700131     1.3
19700201 19700228     1.0
19700301 19700331     0.5
19700401 19700430     6.9
19700501 19700531    23.2
19700601 19700630    21.8
19700701 19700731    14.8
19700801 19700831    40.3
19700901 19700930    26.3
19701001 19701031     3.9
19701101 19701130    15.3
19701201 19701231     1.5
19710101 19710131     3.8
19710201 19710228     2.3
19710301 19710331    35.3
19710401 19710430    45.2
19710501 19710531    26.7
19710601 19710630    24.7
19710701 19710731    39.0
19710801 19710831    41.5
19710901 19710930    19.6
19711001 19711031     5.3
19711101 19711130    46.0
19711201 19711231    20.6
19720101 19720131     1.1
19720201 19720229     4.1
19720301 19720331     0.0
19720401 19720430     8.1
19720501 19720531     2.1
19720601 19720630    24.3
19720701 19720731    43.5
19720801 19720831    97.9
19720901 19720930     8.4
19721001 19721031    26.8
19721101 19721130     3.1
19721201 19721231     0.0
19730101 19730131    11.0
19730201 19730228    19.6
19730301 19730331    36.0
19730401 19730430    10.8
19730501 19730531    34.3
19730601 19730630    50.5
19730701 19730731    38.2
19730801 19730831    76.9
19730901 19730930    39.8
19731001 19731031    19.8
19731101 19731130    14.3
19731201 19731231    41.0
19740101 19740131    48.2
19740201 19740228     2.2
19740301 19740331     0.2
19740401 19740430    15.6
19740501 19740531    45.1
19740601 19740630    16.4
19740701 19740731    87.6
19740801 19740831    29.2
19740901 19740930    46.8
19741001 19741031    60.4
19741101 19741130    17.0
19741201 19741231     0.0
19750101 19750131     0.4
19750201 19750228    27.4
19750301 19750331     7.8
19750401 19750430    12.6
19750501 19750531    18.0
19750601 19750630     9.8
19750701 19750731    31.8
19750801 19750831    21.8
19750901 19750930    33.0
19751001 19751031    47.8
19751101 19751130    16.0
19751201 19751231     6.4
19760101 19760131     2.0
19760201 19760229    32.8
19760301 19760331    17.0
19760401 19760430     3.6
19760501 19760531     9.6
19760601 19760630    16.4
19760701 19760731     4.6
19760801 19760831    11.6
19760901 19760930    22.2
19761001 19761031    42.2
19761101 19761130    33.8
19761201 19761231     1.4
19770101 19770131    17.6
19770201 19770228    15.8
19770301 19770331     2.4
19770401 19770430     1.0
19770501 19770531    44.0
19770601 19770630     9.2
19770701 19770731    11.8
19770801 19770831    11.4
19770901 19770930    20.2
19771001 19771031     4.4
19771101 19771130    44.2
19771201 19771231     5.6
19780101 19780131    13.6
19780201 19780228     0.4
19780301 19780331     3.4
19780401 19780430    13.0
19780501 19780531    28.6
19780601 19780630    48.6
19780701 19780731    55.8
19780801 19780831    55.8
19780901 19780930    60.4
19781001 19781031    11.2
19781101 19781130    41.2
19781201 19781231     6.8
19790101 19790131     0.0
19790201 19790228     0.0
19790301 19790331     0.8
19790401 19790430    26.4
19790501 19790531    67.2
19790601 19790630    16.6
19790701 19790731    36.8
19790801 19790831    41.4
19790901 19790930   110.2
19791001 19791031     8.6
19791101 19791130    30.6
19791201 19791231     1.8
19800101 19800131     0.0
19800201 19800229     3.6
19800301 19800331     0.0
19800401 19800430    30.4
19800501 19800531    38.0
19800601 19800630    29.4
19800701 19800731    25.0
19800801 19800831    11.8
19800901 19800930     9.8
19801001 19801031    32.6
19801101 19801130    33.6
19801201 19801231    15.4
19810101 19810131    10.6
19810201 19810228    66.2
19810301 19810331    23.6
19810401 19810430     0.0
19810501 19810531    14.2
19810601 19810630    98.0
19810701 19810731    28.2
19810801 19810831    45.2
19810901 19810930     0.2
19811001 19811031    10.4
19811101 19811130    11.0
19811201 19811231     0.0
19820101 19820131     5.8
19820201 19820228    22.8
19820301 19820331    52.2
19820401 19820430    11.0
19820501 19820531    17.2
19820601 19820630    36.0
19820701 19820731    25.2
19820801 19820831     4.4
19820901 19820930    19.2
19821001 19821031     3.2
19821101 19821130     0.0
19821201 19821231    13.8
19830101 19830131     0.8
19830201 19830228     4.6
19830301 19830331    80.4
19830401 19830430   104.2
19830501 19830531    22.4
19830601 19830630     9.0
19830701 19830731    54.8
19830801 19830831    20.0
19830901 19830930    20.4
19831001 19831031    19.6
19831101 19831130    16.8
19831201 19831231     6.8
19840101 19840131     3.4
19840201 19840229     0.0
19840301 19840331     7.4
19840401 19840430    15.0
19840501 19840531    11.8
19840601 19840630     9.6
19840701 19840731    83.0
19840801 19840831    56.2
19840901 19840930    49.0
19841001 19841031    19.8
19841101 19841130     4.8
19841201 19841231    16.0
19850101 19850131     0.8
19850201 19850228     0.0
19850301 19850331     9.2
19850401 19850430    14.4
19850501 19850531    15.4
19850601 19850630    19.0
19850701 19850731    12.8
19850801 19850831    80.0
19850901 19850930    11.0
19851001 19851031    16.0
19851101 19851130     6.2
19851201 19851231    16.4
19860101 19860131     0.4
19860201 19860228     3.4
19860301 19860331     0.0
19860401 19860430    15.4
19860501 19860531    23.8
19860601 19860630    38.4
19860701 19860731    83.0
19860801 19860831    38.8
19860901 19860930    13.8
19861001 19861031    53.0
19861101 19861130    13.0
19861201 19861231    10.2
19870101 19870131     7.8
19870201 19870228    30.8
19870301 19870331     0.4
19870401 19870430     4.8
19870501 19870531    18.2
19870601 19870630    23.2
19870701 19870731    37.8
19870801 19870831    27.0
19870901 19870930    22.8
19871001 19871031    12.8
19871101 19871130     0.6
19871201 19871231     7.0
19880101 19880131    15.0
19880201 19880229     6.0
19880301 19880331    18.6
19880401 19880430     0.2
19880501 19880531    25.9
19880601 19880630    29.8
19880701 19880731    38.0
19880801 19880831     7.8
19880901 19880930    18.6
19881001 19881031     9.2
19881101 19881130    14.0
19881201 19881231    16.6
19890101 19890131     1.2
19890201 19890228     0.0
19890301 19890331    24.0
19890401 19890430    56.2
19890501 19890531    20.4
19890601 19890630    49.8
19890701 19890731    75.2
19890801 19890831    25.4
19890901 19890930    20.6
19891001 19891031     2.6
19891101 19891130    10.4
19891201 19891231     1.4
19900101 19900131     2.4
19900201 19900228    13.2
19900301 19900331     5.0
19900401 19900430     8.8
19900501 19900531    22.6
19900601 19900630    52.2
19900701 19900731    71.8
19900801 19900831    35.0
19900901 19900930    36.2
19901001 19901031    23.6
19901101 19901130     0.2
19901201 19901231    65.8
19910101 19910131     7.0
19910201 19910228     0.0
19910301 19910331     2.6
19910401 19910430    23.4
19910501 19910531    26.0
19910601 19910630    81.6
19910701 19910731    31.6
19910801 19910831    31.2
19910901 19910930    29.2
19911001 19911031     3.0
19911101 19911130    38.4
19911201 19911231     0.0
19920101 19920131     0.8
19920201 19920229     8.2
19920301 19920331    33.8
19920401 19920430    22.6
19920501 19920531    38.4
19920601 19920630    26.6
19920701 19920731    29.4
19920801 19920831    62.6
19920901 19920930    71.2
19921001 19921031    81.2
19921101 19921130    40.2
19921201 19921231   101.2
19930101 19930131    45.6
19930201 19930228     1.6
19930301 19930331     0.6
19930401 19930430     1.0
19930501 19930531    19.8
19930601 19930630    14.4
19930701 19930731    22.6
19930801 19930831    39.8
19930901 19930930    38.6
19931001 19931031    76.6
19931101 19931130    11.4
19931201 19931231    34.8
19940101 19940131     0.0
19940201 19940228    18.2
19940301 19940331     0.0
19940401 19940430     1.0
19940501 19940531    14.4
19940601 19940630    39.0
19940701 19940731    31.0
19940801 19940831    11.0
19940901 19940930    10.0
19941001 19941031    13.6
19941101 19941130     6.2
19941201 19941231     1.6
19950101 19950131    14.8
19950201 19950228     3.0
19950301 19950331     8.0
19950401 19950430    26.8
19950501 19950531    28.4
19950601 19950630    41.6
19950701 19950731    58.0
19950801 19950831    23.2
19950901 19950930    20.2
19951001 19951031    12.2
19951101 19951130     4.6
19951201 19951231     5.4
19960101 19960131     0.6
19960201 19960229     3.2
19960301 19960331     7.0
19960401 19960430     1.2
19960501 19960531     7.8
19960601 19960630    36.8
19960701 19960731    62.6
19960801 19960831    40.6
19960901 19960930    58.8
19961001 19961031    18.0
19961101 19961130    10.4
19961201 19961231     3.8
19970101 19970131     5.2
19970201 19970228    38.6
19970301 19970331     1.0
19970401 19970430     0.4
19970501 19970531    57.8
19970601 19970630    13.2
19970701 19970731     5.4
19970801 19970831    37.4
19970901 19970930    64.2
19971001 19971031    30.6
19971101 19971130    36.8
19971201 19971231    65.6
19980101 19980131     3.2
19980201 19980228    12.2
19980301 19980331    17.4
19980401 19980430    30.2
19980501 19980531    32.0
19980601 19980630    36.0
19980701 19980731    87.2
19980801 19980831    14.6
19980901 19980930    21.4
19981001 19981031     6.4
19981101 19981130    17.0
19981201 19981231     2.8
19990101 19990131    49.2
19990201 19990228    10.4
19990301 19990331    13.0
19990401 19990430     0.0
19990501 19990531 99999.9
19990601 19990630    14.2
19990701 19990731     5.6
19990801 19990831    12.2
19990901 19990930    57.8
19991001 19991031    53.8
19991101 19991130     9.8
19991201 19991231     2.0
20000101 20000131    28.6
20000201 20000229    26.0
20000301 20000331    22.6
20000401 20000430    10.2
20000501 20000531    18.6
20000601 20000630    26.6
20000701 20000731    32.0
20000801 20000831    77.4
20000901 20000930    36.8
20001001 20001031    42.4
20001101 20001130     9.2
20001201 20001231     2.4
20010101 20010131     2.0
20010201 20010228    18.6
20010301 20010331     5.6
20010401 20010430     7.2
20010501 20010531    64.2
20010601 20010630    26.6
20010701 20010731    14.2
20010801 20010831    41.2
20010901 20010930    79.8
20011001 20011031    23.4
20011101 20011130    35.2
20011201 20011231    50.4
20020101 20020131     8.2
20020201 20020228     0.4
20020301 20020331     0.4
20020401 20020430    11.6
20020501 20020531    25.2
20020601 20020630    45.8
20020701 20020731    39.4
20020801 20020831    19.6
20020901 20020930    23.0
20021001 20021031     8.4
20021101 20021130     6.0
20021201 20021231    19.2
20030101 20030131    11.4
20030201 20030228    15.8
20030301 20030331     3.2
20030401 20030430     6.0
20030501 20030531    15.6
20030601 20030630    32.4
20030701 20030731    40.6
20030801 20030831    52.2
20030901 20030930     7.4
20031001 20031031    26.4
20031101 20031130    13.8
20031201 20031231    27.0
20040101 20040131     0.4
20040201 20040229     4.0
20040301 20040331     6.8
20040401 20040430    17.6
20040501 20040531    14.8
20040601 20040630    57.6
20040701 20040731    36.2
20040801 20040831    79.6
20040901 20040930    36.0
20041001 20041031     1.4
20041101 20041130    21.4
20041201 20041231     7.0
20050101 20050131     9.2
20050201 20050228     2.4
20050301 20050331     0.0
20050401 20050430     5.4
20050501 20050531     6.8
20050601 20050630    67.4
20050701 20050731    32.0
20050801 20050831    31.8
20050901 20050930    92.6
20051001 20051031    30.0
20051101 20051130    32.4
20051201 20051231    21.4
20060101 20060131    33.0
20060201 20060228     5.4
20060301 20060331    53.6
20060401 20060430    13.2
20060501 20060531    21.0
20060601 20060630    34.6
20060701 20060731    46.8
20060801 20060831     4.8
20060901 20060930     2.0
20061001 20061031     0.0
20061101 20061130 99999.9
20061201 20061231 99999.9
20070101 20070131     2.0
20070201 20070228     0.2
20070301 20070331    44.6
20070401 20070430    52.4
20070501 20070531    28.4
20070601 20070630     7.2
