PRCP       008066 19070901 20171231 missing_value=99999.9 KOKARDINE                                 
19070901 19070930    17.8
19071001 19071031     6.4
19071101 19071130     2.1
19071201 19071231     0.0
19080101 19080131     0.0
19080201 19080229    11.4
19080301 19080331    20.8
19080401 19080430    32.0
19080501 19080531   107.6
19080601 19080630    46.9
19080701 19080731    38.6
19080801 19080831    18.9
19080901 19080930    12.0
19081001 19081031     6.4
19081101 19081130    26.2
19081201 19081231     0.0
19090101 19090131    20.1
19090201 19090228    13.0
19090301 19090331     6.4
19090401 19090430    32.1
19090501 19090531    20.9
19090601 19090630    57.4
19090701 19090731    33.8
19090801 19090831   125.8
19090901 19090930    42.7
19091001 19091031    20.9
19091101 19091130     5.9
19091201 19091231     0.8
19100101 19100131     5.8
19100201 19100228    32.4
19100301 19100331     0.0
19100401 19100430     5.6
19100501 19100531    80.7
19100601 19100630   112.3
19100701 19100731    95.7
19100801 19100831    28.2
19100901 19100930    15.8
19101001 19101031    20.5
19101101 19101130     5.9
19101201 19101231     0.0
19110101 19110131    21.4
19110201 19110228     2.6
19110301 19110331     8.7
19110401 19110430    13.4
19110501 19110531    17.8
19110601 19110630    28.6
19110701 19110731    43.2
19110801 19110831    19.4
19110901 19110930    14.5
19111001 19111031     4.1
19111101 19111130     0.0
19111201 19111231     0.3
19120101 19120131    46.0
19120201 19120229     2.8
19120301 19120331     2.8
19120401 19120430     4.3
19120501 19120531    49.6
19120601 19120630    16.0
19120701 19120731    82.1
19120801 19120831    13.3
19120901 19120930    45.0
19121001 19121031    28.0
19121101 19121130    16.5
19121201 19121231     4.4
19130101 19130131     0.3
19130201 19130228    27.4
19130301 19130331     2.1
19130401 19130430     4.9
19130501 19130531     2.3
19130601 19130630    71.0
19130701 19130731    47.1
19130801 19130831    82.7
19130901 19130930    39.0
19131001 19131031    24.8
19131101 19131130     4.8
19131201 19131231    28.0
19140101 19140131     0.3
19140201 19140228     0.8
19140301 19140331     0.8
19140401 19140430     7.6
19140501 19140531     2.0
19140601 19140630    34.0
19140701 19140731    33.4
19140801 19140831    20.2
19140901 19140930     2.6
19141001 19141031     1.8
19141101 19141130     4.4
19141201 19141231     3.3
19150101 19150131    27.1
19150201 19150228    63.2
19150301 19150331     5.2
19150401 19150430    34.0
19150501 19150531    33.9
19150601 19150630    61.3
19150701 19150731    86.2
19150801 19150831    45.6
19150901 19150930    45.5
19151001 19151031    20.6
19151101 19151130     0.0
19151201 19151231     6.7
19160101 19160131    73.9
19160201 19160229    25.5
19160301 19160331     4.4
19160401 19160430     0.8
19160501 19160531    29.0
19160601 19160630    49.6
19160701 19160731    61.4
19160801 19160831    40.7
19160901 19160930     9.1
19161001 19161031    40.4
19161101 19161130     9.2
19161201 19161231     0.8
19170101 19170131     0.0
19170201 19170228     2.3
19170301 19170331    99.8
19170401 19170430     8.9
19170501 19170531    27.0
19170601 19170630    54.5
19170701 19170731   122.2
19170801 19170831    63.8
19170901 19170930    71.5
19171001 19171031    20.8
19171101 19171130     8.9
19171201 19171231     7.8
19180101 19180131     2.9
19180201 19180228    62.2
19180301 19180331    37.6
19180401 19180430    27.7
19180501 19180531    33.1
19180601 19180630   110.6
19180701 19180731    48.0
19180801 19180831    42.0
19180901 19180930    60.3
19181001 19181031    23.7
19181101 19181130     8.9
19181201 19181231     0.0
19190101 19190131     0.5
19190201 19190228     3.6
19190301 19190331     0.3
19190401 19190430    69.1
19190501 19190531    19.3
19190601 19190630    46.7
19190701 19190731    55.9
19190801 19190831    49.1
19190901 19190930    10.8
19191001 19191031    25.7
19191101 19191130    44.7
19191201 19191231     8.4
19200101 19200131     0.8
19200201 19200229     0.0
19200301 19200331    33.8
19200401 19200430     1.1
19200501 19200531    33.7
19200601 19200630    60.3
19200701 19200731    39.6
19200801 19200831    80.0
19200901 19200930    38.8
19201001 19201031     7.2
19201101 19201130     7.9
19201201 19201231     0.0
19210101 19210131     3.9
19210201 19210228     7.8
19210301 19210331    13.5
19210401 19210430     0.5
19210501 19210531   135.2
19210601 19210630    52.3
19210701 19210731    37.1
19210801 19210831    41.7
19210901 19210930    37.6
19211001 19211031    32.5
19211101 19211130     6.1
19211201 19211231    12.5
19220101 19220131     0.5
19220201 19220228     6.6
19220301 19220331    34.8
19220401 19220430    36.3
19220501 19220531    25.0
19220601 19220630    23.5
19220701 19220731    68.2
19220801 19220831    15.5
19220901 19220930     8.4
19221001 19221031     5.2
19221101 19221130     2.6
19221201 19221231     1.1
19230101 19230131     4.8
19230201 19230228    24.7
19230301 19230331    15.8
19230401 19230430    40.7
19230501 19230531    27.1
19230601 19230630   143.7
19230701 19230731    35.0
19230801 19230831    31.7
19230901 19230930    30.7
19231001 19231031     8.1
19231101 19231130     0.0
19231201 19231231    47.3
19240101 19240131     0.0
19240201 19240229    16.2
19240301 19240331     8.9
19240401 19240430     4.1
19240501 19240531    39.9
19240601 19240630    57.5
19240701 19240731    35.8
19240801 19240831    58.6
19240901 19240930     9.0
19241001 19241031    52.8
19241101 19241130     5.1
19241201 19241231     1.5
19250101 19250131    49.7
19250201 19250228    24.1
19250301 19250331    25.4
19250401 19250430     4.1
19250501 19250531    37.0
19250601 19250630    65.6
19250701 19250731    48.4
19250801 19250831     4.6
19250901 19250930    34.8
19251001 19251031    10.9
19251101 19251130     5.0
19251201 19251231    41.9
19260101 19260131     0.0
19260201 19260228     4.1
19260301 19260331    44.9
19260401 19260430    27.7
19260501 19260531    59.3
19260601 19260630    53.7
19260701 19260731    92.6
19260801 19260831    35.8
19260901 19260930    36.7
19261001 19261031    31.4
19261101 19261130    39.6
19261201 19261231     1.5
19270101 19270131     2.8
19270201 19270228     0.0
19270301 19270331    97.5
19270401 19270430    14.0
19270501 19270531    24.4
19270601 19270630    55.6
19270701 19270731    60.7
19270801 19270831    26.4
19270901 19270930    18.2
19271001 19271031    11.7
19271101 19271130     4.1
19271201 19271231     2.3
19280101 19280131    15.7
19280201 19280229     0.5
19280301 19280331     6.1
19280401 19280430     4.8
19280501 19280531    41.6
19280601 19280630    23.0
19280701 19280731    71.2
19280801 19280831    42.5
19280901 19280930    20.0
19281001 19281031    11.8
19281101 19281130     1.5
19281201 19281231     5.9
19290101 19290131     3.3
19290201 19290228    26.9
19290301 19290331    15.0
19290401 19290430     1.0
19290501 19290531   113.8
19290601 19290630    85.9
19290701 19290731    39.6
19290801 19290831    33.7
19290901 19290930     6.8
19291001 19291031    39.6
19291101 19291130    13.9
19291201 19291231     0.3
19300101 19300131     0.0
19300201 19300228    15.2
19300301 19300331    16.3
19300401 19300430    36.4
19300501 19300531    13.2
19300601 19300630   104.6
19300701 19300731    71.2
19300801 19300831    49.7
19300901 19300930    25.7
19301001 19301031    12.4
19301101 19301130     1.3
19301201 19301231    33.8
19310101 19310131     0.0
19310201 19310228     3.8
19310301 19310331     2.8
19310401 19310430    21.5
19310501 19310531    44.3
19310601 19310630    20.7
19310701 19310731    57.3
19310801 19310831    55.7
19310901 19310930    34.3
19311001 19311031     9.3
19311101 19311130     0.3
19311201 19311231     6.6
19320101 19320131    21.8
19320201 19320229     1.5
19320301 19320331    29.3
19320401 19320430    24.8
19320501 19320531    52.5
19320601 19320630    27.0
19320701 19320731    64.1
19320801 19320831    96.4
19320901 19320930    13.5
19321001 19321031    39.0
19321101 19321130     0.0
19321201 19321231     0.0
19330101 19330131     0.0
19330201 19330228    13.7
19330301 19330331     7.1
19330401 19330430     4.3
19330501 19330531    44.7
19330601 19330630    80.6
19330701 19330731    41.3
19330801 19330831    43.2
19330901 19330930    11.7
19331001 19331031    22.4
19331101 19331130     8.6
19331201 19331231    27.7
19340101 19340131    26.7
19340201 19340228     9.9
19340301 19340331    14.9
19340401 19340430    70.0
19340501 19340531    12.3
19340601 19340630    38.9
19340701 19340731    58.0
19340801 19340831    48.6
19340901 19340930    26.0
19341001 19341031     4.6
19341101 19341130    18.3
19341201 19341231     2.3
19350101 19350131    16.8
19350201 19350228    34.8
19350301 19350331     8.7
19350401 19350430    25.9
19350501 19350531     9.6
19350601 19350630    17.5
19350701 19350731    51.4
19350801 19350831    62.3
19350901 19350930    18.4
19351001 19351031     5.1
19351101 19351130     0.0
19351201 19351231     2.0
19360101 19360131    12.1
19360201 19360229     0.0
19360301 19360331    22.6
19360401 19360430     3.3
19360501 19360531    23.1
19360601 19360630   108.1
19360701 19360731    20.1
19360801 19360831    45.7
19360901 19360930    16.1
19361001 19361031     1.3
19361101 19361130     1.3
19361201 19361231    12.2
19370101 19370131     0.0
19370201 19370228     0.0
19370301 19370331    22.6
19370401 19370430    12.8
19370501 19370531    60.7
19370601 19370630    51.5
19370701 19370731     9.6
19370801 19370831    62.2
19370901 19370930    22.8
19371001 19371031     7.1
19371101 19371130    28.3
19371201 19371231     0.8
19380101 19380131    15.0
19380201 19380228     0.0
19380301 19380331    27.9
19380401 19380430    26.4
19380501 19380531     9.5
19380601 19380630    35.3
19380701 19380731    62.4
19380801 19380831    26.2
19380901 19380930    20.3
19381001 19381031     9.1
19381101 19381130    14.0
19381201 19381231     0.0
19390101 19390131    13.2
19390201 19390228    81.8
19390301 19390331     0.0
19390401 19390430     8.7
19390501 19390531    80.2
19390601 19390630    85.4
19390701 19390731    63.2
19390801 19390831    37.1
19390901 19390930     3.3
19391001 19391031    23.4
19391101 19391130    23.0
19391201 19391231     0.0
19400101 19400131     1.1
19400201 19400229     0.0
19400301 19400331     0.0
19400401 19400430     1.0
19400501 19400531    18.8
19400601 19400630    44.0
19400701 19400731    52.5
19400801 19400831     7.3
19400901 19400930    10.4
19401001 19401031    28.8
19401101 19401130     4.3
19401201 19401231    30.7
19410101 19410131     0.3
19410201 19410228    34.6
19410301 19410331     3.0
19410401 19410430    64.9
19410501 19410531    36.1
19410601 19410630    78.1
19410701 19410731    44.3
19410801 19410831    30.2
19410901 19410930    33.9
19411001 19411031    13.1
19411101 19411130     5.6
19411201 19411231    19.5
19420101 19420131     8.9
19420201 19420228     0.0
19420301 19420331    23.6
19420401 19420430    20.1
19420501 19420531    64.5
19420601 19420630    39.7
19420701 19420731    31.1
19420801 19420831    36.3
19420901 19420930    26.6
19421001 19421031    21.1
19421101 19421130     0.0
19421201 19421231    18.5
19430101 19430131    11.7
19430201 19430228   111.1
19430301 19430331    84.1
19430401 19430430    43.2
19430501 19430531    31.0
19430601 19430630    85.8
19430701 19430731    20.6
19430801 19430831    36.3
19430901 19430930    20.1
19431001 19431031    19.0
19431101 19431130     0.0
19431201 19431231     8.4
19440101 19440131     0.3
19440201 19440229     0.0
19440301 19440331     7.4
19440401 19440430     2.5
19440501 19440531    51.0
19440601 19440630    30.6
19440701 19440731    78.2
19440801 19440831    56.1
19440901 19440930     2.1
19441001 19441031     0.5
19441101 19441130     1.5
19441201 19441231     2.0
19450101 19450131     0.0
19450201 19450228     0.0
19450301 19450331    17.3
19450401 19450430    16.3
19450501 19450531    27.7
19450601 19450630   129.5
19450701 19450731    32.6
19450801 19450831    91.2
19450901 19450930    35.7
19451001 19451031     1.8
19451101 19451130     7.1
19451201 19451231     3.1
19460101 19460131     0.0
19460201 19460228    17.8
19460301 19460331     0.8
19460401 19460430    32.3
19460501 19460531    71.1
19460601 19460630    98.8
19460701 19460731   115.1
19460801 19460831    46.2
19460901 19460930     3.5
19461001 19461031     0.5
19461101 19461130    36.4
19461201 19461231     0.0
19470101 19470131     2.6
19470201 19470228    13.0
19470301 19470331    24.2
19470401 19470430    26.9
19470501 19470531    62.5
19470601 19470630    54.6
19470701 19470731    49.2
19470801 19470831    23.4
19470901 19470930    17.5
19471001 19471031    38.8
19471101 19471130    16.5
19471201 19471231     0.0
19480101 19480131     2.5
19480201 19480229     5.1
19480301 19480331    69.5
19480401 19480430    32.6
19480501 19480531     0.0
19480601 19480630    49.3
19480701 19480731    62.8
19480801 19480831    57.2
19480901 19480930    20.9
19481001 19481031     4.1
19481101 19481130    16.3
19481201 19481231    12.2
19490101 19490131     2.5
19490201 19490228     8.6
19490301 19490331     5.3
19490401 19490430    10.7
19490501 19490531     1.8
19490601 19490630    42.3
19490701 19490731    83.0
19490801 19490831    65.3
19490901 19490930    23.2
19491001 19491031    10.2
19491101 19491130    13.7
19491201 19491231     0.0
19500101 19500131     7.1
19500201 19500228     0.0
19500301 19500331     2.3
19500401 19500430     0.0
19500501 19500531    69.8
19500601 19500630    33.3
19500701 19500731    45.1
19500801 19500831    36.6
19500901 19500930    26.2
19501001 19501031    23.1
19501101 19501130     3.3
19501201 19501231     0.0
19510101 19510131    21.1
19510201 19510228    45.7
19510301 19510331     3.8
19510401 19510430    58.2
19510501 19510531    21.9
19510601 19510630    76.7
19510701 19510731    43.1
19510801 19510831    18.4
19510901 19510930    17.6
19511001 19511031     4.4
19511101 19511130     0.8
19511201 19511231    12.0
19520101 19520131     6.4
19520201 19520229    10.7
19520301 19520331     3.0
19520401 19520430     3.6
19520501 19520531    66.3
19520601 19520630    20.8
19520701 19520731    43.2
19520801 19520831    19.3
19520901 19520930    15.2
19521001 19521031    26.7
19521101 19521130     3.3
19521201 19521231     9.9
19530101 19530131     0.0
19530201 19530228    17.5
19530301 19530331    77.3
19530401 19530430    37.1
19530501 19530531    82.4
19530601 19530630    62.5
19530701 19530731    52.7
19530801 19530831    18.0
19530901 19530930     7.7
19531001 19531031     6.5
19531101 19531130     3.0
19531201 19531231     0.0
19540101 19540131     6.1
19540201 19540228     0.0
19540301 19540331     0.0
19540401 19540430     8.9
19540501 19540531    55.4
19540601 19540630    16.6
19540701 19540731    48.7
19540801 19540831    34.0
19540901 19540930    21.4
19541001 19541031     0.0
19541101 19541130     0.0
19541201 19541231    18.0
19550101 19550131    10.2
19550201 19550228    55.4
19550301 19550331     2.5
19550401 19550430    10.5
19550501 19550531    41.0
19550601 19550630    27.2
19550701 19550731    49.8
19550801 19550831    83.8
19550901 19550930    45.2
19551001 19551031    19.1
19551101 19551130     0.0
19551201 19551231     4.6
19560101 19560131     0.0
19560201 19560229     0.0
19560301 19560331     3.1
19560401 19560430    15.1
19560501 19560531    80.8
19560601 19560630    81.9
19560701 19560731    98.1
19560801 19560831     5.2
19560901 19560930     4.9
19561001 19561031    19.1
19561101 19561130    30.2
19561201 19561231     3.0
19570101 19570131    22.8
19570201 19570228     0.0
19570301 19570331     5.1
19570401 19570430    11.7
19570501 19570531    32.8
19570601 19570630   130.7
19570701 19570731    18.1
19570801 19570831    38.1
19570901 19570930     7.2
19571001 19571031     5.6
19571101 19571130     0.0
19571201 19571231     0.0
19580101 19580131     1.8
19580201 19580228     0.0
19580301 19580331     5.1
19580401 19580430     2.9
19580501 19580531    73.7
19580601 19580630    29.7
19580701 19580731   134.1
19580801 19580831    45.2
19580901 19580930    45.9
19581001 19581031     6.9
19581101 19581130     4.4
19581201 19581231    14.2
19590101 19590131     5.3
19590201 19590228    13.5
19590301 19590331    19.7
19590401 19590430     5.8
19590501 19590531     7.0
19590601 19590630    91.7
19590701 19590731    33.9
19590801 19590831    90.3
19590901 19590930     7.9
19591001 19591031    21.8
19591101 19591130    27.7
19591201 19591231     0.0
19600101 19600131    21.1
19600201 19600229    13.8
19600301 19600331    17.0
19600401 19600430    14.0
19600501 19600531    73.6
19600601 19600630    28.2
19600701 19600731    99.9
19600801 19600831    14.9
19600901 19600930    26.2
19601001 19601031     2.5
19601101 19601130     0.0
19601201 19601231     0.0
19610101 19610131    62.2
19610201 19610228     7.3
19610301 19610331     3.6
19610401 19610430    63.8
19610501 19610531    19.6
19610601 19610630    83.3
19610701 19610731    57.3
19610801 19610831    33.6
19610901 19610930     8.9
19611001 19611031     5.6
19611101 19611130     0.0
19611201 19611231     9.3
19620101 19620131    16.3
19620201 19620228     0.0
19620301 19620331     1.5
19620401 19620430     6.9
19620501 19620531    79.8
19620601 19620630    53.6
19620701 19620731    64.0
19620801 19620831    20.4
19620901 19620930    22.6
19621001 19621031    19.4
19621101 19621130    12.7
19621201 19621231    36.2
19630101 19630131    45.7
19630201 19630228    26.3
19630301 19630331    62.2
19630401 19630430    24.0
19630501 19630531   141.5
19630601 19630630    82.5
19630701 19630731    85.4
19630801 19630831   104.8
19630901 19630930    14.6
19631001 19631031     1.6
19631101 19631130     1.8
19631201 19631231    13.2
19640101 19640131     0.0
19640201 19640229    22.1
19640301 19640331     4.9
19640401 19640430    12.0
19640501 19640531     0.6
19640601 19640630   132.9
19640701 19640731    91.4
19640801 19640831    46.6
19640901 19640930    12.8
19641001 19641031    14.0
19641101 19641130    14.5
19641201 19641231     5.1
19650101 19650131    14.0
19650201 19650228     7.4
19650301 19650331     3.6
19650401 19650430    20.1
19650501 19650531    71.1
19650601 19650630   109.7
19650701 19650731    66.5
19650801 19650831    48.9
19650901 19650930    14.2
19651001 19651031    28.3
19651101 19651130    42.7
19651201 19651231     6.6
19660101 19660131     5.5
19660201 19660228    28.9
19660301 19660331     0.0
19660401 19660430    80.9
19660501 19660531     6.9
19660601 19660630    74.5
19660701 19660731    63.6
19660801 19660831    37.2
19660901 19660930    22.6
19661001 19661031    27.0
19661101 19661130    14.7
19661201 19661231     1.8
19670101 19670131    14.2
19670201 19670228     1.5
19670301 19670331     0.9
19670401 19670430     7.0
19670501 19670531    60.8
19670601 19670630    59.7
19670701 19670731    70.5
19670801 19670831    19.2
19670901 19670930     3.9
19671001 19671031    15.7
19671101 19671130    30.3
19671201 19671231     9.2
19680101 19680131    58.9
19680201 19680229     5.9
19680301 19680331    50.4
19680401 19680430    23.3
19680501 19680531    18.4
19680601 19680630   159.7
19680701 19680731    43.4
19680801 19680831    34.6
19680901 19680930    29.8
19681001 19681031    14.0
19681101 19681130     0.8
19681201 19681231     1.3
19690101 19690131     1.3
19690201 19690228     0.5
19690301 19690331     7.6
19690401 19690430    27.3
19690501 19690531    19.9
19690601 19690630    50.5
19690701 19690731    23.4
19690801 19690831    10.7
19690901 19690930    15.8
19691001 19691031     0.5
19691101 19691130     6.6
19691201 19691231     4.4
19700101 19700131     0.0
19700201 19700228    89.2
19700301 19700331     3.6
19700401 19700430    28.9
19700501 19700531    25.4
19700601 19700630    83.5
19700701 19700731    25.3
19700801 19700831    29.3
19700901 19700930    36.4
19701001 19701031    10.8
19701101 19701130    21.3
19701201 19701231    21.6
19710101 19710131     2.0
19710201 19710228     7.7
19710301 19710331   190.9
19710401 19710430    28.8
19710501 19710531    27.2
19710601 19710630    31.5
19710701 19710731    27.8
19710801 19710831    39.9
19710901 19710930    31.6
19711001 19711031    19.8
19711101 19711130     8.5
19711201 19711231     1.1
19720101 19720131     0.0
19720201 19720229    19.3
19720301 19720331     2.8
19720401 19720430     6.6
19720501 19720531    21.8
19720601 19720630    95.2
19720701 19720731    80.9
19720801 19720831    43.5
19720901 19720930    11.4
19721001 19721031     8.5
19721101 19721130     0.0
19721201 19721231     0.0
19730101 19730131     7.6
19730201 19730228     1.5
19730301 19730331     0.5
19730401 19730430     4.9
19730501 19730531    36.0
19730601 19730630    60.1
19730701 19730731    90.8
19730801 19730831    53.1
19730901 19730930    78.4
19731001 19731031    10.4
19731101 19731130    15.0
19731201 19731231     0.0
19740101 19740131     0.0
19740201 19740228     0.4
19740301 19740331    52.0
19740401 19740430    80.2
19740501 19740531    86.6
19740601 19740630    58.8
19740701 19740731    75.4
19740801 19740831    37.2
19740901 19740930    16.8
19741001 19741031    26.4
19741101 19741130     1.2
19741201 19741231     0.0
19750101 19750131     0.0
19750201 19750228     4.8
19750301 19750331    32.6
19750401 19750430    29.0
19750501 19750531    43.4
19750601 19750630    34.8
19750701 19750731    72.6
19750801 19750831    26.6
19750901 19750930    22.4
19751001 19751031    58.2
19751101 19751130     1.6
19751201 19751231     5.0
19760101 19760131    10.6
19760201 19760229    15.0
19760301 19760331     0.0
19760401 19760430    24.4
19760501 19760531    33.2
19760601 19760630    25.0
19760701 19760731    14.4
19760801 19760831    46.2
19760901 19760930    25.6
19761001 19761031    15.0
19761101 19761130    15.0
19761201 19761231     0.0
19770101 19770131     1.0
19770201 19770228     2.2
19770301 19770331     5.0
19770401 19770430    19.4
19770501 19770531    41.0
19770601 19770630    36.6
19770701 19770731    19.8
19770801 19770831    54.6
19770901 19770930     8.8
19771001 19771031    19.8
19771101 19771130     2.4
19771201 19771231    32.6
19780101 19780131    30.0
19780201 19780228    61.8
19780301 19780331     0.0
19780401 19780430    23.8
19780501 19780531    18.6
19780601 19780630    24.8
19780701 19780731    84.6
19780801 19780831    15.0
19780901 19780930    30.8
19781001 19781031    18.0
19781101 19781130    12.2
19781201 19781231    45.8
19790101 19790131     2.0
19790201 19790228    21.8
19790301 19790331    16.6
19790401 19790430    21.8
19790501 19790531    28.2
19790601 19790630    62.8
19790701 19790731    23.4
19790801 19790831    47.8
19790901 19790930     7.2
19791001 19791031     2.4
19791101 19791130    25.4
19791201 19791231     0.0
19800101 19800131     3.0
19800201 19800229     4.6
19800301 19800331     0.4
19800401 19800430    33.6
19800501 19800531    35.2
19800601 19800630    28.8
19800701 19800731    50.2
19800801 19800831    26.6
19800901 19800930     6.0
19801001 19801031    15.0
19801101 19801130     1.4
19801201 19801231     3.0
19810101 19810131     4.0
19810201 19810228    21.6
19810301 19810331     0.8
19810401 19810430     8.2
19810501 19810531   100.4
19810601 19810630    52.4
19810701 19810731    48.2
19810801 19810831    43.6
19810901 19810930    11.0
19811001 19811031    22.2
19811101 19811130    31.4
19811201 19811231    37.4
19820101 19820131    77.2
19820201 19820228     6.0
19820301 19820331     3.0
19820401 19820430     0.2
19820501 19820531    32.0
19820601 19820630    72.8
19820701 19820731    15.2
19820801 19820831    56.4
19820901 19820930    40.2
19821001 19821031    19.0
19821101 19821130     6.6
19821201 19821231    10.4
19830101 19830131     0.0
19830201 19830228     0.0
19830301 19830331    11.0
19830401 19830430    10.6
19830501 19830531    23.2
19830601 19830630   102.0
19830701 19830731    61.8
19830801 19830831    44.2
19830901 19830930    41.4
19831001 19831031     2.0
19831101 19831130    53.4
19831201 19831231    35.6
19840101 19840131     0.0
19840201 19840229    10.8
19840301 19840331   102.0
19840401 19840430    80.6
19840501 19840531   107.4
19840601 19840630    16.0
19840701 19840731    42.8
19840801 19840831    17.2
19840901 19840930    19.0
19841001 19841031     9.8
19841101 19841130    18.4
19841201 19841231     6.8
19850101 19850131     0.0
19850201 19850228    43.0
19850301 19850331    27.6
19850401 19850430     3.0
19850501 19850531    95.0
19850601 19850630    22.8
19850701 19850731    84.0
19850801 19850831    60.8
19850901 19850930    31.2
19851001 19851031    13.0
19851101 19851130     3.8
19851201 19851231     5.0
19860101 19860131    12.0
19860201 19860228    45.6
19860301 19860331     6.6
19860401 19860430    10.2
19860501 19860531    48.4
19860601 19860630    74.6
19860701 19860731    54.0
19860801 19860831    42.6
19860901 19860930    11.8
19861001 19861031    18.8
19861101 19861130    22.0
19861201 19861231     1.2
19870101 19870131     0.0
19870201 19870228     0.0
19870301 19870331    11.0
19870401 19870430    37.6
19870501 19870531    44.8
19870601 19870630    37.4
19870701 19870731    47.6
19870801 19870831    30.4
19870901 19870930    10.2
19871001 19871031    30.4
19871101 19871130    23.6
19871201 19871231    33.4
19880101 19880131     0.0
19880201 19880229     0.0
19880301 19880331    23.8
19880401 19880430    13.0
19880501 19880531    68.4
19880601 19880630    65.6
19880701 19880731    56.6
19880801 19880831    57.6
19880901 19880930    18.4
19881001 19881031    20.2
19881101 19881130     9.0
19881201 19881231    21.4
19890101 19890131    13.8
19890201 19890228    19.4
19890301 19890331     0.8
19890401 19890430    31.4
19890501 19890531    77.9
19890601 19890630    72.4
19890701 19890731    37.2
19890801 19890831    19.4
19890901 19890930    10.0
19891001 19891031     8.5
19891101 19891130     0.0
19891201 19891231     0.8
19900101 19900131    92.4
19900201 19900228    36.2
19900301 19900331    40.8
19900401 19900430    17.8
19900501 19900531    22.4
19900601 19900630    33.2
19900701 19900731    64.2
19900801 19900831    46.0
19900901 19900930    29.6
19901001 19901031    34.2
19901101 19901130     2.6
19901201 19901231     4.6
19910101 19910131     6.2
19910201 19910228     2.6
19910301 19910331    10.6
19910401 19910430    17.4
19910501 19910531    31.4
19910601 19910630    52.8
19910701 19910731    73.4
19910801 19910831    29.0
19910901 19910930    17.6
19911001 19911031    13.2
19911101 19911130    25.6
19911201 19911231    57.8
19920101 19920131    12.2
19920201 19920229    43.6
19920301 19920331    18.0
19920401 19920430    72.6
19920501 19920531     8.2
19920601 19920630    53.2
19920701 19920731    24.0
19920801 19920831    70.4
19920901 19920930    40.4
19921001 19921031    13.4
19921101 19921130    13.8
19921201 19921231     3.2
19930101 19930131     0.0
19930201 19930228     1.8
19930301 19930331     7.2
19930401 19930430    26.6
19930501 19930531   109.2
19930601 19930630    73.6
19930701 19930731    36.6
19930801 19930831    56.4
19930901 19930930    19.6
19931001 19931031    14.8
19931101 19931130    38.2
19931201 19931231     4.0
19940101 19940131     0.0
19940201 19940228     6.2
19940301 19940331     0.0
19940401 19940430     0.0
19940501 19940531    43.0
19940601 19940630    23.8
19940701 19940731    20.2
19940801 19940831    48.8
19940901 19940930    13.8
19941001 19941031     0.6
19941101 19941130     0.0
19941201 19941231     0.4
19950101 19950131     6.6
19950201 19950228     9.6
19950301 19950331    14.2
19950401 19950430    17.0
19950501 19950531    56.0
19950601 19950630    54.6
19950701 19950731   106.6
19950801 19950831    15.2
19950901 19950930    27.8
19951001 19951031    12.4
19951101 19951130     9.6
19951201 19951231    25.0
19960101 19960131     0.0
19960201 19960229     4.2
19960301 19960331     1.2
19960401 19960430    33.4
19960501 19960531    29.6
19960601 19960630    60.6
19960701 19960731    91.2
19960801 19960831    46.0
19960901 19960930    48.6
19961001 19961031    13.4
19961101 19961130    20.4
19961201 19961231     0.0
19970101 19970131     0.0
19970201 19970228    27.2
19970301 19970331     0.0
19970401 19970430    49.0
19970501 19970531    30.2
19970601 19970630    16.2
19970701 19970731    34.0
19970801 19970831    34.2
19970901 19970930    34.6
19971001 19971031    10.0
19971101 19971130    27.2
19971201 19971231     0.4
19980101 19980131     0.0
19980201 19980228     0.0
19980301 19980331     3.6
19980401 19980430    37.6
19980501 19980531    50.4
19980601 19980630    67.8
19980701 19980731    39.0
19980801 19980831    41.8
19980901 19980930    22.4
19981001 19981031     3.6
19981101 19981130     2.6
19981201 19981231    20.6
19990101 19990131     2.6
19990201 19990228     0.4
19990301 19990331   148.4
19990401 19990430     5.8
19990501 19990531   120.8
19990601 19990630    60.4
19990701 19990731    47.4
19990801 19990831    53.0
19990901 19990930    47.2
19991001 19991031    42.6
19991101 19991130    10.8
19991201 19991231    33.0
20000101 20000131    71.0
20000201 20000229     0.8
20000301 20000331    46.8
20000401 20000430    17.0
20000501 20000531     5.2
20000601 20000630    21.6
20000701 20000731    71.0
20000801 20000831    28.4
20000901 20000930     7.8
20001001 20001031     0.8
20001101 20001130     1.2
20001201 20001231    11.2
20010101 20010131    70.0
20010201 20010228    10.8
20010301 20010331     3.0
20010401 20010430     0.4
20010501 20010531    53.8
20010601 20010630    20.0
20010701 20010731    50.2
20010801 20010831    27.4
20010901 20010930    33.8
20011001 20011031    10.0
20011101 20011130    15.8
20011201 20011231     5.6
20020101 20020131    26.4
20020201 20020228     0.0
20020301 20020331     1.4
20020401 20020430    16.8
20020501 20020531     9.4
20020601 20020630    26.8
20020701 20020731    29.2
20020801 20020831    22.8
20020901 20020930    23.8
20021001 20021031    10.8
20021101 20021130     2.0
20021201 20021231    67.8
20030101 20030131     2.0
20030201 20030228    19.2
20030301 20030331    14.2
20030401 20030430    24.2
20030501 20030531    44.4
20030601 20030630    34.0
20030701 20030731    44.8
20030801 20030831    92.0
20030901 20030930    37.8
20031001 20031031     5.6
20031101 20031130    11.2
20031201 20031231     2.8
20040101 20040131    44.2
20040201 20040229    20.4
20040301 20040331     7.2
20040401 20040430     8.0
20040501 20040531    52.8
20040601 20040630    83.2
20040701 20040731    46.8
20040801 20040831    30.4
20040901 20040930    18.2
20041001 20041031    12.2
20041101 20041130    11.0
20041201 20041231     4.4
20050101 20050131     0.0
20050201 20050228     3.0
20050301 20050331    54.4
20050401 20050430    14.0
20050501 20050531    74.4
20050601 20050630    78.0
20050701 20050731    12.8
20050801 20050831    44.6
20050901 20050930    42.2
20051001 20051031     3.2
20051101 20051130     1.4
20051201 20051231     1.0
20060101 20060131    94.2
20060201 20060228    47.0
20060301 20060331     2.4
20060401 20060430    15.4
20060501 20060531    24.0
20060601 20060630    12.8
20060701 20060731    23.2
20060801 20060831    26.6
20060901 20060930    33.8
20061001 20061031    14.2
20061101 20061130    42.8
20061201 20061231    20.0
20070101 20070131    44.4
20070201 20070228    10.8
20070301 20070331     7.2
20070401 20070430    17.0
20070501 20070531    20.8
20070601 20070630    17.4
20070701 20070731    59.8
20070801 20070831    25.0
20070901 20070930    25.4
20071001 20071031    17.0
20071101 20071130     0.0
20071201 20071231   120.8
20080101 20080131     0.6
20080201 20080229    53.4
20080301 20080331     2.4
20080401 20080430    29.0
20080501 20080531     7.0
20080601 20080630    32.2
20080701 20080731    94.2
20080801 20080831    18.0
20080901 20080930    38.4
20081001 20081031    30.0
20081101 20081130    14.6
20081201 20081231     5.2
20090101 20090131     1.2
20090201 20090228     7.2
20090301 20090331    10.4
20090401 20090430     7.8
20090501 20090531    35.2
20090601 20090630    47.6
20090701 20090731    80.0
20090801 20090831    46.4
20090901 20090930    18.8
20091001 20091031    15.4
20091101 20091130    21.8
20091201 20091231     8.4
20100101 20100131     0.0
20100201 20100228     0.2
20100301 20100331    28.8
20100401 20100430     0.0
20100501 20100531    33.0
20100601 20100630    18.0
20100701 20100731    32.2
20100801 20100831    33.8
20100901 20100930     6.6
20101001 20101031     1.0
20101101 20101130     2.0
20101201 20101231    13.4
20110101 20110131    21.4
20110201 20110228    15.8
20110301 20110331     2.2
20110401 20110430     1.4
20110501 20110531    38.8
20110601 20110630    39.0
20110701 20110731    55.8
20110801 20110831    48.8
20110901 20110930    31.6
20111001 20111031    51.6
20111101 20111130    27.6
20111201 20111231    12.8
20120101 20120131    29.0
20120201 20120229     9.0
20120301 20120331     5.2
20120401 20120430     3.4
20120501 20120531    18.2
20120601 20120630    61.8
20120701 20120731     9.0
20120801 20120831    34.6
20120901 20120930    28.4
20121001 20121031     2.2
20121101 20121130    55.0
20121201 20121231    21.0
20130101 20130131    39.8
20130201 20130228     8.8
20130301 20130331    33.6
20130401 20130430     5.4
20130501 20130531    36.2
20130601 20130630     7.0
20130701 20130731    30.8
20130801 20130831    56.6
20130901 20130930    42.8
20131001 20131031    22.4
20131101 20131130     0.0
20131201 20131231     0.0
20140101 20140131    12.6
20140201 20140228    29.0
20140301 20140331     9.8
20140401 20140430    22.2
20140501 20140531    39.8
20140601 20140630    16.6
20140701 20140731    68.8
20140801 20140831    20.4
20140901 20140930    33.2
20141001 20141031     2.8
20141101 20141130    12.6
20141201 20141231    14.0
20150101 20150131     2.2
20150201 20150228    19.4
20150301 20150331    57.0
20150401 20150430    14.2
20150501 20150531    16.2
20150601 20150630    69.0
20150701 20150731    85.0
20150801 20150831    67.4
20150901 20150930     3.8
20151001 20151031     0.6
20151101 20151130    36.2
20151201 20151231     4.6
20160101 20160131    63.4
20160201 20160229     0.0
20160301 20160331    36.6
20160401 20160430    41.6
20160501 20160531    43.2
20160601 20160630    28.0
20160701 20160731    47.0
20160801 20160831    35.2
20160901 20160930    27.2
20161001 20161031    15.4
20161101 20161130     0.4
20161201 20161231     4.0
20170101 20170131    88.4
20170201 20170228    41.0
20170301 20170331    40.2
20170401 20170430     1.6
20170501 20170531     8.6
20170601 20170630     1.4
20170701 20170731    37.4
20170801 20170831    53.6
20170901 20170930    31.6
20171001 20171031    15.8
20171101 20171130     5.6
20171201 20171231     1.6
