PRCP       097091 19070101 20180131 missing_value=99999.9 SOUTH QUEENSTOWN                          
19061001 19061031   296.7
19061101 19061130   262.1
19061201 19061231   162.8
19070101 19070131   127.0
19070201 19070228   123.0
19070301 19070331   159.8
19070401 19070430   265.1
19070501 19070531   181.2
19070601 19070630   164.0
19070701 19070731   301.8
19070801 19070831   349.5
19070901 19070930   388.2
19071001 19071031   259.6
19071101 19071130    84.4
19071201 19071231   265.4
19080101 19080131    65.9
19080201 19080229   163.2
19080301 19080331   352.2
19080401 19080430   150.0
19080501 19080531   388.1
19080601 19080630   157.0
19080701 19080731   248.1
19080801 19080831   222.1
19080901 19080930   187.7
19081001 19081031   147.7
19081101 19081130   121.2
19081201 19081231   217.9
19090101 19090131   116.1
19090201 19090228    40.9
19090301 19090331   262.1
19090401 19090430   404.2
19090501 19090531   216.5
19090601 19090630   230.9
19090701 19090731   111.6
19090801 19090831   269.7
19090901 19090930   108.7
19091001 19091031   261.0
19091101 19091130   200.7
19091201 19091231   300.1
19100101 19100131    37.9
19100201 19100228   110.6
19100301 19100331    48.5
19100401 19100430   211.4
19100501 19100531   463.4
19100601 19100630   262.0
19100701 19100731    66.2
19100801 19100831   404.6
19100901 19100930   267.7
19101001 19101031   276.1
19101101 19101130   189.0
19101201 19101231   282.0
19110101 19110131    72.9
19110201 19110228   132.5
19110301 19110331   237.7
19110401 19110430   299.2
19110501 19110531   150.0
19110601 19110630   252.9
19110701 19110731   138.9
19110801 19110831   168.9
19110901 19110930   109.9
19111001 19111031   244.0
19111101 19111130   197.2
19111201 19111231   410.7
19120101 19120131   165.7
19120201 19120229    15.2
19120301 19120331   139.6
19120401 19120430   201.1
19120501 19120531   191.1
19120601 19120630   213.8
19120701 19120731    81.7
19120801 19120831   251.5
19120901 19120930   422.7
19121001 19121031   256.8
19121101 19121130   204.0
19121201 19121231   236.2
19130101 19130131   208.7
19130201 19130228    93.6
19130301 19130331   175.5
19130401 19130430   115.0
19130501 19130531   202.2
19130601 19130630   167.3
19130701 19130731   281.4
19130801 19130831   368.1
19130901 19130930   325.2
19131001 19131031   170.3
19131101 19131130   464.3
19131201 19131231   175.7
19140101 19140131   165.3
19140201 19140228    58.3
19140301 19140331   120.1
19140401 19140430   454.1
19140501 19140531   194.6
19140601 19140630   218.7
19140701 19140731   264.1
19140801 19140831   251.0
19140901 19140930   193.1
19141001 19141031    65.5
19141101 19141130   100.8
19141201 19141231   123.0
19150101 19150131   164.4
19150201 19150228   106.8
19150301 19150331   237.3
19150401 19150430   271.2
19150501 19150531   271.9
19150601 19150630   308.2
19150701 19150731   197.0
19150801 19150831   308.9
19150901 19150930   362.6
19151001 19151031   336.0
19151101 19151130   475.0
19151201 19151231    83.8
19160101 19160131   174.8
19160201 19160229    44.7
19160301 19160331   143.2
19160401 19160430   433.0
19160501 19160531   210.6
19160601 19160630   163.2
19160701 19160731    74.1
19160801 19160831   293.5
19160901 19160930   222.9
19161001 19161031   235.5
19161101 19161130   203.0
19161201 19161231   237.7
19170101 19170131   178.6
19170201 19170228   146.9
19170301 19170331   169.8
19170401 19170430   226.0
19170501 19170531   305.4
19170601 19170630   221.7
19170701 19170731   510.2
19170801 19170831   212.7
19170901 19170930   215.0
19171001 19171031   257.6
19171101 19171130   181.3
19171201 19171231    61.5
19180101 19180131    96.8
19180201 19180228   106.7
19180301 19180331   133.9
19180401 19180430    99.4
19180501 19180531   232.0
19180601 19180630   271.7
19180701 19180731   358.4
19180801 19180831   100.5
19180901 19180930   116.8
19181001 19181031   309.9
19181101 19181130   161.6
19181201 19181231   301.4
19190101 19190131   157.0
19190201 19190228    80.0
19190301 19190331   181.1
19190401 19190430   106.0
19190501 19190531   144.2
19190601 19190630   406.8
19190701 19190731   299.2
19190801 19190831   173.3
19190901 19190930   203.7
19191001 19191031   158.0
19191101 19191130   105.0
19191201 19191231   122.8
19200101 19200131    43.8
19200201 19200229    78.2
19200301 19200331   240.4
19200401 19200430   167.3
19200501 19200531   237.8
19200601 19200630   219.2
19200701 19200731   253.4
19200801 19200831   266.5
19200901 19200930   202.8
19201001 19201031   184.3
19201101 19201130   293.8
19201201 19201231   161.6
19210101 19210131   113.8
19210201 19210228    51.5
19210301 19210331   163.7
19210401 19210430   238.2
19210501 19210531   121.4
19210601 19210630   338.4
19210701 19210731   386.6
19210801 19210831   360.1
19210901 19210930   263.5
19211001 19211031   152.6
19211101 19211130   247.4
19211201 19211231    92.9
19220101 19220131   123.6
19220201 19220228    82.7
19220301 19220331   277.0
19220401 19220430   258.8
19220501 19220531   250.1
19220601 19220630   197.1
19220701 19220731    81.1
19220801 19220831   167.7
19220901 19220930   156.9
19221001 19221031   278.5
19221101 19221130   205.7
19221201 19221231   193.2
19230101 19230131   433.6
19230201 19230228   121.5
19230301 19230331   196.4
19230401 19230430    17.3
19230501 19230531   523.8
19230601 19230630   236.0
19230701 19230731   275.3
19230801 19230831   266.4
19230901 19230930   328.6
19231001 19231031   286.7
19231101 19231130   227.1
19231201 19231231   203.4
19240101 19240131   280.4
19240201 19240229   160.8
19240301 19240331   196.6
19240401 19240430   325.9
19240501 19240531   205.1
19240601 19240630   325.8
19240701 19240731   258.9
19240801 19240831   214.9
19240901 19240930   330.4
19241001 19241031   313.1
19241101 19241130   307.3
19241201 19241231   119.6
19250101 19250131   153.3
19250201 19250228   204.6
19250301 19250331   105.0
19250401 19250430   214.4
19250501 19250531    62.2
19250601 19250630   167.5
19250701 19250731   164.6
19250801 19250831   274.7
19250901 19250930   287.7
19251001 19251031   296.6
19251101 19251130   116.1
19251201 19251231   270.6
19260101 19260131   132.5
19260201 19260228   209.5
19260301 19260331    99.4
19260401 19260430   214.5
19260501 19260531   216.1
19260601 19260630   141.3
19260701 19260731   297.7
19260801 19260831   281.5
19260901 19260930   264.1
19261001 19261031   286.5
19261101 19261130   306.7
19261201 19261231   187.9
19270101 19270131   135.9
19270201 19270228   211.0
19270301 19270331   159.2
19270401 19270430   171.6
19270501 19270531   386.2
19270601 19270630   180.4
19270701 19270731   255.5
19270801 19270831   304.9
19270901 19270930   165.2
19271001 19271031   128.2
19271101 19271130   109.6
19271201 19271231    92.3
19280101 19280131   136.7
19280201 19280229   108.0
19280301 19280331   110.0
19280401 19280430   181.9
19280501 19280531   236.5
19280601 19280630   125.7
19280701 19280731   351.7
19280801 19280831   329.1
19280901 19280930   421.3
19281001 19281031   377.0
19281101 19281130   282.4
19281201 19281231   181.1
19290101 19290131   259.4
19290201 19290228    37.6
19290301 19290331   224.4
19290401 19290430   275.6
19290501 19290531   129.3
19290601 19290630   319.0
19290701 19290731   308.0
19290801 19290831   206.3
19290901 19290930   241.1
19291001 19291031   201.1
19291101 19291130   175.8
19291201 19291231   283.4
19300101 19300131   223.9
19300201 19300228    63.1
19300301 19300331    83.5
19300401 19300430   193.3
19300501 19300531   138.3
19300601 19300630    83.2
19300701 19300731   305.7
19300801 19300831   220.6
19300901 19300930   317.1
19301001 19301031   193.8
19301101 19301130   285.0
19301201 19301231   155.8
19310101 19310131   243.4
19310201 19310228   162.1
19310301 19310331   191.7
19310401 19310430   185.6
19310501 19310531   377.3
19310601 19310630   263.0
19310701 19310731   352.2
19310801 19310831   305.0
19310901 19310930   322.8
19311001 19311031   300.9
19311101 19311130   176.9
19311201 19311231    59.7
19320101 19320131   145.0
19320201 19320229   240.8
19320301 19320331    80.1
19320401 19320430   286.6
19320501 19320531    90.5
19320601 19320630   376.3
19320701 19320731    75.0
19320801 19320831   187.9
19320901 19320930   156.1
19321001 19321031   217.3
19321101 19321130   236.0
19321201 19321231   244.0
19330101 19330131   208.6
19330201 19330228   190.8
19330301 19330331   238.6
19330401 19330430   216.4
19330501 19330531   258.4
19330601 19330630   203.9
19330701 19330731   148.3
19330801 19330831   296.8
19330901 19330930   231.6
19331001 19331031   290.3
19331101 19331130    76.8
19331201 19331231    73.8
19340101 19340131    87.5
19340201 19340228    58.3
19340301 19340331    86.7
19340401 19340430   164.0
19340501 19340531   103.3
19340601 19340630    75.7
19340701 19340731   227.5
19340801 19340831   216.6
19340901 19340930   242.5
19341001 19341031   288.6
19341101 19341130   161.8
19341201 19341231   114.4
19350101 19350131   171.5
19350201 19350228   221.7
19350301 19350331   235.3
19350401 19350430   246.0
19350501 19350531   307.5
19350601 19350630   272.1
19350701 19350731   282.6
19350801 19350831   262.1
19350901 19350930   166.8
19351001 19351031   172.4
19351101 19351130   207.8
19351201 19351231    87.7
19360101 19360131    66.6
19360201 19360229    59.2
19360301 19360331   123.0
19360401 19360430   349.9
19360501 19360531   136.1
19360601 19360630   139.8
19360701 19360731   226.4
19360801 19360831   480.0
19360901 19360930   292.8
19361001 19361031   256.9
19361101 19361130   177.9
19361201 19361231   140.1
19370101 19370131   356.5
19370201 19370228    82.6
19370301 19370331   181.4
19370401 19370430   201.7
19370501 19370531   408.7
19370601 19370630    27.0
19370701 19370731   315.3
19370801 19370831   166.3
19370901 19370930   189.6
19371001 19371031   132.8
19371101 19371130   119.8
19371201 19371231   147.1
19380101 19380131   205.9
19380201 19380228   185.7
19380301 19380331    83.2
19380401 19380430   200.1
19380501 19380531   279.2
19380601 19380630   316.2
19380701 19380731   101.5
19380801 19380831   190.5
19380901 19380930   240.7
19381001 19381031   197.3
19381101 19381130   105.6
19381201 19381231   342.0
19390101 19390131    28.5
19390201 19390228   147.6
19390301 19390331   108.3
19390401 19390430   229.3
19390501 19390531   148.6
19390601 19390630   250.2
19390701 19390731   207.8
19390801 19390831   391.6
19390901 19390930   460.5
19391001 19391031   222.7
19391101 19391130   233.8
19391201 19391231   282.3
19400101 19400131   205.2
19400201 19400229   322.2
19400301 19400331   127.7
19400401 19400430   140.6
19400501 19400531   117.1
19400601 19400630   340.6
19400701 19400731   285.2
19400801 19400831   197.5
19400901 19400930   201.9
19401001 19401031   138.7
19401101 19401130   218.2
19401201 19401231   184.0
19410101 19410131    45.2
19410201 19410228   103.6
19410301 19410331   285.4
19410401 19410430    91.8
19410501 19410531   285.3
19410601 19410630   237.9
19410701 19410731   281.9
19410801 19410831   208.0
19410901 19410930   287.0
19411001 19411031   332.2
19411101 19411130   237.5
19411201 19411231   143.9
19420101 19420131   227.3
19420201 19420228   123.1
19420301 19420331   113.9
19420401 19420430   216.6
19420501 19420531   238.5
19420601 19420630   164.2
19420701 19420731   334.8
19420801 19420831   265.6
19420901 19420930   355.7
19421001 19421031   132.7
19421101 19421130   122.6
19421201 19421231   147.0
19430101 19430131   146.0
19430201 19430228   199.7
19430301 19430331    80.2
19430401 19430430   337.4
19430501 19430531   256.8
19430601 19430630   305.6
19430701 19430731   321.7
19430801 19430831   187.6
19430901 19430930   150.5
19431001 19431031    88.6
19431101 19431130   182.6
19431201 19431231   135.9
19440101 19440131   157.9
19440201 19440229   205.1
19440301 19440331   114.3
19440401 19440430   332.6
19440501 19440531   157.5
19440601 19440630   320.6
19440701 19440731   254.6
19440801 19440831   163.6
19440901 19440930   326.3
19441001 19441031   181.4
19441101 19441130   299.1
19441201 19441231   228.2
19450101 19450131   139.3
19450201 19450228   206.2
19450301 19450331   420.5
19450401 19450430   103.0
19450501 19450531   127.1
19450601 19450630   227.7
19450701 19450731   265.2
19450801 19450831   397.1
19450901 19450930   339.9
19451001 19451031   359.7
19451101 19451130   177.3
19451201 19451231   106.2
19460101 19460131   178.3
19460201 19460228   203.4
19460301 19460331   263.4
19460401 19460430   138.3
19460501 19460531   207.2
19460601 19460630   199.5
19460701 19460731   497.3
19460801 19460831   447.2
19460901 19460930   253.9
19461001 19461031   235.0
19461101 19461130   134.5
19461201 19461231   210.3
19470101 19470131   145.2
19470201 19470228    82.8
19470301 19470331   221.3
19470401 19470430   152.0
19470501 19470531   233.0
19470601 19470630   553.1
19470701 19470731   283.9
19470801 19470831   336.2
19470901 19470930   287.7
19471001 19471031   353.9
19471101 19471130   156.8
19471201 19471231   162.0
19480101 19480131    33.0
19480201 19480229   112.9
19480301 19480331   290.2
19480401 19480430   151.9
19480501 19480531   556.4
19480601 19480630   385.0
19480701 19480731   318.0
19480801 19480831   337.9
19480901 19480930   297.0
19481001 19481031   326.3
19481101 19481130   231.4
19481201 19481231   252.9
19490101 19490131   139.1
19490201 19490228   227.5
19490301 19490331   101.1
19490401 19490430   171.5
19490501 19490531   166.1
19490601 19490630   103.4
19490701 19490731   252.3
19490801 19490831   279.3
19490901 19490930   155.1
19491001 19491031   216.4
19491101 19491130   222.3
19491201 19491231   220.3
19500101 19500131   199.2
19500201 19500228    46.9
19500301 19500331   115.3
19500401 19500430   121.4
19500501 19500531   119.0
19500601 19500630    69.3
19500701 19500731   165.6
19500801 19500831   162.3
19500901 19500930   208.0
19501001 19501031   197.9
19501101 19501130   168.3
19501201 19501231   179.1
19510101 19510131    48.4
19510201 19510228    87.3
19510301 19510331   201.7
19510401 19510430   340.1
19510501 19510531   308.1
19510601 19510630    36.8
19510701 19510731   415.1
19510801 19510831   221.3
19510901 19510930    85.2
19511001 19511031   187.2
19511101 19511130   259.9
19511201 19511231   182.6
19520101 19520131   230.5
19520201 19520229   114.7
19520301 19520331    90.6
19520401 19520430   241.7
19520501 19520531   255.0
19520601 19520630   530.1
19520701 19520731   247.8
19520801 19520831   185.1
19520901 19520930   324.6
19521001 19521031   217.2
19521101 19521130   257.2
19521201 19521231   133.7
19530101 19530131    84.1
19530201 19530228   115.3
19530301 19530331    92.7
19530401 19530430   452.9
19530501 19530531   271.9
19530601 19530630   292.0
19530701 19530731   350.9
19530801 19530831   273.0
19530901 19530930   345.2
19531001 19531031   160.2
19531101 19531130   267.6
19531201 19531231   245.3
19540101 19540131    38.2
19540201 19540228   148.9
19540301 19540331   254.5
19540401 19540430   234.6
19540501 19540531   335.3
19540601 19540630   229.0
19540701 19540731   208.8
19540801 19540831   305.7
19540901 19540930   163.6
19541001 19541031   159.2
19541101 19541130   155.6
19541201 19541231   115.0
19550101 19550131   157.7
19550201 19550228    62.2
19550301 19550331    72.4
19550401 19550430   199.9
19550501 19550531   278.1
19550601 19550630   115.3
19550701 19550731   323.1
19550801 19550831   355.2
19550901 19550930   147.7
19551001 19551031   222.0
19551101 19551130   342.8
19551201 19551231   138.1
19560101 19560131   207.6
19560201 19560229    24.3
19560301 19560331   131.8
19560401 19560430   401.6
19560501 19560531    63.0
19560601 19560630   357.1
19560701 19560731   256.0
19560801 19560831   358.8
19560901 19560930   162.6
19561001 19561031   236.2
19561101 19561130   289.6
19561201 19561231   339.9
19570101 19570131   174.3
19570201 19570228   106.0
19570301 19570331   163.2
19570401 19570430   333.1
19570501 19570531   400.7
19570601 19570630   189.9
19570701 19570731    76.2
19570801 19570831   119.4
19570901 19570930   173.8
19571001 19571031   261.7
19571101 19571130   246.8
19571201 19571231   268.6
19580101 19580131   115.5
19580201 19580228   119.6
19580301 19580331   232.9
19580401 19580430   129.1
19580501 19580531   526.5
19580601 19580630   240.1
19580701 19580731   276.8
19580801 19580831   393.1
19580901 19580930   115.6
19581001 19581031   328.1
19581101 19581130   205.9
19581201 19581231   142.6
19590101 19590131    49.6
19590201 19590228   168.2
19590301 19590331   105.0
19590401 19590430   222.5
19590501 19590531   145.3
19590601 19590630   256.1
19590701 19590731   256.9
19590801 19590831   330.5
19590901 19590930   179.4
19591001 19591031   147.1
19591101 19591130   113.4
19591201 19591231   180.1
19600101 19600131   127.0
19600201 19600229   185.6
19600301 19600331   105.2
19600401 19600430   281.2
19600501 19600531   330.8
19600601 19600630   235.6
19600701 19600731   269.8
19600801 19600831    99.5
19600901 19600930   135.0
19601001 19601031   235.2
19601101 19601130   263.1
19601201 19601231     9.2
19610101 19610131    76.5
19610201 19610228   109.1
19610301 19610331    74.3
19610401 19610430   191.6
19610501 19610531   227.4
19610601 19610630   296.7
19610701 19610731   195.4
19610801 19610831    99.3
19610901 19610930   179.4
19611001 19611031   183.9
19611101 19611130   138.1
19611201 19611231   168.2
19620101 19620131    54.2
19620201 19620228   212.2
19620301 19620331   261.3
19620401 19620430   107.8
19620501 19620531   226.4
19620601 19620630   575.0
19620701 19620731   252.7
19620801 19620831   250.7
19620901 19620930   213.7
19621001 19621031   227.6
19621101 19621130   179.7
19621201 19621231    73.1
19630101 19630131    61.2
19630201 19630228    77.3
19630301 19630331   203.8
19630401 19630430   158.4
19630501 19630531   126.8
19630601 19630630   109.6
19630701 19630731   175.6
19630801 19630831   219.0
19630901 19630930   267.7
19631001 19631031   103.4
19631101 19631130   151.5
19631201 19631231   106.3
19640101 19640131   308.8
19640201 19640229   187.8
19640301 19640331   173.0
19640401 19640430   137.2
19640501 19640531   267.7
19640601 19640630   164.6
19640701 19640731   366.4
19640801 19640831   439.7
19640901 19640930   316.6
19641001 19641031   185.8
19641101 19641130   154.7
19641201 19641231   246.4
19650101 19650131   147.8
19650201 19650228    75.0
19650301 19650331   270.3
19650401 19650430   217.6
19650501 19650531   351.9
19650601 19650630   330.8
19650701 19650731   242.3
19650801 19650831    91.4
19650901 19650930   269.8
19651001 19651031   142.6
19651101 19651130   206.5
19651201 19651231   121.0
19660101 19660131   128.4
19660201 19660228    58.2
19660301 19660331   182.8
19660401 19660430   294.6
19660501 19660531   341.6
19660601 19660630   153.8
19660701 19660731   272.7
19660801 19660831   156.9
19660901 19660930   140.6
19661001 19661031   135.8
19661101 19661130   168.4
19661201 19661231   107.4
19670101 19670131   124.6
19670201 19670228    69.3
19670301 19670331   131.7
19670401 19670430   200.7
19670501 19670531    94.2
19670601 19670630   127.3
19670701 19670731   162.9
19670801 19670831   200.1
19670901 19670930   198.9
19671001 19671031   148.0
19671101 19671130   217.5
19671201 19671231   235.6
19680101 19680131    77.9
19680201 19680229   176.3
19680301 19680331   122.5
19680401 19680430   273.9
19680501 19680531   419.3
19680601 19680630   361.4
19680701 19680731   239.0
19680801 19680831   379.2
19680901 19680930   297.7
19681001 19681031   395.7
19681101 19681130   403.6
19681201 19681231   113.6
19690101 19690131   187.4
19690201 19690228   215.5
19690301 19690331   169.5
19690401 19690430   275.3
19690501 19690531   203.6
19690601 19690630   162.9
19690701 19690731   294.2
19690801 19690831   269.6
19690901 19690930   307.5
19691001 19691031    91.2
19691101 19691130   117.6
19691201 19691231   235.2
19700101 19700131    72.4
19700201 19700228    70.7
19700301 19700331    88.6
19700401 19700430   276.3
19700501 19700531   285.9
19700601 19700630   160.3
19700701 19700731   524.5
19700801 19700831   445.8
19700901 19700930   305.8
19701001 19701031   268.9
19701101 19701130    75.0
19701201 19701231   197.6
19710101 19710131   112.2
19710201 19710228   123.4
19710301 19710331    75.1
19710401 19710430   219.1
19710501 19710531   280.7
19710601 19710630   351.5
19710701 19710731   159.1
19710801 19710831   301.8
19710901 19710930   284.2
19711001 19711031   413.4
19711101 19711130   213.9
19711201 19711231   144.1
19720101 19720131    97.3
19720201 19720229   102.0
19720301 19720331   164.1
19720401 19720430   226.2
19720501 19720531   152.0
19720601 19720630   162.7
19720701 19720731   443.1
19720801 19720831   219.6
19720901 19720930   282.8
19721001 19721031   128.8
19721101 19721130   129.0
19721201 19721231   174.2
19730101 19730131   208.1
19730201 19730228   132.7
19730301 19730331   217.7
19730401 19730430   273.2
19730501 19730531   464.2
19730601 19730630   235.0
19730701 19730731   161.5
19730801 19730831   225.2
19730901 19730930   307.7
19731001 19731031   173.0
19731101 19731130   196.2
19731201 19731231   233.5
19740101 19740131    68.9
19740201 19740228   121.1
19740301 19740331    63.4
19740401 19740430   175.5
19740501 19740531    45.8
19740601 19740630   283.5
19740701 19740731   343.3
19740801 19740831   305.0
19740901 19740930   346.5
19741001 19741031   147.0
19741101 19741130   122.1
19741201 19741231   376.8
19750101 19750131   210.2
19750201 19750228    33.3
19750301 19750331   249.1
19750401 19750430   207.8
19750501 19750531   497.3
19750601 19750630   261.2
19750701 19750731   363.3
19750801 19750831   232.3
19750901 19750930   195.6
19751001 19751031   175.2
19751101 19751130   272.0
19751201 19751231    85.2
19760101 19760131   151.4
19760201 19760229    44.8
19760301 19760331   167.4
19760401 19760430   249.2
19760501 19760531   320.2
19760601 19760630   228.4
19760701 19760731   233.2
19760801 19760831   256.8
19760901 19760930   109.2
19761001 19761031   162.4
19761101 19761130   130.4
19761201 19761231   433.0
19770101 19770131   150.0
19770201 19770228    62.0
19770301 19770331   236.2
19770401 19770430   346.6
19770501 19770531   276.7
19770601 19770630   185.2
19770701 19770731   280.4
19770801 19770831   224.8
19770901 19770930    90.2
19771001 19771031   268.0
19771101 19771130   232.4
19771201 19771231   222.8
19780101 19780131   107.0
19780201 19780228   171.2
19780301 19780331    71.6
19780401 19780430   200.6
19780501 19780531   194.0
19780601 19780630    55.7
19780701 19780731   370.2
19780801 19780831   298.8
19780901 19780930   139.8
19781001 19781031   245.4
19781101 19781130   248.8
19781201 19781231   163.4
19790101 19790131   126.4
19790201 19790228   167.0
19790301 19790331   108.0
19790401 19790430   254.0
19790501 19790531   180.6
19790601 19790630   170.2
19790701 19790731   296.2
19790801 19790831   307.8
19790901 19790930   310.8
19791001 19791031   201.8
19791101 19791130   154.0
19791201 19791231   367.8
19800101 19800131   175.8
19800201 19800229   135.2
19800301 19800331   187.4
19800401 19800430   216.0
19800501 19800531   248.0
19800601 19800630   185.6
19800701 19800731   282.0
19800801 19800831   352.0
19800901 19800930   586.0
19801001 19801031   235.4
19801101 19801130   149.8
19801201 19801231    47.0
19810101 19810131    60.6
19810201 19810228    50.0
19810301 19810331   214.6
19810401 19810430   384.0
19810501 19810531   145.0
19810601 19810630   154.4
19810701 19810731   304.6
19810801 19810831   263.8
19810901 19810930   286.8
19811001 19811031   227.2
19811101 19811130   209.2
19811201 19811231   121.8
19820101 19820131   129.6
19820201 19820228    97.2
19820301 19820331   173.4
19820401 19820430   171.8
19820501 19820531   415.4
19820601 19820630   161.0
19820701 19820731   139.6
19820801 19820831   172.8
19820901 19820930   249.2
19821001 19821031   234.6
19821101 19821130   206.0
19821201 19821231   112.4
19830101 19830131   237.0
19830201 19830228    40.8
19830301 19830331   138.8
19830401 19830430   153.4
19830501 19830531   192.4
19830601 19830630   314.0
19830701 19830731   120.6
19830801 19830831   236.6
19830901 19830930   281.4
19831001 19831031   119.8
19831101 19831130   244.0
19831201 19831231    84.6
19840101 19840131   158.2
19840201 19840229    97.0
19840301 19840331   237.2
19840401 19840430   252.2
19840501 19840531   197.0
19840601 19840630   301.4
19840701 19840731   153.8
19840801 19840831   367.0
19840901 19840930   295.6
19841001 19841031   248.2
19841101 19841130   139.8
19841201 19841231   287.4
19850101 19850131   248.8
19850201 19850228    82.2
19850301 19850331    76.8
19850401 19850430   114.0
19850501 19850531   220.6
19850601 19850630   254.2
19850701 19850731   322.2
19850801 19850831   161.0
19850901 19850930   137.8
19851001 19851031   160.8
19851101 19851130    83.2
19851201 19851231   178.6
19860101 19860131   184.8
19860201 19860228   186.8
19860301 19860331   107.8
19860401 19860430   326.2
19860501 19860531   174.0
19860601 19860630   336.2
19860701 19860731   304.0
19860801 19860831   140.0
19860901 19860930   261.8
19861001 19861031   336.8
19861101 19861130   136.4
19861201 19861231   306.0
19870101 19870131   397.4
19870201 19870228   199.2
19870301 19870331   192.6
19870401 19870430   141.0
19870501 19870531   316.8
19870601 19870630   188.2
19870701 19870731   146.6
19870801 19870831   198.0
19870901 19870930   293.8
19871001 19871031   192.2
19871101 19871130   274.4
19871201 19871231   112.6
19880101 19880131    90.6
19880201 19880229   120.2
19880301 19880331    59.8
19880401 19880430    99.4
19880501 19880531   163.0
19880601 19880630   201.2
19880701 19880731   301.0
19880801 19880831   266.4
19880901 19880930   247.0
19881001 19881031   568.0
19881101 19881130   147.8
19881201 19881231   119.2
19890101 19890131   226.0
19890201 19890228    61.8
19890301 19890331    97.8
19890401 19890430   121.4
19890501 19890531   187.6
19890601 19890630   118.4
19890701 19890731   178.8
19890801 19890831   182.4
19890901 19890930   246.8
19891001 19891031   334.8
19891101 19891130    66.0
19891201 19891231   192.0
19900101 19900131   160.0
19900201 19900228   105.6
19900301 19900331   144.4
19900401 19900430   203.2
19900501 19900531   284.8
19900601 19900630   367.8
19900701 19900731   351.6
19900801 19900831   200.8
19900901 19900930   218.6
19901001 19901031   154.4
19901101 19901130   211.6
19901201 19901231   246.6
19910101 19910131   169.0
19910201 19910228    57.0
19910301 19910331   179.2
19910401 19910430   281.2
19910501 19910531   131.6
19910601 19910630   331.4
19910701 19910731   258.6
19910801 19910831   430.2
19910901 19910930   304.6
19911001 19911031   166.6
19911101 19911130   254.2
19911201 19911231   138.2
19920101 19920131   172.8
19920201 19920229    80.2
19920301 19920331    97.8
19920401 19920430   173.2
19920501 19920531   194.8
19920601 19920630   202.4
19920701 19920731   403.0
19920801 19920831   336.0
19920901 19920930   245.4
19921001 19921031   192.0
19921101 19921130   210.4
19921201 19921231   113.6
19930101 19930131   146.6
19930201 19930228   200.8
19930301 19930331   101.6
19930401 19930430   167.0
19930501 19930531   229.0
19930601 19930630   288.8
19930701 19930731   215.6
19930801 19930831   321.8
19930901 19930930   120.6
19931001 19931031   279.4
19931101 19931130   216.0
19931201 19931231   181.6
19940101 19940131   261.4
19940201 19940228    63.6
19940301 19940331    55.6
19940401 19940430   230.2
19940501 19940531   459.4
19940601 19940630   226.6
19940701 19940731   325.6
19940801 19940831   347.8
19940901 19940930   350.0
19941001 19941031   202.4
19941101 19941130   292.0
19941201 19941231    52.8
19950101 19950131    92.4
19950201 19950228    90.6
19950301 19950331   256.5
19950401 19950430   262.7
19950501 19950531   167.4
19950601 19950630   256.0
19950701 19950731   264.2
19950801 19950831   380.8
19950901 19950930   270.1
19951001 19951031   216.3
19951101 19951130   162.4
19951201 19951231   132.5
19960101 19960131   155.4
19960201 19960229   197.8
19960301 19960331   280.8
19960401 19960430   334.6
19960501 19960531   220.4
19960601 19960630   265.6
19960701 19960731   202.0
19960801 19960831   438.6
19960901 19960930   415.0
19961001 19961031   334.1
19961101 19961130   280.2
19961201 19961231   165.6
19970101 19970131   132.8
19970201 19970228    59.4
19970301 19970331   211.2
19970401 19970430   342.2
19970501 19970531   200.6
19970601 19970630   167.0
19970701 19970731   253.8
19970801 19970831   321.0
19970901 19970930    84.6
19971001 19971031   241.6
19971101 19971130   252.8
19971201 19971231   246.6
19980101 19980131    58.4
19980201 19980228   196.8
19980301 19980331   186.8
19980401 19980430   232.0
19980501 19980531   246.4
19980601 19980630   172.6
19980701 19980731   261.6
19980801 19980831   147.6
19980901 19980930   287.0
19981001 19981031   336.4
19981101 19981130   113.6
19981201 19981231   186.6
19990101 19990131    45.6
19990201 19990228   329.8
19990301 19990331   203.8
19990401 19990430   150.8
19990501 19990531   252.0
19990601 19990630   144.0
19990701 19990731   266.8
19990801 19990831   182.8
19990901 19990930   144.8
19991001 19991031   218.8
19991101 19991130   158.0
19991201 19991231   192.4
20000101 20000131   103.8
20000201 20000229   156.6
20000301 20000331   160.0
20000401 20000430   161.2
20000501 20000531   476.2
20000601 20000630   209.6
20000701 20000731   240.4
20000801 20000831   114.6
20000901 20000930   317.4
20001001 20001031   291.3
20001101 20001130    29.2
20001201 20001231   220.4
20010101 20010131    55.8
20010201 20010228    51.8
20010301 20010331   190.2
20010401 20010430   150.2
20010501 20010531    72.0
20010601 20010630   367.0
20010701 20010731   122.8
20010801 20010831   377.0
20010901 20010930   204.0
20011001 20011031   269.8
20011101 20011130   186.0
20011201 20011231   222.2
20020101 20020131   229.4
20020201 20020228   112.6
20020301 20020331   151.4
20020401 20020430    59.0
20020501 20020531   131.4
20020601 20020630   449.0
20020701 20020731   432.6
20020801 20020831   253.4
20020901 20020930   404.6
20021001 20021031   272.0
20021101 20021130   168.4
20021201 20021231   187.4
20030101 20030131   135.0
20030201 20030228    44.6
20030301 20030331   123.6
20030401 20030430   145.6
20030501 20030531   123.0
20030601 20030630   313.8
20030701 20030731   335.4
20030801 20030831   388.6
20030901 20030930   428.0
20031001 20031031   180.2
20031101 20031130    71.0
20031201 20031231   122.8
20040101 20040131   209.6
20040201 20040229    85.2
20040301 20040331   103.6
20040401 20040430   104.1
20040501 20040531   367.0
20040601 20040630   484.2
20040701 20040731   323.4
20040801 20040831   222.6
20040901 20040930   281.2
20041001 20041031   188.4
20041101 20041130   171.6
20041201 20041231   137.0
20050101 20050131   127.8
20050201 20050228   101.0
20050301 20050331   115.4
20050401 20050430   184.4
20050501 20050531   326.4
20050601 20050630    85.0
20050701 20050731   330.6
20050801 20050831   350.4
20050901 20050930   142.2
20051001 20051031   303.0
20051101 20051130   224.6
20051201 20051231   430.0
20060101 20060131    90.6
20060201 20060228   112.0
20060301 20060331   108.4
20060401 20060430   373.0
20060501 20060531   234.8
20060601 20060630   145.4
20060701 20060731 99999.9
20060801 20060831   235.8
20060901 20060930   299.0
20061001 20061031   192.4
20061101 20061130   109.8
20061201 20061231   140.2
20070101 20070131   189.6
20070201 20070228    20.0
20070301 20070331   233.6
20070401 20070430    65.6
20070501 20070531   385.4
20070601 20070630    93.2
20070701 20070731   183.2
20070801 20070831   319.2
20070901 20070930   236.0
20071001 20071031   366.8
20071101 20071130    24.6
20071201 20071231   165.4
20080101 20080131    33.0
20080201 20080229   124.0
20080301 20080331   161.4
20080401 20080430   179.4
20080501 20080531   194.6
20080601 20080630   208.4
20080701 20080731   206.8
20080801 20080831   216.0
20080901 20080930   297.2
20081001 20081031   163.4
20081101 20081130   148.2
20081201 20081231   203.6
20090101 20090131   161.4
20090201 20090228   130.6
20090301 20090331   189.6
20090401 20090430   189.8
20090501 20090531   304.2
20090601 20090630   105.0
20090701 20090731   402.4
20090801 20090831   554.0
20090901 20090930   284.8
20091001 20091031    93.2
20091101 20091130   100.0
20091201 20091231   232.0
20100101 20100131    72.6
20100201 20100228    55.8
20100301 20100331 99999.9
20100401 20100430   284.8
20100501 20100531   212.4
20100601 20100630   250.6
20100701 20100731   209.0
20100801 20100831   288.0
20100901 20100930   365.2
20101001 20101031   200.2
20101101 20101130   160.2
20101201 20101231   176.4
20110101 20110131   117.6
20110201 20110228   155.2
20110301 20110331   134.0
20110401 20110430   145.2
20110501 20110531   177.4
20110601 20110630   357.0
20110701 20110731   302.4
20110801 20110831   169.0
20110901 20110930   289.2
20111001 20111031   186.6
20111101 20111130   262.2
20111201 20111231    61.6
20120101 20120131   142.8
20120201 20120229    88.6
20120301 20120331   249.2
20120401 20120430   172.4
20120501 20120531   272.8
20120601 20120630   236.6
20120701 20120731   196.0
20120801 20120831   315.4
20120901 20120930   323.6
20121001 20121031   216.4
20121101 20121130   129.0
20121201 20121231   191.4
20130101 20130131   133.0
20130201 20130228    51.8
20130301 20130331   205.2
20130401 20130430   246.6
20130501 20130531   162.4
20130601 20130630   125.4
20130701 20130731   272.8
20130801 20130831   541.6
20130901 20130930   275.4
20131001 20131031   422.2
20131101 20131130    92.4
20131201 20131231   197.2
20140101 20140131   116.6
20140201 20140228   138.2
20140301 20140331   118.8
20140401 20140430   194.4
20140501 20140531   259.2
20140601 20140630   207.6
20140701 20140731   254.6
20140801 20140831   185.0
20140901 20140930   199.4
20141001 20141031   237.0
20141101 20141130   169.8
20141201 20141231 99999.9
20150101 20150131   199.6
20150201 20150228    33.8
20150301 20150331   288.4
20150401 20150430    71.4
20150501 20150531   397.2
20150601 20150630   252.4
20150701 20150731   246.4
20150801 20150831   253.0
20150901 20150930    95.4
20151001 20151031    41.8
20151101 20151130   145.4
20151201 20151231   146.6
20160101 20160131    41.6
20160201 20160229   158.8
20160301 20160331    93.2
20160401 20160430   214.0
20160501 20160531   576.4
20160601 20160630   363.2
20160701 20160731   504.0
20160801 20160831   338.8
20160901 20160930   172.2
20161001 20161031   383.8
20161101 20161130   270.8
20161201 20161231   157.6
20170101 20170131   113.6
20170201 20170228   154.8
20170301 20170331    93.6
20170401 20170430   113.8
20170501 20170531   241.0
20170601 20170630   202.2
20170701 20170731 99999.9
20170801 20170831   299.2
20170901 20170930   391.8
20171001 20171031   207.2
20171101 20171130    87.4
20171201 20171231   175.0
20180101 20180131   115.2
