PRCP       050028 18830101 20170430 missing_value=99999.9 TRUNDLE  (MURRUMBOGIE)                    
18830101 18830131     0.0
18830201 18830228    50.9
18830301 18830331    24.8
18830401 18830430     6.6
18830501 18830531    48.4
18830601 18830630    28.2
18830701 18830731    18.0
18830801 18830831    32.7
18830901 18830930    18.4
18831001 18831031    55.2
18831101 18831130    22.1
18831201 18831231     3.6
18840101 18840131     4.3
18840201 18840229    26.4
18840301 18840331    14.2
18840401 18840430    49.9
18840501 18840531    36.8
18840601 18840630    74.3
18840701 18840731    25.9
18840801 18840831    12.7
18840901 18840930    56.4
18841001 18841031    32.2
18841101 18841130    50.8
18841201 18841231    32.2
18850101 18850131   118.0
18850201 18850228    68.2
18850301 18850331    48.3
18850401 18850430    41.7
18850501 18850531    21.6
18850601 18850630    40.9
18850701 18850731     6.1
18850801 18850831    13.5
18850901 18850930    35.8
18851001 18851031    24.2
18851101 18851130    15.2
18851201 18851231    31.4
18860101 18860131    28.4
18860201 18860228     5.3
18860301 18860331     0.0
18860401 18860430    20.2
18860501 18860531    54.1
18860601 18860630    22.1
18860701 18860731    27.2
18860801 18860831   110.8
18860901 18860930    16.7
18861001 18861031    57.5
18861101 18861130   139.4
18861201 18861231   149.5
18870101 18870131   140.0
18870201 18870228    87.3
18870301 18870331   202.9
18870401 18870430    34.8
18870501 18870531    21.2
18870601 18870630    46.4
18870701 18870731    47.0
18870801 18870831    88.9
18870901 18870930    15.0
18871001 18871031    30.2
18871101 18871130    84.2
18871201 18871231   172.9
18880101 18880131    35.0
18880201 18880229    63.9
18880301 18880331    28.0
18880401 18880430     0.8
18880501 18880531    38.1
18880601 18880630    11.7
18880701 18880731    20.9
18880801 18880831     8.4
18880901 18880930    48.8
18881001 18881031    13.2
18881101 18881130     7.6
18881201 18881231    86.4
18890101 18890131    14.7
18890201 18890228    40.9
18890301 18890331     7.4
18890401 18890430   123.7
18890501 18890531   114.3
18890601 18890630    43.1
18890701 18890731    21.4
18890801 18890831    59.9
18890901 18890930    20.5
18891001 18891031    46.9
18891101 18891130    91.6
18891201 18891231   216.3
18900101 18900131    25.3
18900201 18900228   148.4
18900301 18900331   169.1
18900401 18900430    32.0
18900501 18900531    83.5
18900601 18900630    62.1
18900701 18900731    55.1
18900801 18900831    18.5
18900901 18900930    62.6
18901001 18901031    50.6
18901101 18901130     6.8
18901201 18901231    35.6
18910101 18910131   212.9
18910201 18910228     5.1
18910301 18910331    14.7
18910401 18910430    63.8
18910501 18910531    65.0
18910601 18910630   108.3
18910701 18910731    33.5
18910801 18910831    82.1
18910901 18910930    40.5
18911001 18911031    35.2
18911101 18911130    17.2
18911201 18911231    62.3
18920101 18920131    48.5
18920201 18920229    19.9
18920301 18920331    27.4
18920401 18920430    26.9
18920501 18920531    60.4
18920601 18920630    28.9
18920701 18920731    46.7
18920801 18920831    30.5
18920901 18920930   106.6
18921001 18921031    89.3
18921101 18921130    19.8
18921201 18921231    34.0
18930101 18930131     0.5
18930201 18930228     4.1
18930301 18930331   186.8
18930401 18930430    72.7
18930501 18930531    93.7
18930601 18930630    58.6
18930701 18930731    17.8
18930801 18930831    25.7
18930901 18930930    29.4
18931001 18931031    35.9
18931101 18931130    36.3
18931201 18931231    29.7
18940101 18940131   113.7
18940201 18940228   126.2
18940301 18940331   149.8
18940401 18940430   132.1
18940501 18940531    10.5
18940601 18940630    45.1
18940701 18940731    32.7
18940801 18940831    40.0
18940901 18940930    55.8
18941001 18941031    56.6
18941101 18941130    10.1
18941201 18941231    45.2
18950101 18950131    72.9
18950201 18950228     6.4
18950301 18950331     0.0
18950401 18950430     4.6
18950501 18950531    34.6
18950601 18950630    21.3
18950701 18950731    16.8
18950801 18950831    35.6
18950901 18950930    38.4
18951001 18951031    41.2
18951101 18951130    42.9
18951201 18951231    31.1
18960101 18960131    17.3
18960201 18960229   176.4
18960301 18960331    33.8
18960401 18960430    22.1
18960501 18960531    54.2
18960601 18960630    21.4
18960701 18960731     1.8
18960801 18960831    30.0
18960901 18960930     7.7
18961001 18961031    16.5
18961101 18961130    27.8
18961201 18961231    10.4
18970101 18970131    52.7
18970201 18970228     0.8
18970301 18970331     0.0
18970401 18970430     0.3
18970501 18970531    62.9
18970601 18970630    56.6
18970701 18970731    85.1
18970801 18970831    22.8
18970901 18970930    38.8
18971001 18971031     4.6
18971101 18971130    11.5
18971201 18971231    17.2
18980101 18980131    16.5
18980201 18980228    33.3
18980301 18980331    12.2
18980401 18980430     0.0
18980501 18980531    27.5
18980601 18980630    99.7
18980701 18980731    16.0
18980801 18980831   131.6
18980901 18980930     7.9
18981001 18981031    14.0
18981101 18981130     7.9
18981201 18981231     9.1
18990101 18990131    19.8
18990201 18990228     6.1
18990301 18990331     5.8
18990401 18990430    26.2
18990501 18990531     4.5
18990601 18990630    52.2
18990701 18990731    55.1
18990801 18990831    60.5
18990901 18990930    20.9
18991001 18991031    50.3
18991101 18991130    21.1
18991201 18991231     6.8
19000101 19000131    64.8
19000201 19000228     8.6
19000301 19000331    64.1
19000401 19000430    37.3
19000501 19000531    46.1
19000601 19000630    49.5
19000701 19000731    67.2
19000801 19000831    15.5
19000901 19000930    17.3
19001001 19001031    13.9
19001101 19001130     3.3
19001201 19001231     6.4
19010101 19010131    16.1
19010201 19010228     0.0
19010301 19010331    53.8
19010401 19010430    57.8
19010501 19010531     5.8
19010601 19010630    16.4
19010701 19010731    17.9
19010801 19010831    81.2
19010901 19010930    10.4
19011001 19011031    25.4
19011101 19011130     2.3
19011201 19011231     2.0
19020101 19020131     2.0
19020201 19020228     2.0
19020301 19020331    22.9
19020401 19020430    11.2
19020501 19020531     1.3
19020601 19020630    18.8
19020701 19020731    20.5
19020801 19020831    28.1
19020901 19020930    15.0
19021001 19021031     9.0
19021101 19021130     5.6
19021201 19021231    68.9
19030101 19030131    11.7
19030201 19030228     2.0
19030301 19030331    58.4
19030401 19030430    62.8
19030501 19030531    28.4
19030601 19030630    17.5
19030701 19030731    17.6
19030801 19030831    37.6
19030901 19030930    72.0
19031001 19031031    50.8
19031101 19031130    15.7
19031201 19031231    42.8
19040101 19040131    65.2
19040201 19040229    17.3
19040301 19040331    15.0
19040401 19040430     5.4
19040501 19040531    32.0
19040601 19040630     8.9
19040701 19040731   101.2
19040801 19040831    11.9
19040901 19040930     8.5
19041001 19041031    39.1
19041101 19041130     1.8
19041201 19041231    34.2
19050101 19050131     4.4
19050201 19050228    45.2
19050301 19050331     9.0
19050401 19050430   317.4
19050501 19050531    41.4
19050601 19050630    36.4
19050701 19050731    26.9
19050801 19050831    14.0
19050901 19050930    24.7
19051001 19051031    58.7
19051101 19051130     0.0
19051201 19051231     4.3
19060101 19060131     0.3
19060201 19060228    28.4
19060301 19060331   107.4
19060401 19060430     7.4
19060501 19060531    34.3
19060601 19060630    37.6
19060701 19060731     4.6
19060801 19060831    51.3
19060901 19060930   136.4
19061001 19061031    58.2
19061101 19061130    62.0
19061201 19061231     8.6
19070101 19070131    78.0
19070201 19070228     5.3
19070301 19070331    29.2
19070401 19070430     8.4
19070501 19070531     3.0
19070601 19070630    32.8
19070701 19070731    35.3
19070801 19070831    35.5
19070901 19070930    14.3
19071001 19071031     3.8
19071101 19071130    69.1
19071201 19071231    68.9
19080101 19080131    38.1
19080201 19080229    44.7
19080301 19080331     0.0
19080401 19080430    22.6
19080501 19080531     3.4
19080601 19080630    19.1
19080701 19080731    29.8
19080801 19080831    23.3
19080901 19080930    42.6
19081001 19081031     9.7
19081101 19081130    56.5
19081201 19081231     7.1
19090101 19090131    32.2
19090201 19090228    40.4
19090301 19090331    21.1
19090401 19090430    14.7
19090501 19090531    28.0
19090601 19090630    38.8
19090701 19090731     5.4
19090801 19090831    54.5
19090901 19090930    14.0
19091001 19091031    18.3
19091101 19091130    14.7
19091201 19091231    50.9
19100101 19100131   156.1
19100201 19100228     0.0
19100301 19100331    48.2
19100401 19100430     6.9
19100501 19100531    15.5
19100601 19100630    50.0
19100701 19100731    38.7
19100801 19100831     3.0
19100901 19100930    32.2
19101001 19101031    18.0
19101101 19101130    37.2
19101201 19101231    32.5
19110101 19110131    95.0
19110201 19110228    70.1
19110301 19110331    41.2
19110401 19110430     0.0
19110501 19110531    61.3
19110601 19110630    12.9
19110701 19110731    38.7
19110801 19110831    30.5
19110901 19110930    19.7
19111001 19111031     9.7
19111101 19111130    76.3
19111201 19111231   160.8
19120101 19120131    13.7
19120201 19120229     3.8
19120301 19120331     3.6
19120401 19120430     0.0
19120501 19120531     0.0
19120601 19120630    63.5
19120701 19120731    88.8
19120801 19120831    50.4
19120901 19120930    22.4
19121001 19121031    32.2
19121101 19121130    15.5
19121201 19121231    10.9
19130101 19130131    18.5
19130201 19130228    54.7
19130301 19130331    53.3
19130401 19130430    20.6
19130501 19130531    72.9
19130601 19130630    80.7
19130701 19130731    11.0
19130801 19130831     7.7
19130901 19130930    11.0
19131001 19131031    37.9
19131101 19131130     0.0
19131201 19131231    24.4
19140101 19140131    34.3
19140201 19140228    35.6
19140301 19140331    16.8
19140401 19140430     9.9
19140501 19140531    27.2
19140601 19140630    18.0
19140701 19140731    25.9
19140801 19140831     0.0
19140901 19140930    21.9
19141001 19141031    11.7
19141101 19141130    52.5
19141201 19141231    62.7
19150101 19150131     1.5
19150201 19150228    13.4
19150301 19150331     3.6
19150401 19150430    14.2
19150501 19150531    45.8
19150601 19150630    40.9
19150701 19150731    54.3
19150801 19150831    25.2
19150901 19150930    15.9
19151001 19151031    32.2
19151101 19151130     0.8
19151201 19151231    28.2
19160101 19160131    43.2
19160201 19160229    22.9
19160301 19160331     5.6
19160401 19160430    98.2
19160501 19160531    15.0
19160601 19160630    94.7
19160701 19160731    46.1
19160801 19160831    68.1
19160901 19160930    68.7
19161001 19161031    54.8
19161101 19161130    68.2
19161201 19161231    85.2
19170101 19170131    44.7
19170201 19170228    19.9
19170301 19170331     1.0
19170401 19170430     9.5
19170501 19170531    12.2
19170601 19170630    59.5
19170701 19170731    67.3
19170801 19170831    58.7
19170901 19170930    36.4
19171001 19171031    43.9
19171101 19171130   174.1
19171201 19171231    20.0
19180101 19180131    46.8
19180201 19180228    62.5
19180301 19180331    15.8
19180401 19180430    19.5
19180501 19180531    16.0
19180601 19180630    27.1
19180701 19180731    12.0
19180801 19180831    52.1
19180901 19180930    11.9
19181001 19181031    13.8
19181101 19181130     0.3
19181201 19181231     7.9
19190101 19190131    11.2
19190201 19190228    17.0
19190301 19190331     0.5
19190401 19190430    13.7
19190501 19190531    79.3
19190601 19190630     2.6
19190701 19190731     2.1
19190801 19190831    23.4
19190901 19190930    28.8
19191001 19191031     1.0
19191101 19191130     0.8
19191201 19191231    49.2
19200101 19200131    13.5
19200201 19200229    19.3
19200301 19200331    34.9
19200401 19200430     1.3
19200501 19200531     1.5
19200601 19200630   112.6
19200701 19200731    47.5
19200801 19200831    38.3
19200901 19200930    66.7
19201001 19201031    25.7
19201101 19201130    41.2
19201201 19201231    78.6
19210101 19210131    11.8
19210201 19210228     6.4
19210301 19210331    40.9
19210401 19210430    64.3
19210501 19210531    50.1
19210601 19210630    91.2
19210701 19210731    24.7
19210801 19210831    38.6
19210901 19210930    26.4
19211001 19211031    17.9
19211101 19211130    14.8
19211201 19211231    64.9
19220101 19220131    34.0
19220201 19220228     6.6
19220301 19220331     0.0
19220401 19220430    12.9
19220501 19220531    16.6
19220601 19220630    21.5
19220701 19220731    43.9
19220801 19220831    16.3
19220901 19220930    11.7
19221001 19221031    15.5
19221101 19221130     0.0
19221201 19221231    51.2
19230101 19230131    29.7
19230201 19230228     0.0
19230301 19230331     1.3
19230401 19230430    11.9
19230501 19230531     8.9
19230601 19230630    71.6
19230701 19230731    47.9
19230801 19230831    14.8
19230901 19230930    36.3
19231001 19231031    31.8
19231101 19231130    16.2
19231201 19231231    13.0
19240101 19240131    14.9
19240201 19240229    36.9
19240301 19240331    76.2
19240401 19240430    83.1
19240501 19240531    24.4
19240601 19240630    65.8
19240701 19240731    52.9
19240801 19240831    50.8
19240901 19240930    61.0
19241001 19241031    19.8
19241101 19241130   102.8
19241201 19241231    33.8
19250101 19250131    66.1
19250201 19250228    39.7
19250301 19250331    24.1
19250401 19250430     0.0
19250501 19250531    60.4
19250601 19250630   114.6
19250701 19250731    23.9
19250801 19250831    31.5
19250901 19250930     7.3
19251001 19251031    16.5
19251101 19251130    81.9
19251201 19251231    23.8
19260101 19260131    20.9
19260201 19260228     3.8
19260301 19260331   177.9
19260401 19260430    83.1
19260501 19260531    44.0
19260601 19260630    33.5
19260701 19260731    20.1
19260801 19260831    28.3
19260901 19260930    59.1
19261001 19261031     9.4
19261101 19261130     2.5
19261201 19261231    47.7
19270101 19270131    50.8
19270201 19270228    55.9
19270301 19270331    78.7
19270401 19270430    41.3
19270501 19270531    11.9
19270601 19270630    13.4
19270701 19270731     6.4
19270801 19270831    12.0
19270901 19270930    38.9
19271001 19271031    25.1
19271101 19271130    55.6
19271201 19271231    27.4
19280101 19280131    77.9
19280201 19280229   220.3
19280301 19280331    18.5
19280401 19280430    47.0
19280501 19280531    12.2
19280601 19280630    28.4
19280701 19280731    53.9
19280801 19280831    12.7
19280901 19280930     7.1
19281001 19281031    19.2
19281101 19281130    18.3
19281201 19281231     1.5
19290101 19290131    12.7
19290201 19290228    15.5
19290301 19290331    10.4
19290401 19290430    24.8
19290501 19290531    20.3
19290601 19290630    17.6
19290701 19290731     8.1
19290801 19290831    36.6
19290901 19290930    15.0
19291001 19291031    46.7
19291101 19291130     7.2
19291201 19291231    55.7
19300101 19300131     2.3
19300201 19300228     4.8
19300301 19300331    33.7
19300401 19300430    11.7
19300501 19300531    14.2
19300601 19300630    79.8
19300701 19300731    53.9
19300801 19300831    79.8
19300901 19300930     2.3
19301001 19301031    79.8
19301101 19301130    89.2
19301201 19301231   110.6
19310101 19310131    24.6
19310201 19310228     4.6
19310301 19310331    90.3
19310401 19310430    61.5
19310501 19310531   131.7
19310601 19310630    72.2
19310701 19310731    30.9
19310801 19310831     7.1
19310901 19310930    29.2
19311001 19311031     2.5
19311101 19311130    17.5
19311201 19311231   109.3
19320101 19320131    14.0
19320201 19320229    17.3
19320301 19320331    59.7
19320401 19320430    34.0
19320501 19320531    24.3
19320601 19320630    13.8
19320701 19320731    28.7
19320801 19320831    36.5
19320901 19320930   120.9
19321001 19321031    25.4
19321101 19321130    54.5
19321201 19321231    32.6
19330101 19330131    18.3
19330201 19330228     0.0
19330301 19330331    15.2
19330401 19330430    39.9
19330501 19330531    12.4
19330601 19330630    22.8
19330701 19330731    30.3
19330801 19330831    10.4
19330901 19330930    44.1
19331001 19331031    43.9
19331101 19331130    78.4
19331201 19331231    60.1
19340101 19340131    39.6
19340201 19340228    82.8
19340301 19340331     0.0
19340401 19340430    31.9
19340501 19340531     0.0
19340601 19340630    39.6
19340701 19340731    60.0
19340801 19340831    49.5
19340901 19340930    31.2
19341001 19341031    91.3
19341101 19341130    58.0
19341201 19341231    47.0
19350101 19350131    18.6
19350201 19350228    18.1
19350301 19350331     0.0
19350401 19350430    42.2
19350501 19350531    37.3
19350601 19350630    12.7
19350701 19350731    32.3
19350801 19350831    13.9
19350901 19350930    30.8
19351001 19351031    41.7
19351101 19351130    12.2
19351201 19351231    43.4
19360101 19360131    80.5
19360201 19360229   123.0
19360301 19360331    39.8
19360401 19360430     4.6
19360501 19360531    13.0
19360601 19360630    48.0
19360701 19360731    59.5
19360801 19360831    52.9
19360901 19360930     8.1
19361001 19361031    14.0
19361101 19361130     2.0
19361201 19361231   108.3
19370101 19370131    34.5
19370201 19370228    19.5
19370301 19370331    27.2
19370401 19370430     9.1
19370501 19370531    21.9
19370601 19370630    32.9
19370701 19370731     0.0
19370801 19370831    36.3
19370901 19370930    27.0
19371001 19371031    14.9
19371101 19371130     3.8
19371201 19371231    11.7
19380101 19380131    20.3
19380201 19380228    23.1
19380301 19380331     1.3
19380401 19380430     9.2
19380501 19380531    22.8
19380601 19380630    60.2
19380701 19380731    34.9
19380801 19380831    26.4
19380901 19380930    14.7
19381001 19381031   117.2
19381101 19381130    28.0
19381201 19381231     4.6
19390101 19390131     5.3
19390201 19390228   118.1
19390301 19390331    49.7
19390401 19390430    54.1
19390501 19390531    20.4
19390601 19390630    23.0
19390701 19390731    15.9
19390801 19390831    57.7
19390901 19390930     5.3
19391001 19391031    23.1
19391101 19391130    87.8
19391201 19391231    10.2
19400101 19400131    34.3
19400201 19400229     0.0
19400301 19400331     0.0
19400401 19400430    40.6
19400501 19400531     3.8
19400601 19400630     0.0
19400701 19400731    16.5
19400801 19400831     6.1
19400901 19400930    64.8
19401001 19401031     0.0
19401101 19401130     0.8
19401201 19401231    89.2
19410101 19410131   194.3
19410201 19410228     8.9
19410301 19410331    38.1
19410401 19410430    18.3
19410501 19410531    26.2
19410601 19410630    50.8
19410701 19410731    10.4
19410801 19410831     5.1
19410901 19410930    20.8
19411001 19411031     5.9
19411101 19411130    41.6
19411201 19411231     7.1
19420101 19420131     0.0
19420201 19420228    60.0
19420301 19420331    12.7
19420401 19420430     0.0
19420501 19420531    83.3
19420601 19420630    57.3
19420701 19420731    21.8
19420801 19420831    23.1
19420901 19420930    41.1
19421001 19421031    15.3
19421101 19421130    39.4
19421201 19421231   103.9
19430101 19430131    46.0
19430201 19430228    20.8
19430301 19430331     0.0
19430401 19430430     0.0
19430501 19430531    77.0
19430601 19430630    18.6
19430701 19430731    26.5
19430801 19430831    18.8
19430901 19430930    57.2
19431001 19431031    15.7
19431101 19431130    43.2
19431201 19431231     8.4
19440101 19440131     9.7
19440201 19440229     6.6
19440301 19440331    25.4
19440401 19440430     3.0
19440501 19440531    39.6
19440601 19440630     3.0
19440701 19440731    11.0
19440801 19440831    42.9
19440901 19440930     8.1
19441001 19441031     9.4
19441101 19441130     6.4
19441201 19441231     1.3
19450101 19450131    69.1
19450201 19450228    23.6
19450301 19450331    13.8
19450401 19450430    34.0
19450501 19450531   100.5
19450601 19450630    61.8
19450701 19450731    21.0
19450801 19450831    39.9
19450901 19450930     4.1
19451001 19451031    29.0
19451101 19451130    17.3
19451201 19451231    13.0
19460101 19460131    42.6
19460201 19460228    45.5
19460301 19460331    39.4
19460401 19460430     9.6
19460501 19460531    15.6
19460601 19460630    18.0
19460701 19460731     8.9
19460801 19460831     5.9
19460901 19460930    12.7
19461001 19461031    17.2
19461101 19461130    24.2
19461201 19461231    35.3
19470101 19470131     4.6
19470201 19470228   109.3
19470301 19470331    18.5
19470401 19470430    37.6
19470501 19470531    39.9
19470601 19470630    35.5
19470701 19470731    71.2
19470801 19470831    23.9
19470901 19470930    15.7
19471001 19471031    46.4
19471101 19471130    91.2
19471201 19471231   148.8
19480101 19480131    34.0
19480201 19480229    50.1
19480301 19480331     7.6
19480401 19480430    30.7
19480501 19480531    70.4
19480601 19480630    97.3
19480701 19480731     0.0
19480801 19480831    35.4
19480901 19480930    26.7
19481001 19481031    13.9
19481101 19481130    14.4
19481201 19481231    21.6
19490101 19490131    17.0
19490201 19490228    59.0
19490301 19490331    16.7
19490401 19490430    20.6
19490501 19490531    29.7
19490601 19490630    45.1
19490701 19490731    30.2
19490801 19490831    26.7
19490901 19490930    51.4
19491001 19491031    92.2
19491101 19491130    73.0
19491201 19491231    27.2
19500101 19500131    43.2
19500201 19500228   115.5
19500301 19500331   162.5
19500401 19500430    55.3
19500501 19500531    34.5
19500601 19500630    73.2
19500701 19500731    84.4
19500801 19500831    14.4
19500901 19500930    64.1
19501001 19501031   158.5
19501101 19501130   125.7
19501201 19501231    23.6
19510101 19510131    10.6
19510201 19510228     7.6
19510301 19510331    15.0
19510401 19510430    15.5
19510501 19510531    41.5
19510601 19510630    41.1
19510701 19510731    31.0
19510801 19510831    58.5
19510901 19510930    26.9
19511001 19511031    10.2
19511101 19511130    11.4
19511201 19511231    35.8
19520101 19520131     0.0
19520201 19520229    12.9
19520301 19520331   112.4
19520401 19520430    93.0
19520501 19520531    57.1
19520601 19520630    36.3
19520701 19520731    51.4
19520801 19520831    66.8
19520901 19520930    14.8
19521001 19521031    61.9
19521101 19521130    26.4
19521201 19521231    33.3
19530101 19530131    34.3
19530201 19530228    24.2
19530301 19530331    10.2
19530401 19530430    15.2
19530501 19530531    57.0
19530601 19530630    11.2
19530701 19530731     4.1
19530801 19530831    47.8
19530901 19530930     5.6
19531001 19531031    47.6
19531101 19531130    42.0
19531201 19531231    11.2
19540101 19540131    88.9
19540201 19540228   124.2
19540301 19540331     0.0
19540401 19540430    47.9
19540501 19540531     0.0
19540601 19540630    21.3
19540701 19540731     3.0
19540801 19540831    27.7
19540901 19540930    22.6
19541001 19541031   121.7
19541101 19541130    72.3
19541201 19541231   113.1
19550101 19550131    58.6
19550201 19550228   200.5
19550301 19550331    32.8
19550401 19550430    40.4
19550501 19550531    85.6
19550601 19550630    42.4
19550701 19550731    34.7
19550801 19550831    55.6
19550901 19550930    36.4
19551001 19551031   175.9
19551101 19551130    28.9
19551201 19551231    13.7
19560101 19560131    89.5
19560201 19560229   149.3
19560301 19560331   161.8
19560401 19560430    79.1
19560501 19560531    82.6
19560601 19560630    84.5
19560701 19560731    75.8
19560801 19560831    22.1
19560901 19560930    28.6
19561001 19561031    93.7
19561101 19561130     2.1
19561201 19561231     0.0
19570101 19570131    10.5
19570201 19570228    42.5
19570301 19570331    17.0
19570401 19570430    10.0
19570501 19570531     0.0
19570601 19570630    22.3
19570701 19570731    70.5
19570801 19570831    26.9
19570901 19570930     1.3
19571001 19571031     7.8
19571101 19571130    15.7
19571201 19571231    38.0
19580101 19580131    79.5
19580201 19580228    33.5
19580301 19580331   212.1
19580401 19580430    29.5
19580501 19580531    48.6
19580601 19580630    13.9
19580701 19580731    44.7
19580801 19580831    51.2
19580901 19580930    42.9
19581001 19581031    54.5
19581101 19581130    14.7
19581201 19581231    17.8
19590101 19590131    85.4
19590201 19590228   166.3
19590301 19590331   150.1
19590401 19590430    92.8
19590501 19590531     6.9
19590601 19590630    26.5
19590701 19590731    71.9
19590801 19590831     3.1
19590901 19590930     7.4
19591001 19591031    36.4
19591101 19591130    21.4
19591201 19591231    21.1
19600101 19600131    68.6
19600201 19600229    11.9
19600301 19600331    14.9
19600401 19600430     9.4
19600501 19600531    34.2
19600601 19600630    13.0
19600701 19600731    65.2
19600801 19600831    52.8
19600901 19600930    30.4
19601001 19601031    20.4
19601101 19601130    46.2
19601201 19601231    18.0
19610101 19610131    34.5
19610201 19610228    16.0
19610301 19610331    30.5
19610401 19610430    70.1
19610501 19610531     4.6
19610601 19610630    27.1
19610701 19610731    44.6
19610801 19610831    72.3
19610901 19610930     2.6
19611001 19611031    19.9
19611101 19611130   197.6
19611201 19611231    55.1
19620101 19620131   168.2
19620201 19620228    38.1
19620301 19620331    23.1
19620401 19620430    10.7
19620501 19620531    63.3
19620601 19620630    21.3
19620701 19620731    17.0
19620801 19620831    58.2
19620901 19620930    18.2
19621001 19621031    30.5
19621101 19621130    11.9
19621201 19621231    91.1
19630101 19630131    65.8
19630201 19630228    33.1
19630301 19630331    73.9
19630401 19630430    42.1
19630501 19630531    50.0
19630601 19630630    53.9
19630701 19630731    44.7
19630801 19630831    27.1
19630901 19630930    50.5
19631001 19631031    30.5
19631101 19631130    33.6
19631201 19631231    60.7
19640101 19640131     5.1
19640201 19640229    33.7
19640301 19640331     0.0
19640401 19640430    65.8
19640501 19640531    37.6
19640601 19640630    55.1
19640701 19640731    16.5
19640801 19640831    16.6
19640901 19640930    50.4
19641001 19641031    37.6
19641101 19641130    12.2
19641201 19641231     0.0
19650101 19650131     0.0
19650201 19650228     0.0
19650301 19650331    16.0
19650401 19650430    10.8
19650501 19650531    15.8
19650601 19650630    20.7
19650701 19650731    21.5
19650801 19650831    42.2
19650901 19650930    34.3
19651001 19651031    78.5
19651101 19651130    16.4
19651201 19651231    66.1
19660101 19660131     0.0
19660201 19660228     5.6
19660301 19660331    43.1
19660401 19660430    28.2
19660501 19660531    38.1
19660601 19660630    10.2
19660701 19660731    17.5
19660801 19660831    87.1
19660901 19660930    37.1
19661001 19661031    70.9
19661101 19661130    76.2
19661201 19661231    80.8
19670101 19670131    36.1
19670201 19670228    15.8
19670301 19670331    30.5
19670401 19670430     0.0
19670501 19670531    23.6
19670601 19670630    73.0
19670701 19670731     3.0
19670801 19670831    55.1
19670901 19670930    38.1
19671001 19671031    34.3
19671101 19671130    15.0
19671201 19671231     0.0
19680101 19680131   126.3
19680201 19680229     5.8
19680301 19680331    30.1
19680401 19680430    54.2
19680501 19680531   100.2
19680601 19680630    11.5
19680701 19680731    29.9
19680801 19680831    25.7
19680901 19680930    23.8
19681001 19681031    19.3
19681101 19681130    30.5
19681201 19681231    69.5
19690101 19690131    17.0
19690201 19690228    94.7
19690301 19690331    99.8
19690401 19690430    62.5
19690501 19690531    49.8
19690601 19690630    17.6
19690701 19690731    70.6
19690801 19690831    10.2
19690901 19690930    42.0
19691001 19691031    57.5
19691101 19691130    59.4
19691201 19691231     7.4
19700101 19700131    33.2
19700201 19700228     7.6
19700301 19700331    70.0
19700401 19700430    80.0
19700501 19700531    43.9
19700601 19700630    16.5
19700701 19700731     2.8
19700801 19700831    37.3
19700901 19700930    72.9
19701001 19701031    56.5
19701101 19701130    23.4
19701201 19701231    59.9
19710101 19710131   113.7
19710201 19710228    94.7
19710301 19710331    51.8
19710401 19710430     6.4
19710501 19710531     9.4
19710601 19710630    12.7
19710701 19710731    51.4
19710801 19710831    41.5
19710901 19710930    16.3
19711001 19711031     3.8
19711101 19711130    53.6
19711201 19711231    74.9
19720101 19720131   110.2
19720201 19720229    41.8
19720301 19720331    25.3
19720401 19720430    11.2
19720501 19720531    21.2
19720601 19720630     3.6
19720701 19720731     7.2
19720801 19720831    21.3
19720901 19720930     6.4
19721001 19721031    22.8
19721101 19721130    36.4
19721201 19721231     5.7
19730101 19730131    24.0
19730201 19730228   143.3
19730301 19730331    16.5
19730401 19730430    22.1
19730501 19730531    31.9
19730601 19730630    47.2
19730701 19730731    34.8
19730801 19730831    48.2
19730901 19730930    20.3
19731001 19731031    83.4
19731101 19731130   105.2
19731201 19731231    80.3
19740101 19740131    57.0
19740201 19740228   119.0
19740301 19740331    14.2
19740401 19740430   171.9
19740501 19740531    25.8
19740601 19740630    10.4
19740701 19740731    33.4
19740801 19740831    37.0
19740901 19740930    71.2
19741001 19741031    86.6
19741101 19741130    25.0
19741201 19741231     0.0
19750101 19750131    37.2
19750201 19750228    55.4
19750301 19750331    11.8
19750401 19750430    15.0
19750501 19750531     9.0
19750601 19750630    34.0
19750701 19750731    28.6
19750801 19750831    46.4
19750901 19750930    95.8
19751001 19751031   138.0
19751101 19751130     0.0
19751201 19751231    22.3
19760101 19760131   298.6
19760201 19760229   171.4
19760301 19760331    51.0
19760401 19760430    12.4
19760501 19760531    21.6
19760601 19760630     2.6
19760701 19760731    50.6
19760801 19760831     7.4
19760901 19760930    46.8
19761001 19761031   151.5
19761101 19761130    39.6
19761201 19761231    24.8
19770101 19770131    42.2
19770201 19770228    12.0
19770301 19770331    36.1
19770401 19770430    44.2
19770501 19770531   164.2
19770601 19770630    28.1
19770701 19770731    20.7
19770801 19770831     2.2
19770901 19770930    14.6
19771001 19771031    12.3
19771101 19771130     1.2
19771201 19771231     1.2
19780101 19780131   211.8
19780201 19780228     0.0
19780301 19780331    56.2
19780401 19780430     4.6
19780501 19780531    96.0
19780601 19780630   111.9
19780701 19780731    44.2
19780801 19780831    15.4
19780901 19780930    70.1
19781001 19781031    13.3
19781101 19781130   137.0
19781201 19781231   106.4
19790101 19790131     4.6
19790201 19790228     4.5
19790301 19790331    27.1
19790401 19790430    54.7
19790501 19790531    42.0
19790601 19790630    18.8
19790701 19790731    30.6
19790801 19790831    33.8
19790901 19790930    33.6
19791001 19791031    43.2
19791101 19791130     2.0
19791201 19791231     0.0
19800101 19800131    24.6
19800201 19800229    34.7
19800301 19800331    25.8
19800401 19800430    25.8
19800501 19800531    60.5
19800601 19800630    38.9
19800701 19800731    34.6
19800801 19800831     2.8
19800901 19800930     5.4
19801001 19801031    35.5
19801101 19801130     9.6
19801201 19801231    13.5
19810101 19810131    49.4
19810201 19810228    42.8
19810301 19810331    18.4
19810401 19810430     9.2
19810501 19810531    49.4
19810601 19810630    52.2
19810701 19810731    59.4
19810801 19810831    15.3
19810901 19810930    18.0
19811001 19811031    55.8
19811101 19811130    59.5
19811201 19811231    14.2
19820101 19820131    20.1
19820201 19820228    20.8
19820301 19820331   119.3
19820401 19820430     8.8
19820501 19820531     0.0
19820601 19820630    14.7
19820701 19820731     1.6
19820801 19820831    46.6
19820901 19820930    11.2
19821001 19821031    79.0
19821101 19821130    78.6
19821201 19821231     0.6
19830101 19830131    11.8
19830201 19830228    36.4
19830301 19830331    31.4
19830401 19830430    28.6
19830501 19830531   103.5
19830601 19830630    18.6
19830701 19830731    54.1
19830801 19830831    46.6
19830901 19830930    23.6
19831001 19831031    84.4
19831101 19831130    78.6
19831201 19831231    45.7
19840101 19840131   244.8
19840201 19840229    70.2
19840301 19840331    24.8
19840401 19840430    31.9
19840501 19840531    10.0
19840601 19840630     5.6
19840701 19840731    92.1
19840801 19840831    29.4
19840901 19840930    40.3
19841001 19841031   110.4
19841101 19841130     8.3
19841201 19841231     4.3
19850101 19850131     9.2
19850201 19850228     3.4
19850301 19850331    32.5
19850401 19850430    34.0
19850501 19850531    33.5
19850601 19850630    26.3
19850701 19850731     7.0
19850801 19850831    53.9
19850901 19850930    23.8
19851001 19851031   119.2
19851101 19851130    87.6
19851201 19851231    36.6
19860101 19860131    11.4
19860201 19860228     0.0
19860301 19860331     3.0
19860401 19860430    16.0
19860501 19860531    21.3
19860601 19860630     4.0
19860701 19860731    41.8
19860801 19860831    59.0
19860901 19860930    39.5
19861001 19861031    51.4
19861101 19861130    44.8
19861201 19861231    12.3
19870101 19870131    29.0
19870201 19870228    12.6
19870301 19870331   138.1
19870401 19870430     7.5
19870501 19870531    19.9
19870601 19870630    35.2
19870701 19870731    24.6
19870801 19870831    92.6
19870901 19870930    10.8
19871001 19871031    34.5
19871101 19871130     8.3
19871201 19871231    61.0
19880101 19880131     7.2
19880201 19880229    34.2
19880301 19880331    42.8
19880401 19880430    50.5
19880501 19880531    16.6
19880601 19880630    60.1
19880701 19880731    81.7
19880801 19880831    28.4
19880901 19880930    59.0
19881001 19881031    19.5
19881101 19881130    52.5
19881201 19881231   129.2
19890101 19890131    49.2
19890201 19890228    30.2
19890301 19890331    46.0
19890401 19890430   102.4
19890501 19890531    66.7
19890601 19890630    54.6
19890701 19890731    41.0
19890801 19890831    22.0
19890901 19890930    12.6
19891001 19891031    28.0
19891101 19891130    17.6
19891201 19891231    19.8
19900101 19900131    78.4
19900201 19900228    17.0
19900301 19900331    34.7
19900401 19900430   293.5
19900501 19900531    38.8
19900601 19900630    26.7
19900701 19900731    48.8
19900801 19900831    54.6
19900901 19900930    22.2
19901001 19901031    24.2
19901101 19901130    18.8
19901201 19901231    33.6
19910101 19910131    56.6
19910201 19910228     7.0
19910301 19910331     8.0
19910401 19910430    22.1
19910501 19910531    13.4
19910601 19910630    76.6
19910701 19910731    30.6
19910801 19910831    53.2
19910901 19910930    25.8
19911001 19911031    27.7
19911101 19911130    29.0
19911201 19911231    89.4
19920101 19920131    79.5
19920201 19920229   227.2
19920301 19920331     1.8
19920401 19920430    30.6
19920501 19920531    12.2
19920601 19920630    16.7
19920701 19920731    26.1
19920801 19920831    79.8
19920901 19920930    31.1
19921001 19921031    83.3
19921101 19921130    61.3
19921201 19921231   169.6
19930101 19930131   131.0
19930201 19930228    40.6
19930301 19930331    10.6
19930401 19930430     4.8
19930501 19930531    60.5
19930601 19930630    12.7
19930701 19930731   116.0
19930801 19930831    10.8
19930901 19930930    62.8
19931001 19931031    74.3
19931101 19931130    51.6
19931201 19931231    10.8
19940101 19940131     0.0
19940201 19940228    63.8
19940301 19940331    52.0
19940401 19940430    19.8
19940501 19940531 99999.9
19940601 19940630 99999.9
19940701 19940731 99999.9
19940801 19940831     5.0
19940901 19940930    14.5
19941001 19941031    20.6
19941101 19941130    40.4
19941201 19941231     3.0
19950101 19950131   196.2
19950201 19950228     8.3
19950301 19950331     3.2
19950401 19950430     1.6
19950501 19950531    97.4
19950601 19950630 99999.9
19950701 19950731 99999.9
19950801 19950831 99999.9
19950901 19950930    47.7
19951001 19951031    17.6
19951101 19951130    37.0
19951201 19951231    27.2
19960101 19960131   100.0
19960201 19960229     7.0
19960301 19960331    12.6
19960401 19960430     1.0
19960501 19960531    78.0
19960601 19960630    35.6
19960701 19960731    56.1
19960801 19960831    52.2
19960901 19960930    47.2
19961001 19961031    47.0
19961101 19961130    52.3
19961201 19961231    59.0
19970101 19970131    24.9
19970201 19970228    18.2
19970301 19970331     0.0
19970401 19970430     1.2
19970501 19970531    49.4
19970601 19970630    12.6
19970701 19970731    26.7
19970801 19970831    18.8
19970901 19970930    80.8
19971001 19971031    19.2
19971101 19971130    17.2
19971201 19971231    13.8
19980101 19980131    79.0
19980201 19980228    10.0
19980301 19980331    38.6
19980401 19980430    64.2
19980501 19980531    90.0
19980601 19980630    55.2
19980701 19980731    91.6
19980801 19980831   137.2
19980901 19980930    77.2
19981001 19981031    51.9
19981101 19981130    68.9
19981201 19981231    20.0
19990101 19990131    41.0
19990201 19990228     7.8
19990301 19990331   197.7
19990401 19990430    47.6
19990501 19990531     5.8
19990601 19990630    24.1
19990701 19990731    63.1
19990801 19990831    50.8
19990901 19990930    52.8
19991001 19991031   159.2
19991101 19991130    39.6
19991201 19991231   117.7
20000101 20000131    22.5
20000201 20000229     6.2
20000301 20000331   117.1
20000401 20000430    66.6
20000501 20000531    68.5
20000601 20000630    14.6
20000701 20000731    16.0
20000801 20000831    67.0
20000901 20000930    19.6
20001001 20001031    80.2
20001101 20001130    86.3
20001201 20001231    10.6
20010101 20010131    18.8
20010201 20010228    59.1
20010301 20010331    43.7
20010401 20010430    39.0
20010501 20010531    31.8
20010601 20010630    49.6
20010701 20010731    59.1
20010801 20010831    23.1
20010901 20010930    28.9
20011001 20011031    34.9
20011101 20011130    71.2
20011201 20011231     3.8
20020101 20020131     9.2
20020201 20020228    88.0
20020301 20020331    28.4
20020401 20020430    20.6
20020501 20020531    29.9
20020601 20020630     8.9
20020701 20020731     8.0
20020801 20020831     6.3
20020901 20020930    47.5
20021001 20021031     0.0
20021101 20021130     0.0
20021201 20021231    21.8
20030101 20030131    17.0
20030201 20030228    59.2
20030301 20030331    39.2
20030401 20030430    62.6
20030501 20030531     7.0
20030601 20030630     5.2
20030701 20030731    46.4
20030801 20030831    70.1
20030901 20030930     5.6
20031001 20031031    28.6
20031101 20031130    24.8
20031201 20031231     8.7
20040101 20040131    46.0
20040201 20040229    37.2
20040301 20040331    26.4
20040401 20040430    10.0
20040501 20040531    59.4
20040601 20040630    33.1
20040701 20040731    18.1
20040801 20040831    25.0
20040901 20040930    37.4
20041001 20041031    53.6
20041101 20041130    19.6
20041201 20041231    62.5
20050101 20050131    24.2
20050201 20050228    14.0
20050301 20050331     8.4
20050401 20050430     2.0
20050501 20050531     2.0
20050601 20050630    91.5
20050701 20050731    30.8
20050801 20050831    32.5
20050901 20050930    66.5
20051001 20051031    44.8
20051101 20051130   162.3
20051201 20051231    11.0
20060101 20060131    26.2
20060201 20060228     2.2
20060301 20060331     8.0
20060401 20060430     6.0
20060501 20060531     4.6
20060601 20060630    50.7
20060701 20060731    30.5
20060801 20060831     4.0
20060901 20060930    12.0
20061001 20061031     0.0
20061101 20061130     8.1
20061201 20061231    16.7
20070101 20070131    38.6
20070201 20070228    48.4
20070301 20070331    38.8
20070401 20070430     7.2
20070501 20070531    56.3
20070601 20070630    72.3
20070701 20070731    18.2
20070801 20070831    15.0
20070901 20070930     0.4
20071001 20071031     1.8
20071101 20071130   122.0
20071201 20071231   104.2
20080101 20080131    44.4
20080201 20080229    69.6
20080301 20080331    12.0
20080401 20080430     4.0
20080501 20080531     7.8
20080601 20080630    40.0
20080701 20080731    24.2
20080801 20080831    25.6
20080901 20080930    28.8
20081001 20081031    35.2
20081101 20081130    60.6
20081201 20081231    14.2
20090101 20090131    35.1
20090201 20090228    59.9
20090301 20090331    35.0
20090401 20090430    28.7
20090501 20090531    10.5
20090601 20090630    47.1
20090701 20090731    17.3
20090801 20090831     6.6
20090901 20090930     9.1
20091001 20091031    55.4
20091101 20091130    20.0
20091201 20091231   102.5
20100101 20100131    21.0
20100201 20100228   180.8
20100301 20100331    20.6
20100401 20100430    38.0
20100501 20100531    38.6
20100601 20100630    33.9
20100701 20100731    64.4
20100801 20100831    37.7
20100901 20100930    53.6
20101001 20101031    67.5
20101101 20101130    72.2
20101201 20101231    80.8
20110101 20110131    24.4
20110201 20110228    53.3
20110301 20110331    62.9
20110401 20110430    41.8
20110501 20110531    31.1
20110601 20110630     7.4
20110701 20110731    13.5
20110801 20110831    38.6
20110901 20110930    27.7
20111001 20111031    54.4
20111101 20111130   168.8
20111201 20111231    79.1
20120101 20120131   124.7
20120201 20120229   152.1
20120301 20120331   140.0
20120401 20120430     6.2
20120501 20120531    48.2
20120601 20120630    48.8
20120701 20120731    59.9
20120801 20120831     7.8
20120901 20120930    23.2
20121001 20121031    11.0
20121101 20121130    39.0
20121201 20121231     6.8
20130101 20130131    15.5
20130201 20130228    31.7
20130301 20130331    92.7
20130401 20130430     1.0
20130501 20130531    30.2
20130601 20130630   340.8
20130701 20130731    32.0
20130801 20130831     8.9
20130901 20130930    44.4
20131001 20131031    14.2
20131101 20131130 99999.9
20131201 20131231    23.8
20140101 20140131    39.5
20140201 20140228    34.0
20140301 20140331   186.0
20140401 20140430    21.0
20140501 20140531    29.0
20140601 20140630    52.2
20140701 20140731    12.0
20140801 20140831 99999.9
20140901 20140930    23.5
20141001 20141031    19.5
20141101 20141130    33.5
20141201 20141231    48.4
20150101 20150131   123.0
20150201 20150228    13.0
20150301 20150331     0.0
20150401 20150430   129.6
20150501 20150531    30.0
20150601 20150630    33.0
20150701 20150731    83.0
20150801 20150831    40.2
20150901 20150930     5.6
20151001 20151031    53.0
20151101 20151130    58.5
20151201 20151231    31.6
20160101 20160131   140.4
20160201 20160229     2.0
20160301 20160331    31.0
20160401 20160430    28.2
20160501 20160531    52.2
20160601 20160630   160.2
20160701 20160731    68.9
20160801 20160831    47.0
20160901 20160930   100.8
20161001 20161031    21.4
20161101 20161130     0.0
20161201 20161231    76.5
20170101 20170131    17.0
20170201 20170228     0.0
20170301 20170331    93.0
20170401 20170430    17.4
