PRCP       085096 18721201 20180131 missing_value=99999.9 WILSONS PROMONTORY LIGHTHOUSE             
18721201 18721231    76.8
18730101 18730131    52.3
18730201 18730228   101.7
18730301 18730331    43.7
18730401 18730430    97.3
18730501 18730531    98.4
18730601 18730630    91.0
18730701 18730731   111.8
18730801 18730831   199.5
18730901 18730930    97.0
18731001 18731031    68.4
18731101 18731130    92.7
18731201 18731231    47.0
18740101 18740131    57.2
18740201 18740228    30.9
18740301 18740331   136.3
18740401 18740430    78.8
18740501 18740531    98.2
18740601 18740630    89.7
18740701 18740731   100.0
18740801 18740831   137.5
18740901 18740930   125.0
18741001 18741031    63.1
18741101 18741130    68.2
18741201 18741231    80.0
18750101 18750131    50.2
18750201 18750228    51.7
18750301 18750331    42.3
18750401 18750430    77.5
18750501 18750531   168.7
18750601 18750630    65.1
18750701 18750731    90.3
18750801 18750831   162.2
18750901 18750930   152.7
18751001 18751031    87.2
18751101 18751130   170.8
18751201 18751231   126.1
18760101 18760131    57.4
18760201 18760229     4.3
18760301 18760331    92.5
18760401 18760430   107.3
18760501 18760531   108.1
18760601 18760630   161.6
18760701 18760731    63.3
18760801 18760831    82.5
18760901 18760930   106.9
18761001 18761031   110.7
18761101 18761130   109.4
18761201 18761231    90.5
18770101 18770131    10.9
18770201 18770228    68.1
18770301 18770331    76.0
18770401 18770430    64.8
18770501 18770531   239.1
18770601 18770630    90.5
18770701 18770731    38.3
18770801 18770831   117.0
18770901 18770930   108.0
18771001 18771031    71.1
18771101 18771130    73.6
18771201 18771231    84.5
18780101 18780131     0.3
18780201 18780228    40.5
18780301 18780331   153.7
18780401 18780430   106.1
18780501 18780531    88.7
18780601 18780630   134.4
18780701 18780731    50.8
18780801 18780831   150.7
18780901 18780930   116.6
18781001 18781031   145.9
18781101 18781130    95.9
18781201 18781231    50.0
18790101 18790131    34.3
18790201 18790228    46.5
18790301 18790331    40.9
18790401 18790430    66.2
18790501 18790531   128.0
18790601 18790630   117.2
18790701 18790731   101.7
18790801 18790831    91.7
18790901 18790930    81.3
18791001 18791031   137.8
18791101 18791130   106.8
18791201 18791231    53.3
18800101 18800131    37.2
18800201 18800229    43.3
18800301 18800331   160.2
18800401 18800430   196.4
18800501 18800531   190.5
18800601 18800630   116.2
18800701 18800731   110.0
18800801 18800831   200.6
18800901 18800930   144.4
18801001 18801031    91.5
18801101 18801130    98.2
18801201 18801231    50.7
18810101 18810131    42.7
18810201 18810228    45.5
18810301 18810331    67.0
18810401 18810430    71.0
18810501 18810531   133.7
18810601 18810630    92.2
18810701 18810731   188.7
18810801 18810831    83.0
18810901 18810930   109.0
18811001 18811031    40.6
18811101 18811130    73.2
18811201 18811231    88.5
18820101 18820131    22.2
18820201 18820228    15.0
18820301 18820331    31.5
18820401 18820430    91.1
18820501 18820531   135.0
18820601 18820630   114.7
18820701 18820731   113.5
18820801 18820831    97.2
18820901 18820930   146.7
18821001 18821031    85.0
18821101 18821130    82.1
18821201 18821231    51.9
18830101 18830131    49.1
18830201 18830228    46.8
18830301 18830331    43.2
18830401 18830430    24.2
18830501 18830531   108.9
18830601 18830630   100.3
18830701 18830731    99.7
18830801 18830831   159.8
18830901 18830930    47.7
18831001 18831031   124.7
18831101 18831130    73.5
18831201 18831231    71.0
18840101 18840131    69.7
18840201 18840229    26.0
18840301 18840331    45.4
18840401 18840430    24.1
18840501 18840531   110.7
18840601 18840630   122.5
18840701 18840731    87.8
18840801 18840831   100.5
18840901 18840930    86.2
18841001 18841031   101.9
18841101 18841130    79.4
18841201 18841231   101.7
18850101 18850131    27.4
18850201 18850228   100.3
18850301 18850331    94.0
18850401 18850430   123.4
18850501 18850531    90.8
18850601 18850630   198.4
18850701 18850731    84.0
18850801 18850831   140.1
18850901 18850930   153.2
18851001 18851031    34.6
18851101 18851130    63.9
18851201 18851231    23.7
18860101 18860131   113.0
18860201 18860228   130.9
18860301 18860331    54.9
18860401 18860430    52.8
18860501 18860531   115.0
18860601 18860630    41.7
18860701 18860731    38.4
18860801 18860831   149.5
18860901 18860930   143.1
18861001 18861031   234.5
18861101 18861130    66.4
18861201 18861231    59.1
18870101 18870131    27.0
18870201 18870228    86.9
18870301 18870331    54.2
18870401 18870430    73.8
18870501 18870531    89.2
18870601 18870630   131.1
18870701 18870731   247.2
18870801 18870831    53.7
18870901 18870930   120.4
18871001 18871031    80.2
18871101 18871130    79.5
18871201 18871231    69.7
18880101 18880131    35.2
18880201 18880229    29.9
18880301 18880331    71.1
18880401 18880430    54.1
18880501 18880531    89.6
18880601 18880630   188.2
18880701 18880731   222.7
18880801 18880831    91.9
18880901 18880930    93.9
18881001 18881031    79.3
18881101 18881130    54.4
18881201 18881231    28.6
18890101 18890131    76.5
18890201 18890228    36.3
18890301 18890331    18.6
18890401 18890430   102.7
18890501 18890531    94.4
18890601 18890630   258.9
18890701 18890731    87.6
18890801 18890831    93.5
18890901 18890930    80.8
18891001 18891031   112.8
18891101 18891130   101.4
18891201 18891231    47.6
18900101 18900131     5.7
18900201 18900228   149.4
18900301 18900331    29.0
18900401 18900430    46.7
18900501 18900531    98.1
18900601 18900630   150.5
18900701 18900731   105.3
18900801 18900831   174.8
18900901 18900930   103.7
18901001 18901031   183.7
18901101 18901130   100.0
18901201 18901231    63.2
18910101 18910131    70.1
18910201 18910228    14.0
18910301 18910331    17.3
18910401 18910430    69.0
18910501 18910531   104.4
18910601 18910630   189.4
18910701 18910731   120.6
18910801 18910831    41.5
18910901 18910930    55.7
18911001 18911031    73.9
18911101 18911130   136.0
18911201 18911231   123.3
18920101 18920131    78.7
18920201 18920229     0.8
18920301 18920331    96.4
18920401 18920430   144.5
18920501 18920531    86.2
18920601 18920630   116.5
18920701 18920731   127.4
18920801 18920831    93.8
18920901 18920930   100.4
18921001 18921031    48.5
18921101 18921130    67.6
18921201 18921231   182.1
18930101 18930131     2.8
18930201 18930228     7.1
18930301 18930331    16.3
18930401 18930430    50.1
18930501 18930531   169.1
18930601 18930630    97.6
18930701 18930731   128.9
18930801 18930831   109.8
18930901 18930930   125.8
18931001 18931031    76.8
18931101 18931130    75.3
18931201 18931231    87.8
18940101 18940131    53.4
18940201 18940228    17.0
18940301 18940331    38.5
18940401 18940430    87.8
18940501 18940531   114.9
18940601 18940630   148.9
18940701 18940731   242.6
18940801 18940831   176.3
18940901 18940930    93.2
18941001 18941031    95.3
18941101 18941130    29.3
18941201 18941231    87.1
18950101 18950131    34.3
18950201 18950228    64.4
18950301 18950331    55.6
18950401 18950430    70.8
18950501 18950531    74.5
18950601 18950630   180.7
18950701 18950731   180.3
18950801 18950831   155.2
18950901 18950930   118.8
18951001 18951031    62.7
18951101 18951130     7.5
18951201 18951231    72.9
18960101 18960131    92.7
18960201 18960229    38.4
18960301 18960331    19.8
18960401 18960430   173.6
18960501 18960531   112.4
18960601 18960630   192.0
18960701 18960731   142.3
18960801 18960831   123.4
18960901 18960930    54.6
18961001 18961031   100.1
18961101 18961130    29.0
18961201 18961231    20.7
18970101 18970131   136.5
18970201 18970228   103.3
18970301 18970331    63.4
18970401 18970430    69.2
18970501 18970531   203.5
18970601 18970630    67.7
18970701 18970731   127.7
18970801 18970831   100.1
18970901 18970930    29.7
18971001 18971031   116.5
18971101 18971130    61.4
18971201 18971231    10.2
18980101 18980131    22.6
18980201 18980228     5.6
18980301 18980331    66.1
18980401 18980430   112.5
18980501 18980531   109.8
18980601 18980630   107.7
18980701 18980731   163.9
18980801 18980831    73.7
18980901 18980930   122.9
18981001 18981031    67.6
18981101 18981130   104.1
18981201 18981231    43.0
18990101 18990131   186.7
18990201 18990228    12.0
18990301 18990331   104.3
18990401 18990430   113.0
18990501 18990531   153.3
18990601 18990630   150.5
18990701 18990731    19.6
18990801 18990831    91.2
18990901 18990930    62.6
18991001 18991031    97.0
18991101 18991130    50.4
18991201 18991231    43.5
19000101 19000131   107.6
19000201 19000228    19.8
19000301 19000331   123.4
19000401 19000430   125.3
19000501 19000531    44.9
19000601 19000630   151.6
19000701 19000731    75.8
19000801 19000831   190.2
19000901 19000930    56.0
19001001 19001031   120.1
19001101 19001130    23.2
19001201 19001231    49.6
19010101 19010131   100.3
19010201 19010228    17.1
19010301 19010331   109.8
19010401 19010430   246.3
19010501 19010531    66.9
19010601 19010630   174.2
19010701 19010731    78.6
19010801 19010831   115.9
19010901 19010930    93.9
19011001 19011031    83.7
19011101 19011130    28.9
19011201 19011231    21.2
19020101 19020131    71.3
19020201 19020228    66.4
19020301 19020331   147.5
19020401 19020430    27.2
19020501 19020531    35.1
19020601 19020630   147.3
19020701 19020731    88.3
19020801 19020831    37.1
19020901 19020930    87.8
19021001 19021031    52.9
19021101 19021130    30.2
19021201 19021231   106.1
19030101 19030131    43.4
19030201 19030228    27.6
19030301 19030331    98.6
19030401 19030430   126.8
19030501 19030531    74.9
19030601 19030630   229.5
19030701 19030731    95.5
19030801 19030831   102.5
19030901 19030930    92.4
19031001 19031031    78.5
19031101 19031130    57.4
19031201 19031231    82.6
19040101 19040131    94.5
19040201 19040229    49.8
19040301 19040331    14.8
19040401 19040430    47.6
19040501 19040531    65.2
19040601 19040630    57.0
19040701 19040731   128.3
19040801 19040831    83.8
19040901 19040930    98.7
19041001 19041031    63.8
19041101 19041130    81.6
19041201 19041231    25.7
19050101 19050131    47.1
19050201 19050228    24.4
19050301 19050331    18.1
19050401 19050430    21.8
19050501 19050531   109.0
19050601 19050630   187.7
19050701 19050731   183.1
19050801 19050831    63.7
19050901 19050930   123.2
19051001 19051031    82.8
19051101 19051130    62.4
19051201 19051231   115.0
19060101 19060131     3.8
19060201 19060228     5.0
19060301 19060331   126.6
19060401 19060430   112.8
19060501 19060531    68.3
19060601 19060630   123.7
19060701 19060731   200.9
19060801 19060831   133.1
19060901 19060930    53.4
19061001 19061031   166.6
19061101 19061130    83.3
19061201 19061231    32.4
19070101 19070131    23.6
19070201 19070228    10.5
19070301 19070331    35.1
19070401 19070430   142.8
19070501 19070531    31.2
19070601 19070630    42.5
19070701 19070731   137.6
19070801 19070831   117.9
19070901 19070930   105.3
19071001 19071031   114.9
19071101 19071130    38.3
19071201 19071231    76.9
19080101 19080131     9.2
19080201 19080229    24.3
19080301 19080331   102.9
19080401 19080430    47.2
19080501 19080531    96.3
19080601 19080630   123.0
19080701 19080731   109.5
19080801 19080831    79.1
19080901 19080930    96.7
19081001 19081031    45.4
19081101 19081130    32.9
19081201 19081231    18.9
19090101 19090131    49.2
19090201 19090228    35.5
19090301 19090331    93.1
19090401 19090430   101.2
19090501 19090531    95.1
19090601 19090630   138.5
19090701 19090731   128.8
19090801 19090831   117.0
19090901 19090930    40.7
19091001 19091031    67.1
19091101 19091130    43.2
19091201 19091231    69.9
19100101 19100131    58.5
19100201 19100228    36.8
19100301 19100331    34.6
19100401 19100430    39.7
19100501 19100531   101.6
19100601 19100630    90.4
19100701 19100731    75.4
19100801 19100831   104.9
19100901 19100930   138.9
19101001 19101031   149.9
19101101 19101130    71.3
19101201 19101231   185.4
19110101 19110131    53.4
19110201 19110228    57.5
19110301 19110331   107.3
19110401 19110430    45.7
19110501 19110531    64.4
19110601 19110630   168.2
19110701 19110731    43.1
19110801 19110831    64.1
19110901 19110930    55.9
19111001 19111031    30.1
19111101 19111130    26.6
19111201 19111231    94.1
19120101 19120131    10.4
19120201 19120229    27.7
19120301 19120331    38.6
19120401 19120430   108.9
19120501 19120531    81.5
19120601 19120630    42.5
19120701 19120731    65.0
19120801 19120831    88.9
19120901 19120930   199.6
19121001 19121031    53.0
19121101 19121130    80.6
19121201 19121231    82.0
19130101 19130131    31.0
19130201 19130228    14.2
19130301 19130331   181.7
19130401 19130430    53.5
19130501 19130531   102.9
19130601 19130630    82.0
19130701 19130731   113.6
19130801 19130831    87.8
19130901 19130930   119.7
19131001 19131031   119.3
19131101 19131130    84.5
19131201 19131231    27.0
19140101 19140131    85.5
19140201 19140228     8.9
19140301 19140331    33.3
19140401 19140430   156.3
19140501 19140531    76.6
19140601 19140630    22.4
19140701 19140731   119.1
19140801 19140831    31.8
19140901 19140930    50.9
19141001 19141031     5.1
19141101 19141130    64.1
19141201 19141231   102.7
19150101 19150131    28.9
19150201 19150228    11.0
19150301 19150331    36.4
19150401 19150430    75.5
19150501 19150531   111.9
19150601 19150630   185.7
19150701 19150731    69.0
19150801 19150831   144.6
19150901 19150930   124.4
19151001 19151031   119.7
19151101 19151130    70.5
19151201 19151231     5.7
19160101 19160131   183.6
19160201 19160229    34.3
19160301 19160331    11.7
19160401 19160430   114.2
19160501 19160531    75.5
19160601 19160630   162.6
19160701 19160731    63.7
19160801 19160831   123.8
19160901 19160930   154.7
19161001 19161031    95.7
19161101 19161130   112.6
19161201 19161231    68.8
19170101 19170131    35.3
19170201 19170228    57.5
19170301 19170331    68.3
19170401 19170430   101.8
19170501 19170531   211.7
19170601 19170630   140.0
19170701 19170731   266.1
19170801 19170831    78.6
19170901 19170930   107.6
19171001 19171031   150.6
19171101 19171130    73.2
19171201 19171231    18.0
19180101 19180131    40.6
19180201 19180228    28.7
19180301 19180331   110.1
19180401 19180430    29.7
19180501 19180531   150.6
19180601 19180630   110.3
19180701 19180731   111.9
19180801 19180831    59.0
19180901 19180930    55.4
19181001 19181031    95.7
19181101 19181130    24.5
19181201 19181231    63.8
19190101 19190131    10.2
19190201 19190228   130.0
19190301 19190331   126.1
19190401 19190430    32.8
19190501 19190531    78.8
19190601 19190630   164.4
19190701 19190731    94.8
19190801 19190831    74.5
19190901 19190930   149.7
19191001 19191031    55.6
19191101 19191130    25.4
19191201 19191231    43.3
19200101 19200131    15.9
19200201 19200229    30.0
19200301 19200331    70.7
19200401 19200430    67.2
19200501 19200531    80.7
19200601 19200630   103.3
19200701 19200731    95.6
19200801 19200831   153.8
19200901 19200930    95.8
19201001 19201031    77.0
19201101 19201130    54.4
19201201 19201231    55.3
19210101 19210131    50.9
19210201 19210228    27.6
19210301 19210331    55.6
19210401 19210430    55.5
19210501 19210531    50.2
19210601 19210630    63.5
19210701 19210731   152.8
19210801 19210831   161.6
19210901 19210930    69.4
19211001 19211031    92.3
19211101 19211130    62.4
19211201 19211231    52.0
19220101 19220131    55.4
19220201 19220228    95.1
19220301 19220331    43.8
19220401 19220430    90.5
19220501 19220531    81.8
19220601 19220630   212.2
19220701 19220731   104.6
19220801 19220831   147.5
19220901 19220930    51.7
19221001 19221031   105.9
19221101 19221130    52.4
19221201 19221231    82.6
19230101 19230131    43.9
19230201 19230228    19.3
19230301 19230331    12.5
19230401 19230430     6.4
19230501 19230531   268.2
19230601 19230630   244.7
19230701 19230731   125.1
19230801 19230831    83.7
19230901 19230930   114.2
19231001 19231031   109.9
19231101 19231130    66.6
19231201 19231231   105.9
19240101 19240131   107.8
19240201 19240229    88.3
19240301 19240331    85.5
19240401 19240430    76.4
19240501 19240531    85.5
19240601 19240630    98.8
19240701 19240731    57.7
19240801 19240831    91.5
19240901 19240930    91.8
19241001 19241031    72.1
19241101 19241130    99.2
19241201 19241231    28.3
19250101 19250131    45.7
19250201 19250228    78.6
19250301 19250331    25.9
19250401 19250430    36.7
19250501 19250531    87.7
19250601 19250630   156.5
19250701 19250731   103.8
19250801 19250831    90.3
19250901 19250930    59.7
19251001 19251031    59.8
19251101 19251130    45.5
19251201 19251231    21.9
19260101 19260131    31.9
19260201 19260228    18.8
19260301 19260331    50.7
19260401 19260430    80.4
19260501 19260531   181.8
19260601 19260630    70.6
19260701 19260731   165.8
19260801 19260831    89.3
19260901 19260930    86.8
19261001 19261031    85.9
19261101 19261130    58.6
19261201 19261231    61.1
19270101 19270131    18.7
19270201 19270228    38.3
19270301 19270331    35.9
19270401 19270430    45.5
19270501 19270531   104.0
19270601 19270630    65.7
19270701 19270731   166.9
19270801 19270831   140.8
19270901 19270930    54.7
19271001 19271031    45.8
19271101 19271130    49.3
19271201 19271231    46.1
19280101 19280131    57.2
19280201 19280229    82.6
19280301 19280331   102.3
19280401 19280430    86.8
19280501 19280531   156.9
19280601 19280630   108.0
19280701 19280731    64.9
19280801 19280831    57.8
19280901 19280930   113.5
19281001 19281031   153.6
19281101 19281130    59.9
19281201 19281231    39.0
19290101 19290131    82.0
19290201 19290228    33.1
19290301 19290331    52.5
19290401 19290430   172.2
19290501 19290531    61.8
19290601 19290630   186.2
19290701 19290731   108.2
19290801 19290831    89.0
19290901 19290930    59.6
19291001 19291031    76.4
19291101 19291130    59.5
19291201 19291231    36.3
19300101 19300131    10.0
19300201 19300228    39.9
19300301 19300331    16.5
19300401 19300430   106.7
19300501 19300531    55.9
19300601 19300630    47.0
19300701 19300731    69.6
19300801 19300831    88.4
19300901 19300930   136.8
19301001 19301031    93.0
19301101 19301130    89.0
19301201 19301231   127.4
19310101 19310131    44.3
19310201 19310228    51.1
19310301 19310331   130.7
19310401 19310430    55.6
19310501 19310531   148.1
19310601 19310630    95.1
19310701 19310731   196.5
19310801 19310831   113.9
19310901 19310930    74.3
19311001 19311031    51.9
19311101 19311130    61.8
19311201 19311231    29.0
19320101 19320131     7.2
19320201 19320229    46.5
19320301 19320331    74.7
19320401 19320430   136.9
19320501 19320531    14.7
19320601 19320630   158.1
19320701 19320731    58.5
19320801 19320831    96.2
19320901 19320930    56.5
19321001 19321031   135.2
19321101 19321130    72.5
19321201 19321231    43.0
19330101 19330131    33.0
19330201 19330228    36.3
19330301 19330331    47.8
19330401 19330430    85.3
19330501 19330531   127.9
19330601 19330630    62.1
19330701 19330731    63.5
19330801 19330831   154.8
19330901 19330930    88.3
19331001 19331031    62.6
19331101 19331130    36.9
19331201 19331231    84.1
19340101 19340131    48.4
19340201 19340228    55.2
19340301 19340331    38.7
19340401 19340430   134.2
19340501 19340531     9.7
19340601 19340630    91.2
19340701 19340731   101.7
19340801 19340831    64.1
19340901 19340930    82.3
19341001 19341031   110.9
19341101 19341130   165.2
19341201 19341231   107.4
19350101 19350131    53.4
19350201 19350228   105.2
19350301 19350331    77.1
19350401 19350430   170.8
19350501 19350531    92.6
19350601 19350630   114.3
19350701 19350731    94.0
19350801 19350831   123.1
19350901 19350930    65.2
19351001 19351031    96.9
19351101 19351130    78.6
19351201 19351231    26.5
19360101 19360131    45.6
19360201 19360229    21.9
19360301 19360331    48.5
19360401 19360430   103.0
19360501 19360531    57.2
19360601 19360630    75.7
19360701 19360731   135.4
19360801 19360831   185.0
19360901 19360930    86.0
19361001 19361031   135.8
19361101 19361130    29.0
19361201 19361231   109.8
19370101 19370131    78.6
19370201 19370228    56.4
19370301 19370331   115.9
19370401 19370430    33.2
19370501 19370531   124.4
19370601 19370630    63.5
19370701 19370731    83.7
19370801 19370831    75.5
19370901 19370930    86.5
19371001 19371031    71.3
19371101 19371130    37.4
19371201 19371231    77.8
19380101 19380131    65.6
19380201 19380228    63.1
19380301 19380331    66.2
19380401 19380430    88.7
19380501 19380531    81.0
19380601 19380630   177.3
19380701 19380731    74.2
19380801 19380831    76.3
19380901 19380930    59.1
19381001 19381031    19.3
19381101 19381130    38.5
19381201 19381231    45.1
19390101 19390131     1.0
19390201 19390228   210.6
19390301 19390331    20.8
19390401 19390430    78.3
19390501 19390531    62.2
19390601 19390630   185.0
19390701 19390731    57.5
19390801 19390831   257.7
19390901 19390930   121.7
19391001 19391031    94.5
19391101 19391130   141.5
19391201 19391231    56.9
19400101 19400131    59.0
19400201 19400229    49.4
19400301 19400331    21.3
19400401 19400430    74.9
19400501 19400531    53.5
19400601 19400630   107.8
19400701 19400731   105.9
19400801 19400831    82.4
19400901 19400930   114.5
19401001 19401031    25.3
19401101 19401130   125.9
19401201 19401231    62.9
19410101 19410131    30.4
19410201 19410228    19.9
19410301 19410331   499.5
19410401 19410430    22.7
19410501 19410531    60.3
19410601 19410630   125.6
19410701 19410731    72.7
19410801 19410831   116.6
19410901 19410930   130.8
19411001 19411031    89.8
19411101 19411130    41.2
19411201 19411231    33.3
19420101 19420131    39.9
19420201 19420228    26.5
19420301 19420331    65.8
19420401 19420430    67.5
19420501 19420531   170.4
19420601 19420630   118.6
19420701 19420731   110.4
19420801 19420831   203.3
19420901 19420930   118.7
19421001 19421031    65.7
19421101 19421130    54.3
19421201 19421231    42.3
19430101 19430131    80.8
19430201 19430228    48.3
19430301 19430331    41.7
19430401 19430430   220.5
19430501 19430531    77.7
19430601 19430630   104.7
19430701 19430731   179.2
19430801 19430831   108.0
19430901 19430930    79.7
19431001 19431031    54.2
19431101 19431130    45.3
19431201 19431231    22.0
19440101 19440131    49.3
19440201 19440229    29.7
19440301 19440331    43.7
19440401 19440430   155.7
19440501 19440531   154.8
19440601 19440630   115.8
19440701 19440731    98.0
19440801 19440831    59.4
19440901 19440930    71.2
19441001 19441031    75.0
19441101 19441130    83.7
19441201 19441231   125.3
19450101 19450131    32.9
19450201 19450228    48.1
19450301 19450331    35.4
19450401 19450430    42.6
19450501 19450531    73.7
19450601 19450630    72.2
19450701 19450731    74.9
19450801 19450831   136.0
19450901 19450930   108.5
19451001 19451031   123.3
19451101 19451130    66.7
19451201 19451231    13.9
19460101 19460131   104.8
19460201 19460228   132.4
19460301 19460331   146.0
19460401 19460430    84.0
19460501 19460531    54.7
19460601 19460630   137.2
19460701 19460731   239.9
19460801 19460831   195.0
19460901 19460930    76.7
19461001 19461031    72.5
19461101 19461130    51.5
19461201 19461231    48.6
19470101 19470131    50.0
19470201 19470228    21.1
19470301 19470331    78.9
19470401 19470430    80.9
19470501 19470531    46.7
19470601 19470630   134.7
19470701 19470731   174.9
19470801 19470831   140.7
19470901 19470930   108.0
19471001 19471031   200.5
19471101 19471130   122.6
19471201 19471231   140.3
19480101 19480131    12.7
19480201 19480229    41.4
19480301 19480331    92.4
19480401 19480430    54.8
19480501 19480531   211.2
19480601 19480630    80.9
19480701 19480731   102.2
19480801 19480831    81.2
19480901 19480930    82.6
19481001 19481031   206.3
19481101 19481130    71.6
19481201 19481231    42.4
19490101 19490131    56.2
19490201 19490228    87.0
19490301 19490331   149.3
19490401 19490430    37.1
19490501 19490531    92.6
19490601 19490630    54.1
19490701 19490731    93.3
19490801 19490831    69.6
19490901 19490930    37.3
19491001 19491031   204.4
19491101 19491130   109.9
19491201 19491231    16.1
19500101 19500131    35.0
19500201 19500228    45.5
19500301 19500331   111.8
19500401 19500430    29.0
19500501 19500531    73.0
19500601 19500630    56.4
19500701 19500731   114.1
19500801 19500831    82.6
19500901 19500930   105.7
19501001 19501031   130.8
19501101 19501130    69.4
19501201 19501231    37.8
19510101 19510131    12.1
19510201 19510228   113.1
19510301 19510331     6.6
19510401 19510430   184.4
19510501 19510531   179.7
19510601 19510630    81.1
19510701 19510731   110.3
19510801 19510831   284.3
19510901 19510930    37.4
19511001 19511031    71.4
19511101 19511130    83.3
19511201 19511231    85.2
19520101 19520131    42.5
19520201 19520229    30.7
19520301 19520331    63.6
19520401 19520430    96.3
19520501 19520531   170.5
19520601 19520630   238.0
19520701 19520731   177.6
19520801 19520831    80.5
19520901 19520930   142.0
19521001 19521031   153.5
19521101 19521130   122.7
19521201 19521231    43.8
19530101 19530131    62.6
19530201 19530228    39.0
19530301 19530331    17.9
19530401 19530430   119.7
19530501 19530531    56.9
19530601 19530630   124.0
19530701 19530731   153.6
19530801 19530831   132.2
19530901 19530930   123.5
19531001 19531031   127.4
19531101 19531130   139.1
19531201 19531231    51.4
19540101 19540131    10.7
19540201 19540228    53.2
19540301 19540331    39.7
19540401 19540430    51.5
19540501 19540531    69.9
19540601 19540630   142.5
19540701 19540731    79.8
19540801 19540831   100.5
19540901 19540930    71.6
19541001 19541031    87.9
19541101 19541130   111.0
19541201 19541231    60.0
19550101 19550131    32.5
19550201 19550228    38.1
19550301 19550331    51.6
19550401 19550430    57.7
19550501 19550531   159.5
19550601 19550630   122.1
19550701 19550731    79.5
19550801 19550831   216.2
19550901 19550930    74.4
19551001 19551031   111.9
19551101 19551130    84.0
19551201 19551231   120.1
19560101 19560131    85.6
19560201 19560229    29.0
19560301 19560331    61.4
19560401 19560430   206.1
19560501 19560531    74.0
19560601 19560630   149.0
19560701 19560731   108.9
19560801 19560831   155.3
19560901 19560930   120.6
19561001 19561031    74.0
19561101 19561130   121.6
19561201 19561231    68.4
19570101 19570131    27.3
19570201 19570228    32.5
19570301 19570331    52.3
19570401 19570430   132.2
19570501 19570531   100.5
19570601 19570630    68.5
19570701 19570731    49.7
19570801 19570831    76.1
19570901 19570930   123.9
19571001 19571031   102.3
19571101 19571130   130.3
19571201 19571231    83.9
19580101 19580131    29.9
19580201 19580228    36.5
19580301 19580331    55.0
19580401 19580430    11.4
19580501 19580531   269.6
19580601 19580630    99.4
19580701 19580731   132.4
19580801 19580831   177.2
19580901 19580930    76.5
19581001 19581031   113.2
19581101 19581130    79.9
19581201 19581231    46.3
19590101 19590131    17.8
19590201 19590228   106.1
19590301 19590331   107.7
19590401 19590430    71.2
19590501 19590531    29.8
19590601 19590630    60.3
19590701 19590731    50.0
19590801 19590831   140.2
19590901 19590930    86.9
19591001 19591031    56.0
19591101 19591130    33.3
19591201 19591231    77.5
19600101 19600131    34.8
19600201 19600229    40.1
19600301 19600331    19.3
19600401 19600430   115.4
19600501 19600531   171.8
19600601 19600630   108.9
19600701 19600731   141.1
19600801 19600831    63.4
19600901 19600930    83.0
19601001 19601031    53.1
19601101 19601130    81.9
19601201 19601231     4.7
19610101 19610131    13.1
19610201 19610228    70.9
19610301 19610331    48.8
19610401 19610430    98.6
19610501 19610531    56.1
19610601 19610630   127.2
19610701 19610731   137.4
19610801 19610831    62.2
19610901 19610930    39.7
19611001 19611031    60.1
19611101 19611130    49.4
19611201 19611231    48.0
19620101 19620131    81.9
19620201 19620228    74.1
19620301 19620331    31.0
19620401 19620430    11.8
19620501 19620531   283.4
19620601 19620630   237.5
19620701 19620731    95.6
19620801 19620831   101.0
19620901 19620930   124.0
19621001 19621031   159.8
19621101 19621130    47.5
19621201 19621231    40.8
19630101 19630131   126.0
19630201 19630228    40.7
19630301 19630331    58.0
19630401 19630430    25.3
19630501 19630531   169.5
19630601 19630630   108.7
19630701 19630731   106.0
19630801 19630831   139.0
19630901 19630930   151.2
19631001 19631031    90.0
19631101 19631130    40.6
19631201 19631231    43.0
19640101 19640131    40.7
19640201 19640229    67.6
19640301 19640331    54.3
19640401 19640430   116.4
19640501 19640531   143.7
19640601 19640630    79.6
19640701 19640731   172.1
19640801 19640831   172.1
19640901 19640930   142.1
19641001 19641031    89.2
19641101 19641130    54.9
19641201 19641231   134.8
19650101 19650131    26.6
19650201 19650228     2.4
19650301 19650331    66.6
19650401 19650430   195.8
19650501 19650531   206.3
19650601 19650630    66.0
19650701 19650731    98.1
19650801 19650831   118.2
19650901 19650930   107.0
19651001 19651031    75.6
19651101 19651130   112.3
19651201 19651231    35.2
19660101 19660131    31.0
19660201 19660228    56.7
19660301 19660331    77.7
19660401 19660430    97.9
19660501 19660531    73.9
19660601 19660630   120.1
19660701 19660731    92.8
19660801 19660831   119.9
19660901 19660930    79.3
19661001 19661031    75.8
19661101 19661130    54.2
19661201 19661231   108.9
19670101 19670131    36.9
19670201 19670228    16.3
19670301 19670331    34.3
19670401 19670430    36.4
19670501 19670531    59.7
19670601 19670630    82.1
19670701 19670731   111.1
19670801 19670831   112.6
19670901 19670930    51.9
19671001 19671031    24.9
19671101 19671130    39.4
19671201 19671231    53.5
19680101 19680131    22.9
19680201 19680229    20.3
19680301 19680331    59.3
19680401 19680430   131.8
19680501 19680531   259.7
19680601 19680630   118.7
19680701 19680731    86.2
19680801 19680831   172.4
19680901 19680930    71.3
19681001 19681031   196.0
19681101 19681130   159.0
19681201 19681231    24.4
19690101 19690131    55.1
19690201 19690228   102.2
19690301 19690331    50.8
19690401 19690430    88.6
19690501 19690531   124.9
19690601 19690630    71.3
19690701 19690731   111.3
19690801 19690831    66.2
19690901 19690930   148.0
19691001 19691031    36.8
19691101 19691130    91.4
19691201 19691231    39.9
19700101 19700131    47.5
19700201 19700228     8.1
19700301 19700331   162.2
19700401 19700430   119.3
19700501 19700531    96.1
19700601 19700630    61.0
19700701 19700731   187.0
19700801 19700831   259.2
19700901 19700930   124.7
19701001 19701031    54.3
19701101 19701130    60.3
19701201 19701231   131.0
19710101 19710131    53.0
19710201 19710228    32.1
19710301 19710331    15.4
19710401 19710430   133.6
19710501 19710531   169.0
19710601 19710630   178.1
19710701 19710731   117.3
19710801 19710831   129.3
19710901 19710930    98.0
19711001 19711031   221.0
19711101 19711130    90.1
19711201 19711231    69.8
19720101 19720131    18.8
19720201 19720229    25.7
19720301 19720331     8.4
19720401 19720430    92.7
19720501 19720531    36.1
19720601 19720630    39.6
19720701 19720731   257.5
19720801 19720831    74.4
19720901 19720930   120.1
19721001 19721031    59.5
19721101 19721130    37.8
19721201 19721231    15.8
19730101 19730131    56.6
19730201 19730228   166.9
19730301 19730331   139.5
19730401 19730430   141.9
19730501 19730531   150.7
19730601 19730630   154.7
19730701 19730731    56.8
19730801 19730831   129.7
19730901 19730930   101.5
19731001 19731031    84.4
19731101 19731130   112.2
19731201 19731231    51.4
19740101 19740131    20.6
19740201 19740228    33.1
19740301 19740331    19.9
19740401 19740430   117.3
19740501 19740531   120.6
19740601 19740630    41.7
19740701 19740731   219.3
19740801 19740831   153.7
19740901 19740930   148.6
19741001 19741031    68.6
19741101 19741130   111.0
19741201 19741231    96.9
19750101 19750131    71.5
19750201 19750228    40.0
19750301 19750331    86.8
19750401 19750430    38.5
19750501 19750531   188.6
19750601 19750630    74.4
19750701 19750731   172.3
19750801 19750831   139.5
19750901 19750930    93.6
19751001 19751031   162.7
19751101 19751130    57.6
19751201 19751231    38.3
19760101 19760131     9.2
19760201 19760229     4.1
19760301 19760331    63.2
19760401 19760430    48.9
19760501 19760531    91.6
19760601 19760630   135.3
19760701 19760731    22.5
19760801 19760831    67.2
19760901 19760930    90.6
19761001 19761031   113.2
19761101 19761130    55.1
19761201 19761231   105.8
19770101 19770131    77.8
19770201 19770228    87.0
19770301 19770331   139.9
19770401 19770430    83.3
19770501 19770531   158.8
19770601 19770630   122.8
19770701 19770731   117.5
19770801 19770831    87.2
19770901 19770930    36.8
19771001 19771031    86.3
19771101 19771130    74.2
19771201 19771231    20.2
19780101 19780131    87.0
19780201 19780228    56.4
19780301 19780331    67.5
19780401 19780430    55.4
19780501 19780531   126.2
19780601 19780630   160.4
19780701 19780731   226.0
19780801 19780831   150.3
19780901 19780930    90.0
19781001 19781031    84.8
19781101 19781130    82.0
19781201 19781231    85.0
19790101 19790131    26.9
19790201 19790228    26.8
19790301 19790331   135.6
19790401 19790430    94.7
19790501 19790531   120.0
19790601 19790630   141.6
19790701 19790731   118.8
19790801 19790831   167.2
19790901 19790930   182.6
19791001 19791031    98.8
19791101 19791130    40.8
19791201 19791231    50.2
19800101 19800131    72.0
19800201 19800229    27.8
19800301 19800331    49.0
19800401 19800430   107.2
19800501 19800531   119.7
19800601 19800630   108.5
19800701 19800731   175.9
19800801 19800831   138.6
19800901 19800930   122.2
19801001 19801031    67.4
19801101 19801130    57.7
19801201 19801231    85.0
19810101 19810131   127.6
19810201 19810228    21.0
19810301 19810331   111.0
19810401 19810430    28.6
19810501 19810531   104.2
19810601 19810630   166.8
19810701 19810731   155.9
19810801 19810831   152.8
19810901 19810930    84.8
19811001 19811031    85.0
19811101 19811130    72.6
19811201 19811231    39.8
19820101 19820131    23.6
19820201 19820228     9.6
19820301 19820331   152.0
19820401 19820430    96.9
19820501 19820531   195.5
19820601 19820630    73.6
19820701 19820731    64.2
19820801 19820831    36.3
19820901 19820930    69.4
19821001 19821031    26.0
19821101 19821130    19.9
19821201 19821231    20.9
19830101 19830131    61.7
19830201 19830228     4.0
19830301 19830331    92.6
19830401 19830430    84.3
19830501 19830531   133.6
19830601 19830630   162.6
19830701 19830731    68.2
19830801 19830831    60.6
19830901 19830930   159.8
19831001 19831031    77.6
19831101 19831130    55.0
19831201 19831231    28.8
19840101 19840131   114.8
19840201 19840229    17.4
19840301 19840331   102.6
19840401 19840430    43.6
19840501 19840531    38.2
19840601 19840630   106.0
19840701 19840731   211.6
19840801 19840831   170.4
19840901 19840930   108.1
19841001 19841031    33.2
19841101 19841130    55.3
19841201 19841231    85.4
19850101 19850131    32.8
19850201 19850228    19.8
19850301 19850331    59.2
19850401 19850430   138.8
19850501 19850531   112.0
19850601 19850630   149.6
19850701 19850731   107.0
19850801 19850831    84.4
19850901 19850930     6.2
19851001 19851031    54.6
19851101 19851130    96.0
19851201 19851231   112.3
19860101 19860131    44.4
19860201 19860228    38.7
19860301 19860331    16.4
19860401 19860430   117.4
19860501 19860531   155.6
19860601 19860630   135.8
19860701 19860731   195.2
19860801 19860831    72.2
19860901 19860930    89.9
19861001 19861031   140.0
19861101 19861130    26.8
19861201 19861231    69.6
19870101 19870131    74.0
19870201 19870228    38.5
19870301 19870331    49.0
19870401 19870430    26.2
19870501 19870531   127.2
19870601 19870630    86.6
19870701 19870731    94.4
19870801 19870831    63.8
19870901 19870930    75.0
19871001 19871031    46.8
19871101 19871130    48.4
19871201 19871231    72.6
19880101 19880131    28.0
19880201 19880229    10.0
19880301 19880331    13.8
19880401 19880430    42.8
19880501 19880531   349.4
19880601 19880630    86.2
19880701 19880731    82.4
19880801 19880831   116.6
19880901 19880930   114.4
19881001 19881031   108.8
19881101 19881130    62.8
19881201 19881231    90.8
19890101 19890131    51.4
19890201 19890228    34.4
19890301 19890331   114.2
19890401 19890430    37.6
19890501 19890531    72.4
19890601 19890630    97.6
19890701 19890731   131.6
19890801 19890831   108.2
19890901 19890930    60.2
19891001 19891031   176.8
19891101 19891130    46.0
19891201 19891231    41.0
19900101 19900131     4.2
19900201 19900228    54.0
19900301 19900331    30.2
19900401 19900430    71.6
19900501 19900531    39.8
19900601 19900630   131.8
19900701 19900731   231.4
19900801 19900831   197.0
19900901 19900930   120.6
19901001 19901031   100.0
19901101 19901130    74.8
19901201 19901231    55.2
19910101 19910131   137.4
19910201 19910228    25.8
19910301 19910331    64.0
19910401 19910430    68.2
19910501 19910531    46.4
19910601 19910630   168.2
19910701 19910731   231.2
19910801 19910831   354.4
19910901 19910930   156.2
19911001 19911031    41.8
19911101 19911130    79.0
19911201 19911231    54.8
19920101 19920131    45.8
19920201 19920229    22.6
19920301 19920331    32.2
19920401 19920430   119.4
19920501 19920531   184.0
19920601 19920630   126.4
19920701 19920731   176.2
19920801 19920831   171.7
19920901 19920930   162.6
19921001 19921031    83.2
19921101 19921130    83.8
19921201 19921231    96.0
19930101 19930131   110.4
19930201 19930228    84.8
19930301 19930331    79.8
19930401 19930430    37.0
19930501 19930531    75.8
19930601 19930630   183.8
19930701 19930731   183.0
19930801 19930831   132.0
19930901 19930930   150.0
19931001 19931031   113.2
19931101 19931130    57.6
19931201 19931231   121.9
19940101 19940131    58.4
19940201 19940228    75.6
19940301 19940331    13.6
19940401 19940430    61.2
19940501 19940531   211.4
19940601 19940630   115.4
19940701 19940731    88.2
19940801 19940831    87.8
19940901 19940930   100.4
19941001 19941031    79.4
19941101 19941130   131.0
19941201 19941231    52.8
19950101 19950131    43.0
19950201 19950228    53.4
19950301 19950331   106.4
19950401 19950430   188.0
19950501 19950531   117.8
19950601 19950630   149.8
19950701 19950731   338.8
19950801 19950831    99.2
19950901 19950930   120.8
19951001 19951031   105.0
19951101 19951130    97.4
19951201 19951231    70.8
19960101 19960131    67.2
19960201 19960229    78.5
19960301 19960331    71.6
19960401 19960430   114.0
19960501 19960531 99999.9
19960601 19960630   131.0
19960701 19960731   182.6
19960801 19960831   214.2
19960901 19960930   168.2
19961001 19961031    83.6
19961101 19961130    91.4
19961201 19961231    63.2
19970101 19970131    38.8
19970201 19970228    20.6
19970301 19970331    50.0
19970401 19970430    55.4
19970501 19970531   135.2
19970601 19970630    93.2
19970701 19970731    76.0
19970801 19970831   127.2
19970901 19970930    83.6
19971001 19971031    48.4
19971101 19971130    73.0
19971201 19971231    46.8
19980101 19980131   176.8
19980201 19980228    62.2
19980301 19980331    35.6
19980401 19980430    92.8
19980501 19980531    76.0
19980601 19980630    83.4
19980701 19980731    66.4
19980801 19980831    77.2
19980901 19980930    75.6
19981001 19981031   139.8
19981101 19981130    84.4
19981201 19981231    84.0
19990101 19990131    51.4
19990201 19990228    49.4
19990301 19990331    63.4
19990401 19990430    24.8
19990501 19990531   151.8
19990601 19990630    78.2
19990701 19990731    85.0
19990801 19990831   123.4
19990901 19990930    54.0
19991001 19991031    98.4
19991101 19991130    46.6
19991201 19991231    41.2
20000101 20000131    64.6
20000201 20000229    38.4
20000301 20000331    24.8
20000401 20000430    86.9
20000501 20000531   211.6
20000601 20000630    66.8
20000701 20000731   108.6
20000801 20000831   225.0
20000901 20000930   219.8
20001001 20001031   143.0
20001101 20001130    10.0
20001201 20001231    38.8
20010101 20010131    47.0
20010201 20010228    32.2
20010301 20010331   115.8
20010401 20010430    83.2
20010501 20010531    58.0
20010601 20010630   113.8
20010701 20010731    64.4
20010801 20010831   170.6
20010901 20010930    30.4
20011001 20011031   168.8
20011101 20011130    88.0
20011201 20011231    57.4
20020101 20020131    79.8
20020201 20020228    28.6
20020301 20020331    25.4
20020401 20020430    58.2
20020501 20020531    55.0
20020601 20020630   210.8
20020701 20020731   171.6
20020801 20020831    69.8
20020901 20020930   119.8
20021001 20021031   101.0
20021101 20021130    39.2
20021201 20021231    26.6
20030101 20030131    41.0
20030201 20030228     6.4
20030301 20030331    42.8
20030401 20030430    38.4
20030501 20030531    36.6
20030601 20030630    86.6
20030701 20030731   117.6
20030801 20030831   121.8
20030901 20030930   132.6
20031001 20031031    88.2
20031101 20031130     9.6
20031201 20031231    52.4
20040101 20040131    48.6
20040201 20040229    36.0
20040301 20040331    21.6
20040401 20040430    59.8
20040501 20040531   155.6
20040601 20040630   151.4
20040701 20040731   197.8
20040801 20040831   130.8
20040901 20040930   106.0
20041001 20041031    61.0
20041101 20041130    97.0
20041201 20041231    38.0
20050101 20050131    27.6
20050201 20050228    76.6
20050301 20050331    32.2
20050401 20050430    46.4
20050501 20050531    58.8
20050601 20050630   102.6
20050701 20050731   138.0
20050801 20050831   104.0
20050901 20050930    89.8
20051001 20051031    52.2
20051101 20051130    63.4
20051201 20051231    75.2
20060101 20060131    61.4
20060201 20060228    19.4
20060301 20060331    25.2
20060401 20060430   117.2
20060501 20060531   149.6
20060601 20060630    52.8
20060701 20060731    76.6
20060801 20060831    46.8
20060901 20060930    13.2
20061001 20061031    16.4
20061101 20061130    28.6
20061201 20061231    26.8
20070101 20070131    26.8
20070201 20070228    87.6
20070301 20070331    56.6
20070401 20070430    24.6
20070501 20070531   170.0
20070601 20070630    49.0
20070701 20070731   110.4
20070801 20070831   106.4
20070901 20070930   109.0
20071001 20071031    80.0
20071101 20071130    59.8
20071201 20071231    65.8
20080101 20080131     8.4
20080201 20080229    27.2
20080301 20080331    62.4
20080401 20080430    92.6
20080501 20080531    69.8
20080601 20080630    88.2
20080701 20080731   120.2
20080801 20080831   111.2
20080901 20080930    72.4
20081001 20081031    27.0
20081101 20081130    90.8
20081201 20081231    95.6
20090101 20090131     6.6
20090201 20090228     9.0
20090301 20090331   113.4
20090401 20090430   125.0
20090501 20090531    59.8
20090601 20090630   137.4
20090701 20090731   258.0
20090801 20090831   224.6
20090901 20090930   142.0
20091001 20091031    89.8
20091101 20091130    79.2
20091201 20091231    60.2
20100101 20100131    34.8
20100201 20100228    94.8
20100301 20100331    66.6
20100401 20100430    84.0
20100501 20100531   151.2
20100601 20100630   109.4
20100701 20100731    68.2
20100801 20100831   240.0
20100901 20100930    94.2
20101001 20101031    72.2
20101101 20101130   111.2
20101201 20101231   108.2
20110101 20110131    52.0
20110201 20110228   114.0
20110301 20110331   110.2
20110401 20110430   116.6
20110501 20110531    81.6
20110601 20110630   114.2
20110701 20110731   128.2
20110801 20110831    58.2
20110901 20110930    71.4
20111001 20111031    69.6
20111101 20111130   131.8
20111201 20111231    61.4
20120101 20120131 99999.9
20120201 20120229   131.0
20120301 20120331    85.0
20120401 20120430    83.2
20120501 20120531   148.8
20120601 20120630   206.8
20120701 20120731    53.4
20120801 20120831   131.2
20120901 20120930   171.4
20121001 20121031    31.4
20121101 20121130    33.2
20121201 20121231    72.6
20130101 20130131    23.4
20130201 20130228    19.4
20130301 20130331    53.4
20130401 20130430    27.0
20130501 20130531    95.2
20130601 20130630   115.4
20130701 20130731   197.4
20130801 20130831   341.0
20130901 20130930   105.2
20131001 20131031   207.2
20131101 20131130    74.8
20131201 20131231    99.6
20140101 20140131    25.2
20140201 20140228     9.2
20140301 20140331   116.8
20140401 20140430    77.8
20140501 20140531   100.6
20140601 20140630   113.4
20140701 20140731   109.8
20140801 20140831    58.0
20140901 20140930    50.4
20141001 20141031    63.2
20141101 20141130    53.6
20141201 20141231   118.4
20150101 20150131    59.0
20150201 20150228    48.4
20150301 20150331    63.4
20150401 20150430    30.2
20150501 20150531   153.4
20150601 20150630    35.4
20150701 20150731   127.0
20150801 20150831    77.4
20150901 20150930    47.8
20151001 20151031     6.8
20151101 20151130    32.4
20151201 20151231    27.2
20160101 20160131   198.6
20160201 20160229    25.6
20160301 20160331    51.6
20160401 20160430    35.0
20160501 20160531   194.6
20160601 20160630   239.0
20160701 20160731   225.8
20160801 20160831   133.6
20160901 20160930   105.0
20161001 20161031   158.8
20161101 20161130    48.4
20161201 20161231    30.8
20170101 20170131    51.4
20170201 20170228    87.6
20170301 20170331    97.8
20170401 20170430    86.8
20170501 20170531   100.8
20170601 20170630    58.2
20170701 20170731   113.0
20170801 20170831   180.2
20170901 20170930   186.2
20171001 20171031    54.8
20171101 20171130    10.0
20171201 20171231   124.6
20180101 20180131    59.4
