PRCP       062021 18760301 20180131 missing_value=99999.9 MUDGEE (GEORGE STREET)                    
18760301 18760331    31.6
18760401 18760430     7.6
18760501 18760531   137.4
18760601 18760630    21.3
18760701 18760731    43.9
18760801 18760831    64.7
18760901 18760930    32.4
18761001 18761031    43.4
18761101 18761130    71.4
18761201 18761231    22.8
18770101 18770131    16.8
18770201 18770228     3.8
18770301 18770331    34.0
18770401 18770430    11.7
18770501 18770531   132.8
18770601 18770630    38.0
18770701 18770731    15.0
18770801 18770831     4.0
18770901 18770930    63.9
18771001 18771031    46.7
18771101 18771130     7.6
18771201 18771231    39.3
18780101 18780131    12.9
18780201 18780228   248.1
18780301 18780331   102.5
18780401 18780430    23.1
18780501 18780531     6.4
18780601 18780630    40.3
18780701 18780731   117.4
18780801 18780831    53.3
18780901 18780930   129.0
18781001 18781031    68.0
18781101 18781130    63.8
18781201 18781231    96.2
18790101 18790131    31.7
18790201 18790228    97.3
18790301 18790331    39.6
18790401 18790430    83.7
18790501 18790531   128.8
18790601 18790630    29.2
18790701 18790731    69.4
18790801 18790831   122.0
18790901 18790930   188.1
18791001 18791031    42.6
18791101 18791130    34.3
18791201 18791231    61.2
18800101 18800131    34.1
18800201 18800229     0.0
18800301 18800331    41.5
18800401 18800430   107.8
18800501 18800531    72.2
18800601 18800630    22.6
18800701 18800731     9.4
18800801 18800831    36.0
18800901 18800930    86.8
18801001 18801031    28.9
18801101 18801130    20.0
18801201 18801231    27.9
18810101 18810131    36.6
18810201 18810228    68.0
18810301 18810331    23.0
18810401 18810430     6.9
18810501 18810531    41.1
18810601 18810630    42.9
18810701 18810731     7.8
18810801 18810831    59.2
18810901 18810930    32.3
18811001 18811031    37.6
18811101 18811130    83.0
18811201 18811231    25.2
18820101 18820131     0.0
18820201 18820228    14.2
18820301 18820331    27.4
18820401 18820430    22.4
18820501 18820531    49.0
18820601 18820630    57.6
18820701 18820731    48.5
18820801 18820831    28.2
18820901 18820930     2.5
18821001 18821031   136.9
18821101 18821130    51.3
18821201 18821231    81.8
18830101 18830131    22.9
18830201 18830228    92.9
18830301 18830331    11.2
18830401 18830430    55.8
18830501 18830531    65.7
18830601 18830630    23.5
18830701 18830731    22.0
18830801 18830831    54.6
18830901 18830930    27.3
18831001 18831031    96.5
18831101 18831130    19.6
18831201 18831231    11.4
18840101 18840131     4.8
18840201 18840229    10.2
18840301 18840331    10.9
18840401 18840430    90.2
18840501 18840531    29.0
18840601 18840630    54.2
18840701 18840731    60.0
18840801 18840831    26.7
18840901 18840930    92.5
18841001 18841031    26.7
18841101 18841130    45.5
18841201 18841231    53.7
18850101 18850131    68.7
18850201 18850228    42.3
18850301 18850331    94.8
18850401 18850430    31.5
18850501 18850531    27.9
18850601 18850630    74.3
18850701 18850731     1.8
18850801 18850831     4.3
18850901 18850930    48.0
18851001 18851031     6.3
18851101 18851130    74.2
18851201 18851231   147.7
18860101 18860131    45.7
18860201 18860228    10.7
18860301 18860331    26.5
18860401 18860430    86.4
18860501 18860531    69.9
18860601 18860630    49.1
18860701 18860731    67.4
18860801 18860831   171.4
18860901 18860930    19.6
18861001 18861031    45.4
18861101 18861130   110.7
18861201 18861231   161.4
18870101 18870131   117.4
18870201 18870228   114.7
18870301 18870331    82.1
18870401 18870430    37.3
18870501 18870531    24.2
18870601 18870630    53.2
18870701 18870731    82.4
18870801 18870831   143.7
18870901 18870930    35.1
18871001 18871031    54.4
18871101 18871130    83.8
18871201 18871231   142.7
18880101 18880131    16.5
18880201 18880229   110.1
18880301 18880331     4.3
18880401 18880430     2.1
18880501 18880531    39.7
18880601 18880630    35.9
18880701 18880731    20.3
18880801 18880831     4.1
18880901 18880930    50.6
18881001 18881031     1.3
18881101 18881130     4.1
18881201 18881231    24.1
18890101 18890131    23.9
18890201 18890228    32.2
18890301 18890331     4.3
18890401 18890430   141.7
18890501 18890531    98.0
18890601 18890630   103.3
18890701 18890731    32.5
18890801 18890831    40.0
18890901 18890930    36.3
18891001 18891031    76.5
18891101 18891130    52.9
18891201 18891231    51.7
18900101 18900131    21.4
18900201 18900228   262.6
18900301 18900331   142.4
18900401 18900430    29.2
18900501 18900531    86.9
18900601 18900630    87.1
18900701 18900731    62.5
18900801 18900831    34.2
18900901 18900930    92.6
18901001 18901031    43.0
18901101 18901130    42.5
18901201 18901231    46.1
18910101 18910131   134.4
18910201 18910228    67.6
18910301 18910331    34.8
18910401 18910430    69.7
18910501 18910531    73.7
18910601 18910630   144.9
18910701 18910731    67.7
18910801 18910831    64.4
18910901 18910930    93.9
18911001 18911031    26.8
18911101 18911130    47.6
18911201 18911231    35.6
18920101 18920131    72.7
18920201 18920229     5.1
18920301 18920331    30.4
18920401 18920430    82.9
18920501 18920531   129.1
18920601 18920630    58.1
18920701 18920731   101.1
18920801 18920831    50.7
18920901 18920930   151.6
18921001 18921031    93.5
18921101 18921130    29.4
18921201 18921231    65.3
18930101 18930131    42.4
18930201 18930228    66.1
18930301 18930331   143.3
18930401 18930430    58.9
18930501 18930531    88.7
18930601 18930630    59.9
18930701 18930731    56.6
18930801 18930831    50.9
18930901 18930930    31.0
18931001 18931031    72.6
18931101 18931130   118.8
18931201 18931231    15.5
18940101 18940131    80.8
18940201 18940228    46.5
18940301 18940331   112.0
18940401 18940430    90.3
18940501 18940531    11.7
18940601 18940630    48.0
18940701 18940731    55.4
18940801 18940831    29.5
18940901 18940930    53.4
18941001 18941031    84.6
18941101 18941130    13.9
18941201 18941231   113.6
18950101 18950131   154.4
18950201 18950228    11.7
18950301 18950331     0.0
18950401 18950430     5.8
18950501 18950531    35.1
18950601 18950630    45.7
18950701 18950731    32.2
18950801 18950831    31.8
18950901 18950930    54.4
18951001 18951031    73.2
18951101 18951130    38.9
18951201 18951231    71.2
18960101 18960131    14.0
18960201 18960229   160.2
18960301 18960331    33.8
18960401 18960430    45.7
18960501 18960531    58.7
18960601 18960630    72.2
18960701 18960731    22.4
18960801 18960831    78.2
18960901 18960930     7.9
18961001 18961031    77.7
18961101 18961130    57.4
18961201 18961231    31.6
18970101 18970131    65.5
18970201 18970228    11.5
18970301 18970331     2.3
18970401 18970430     0.8
18970501 18970531    50.0
18970601 18970630    93.5
18970701 18970731    62.5
18970801 18970831    26.2
18970901 18970930    39.6
18971001 18971031    47.2
18971101 18971130     5.9
18971201 18971231    40.1
18980101 18980131   169.3
18980201 18980228    88.6
18980301 18980331     2.0
18980401 18980430     0.0
18980501 18980531    61.0
18980601 18980630   133.1
18980701 18980731    24.7
18980801 18980831    55.7
18980901 18980930    65.0
18981001 18981031   124.5
18981101 18981130     5.4
18981201 18981231    37.1
18990101 18990131    82.1
18990201 18990228     3.0
18990301 18990331    27.5
18990401 18990430   107.9
18990501 18990531     5.1
18990601 18990630    55.2
18990701 18990731    41.9
18990801 18990831    78.0
18990901 18990930    25.6
18991001 18991031    13.0
18991101 18991130    33.4
18991201 18991231    32.5
19000101 19000131   107.1
19000201 19000228     9.4
19000301 19000331   100.3
19000401 19000430    88.9
19000501 19000531    87.2
19000601 19000630   103.2
19000701 19000731    80.8
19000801 19000831    17.0
19000901 19000930    79.2
19001001 19001031     6.3
19001101 19001130    56.7
19001201 19001231    20.6
19010101 19010131    40.5
19010201 19010228     6.8
19010301 19010331   129.1
19010401 19010430   100.9
19010501 19010531    64.3
19010601 19010630    36.9
19010701 19010731    11.2
19010801 19010831   104.5
19010901 19010930    18.3
19011001 19011031    59.5
19011101 19011130    64.6
19011201 19011231    14.0
19020101 19020131    23.6
19020201 19020228     7.9
19020301 19020331    37.9
19020401 19020430     0.0
19020501 19020531     0.0
19020601 19020630    26.4
19020701 19020731    19.6
19020801 19020831    18.2
19020901 19020930    70.9
19021001 19021031    40.7
19021101 19021130    17.0
19021201 19021231    86.9
19030101 19030131    22.4
19030201 19030228     4.6
19030301 19030331    42.4
19030401 19030430   106.7
19030501 19030531    44.9
19030601 19030630    26.1
19030701 19030731    25.0
19030801 19030831    27.2
19030901 19030930   112.3
19031001 19031031    71.2
19031101 19031130    47.5
19031201 19031231   104.1
19040101 19040131    63.2
19040201 19040229    58.5
19040301 19040331    41.7
19040401 19040430    16.5
19040501 19040531    20.4
19040601 19040630    18.0
19040701 19040731   115.7
19040801 19040831    31.5
19040901 19040930    24.6
19041001 19041031   119.8
19041101 19041130    11.2
19041201 19041231    50.6
19050101 19050131     0.0
19050201 19050228    62.5
19050301 19050331    71.0
19050401 19050430    89.4
19050501 19050531    73.1
19050601 19050630    43.1
19050701 19050731    58.2
19050801 19050831    35.5
19050901 19050930    15.2
19051001 19051031    98.3
19051101 19051130     8.6
19051201 19051231     8.4
19060101 19060131    23.7
19060201 19060228    44.8
19060301 19060331    93.2
19060401 19060430    11.2
19060501 19060531    21.6
19060601 19060630    93.1
19060701 19060731    21.3
19060801 19060831    85.3
19060901 19060930    93.7
19061001 19061031    99.0
19061101 19061130   110.7
19061201 19061231    62.4
19070101 19070131    79.0
19070201 19070228    38.1
19070301 19070331    59.7
19070401 19070430    15.0
19070501 19070531     4.0
19070601 19070630    73.9
19070701 19070731    39.6
19070801 19070831    57.5
19070901 19070930    30.2
19071001 19071031    25.2
19071101 19071130    90.3
19071201 19071231    23.7
19080101 19080131    49.9
19080201 19080229   122.1
19080301 19080331    21.6
19080401 19080430    38.9
19080501 19080531    24.0
19080601 19080630    36.5
19080701 19080731    48.0
19080801 19080831    36.7
19080901 19080930    50.0
19081001 19081031    13.0
19081101 19081130    46.4
19081201 19081231    17.8
19090101 19090131    26.6
19090201 19090228   125.3
19090301 19090331    32.6
19090401 19090430    21.8
19090501 19090531    18.4
19090601 19090630    89.1
19090701 19090731    11.3
19090801 19090831    71.9
19090901 19090930    55.1
19091001 19091031    93.8
19091101 19091130    47.5
19091201 19091231   124.8
19100101 19100131   131.5
19100201 19100228     0.0
19100301 19100331    61.4
19100401 19100430    14.2
19100501 19100531    49.6
19100601 19100630    90.9
19100701 19100731    37.4
19100801 19100831    28.7
19100901 19100930    20.3
19101001 19101031    54.6
19101101 19101130    15.9
19101201 19101231   117.6
19110101 19110131   102.8
19110201 19110228   136.6
19110301 19110331    38.7
19110401 19110430     5.9
19110501 19110531    47.7
19110601 19110630    37.4
19110701 19110731    54.1
19110801 19110831    12.4
19110901 19110930    71.5
19111001 19111031    16.3
19111101 19111130    72.0
19111201 19111231    88.7
19120101 19120131    35.1
19120201 19120229    22.1
19120301 19120331     0.3
19120401 19120430     7.1
19120501 19120531     0.0
19120601 19120630    81.8
19120701 19120731   128.5
19120801 19120831    46.6
19120901 19120930    12.7
19121001 19121031    31.6
19121101 19121130    11.4
19121201 19121231     0.0
19130101 19130131    24.7
19130201 19130228    49.8
19130301 19130331    81.3
19130401 19130430    54.6
19130501 19130531    85.6
19130601 19130630    52.3
19130701 19130731    19.1
19130801 19130831    16.5
19130901 19130930    33.3
19131001 19131031    42.4
19131101 19131130    17.5
19131201 19131231    15.7
19140101 19140131    42.4
19140201 19140228    52.6
19140301 19140331   125.4
19140401 19140430    60.2
19140501 19140531    39.7
19140601 19140630    35.8
19140701 19140731    58.6
19140801 19140831     0.8
19140901 19140930    47.4
19141001 19141031     7.8
19141101 19141130    76.1
19141201 19141231   126.0
19150101 19150131    19.0
19150201 19150228    11.2
19150301 19150331    39.2
19150401 19150430    30.9
19150501 19150531   104.2
19150601 19150630    57.2
19150701 19150731    51.8
19150801 19150831    44.4
19150901 19150930    47.5
19151001 19151031    61.7
19151101 19151130     5.6
19151201 19151231    89.7
19160101 19160131    18.8
19160201 19160229    22.4
19160301 19160331     5.9
19160401 19160430    45.4
19160501 19160531    23.9
19160601 19160630   200.5
19160701 19160731   112.8
19160801 19160831    88.6
19160901 19160930    75.5
19161001 19161031   129.9
19161101 19161130    97.9
19161201 19161231   124.7
19170101 19170131    62.5
19170201 19170228    55.0
19170301 19170331    25.2
19170401 19170430    12.7
19170501 19170531    24.1
19170601 19170630    75.6
19170701 19170731    61.8
19170801 19170831    84.2
19170901 19170930    93.4
19171001 19171031    60.3
19171101 19171130   150.1
19171201 19171231    59.7
19180101 19180131   148.3
19180201 19180228    30.0
19180301 19180331     5.8
19180401 19180430    37.4
19180501 19180531    18.7
19180601 19180630    24.0
19180701 19180731    35.6
19180801 19180831   117.4
19180901 19180930    14.5
19181001 19181031    18.6
19181101 19181130    17.3
19181201 19181231    17.1
19190101 19190131    18.0
19190201 19190228    36.2
19190301 19190331     8.9
19190401 19190430    11.1
19190501 19190531    69.9
19190601 19190630     8.2
19190701 19190731    22.7
19190801 19190831    32.8
19190901 19190930    20.5
19191001 19191031     7.8
19191101 19191130     5.4
19191201 19191231   104.4
19200101 19200131    87.6
19200201 19200229    19.0
19200301 19200331    72.1
19200401 19200430    12.7
19200501 19200531    18.5
19200601 19200630   144.0
19200701 19200731   139.9
19200801 19200831    91.8
19200901 19200930    86.7
19201001 19201031    20.6
19201101 19201130    53.2
19201201 19201231   182.8
19210101 19210131    50.6
19210201 19210228    20.7
19210301 19210331    90.2
19210401 19210430   101.9
19210501 19210531   129.1
19210601 19210630   130.9
19210701 19210731    42.2
19210801 19210831    60.5
19210901 19210930    35.5
19211001 19211031    47.9
19211101 19211130   120.1
19211201 19211231   141.1
19220101 19220131    85.8
19220201 19220228    27.2
19220301 19220331     0.8
19220401 19220430    25.6
19220501 19220531     6.2
19220601 19220630    27.6
19220701 19220731    78.1
19220801 19220831    16.8
19220901 19220930    24.8
19221001 19221031    28.2
19221101 19221130     9.2
19221201 19221231    85.9
19230101 19230131    31.0
19230201 19230228     0.0
19230301 19230331    27.4
19230401 19230430     0.0
19230501 19230531    10.9
19230601 19230630   113.1
19230701 19230731    75.8
19230801 19230831    26.7
19230901 19230930    58.0
19231001 19231031    68.5
19231101 19231130    44.5
19231201 19231231    44.5
19240101 19240131    39.4
19240201 19240229    74.2
19240301 19240331    16.0
19240401 19240430    64.6
19240501 19240531    26.7
19240601 19240630    41.9
19240701 19240731    38.1
19240801 19240831    57.5
19240901 19240930    82.4
19241001 19241031    44.4
19241101 19241130   236.8
19241201 19241231    16.0
19250101 19250131    26.6
19250201 19250228    39.4
19250301 19250331     9.4
19250401 19250430     3.3
19250501 19250531    59.8
19250601 19250630    45.7
19250701 19250731    48.3
19250801 19250831    43.5
19250901 19250930    17.3
19251001 19251031    17.3
19251101 19251130    95.6
19251201 19251231    23.8
19260101 19260131    63.5
19260201 19260228     1.5
19260301 19260331   303.2
19260401 19260430   143.3
19260501 19260531   102.7
19260601 19260630    37.2
19260701 19260731    30.4
19260801 19260831    43.2
19260901 19260930    76.0
19261001 19261031    28.0
19261101 19261130     0.0
19261201 19261231   101.3
19270101 19270131    59.0
19270201 19270228     0.0
19270301 19270331     5.1
19270401 19270430    38.6
19270501 19270531    10.9
19270601 19270630    13.4
19270701 19270731    18.6
19270801 19270831     8.6
19270901 19270930    17.2
19271001 19271031    34.9
19271101 19271130   162.8
19271201 19271231    41.9
19280101 19280131    90.8
19280201 19280229   188.5
19280301 19280331    92.2
19280401 19280430    65.3
19280501 19280531     6.3
19280601 19280630    52.0
19280701 19280731    73.4
19280801 19280831     7.1
19280901 19280930    12.2
19281001 19281031    27.7
19281101 19281130    19.5
19281201 19281231    13.7
19290101 19290131    10.7
19290201 19290228    51.8
19290301 19290331    40.3
19290401 19290430    56.7
19290501 19290531    36.6
19290601 19290630    30.0
19290701 19290731     5.1
19290801 19290831    30.3
19290901 19290930    24.5
19291001 19291031    46.3
19291101 19291130    62.3
19291201 19291231    27.0
19300101 19300131   104.2
19300201 19300228    14.8
19300301 19300331    59.2
19300401 19300430    16.8
19300501 19300531    38.5
19300601 19300630    74.4
19300701 19300731   106.6
19300801 19300831    49.7
19300901 19300930    25.1
19301001 19301031   128.3
19301101 19301130    50.8
19301201 19301231    93.2
19310101 19310131    47.7
19310201 19310228    11.4
19310301 19310331    78.7
19310401 19310430    76.8
19310501 19310531   131.7
19310601 19310630   103.1
19310701 19310731    30.1
19310801 19310831    14.5
19310901 19310930    26.5
19311001 19311031    11.2
19311101 19311130    34.3
19311201 19311231    66.1
19320101 19320131     9.4
19320201 19320229    27.8
19320301 19320331    80.7
19320401 19320430    72.1
19320501 19320531    13.2
19320601 19320630    39.6
19320701 19320731    30.5
19320801 19320831    40.4
19320901 19320930   117.5
19321001 19321031    19.1
19321101 19321130    77.8
19321201 19321231    25.1
19330101 19330131    97.5
19330201 19330228     2.3
19330301 19330331    73.5
19330401 19330430    54.1
19330501 19330531    41.4
19330601 19330630    45.7
19330701 19330731    61.5
19330801 19330831    14.4
19330901 19330930    59.3
19331001 19331031    53.4
19331101 19331130   139.2
19331201 19331231    72.5
19340101 19340131    57.9
19340201 19340228   146.7
19340301 19340331     0.0
19340401 19340430    48.0
19340501 19340531     0.0
19340601 19340630    40.4
19340701 19340731    80.9
19340801 19340831    77.9
19340901 19340930    28.2
19341001 19341031   167.6
19341101 19341130    77.9
19341201 19341231    49.0
19350101 19350131    55.9
19350201 19350228   102.4
19350301 19350331     3.6
19350401 19350430    35.8
19350501 19350531    22.3
19350601 19350630     9.9
19350701 19350731    42.2
19350801 19350831    44.1
19350901 19350930    28.7
19351001 19351031    86.3
19351101 19351130    22.3
19351201 19351231    10.4
19360101 19360131   100.4
19360201 19360229    83.1
19360301 19360331   119.8
19360401 19360430    16.2
19360501 19360531    29.4
19360601 19360630    42.6
19360701 19360731   102.3
19360801 19360831    77.6
19360901 19360930    34.6
19361001 19361031    12.5
19361101 19361130     2.5
19361201 19361231    78.6
19370101 19370131    76.5
19370201 19370228    43.7
19370301 19370331    54.4
19370401 19370430    14.9
19370501 19370531    18.3
19370601 19370630    42.2
19370701 19370731    16.3
19370801 19370831    82.4
19370901 19370930    44.2
19371001 19371031    28.5
19371101 19371130    53.5
19371201 19371231    49.7
19380101 19380131    45.2
19380201 19380228    63.6
19380301 19380331     0.0
19380401 19380430    29.2
19380501 19380531    39.9
19380601 19380630    33.9
19380701 19380731    45.4
19380801 19380831    38.6
19380901 19380930    11.7
19381001 19381031    75.3
19381101 19381130    48.2
19381201 19381231    26.9
19390101 19390131    21.3
19390201 19390228     8.6
19390301 19390331    63.1
19390401 19390430    87.1
19390501 19390531    40.4
19390601 19390630    47.5
19390701 19390731    24.6
19390801 19390831    94.9
19390901 19390930     8.9
19391001 19391031    79.6
19391101 19391130    54.8
19391201 19391231    44.4
19400101 19400131     2.5
19400201 19400229     2.0
19400301 19400331    14.0
19400401 19400430    88.5
19400501 19400531    13.0
19400601 19400630    20.8
19400701 19400731    25.3
19400801 19400831    26.2
19400901 19400930    57.4
19401001 19401031    21.6
19401101 19401130    95.1
19401201 19401231    62.9
19410101 19410131   191.9
19410201 19410228    25.4
19410301 19410331    55.7
19410401 19410430     5.1
19410501 19410531    36.0
19410601 19410630    72.7
19410701 19410731    24.1
19410801 19410831    24.1
19410901 19410930    42.6
19411001 19411031    31.9
19411101 19411130    50.3
19411201 19411231     3.3
19420101 19420131    16.8
19420201 19420228    56.8
19420301 19420331    44.2
19420401 19420430     0.0
19420501 19420531    75.2
19420601 19420630    72.3
19420701 19420731   106.1
19420801 19420831    45.2
19420901 19420930    62.5
19421001 19421031    26.5
19421101 19421130   131.7
19421201 19421231    36.0
19430101 19430131    52.3
19430201 19430228    15.2
19430301 19430331     4.8
19430401 19430430    49.6
19430501 19430531    87.7
19430601 19430630    35.1
19430701 19430731    34.0
19430801 19430831    69.8
19430901 19430930    44.6
19431001 19431031    27.2
19431101 19431130    93.7
19431201 19431231    48.5
19440101 19440131    81.3
19440201 19440229    64.1
19440301 19440331    20.4
19440401 19440430    20.6
19440501 19440531    48.1
19440601 19440630     9.4
19440701 19440731    46.5
19440801 19440831    75.4
19440901 19440930     9.7
19441001 19441031    12.2
19441101 19441130    28.1
19441201 19441231     7.0
19450101 19450131    90.3
19450201 19450228    49.9
19450301 19450331    20.6
19450401 19450430    44.4
19450501 19450531    58.8
19450601 19450630   103.4
19450701 19450731    36.9
19450801 19450831   116.1
19450901 19450930     4.6
19451001 19451031    39.1
19451101 19451130    39.1
19451201 19451231    30.1
19460101 19460131    93.0
19460201 19460228    41.0
19460301 19460331    18.8
19460401 19460430    26.3
19460501 19460531    16.8
19460601 19460630    22.7
19460701 19460731    20.4
19460801 19460831     3.6
19460901 19460930    25.2
19461001 19461031    53.6
19461101 19461130    44.4
19461201 19461231   128.9
19470101 19470131    20.3
19470201 19470228    86.2
19470301 19470331    18.7
19470401 19470430    28.3
19470501 19470531    39.2
19470601 19470630    15.8
19470701 19470731    76.1
19470801 19470831    54.5
19470901 19470930    95.8
19471001 19471031    46.2
19471101 19471130    93.6
19471201 19471231   223.1
19480101 19480131   103.2
19480201 19480229   117.1
19480301 19480331    38.9
19480401 19480430    65.4
19480501 19480531    29.2
19480601 19480630    98.2
19480701 19480731    15.4
19480801 19480831    44.7
19480901 19480930    38.1
19481001 19481031    22.9
19481101 19481130    31.1
19481201 19481231    73.9
19490101 19490131    62.3
19490201 19490228   125.2
19490301 19490331    56.6
19490401 19490430    48.5
19490501 19490531    34.8
19490601 19490630    65.1
19490701 19490731    62.0
19490801 19490831    21.6
19490901 19490930   118.7
19491001 19491031    91.7
19491101 19491130    64.2
19491201 19491231    77.4
19500101 19500131    97.6
19500201 19500228   203.2
19500301 19500331    83.1
19500401 19500430   179.6
19500501 19500531    56.7
19500601 19500630   121.7
19500701 19500731   177.6
19500801 19500831    79.5
19500901 19500930    60.4
19501001 19501031   189.3
19501101 19501130   174.8
19501201 19501231    19.0
19510101 19510131    62.1
19510201 19510228    67.6
19510301 19510331    50.8
19510401 19510430    34.8
19510501 19510531    40.9
19510601 19510630    88.2
19510701 19510731    60.3
19510801 19510831    74.7
19510901 19510930    24.9
19511001 19511031    45.9
19511101 19511130    40.2
19511201 19511231    18.8
19520101 19520131     5.6
19520201 19520229    26.5
19520301 19520331    59.3
19520401 19520430    70.2
19520501 19520531    62.4
19520601 19520630   110.7
19520701 19520731   100.9
19520801 19520831   116.6
19520901 19520930    32.5
19521001 19521031    66.3
19521101 19521130    38.4
19521201 19521231    81.7
19530101 19530131    69.7
19530201 19530228    47.2
19530301 19530331    23.4
19530401 19530430    20.4
19530501 19530531    76.9
19530601 19530630    20.3
19530701 19530731     3.3
19530801 19530831    78.2
19530901 19530930    32.4
19531001 19531031    45.9
19531101 19531130    52.6
19531201 19531231    24.3
19540101 19540131   152.7
19540201 19540228   190.5
19540301 19540331    20.6
19540401 19540430    36.3
19540501 19540531     1.6
19540601 19540630    51.1
19540701 19540731    12.6
19540801 19540831    26.4
19540901 19540930    28.3
19541001 19541031   138.2
19541101 19541130    67.8
19541201 19541231    14.6
19550101 19550131   113.8
19550201 19550228   259.5
19550301 19550331    12.9
19550401 19550430     9.6
19550501 19550531    65.3
19550601 19550630    51.6
19550701 19550731    50.1
19550801 19550831    94.0
19550901 19550930    65.1
19551001 19551031    86.1
19551101 19551130    74.4
19551201 19551231    93.5
19560101 19560131   121.9
19560201 19560229   191.3
19560301 19560331   202.4
19560401 19560430    60.4
19560501 19560531    88.7
19560601 19560630   141.0
19560701 19560731    94.7
19560801 19560831    46.0
19560901 19560930    45.2
19561001 19561031    85.0
19561101 19561130    10.4
19561201 19561231    13.4
19570101 19570131    50.5
19570201 19570228    70.4
19570301 19570331    27.4
19570401 19570430   100.7
19570501 19570531     2.0
19570601 19570630    17.5
19570701 19570731    33.8
19570801 19570831    55.5
19570901 19570930     2.0
19571001 19571031     7.0
19571101 19571130     4.6
19571201 19571231    80.3
19580101 19580131    87.0
19580201 19580228    76.5
19580301 19580331    29.8
19580401 19580430    38.9
19580501 19580531    64.3
19580601 19580630    40.1
19580701 19580731    34.2
19580801 19580831    57.2
19580901 19580930    78.7
19581001 19581031    93.8
19581101 19581130    21.5
19581201 19581231   122.8
19590101 19590131   106.1
19590201 19590228   100.6
19590301 19590331    60.0
19590401 19590430    52.8
19590501 19590531    17.3
19590601 19590630    55.1
19590701 19590731    44.3
19590801 19590831     8.1
19590901 19590930    29.8
19591001 19591031   120.7
19591101 19591130    47.7
19591201 19591231    93.0
19600101 19600131    46.3
19600201 19600229    54.4
19600301 19600331    12.5
19600401 19600430    51.4
19600501 19600531    63.4
19600601 19600630     8.6
19600701 19600731    65.4
19600801 19600831    69.0
19600901 19600930    51.9
19601001 19601031    47.2
19601101 19601130    64.8
19601201 19601231    62.7
19610101 19610131    52.2
19610201 19610228    33.0
19610301 19610331   106.7
19610401 19610430    32.0
19610501 19610531    12.2
19610601 19610630    20.2
19610701 19610731    53.4
19610801 19610831   101.3
19610901 19610930     5.2
19611001 19611031    39.9
19611101 19611130   161.4
19611201 19611231    56.2
19620101 19620131   123.3
19620201 19620228    37.9
19620301 19620331    11.0
19620401 19620430     1.0
19620501 19620531   120.9
19620601 19620630    42.4
19620701 19620731    63.5
19620801 19620831    63.9
19620901 19620930    26.9
19621001 19621031    38.6
19621101 19621130    25.9
19621201 19621231   105.5
19630101 19630131   174.0
19630201 19630228    66.0
19630301 19630331    40.3
19630401 19630430    31.0
19630501 19630531    89.3
19630601 19630630    55.7
19630701 19630731    61.1
19630801 19630831    64.0
19630901 19630930    65.1
19631001 19631031    64.5
19631101 19631130    38.2
19631201 19631231   150.1
19640101 19640131    43.2
19640201 19640229     6.9
19640301 19640331    19.8
19640401 19640430   106.5
19640501 19640531    47.8
19640601 19640630   104.0
19640701 19640731    71.5
19640801 19640831    46.6
19640901 19640930    87.6
19641001 19641031    93.9
19641101 19641130    90.9
19641201 19641231    48.5
19650101 19650131     4.5
19650201 19650228    13.0
19650301 19650331     5.4
19650401 19650430    30.8
19650501 19650531    26.4
19650601 19650630    17.9
19650701 19650731    22.6
19650801 19650831    34.1
19650901 19650930    35.6
19651001 19651031   103.9
19651101 19651130    17.0
19651201 19651231   123.4
19660101 19660131    19.0
19660201 19660228    44.2
19660301 19660331    60.6
19660401 19660430    14.0
19660501 19660531    31.3
19660601 19660630    32.4
19660701 19660731    25.0
19660801 19660831   102.3
19660901 19660930    86.1
19661001 19661031   113.3
19661101 19661130   119.4
19661201 19661231    40.8
19670101 19670131    86.9
19670201 19670228    36.5
19670301 19670331    99.1
19670401 19670430     3.6
19670501 19670531    24.8
19670601 19670630    67.5
19670701 19670731     8.9
19670801 19670831    66.5
19670901 19670930    17.5
19671001 19671031    44.2
19671101 19671130     6.4
19671201 19671231     6.9
19680101 19680131   102.1
19680201 19680229    31.6
19680301 19680331    70.2
19680401 19680430    30.4
19680501 19680531   101.8
19680601 19680630    18.0
19680701 19680731    45.6
19680801 19680831    65.6
19680901 19680930    29.7
19681001 19681031    23.5
19681101 19681130    37.7
19681201 19681231   143.9
19690101 19690131   107.8
19690201 19690228   152.1
19690301 19690331    59.1
19690401 19690430    47.8
19690501 19690531    68.6
19690601 19690630    44.2
19690701 19690731    53.5
19690801 19690831    84.2
19690901 19690930    52.9
19691001 19691031   168.0
19691101 19691130   117.6
19691201 19691231    25.9
19700101 19700131   127.8
19700201 19700228    39.4
19700301 19700331    52.3
19700401 19700430    98.4
19700501 19700531    45.2
19700601 19700630    27.5
19700701 19700731     2.6
19700801 19700831    33.5
19700901 19700930   186.3
19701001 19701031    55.4
19701101 19701130    96.2
19701201 19701231   142.4
19710101 19710131   143.9
19710201 19710228   116.2
19710301 19710331     2.3
19710401 19710430    18.1
19710501 19710531    30.0
19710601 19710630     7.0
19710701 19710731    50.4
19710801 19710831    77.9
19710901 19710930    77.6
19711001 19711031     5.3
19711101 19711130    74.4
19711201 19711231    62.3
19720101 19720131   151.7
19720201 19720229    86.6
19720301 19720331    18.6
19720401 19720430    28.5
19720501 19720531    22.7
19720601 19720630     1.8
19720701 19720731    15.0
19720801 19720831    49.5
19720901 19720930    31.9
19721001 19721031    58.1
19721101 19721130    63.6
19721201 19721231    61.2
19730101 19730131   115.3
19730201 19730228   221.6
19730301 19730331    37.6
19730401 19730430    43.2
19730501 19730531    72.9
19730601 19730630    88.4
19730701 19730731    78.9
19730801 19730831    96.8
19730901 19730930    74.2
19731001 19731031   211.5
19731101 19731130   151.0
19731201 19731231    82.5
19740101 19740131    70.5
19740201 19740228    96.0
19740301 19740331     7.7
19740401 19740430   108.1
19740501 19740531    54.7
19740601 19740630    22.4
19740701 19740731    50.5
19740801 19740831    57.5
19740901 19740930    43.7
19741001 19741031    65.6
19741101 19741130    38.3
19741201 19741231     0.0
19750101 19750131    44.6
19750201 19750228   112.4
19750301 19750331    78.2
19750401 19750430    19.0
19750501 19750531    11.5
19750601 19750630    54.9
19750701 19750731    24.3
19750801 19750831    69.8
19750901 19750930    43.6
19751001 19751031    83.3
19751101 19751130    30.1
19751201 19751231    29.4
19760101 19760131   176.4
19760201 19760229    72.7
19760301 19760331    85.4
19760401 19760430     7.6
19760501 19760531    20.4
19760601 19760630    13.0
19760701 19760731    80.7
19760801 19760831    26.2
19760901 19760930    52.4
19761001 19761031   146.3
19761101 19761130    41.7
19761201 19761231    40.9
19770101 19770131    37.2
19770201 19770228    76.6
19770301 19770331    91.6
19770401 19770430    13.7
19770501 19770531   119.2
19770601 19770630    39.7
19770701 19770731    13.2
19770801 19770831    23.8
19770901 19770930    52.4
19771001 19771031    23.8
19771101 19771130    13.4
19771201 19771231    24.3
19780101 19780131   174.8
19780201 19780228    11.8
19780301 19780331   149.3
19780401 19780430     2.6
19780501 19780531   156.5
19780601 19780630    49.4
19780701 19780731    78.0
19780801 19780831    15.3
19780901 19780930   140.8
19781001 19781031    21.7
19781101 19781130    75.0
19781201 19781231    53.8
19790101 19790131     5.2
19790201 19790228     3.0
19790301 19790331   185.2
19790401 19790430    61.0
19790501 19790531    63.4
19790601 19790630    14.9
19790701 19790731    15.8
19790801 19790831    26.3
19790901 19790930   134.4
19791001 19791031    19.6
19791101 19791130    28.1
19791201 19791231     2.6
19800101 19800131    63.4
19800201 19800229    33.2
19800301 19800331    33.6
19800401 19800430     4.4
19800501 19800531    41.5
19800601 19800630    68.6
19800701 19800731    44.3
19800801 19800831    40.5
19800901 19800930     3.2
19801001 19801031    43.2
19801101 19801130     3.2
19801201 19801231    78.7
19810101 19810131    26.6
19810201 19810228   123.9
19810301 19810331     3.2
19810401 19810430    19.2
19810501 19810531    63.9
19810601 19810630   110.9
19810701 19810731   139.4
19810801 19810831    40.1
19810901 19810930    30.9
19811001 19811031   117.2
19811101 19811130    95.7
19811201 19811231    60.0
19820101 19820131    36.0
19820201 19820228    23.6
19820301 19820331   108.6
19820401 19820430     2.0
19820501 19820531    14.2
19820601 19820630    27.2
19820701 19820731    12.5
19820801 19820831     0.0
19820901 19820930    14.2
19821001 19821031     8.6
19821101 19821130     9.9
19821201 19821231    45.6
19830101 19830131   101.0
19830201 19830228    36.3
19830301 19830331    38.4
19830401 19830430   104.5
19830501 19830531   157.8
19830601 19830630    16.5
19830701 19830731    35.5
19830801 19830831    42.4
19830901 19830930    45.3
19831001 19831031    72.3
19831101 19831130   113.7
19831201 19831231    64.0
19840101 19840131   212.8
19840201 19840229    75.3
19840301 19840331    25.1
19840401 19840430    86.4
19840501 19840531    18.7
19840601 19840630     1.6
19840701 19840731   144.9
19840801 19840831    94.7
19840901 19840930    57.0
19841001 19841031    31.6
19841101 19841130    45.7
19841201 19841231    33.2
19850101 19850131     3.8
19850201 19850228    25.4
19850301 19850331    16.4
19850401 19850430    49.8
19850501 19850531    26.6
19850601 19850630    75.5
19850701 19850731     2.6
19850801 19850831   130.7
19850901 19850930    55.2
19851001 19851031    99.1
19851101 19851130   108.4
19851201 19851231    60.6
19860101 19860131    39.8
19860201 19860228    19.2
19860301 19860331     0.8
19860401 19860430     4.8
19860501 19860531    38.3
19860601 19860630     7.6
19860701 19860731   121.1
19860801 19860831   114.5
19860901 19860930    46.2
19861001 19861031    64.8
19861101 19861130    71.7
19861201 19861231    20.3
19870101 19870131    58.1
19870201 19870228    37.1
19870301 19870331   104.6
19870401 19870430     2.6
19870501 19870531    58.0
19870601 19870630    70.0
19870701 19870731    30.0
19870801 19870831   101.2
19870901 19870930    21.6
19871001 19871031   107.7
19871101 19871130    45.6
19871201 19871231    80.7
19880101 19880131    63.2
19880201 19880229    58.3
19880301 19880331    13.6
19880401 19880430    96.7
19880501 19880531    44.3
19880601 19880630    18.9
19880701 19880731    63.8
19880801 19880831    83.4
19880901 19880930    88.9
19881001 19881031     8.4
19881101 19881130    51.2
19881201 19881231    53.2
19890101 19890131    14.6
19890201 19890228    27.7
19890301 19890331   104.3
19890401 19890430   166.1
19890501 19890531   131.5
19890601 19890630    60.7
19890701 19890731    75.2
19890801 19890831    22.3
19890901 19890930     8.4
19891001 19891031    52.9
19891101 19891130    49.0
19891201 19891231    51.4
19900101 19900131    46.9
19900201 19900228   117.3
19900301 19900331    34.3
19900401 19900430   237.3
19900501 19900531    57.9
19900601 19900630    43.8
19900701 19900731   161.8
19900801 19900831   100.8
19900901 19900930    34.5
19901001 19901031    64.5
19901101 19901130     4.6
19901201 19901231    16.4
19910101 19910131   113.8
19910201 19910228    30.7
19910301 19910331    52.9
19910401 19910430     8.8
19910501 19910531    72.1
19910601 19910630    79.3
19910701 19910731    71.2
19910801 19910831    49.4
19910901 19910930    46.7
19911001 19911031    19.7
19911101 19911130    32.0
19911201 19911231   123.2
19920101 19920131    30.0
19920201 19920229   164.6
19920301 19920331    52.2
19920401 19920430    19.7
19920501 19920531    16.0
19920601 19920630    21.3
19920701 19920731    22.1
19920801 19920831    74.5
19920901 19920930    56.9
19921001 19921031    85.1
19921101 19921130    85.0
19921201 19921231   129.9
19930101 19930131    44.4
19930201 19930228    79.2
19930301 19930331    31.9
19930401 19930430     0.5
19930501 19930531    24.9
19930601 19930630    43.2
19930701 19930731   121.0
19930801 19930831    20.5
19930901 19930930    95.2
19931001 19931031   104.7
19931101 19931130    69.5
19931201 19931231    43.7
19940101 19940131    36.6
19940201 19940228    58.1
19940301 19940331    49.4
19940401 19940430    12.1
19940501 19940531     1.6
19940601 19940630    23.7
19940701 19940731    48.4
19940801 19940831    18.2
19940901 19940930     2.2
19941001 19941031    23.3
19941101 19941130   102.9
19941201 19941231    50.6
19950101 19950131   138.9
19950201 19950228    17.5
19950301 19950331     2.0
19950401 19950430     4.7
19950501 19950531   106.6
19950601 19950630    21.0
19950701 19950731    48.2
19950801 19950831     2.9
19950901 19950930    67.3
19951001 19951031    20.1
19951101 19951130    58.0
19951201 19951231   152.6
19960101 19960131   225.4
19960201 19960229    28.2
19960301 19960331    50.2
19960401 19960430     3.6
19960501 19960531    44.4
19960601 19960630    74.2
19960701 19960731   140.2
19960801 19960831    67.2
19960901 19960930    95.2
19961001 19961031    49.8
19961101 19961130    76.2
19961201 19961231   128.0
19970101 19970131    53.8
19970201 19970228    97.4
19970301 19970331    10.8
19970401 19970430     2.8
19970501 19970531    51.0
19970601 19970630    23.4
19970701 19970731    30.6
19970801 19970831    15.8
19970901 19970930    90.2
19971001 19971031    58.0
19971101 19971130     7.6
19971201 19971231    59.2
19980101 19980131   169.2
19980201 19980228    47.6
19980301 19980331     0.0
19980401 19980430    93.0
19980501 19980531    66.2
19980601 19980630   113.6
19980701 19980731   141.8
19980801 19980831   101.2
19980901 19980930    98.8
19981001 19981031    71.2
19981101 19981130   104.4
19981201 19981231    30.2
19990101 19990131    93.0
19990201 19990228     5.4
19990301 19990331   140.4
19990401 19990430    57.0
19990501 19990531    24.6
19990601 19990630    46.8
19990701 19990731    45.0
19990801 19990831    54.5
19990901 19990930    55.8
19991001 19991031   191.4
19991101 19991130    77.2
19991201 19991231    73.0
20000101 20000131    99.4
20000201 20000229     4.6
20000301 20000331   195.4
20000401 20000430    95.6
20000501 20000531    99.6
20000601 20000630    39.4
20000701 20000731    38.4
20000801 20000831    66.0
20000901 20000930    32.4
20001001 20001031   160.0
20001101 20001130   184.8
20001201 20001231    20.6
20010101 20010131    38.0
20010201 20010228    70.2
20010301 20010331    69.8
20010401 20010430    67.6
20010501 20010531    22.8
20010601 20010630    28.4
20010701 20010731    62.6
20010801 20010831    34.6
20010901 20010930    39.0
20011001 20011031    93.8
20011101 20011130    58.0
20011201 20011231    45.8
20020101 20020131    68.8
20020201 20020228   154.8
20020301 20020331    57.4
20020401 20020430    13.6
20020501 20020531    49.8
20020601 20020630    27.4
20020701 20020731    10.8
20020801 20020831     3.2
20020901 20020930    32.4
20021001 20021031     0.4
20021101 20021130    27.8
20021201 20021231    36.2
20030101 20030131    10.2
20030201 20030228   226.4
20030301 20030331    45.2
20030401 20030430    85.6
20030501 20030531    25.8
20030601 20030630    60.8
20030701 20030731    27.6
20030801 20030831   141.8
20030901 20030930    17.6
20031001 20031031    81.6
20031101 20031130    84.6
20031201 20031231    70.0
20040101 20040131    53.4
20040201 20040229    83.2
20040301 20040331     6.2
20040401 20040430     4.0
20040501 20040531    57.4
20040601 20040630    37.4
20040701 20040731    60.0
20040801 20040831    41.4
20040901 20040930    36.6
20041001 20041031    83.4
20041101 20041130    94.6
20041201 20041231    68.6
20050101 20050131    81.6
20050201 20050228    77.2
20050301 20050331    83.2
20050401 20050430     7.2
20050501 20050531     4.6
20050601 20050630   117.2
20050701 20050731    64.4
20050801 20050831    19.0
20050901 20050930   131.4
20051001 20051031   104.6
20051101 20051130   160.8
20051201 20051231    37.0
20060101 20060131    50.4
20060201 20060228    46.4
20060301 20060331    17.2
20060401 20060430    34.6
20060501 20060531     1.2
20060601 20060630    28.4
20060701 20060731    79.8
20060801 20060831    13.6
20060901 20060930    14.8
20061001 20061031     4.6
20061101 20061130    20.4
20061201 20061231    35.6
20070101 20070131 99999.9
20070201 20070228    70.8
20070301 20070331    45.8
20070401 20070430    35.2
20070501 20070531    67.8
20070601 20070630   126.8
20070701 20070731    20.8
20070801 20070831    38.8
20070901 20070930     0.8
20071001 20071031    30.8
20071101 20071130   130.6
20071201 20071231   145.0
20080101 20080131   119.4
20080201 20080229    99.2
20080301 20080331    23.2
20080401 20080430     7.8
20080501 20080531     8.2
20080601 20080630    38.2
20080701 20080731    32.2
20080801 20080831    59.2
20080901 20080930    59.2
20081001 20081031    75.0
20081101 20081130   168.8
20081201 20081231   115.0
20090101 20090131     9.0
20090201 20090228    51.2
20090301 20090331    23.4
20090401 20090430    37.8
20090501 20090531     4.8
20090601 20090630    53.2
20090701 20090731    49.0
20090801 20090831    14.2
20090901 20090930    31.6
20091001 20091031    34.0
20091101 20091130    16.0
20091201 20091231   121.4
20100101 20100131    46.4
20100201 20100228   107.8
20100301 20100331    89.0
20100401 20100430    70.6
20100501 20100531    60.8
20100601 20100630    37.2
20100701 20100731 99999.9
20100801 20100831   105.6
20100901 20100930    87.8
20101001 20101031    71.2
20101101 20101130   169.0
20101201 20101231   214.4
20110101 20110131    18.4
20110201 20110228    21.2
20110301 20110331    34.4
20110401 20110430    16.0
20110501 20110531    50.2
20110601 20110630    16.4
20110701 20110731     9.6
20110801 20110831    67.0
20110901 20110930    86.0
20111001 20111031    53.4
20111101 20111130   127.6
20111201 20111231    65.2
20120101 20120131    55.2
20120201 20120229   145.0
20120301 20120331   137.2
20120401 20120430 99999.9
20120501 20120531    51.6
20120601 20120630    41.8
20120701 20120731    65.6
20120801 20120831    11.0
20120901 20120930    46.4
20121001 20121031    13.2
20121101 20121130    33.8
20121201 20121231    72.2
20130101 20130131    75.8
20130201 20130228    34.0
20130301 20130331    80.4
20130401 20130430     6.8
20130501 20130531    23.8
20130601 20130630    97.2
20130701 20130731    32.0
20130801 20130831     9.8
20130901 20130930    74.2
20131001 20131031     6.0
20131101 20131130    20.0
20131201 20131231    42.0
20140101 20140131    27.8
20140201 20140228    56.6
20140301 20140331   104.4
20140401 20140430    70.0
20140501 20140531    30.6
20140601 20140630    47.8
20140701 20140731    47.2
20140801 20140831    23.0
20140901 20140930    23.8
20141001 20141031    14.2
20141101 20141130    28.4
20141201 20141231    84.8
20150101 20150131   115.4
20150201 20150228    19.0
20150301 20150331    31.8
20150401 20150430    92.6
20150501 20150531    53.4
20150601 20150630    55.2
20150701 20150731    61.6
20150801 20150831    30.4
20150901 20150930     5.4
20151001 20151031    44.0
20151101 20151130   101.4
20151201 20151231    67.8
20160101 20160131   123.0
20160201 20160229    18.0
20160301 20160331    21.8
20160401 20160430    16.4
20160501 20160531    71.4
20160601 20160630   129.4
20160701 20160731   113.2
20160801 20160831    29.2
20160901 20160930   213.0
20161001 20161031    93.2
20161101 20161130    58.0
20161201 20161231    31.6
20170101 20170131    61.4
20170201 20170228     4.4
20170301 20170331   217.8
20170401 20170430    16.6
20170501 20170531    27.2
20170601 20170630    12.6
20170701 20170731     1.4
20170801 20170831    31.4
20170901 20170930     6.6
20171001 20171031    49.8
20171101 20171130    63.6
20171201 20171231    62.0
20180101 20180131    43.6
