PRCP       009551 19020801 20161031 missing_value=99999.9 GRASSMERE                                 
19020801 19020831   221.7
19020901 19020930   155.2
19021001 19021031    94.5
19021101 19021130    16.0
19021201 19021231    19.3
19030101 19030131    11.9
19030201 19030228     2.5
19030301 19030331    39.1
19030401 19030430   152.4
19030501 19030531    77.2
19030601 19030630   107.7
19030701 19030731   170.7
19030801 19030831   156.5
19030901 19030930   133.4
19031001 19031031   137.2
19031101 19031130    45.0
19031201 19031231    30.2
19040101 19040131    27.9
19040201 19040229     9.9
19040301 19040331    76.5
19040401 19040430    51.1
19040501 19040531   156.0
19040601 19040630   162.6
19040701 19040731   202.4
19040801 19040831   100.3
19040901 19040930    99.3
19041001 19041031   149.1
19041101 19041130    44.5
19041201 19041231    24.4
19050101 19050131    23.9
19050201 19050228     5.8
19050301 19050331    32.5
19050401 19050430    86.9
19050501 19050531   160.8
19050601 19050630   115.8
19050701 19050731    75.9
19050801 19050831   108.5
19050901 19050930   174.8
19051001 19051031   115.8
19051101 19051130    43.4
19051201 19051231    29.5
19060101 19060131    16.0
19060201 19060228    17.0
19060301 19060331    37.1
19060401 19060430    45.7
19060501 19060531   167.4
19060601 19060630   208.0
19060701 19060731   142.2
19060801 19060831    82.6
19060901 19060930   110.0
19061001 19061031    95.0
19061101 19061130    27.4
19061201 19061231    29.2
19070101 19070131    18.8
19070201 19070228     6.6
19070301 19070331    36.9
19070401 19070430    32.0
19070501 19070531   133.2
19070601 19070630   145.2
19070701 19070731   167.7
19070801 19070831   211.0
19070901 19070930   165.5
19071001 19071031   154.3
19071101 19071130    37.6
19071201 19071231    15.9
19080101 19080131    13.3
19080201 19080229    24.5
19080301 19080331    18.3
19080401 19080430    58.5
19080501 19080531   122.4
19080601 19080630   169.8
19080701 19080731   112.5
19080801 19080831    79.6
19080901 19080930    80.7
19081001 19081031    69.7
19081101 19081130    52.6
19081201 19081231    43.2
19090101 19090131    15.6
19090201 19090228    23.3
19090301 19090331    80.2
19090401 19090430    96.2
19090501 19090531   170.8
19090601 19090630   120.5
19090701 19090731   194.4
19090801 19090831   195.0
19090901 19090930   126.6
19091001 19091031    73.2
19091101 19091130    44.2
19091201 19091231     6.7
19100101 19100131    42.0
19100201 19100228     3.1
19100301 19100331    50.0
19100401 19100430    99.6
19100501 19100531   138.4
19100601 19100630   252.2
19100701 19100731   236.4
19100801 19100831   148.8
19100901 19100930    87.0
19101001 19101031   155.8
19101101 19101130    79.5
19101201 19101231    30.4
19110101 19110131     1.6
19110201 19110228     6.6
19110301 19110331    43.4
19110401 19110430    42.9
19110501 19110531   102.3
19110601 19110630   148.4
19110701 19110731   223.2
19110801 19110831   122.1
19110901 19110930    84.9
19111001 19111031    80.6
19111101 19111130    14.0
19111201 19111231    18.8
19120101 19120131     7.8
19120201 19120229    10.5
19120301 19120331    31.4
19120401 19120430    29.2
19120501 19120531   105.2
19120601 19120630   116.3
19120701 19120731   228.4
19120801 19120831   126.4
19120901 19120930   207.0
19121001 19121031    75.3
19121101 19121130    41.5
19121201 19121231    23.8
19130101 19130131    26.6
19130201 19130228    11.5
19130301 19130331    42.6
19130401 19130430   245.2
19130501 19130531    60.7
19130601 19130630   101.0
19130701 19130731   162.7
19130801 19130831   219.0
19130901 19130930   115.2
19131001 19131031    93.2
19131101 19131130    29.7
19131201 19131231    91.7
19140101 19140131     2.6
19140201 19140228    69.8
19140301 19140331    55.0
19140401 19140430    48.8
19140501 19140531   115.6
19140601 19140630    93.0
19140701 19140731   131.7
19140801 19140831    61.6
19140901 19140930    64.9
19141001 19141031    70.5
19141101 19141130    99.2
19141201 19141231    31.4
19150101 19150131     7.7
19150201 19150228    50.3
19150301 19150331    60.4
19150401 19150430    53.8
19150501 19150531    88.1
19150601 19150630   159.0
19150701 19150731   215.6
19150801 19150831   254.0
19150901 19150930   193.5
19151001 19151031    95.9
19151101 19151130    34.6
19151201 19151231     4.9
19160101 19160131    41.5
19160201 19160229    38.0
19160301 19160331    28.7
19160401 19160430    23.8
19160501 19160531   161.9
19160601 19160630   242.5
19160701 19160731   195.8
19160801 19160831   201.5
19160901 19160930    44.2
19161001 19161031   125.8
19161101 19161130    50.3
19161201 19161231    13.8
19170101 19170131    26.1
19170201 19170228    65.9
19170301 19170331   158.6
19170401 19170430   107.4
19170501 19170531   244.1
19170601 19170630   228.8
19170701 19170731   179.6
19170801 19170831   143.8
19170901 19170930   170.8
19171001 19171031   117.7
19171101 19171130    17.4
19171201 19171231    37.8
19180101 19180131   111.8
19180201 19180228    69.7
19180301 19180331    66.4
19180401 19180430   100.4
19180501 19180531   181.1
19180601 19180630   218.4
19180701 19180731    65.8
19180801 19180831   139.9
19180901 19180930    81.7
19181001 19181031   106.9
19181101 19181130    30.0
19181201 19181231    30.2
19190101 19190131    10.1
19190201 19190228    38.8
19190301 19190331    13.3
19190401 19190430   166.4
19190501 19190531    99.6
19190601 19190630   108.6
19190701 19190731   207.2
19190801 19190831   129.0
19190901 19190930    71.6
19191001 19191031    95.9
19191101 19191130    59.7
19191201 19191231    15.7
19200101 19200131    12.0
19200201 19200229    74.3
19200301 19200331    53.5
19200401 19200430    43.6
19200501 19200531   157.9
19200601 19200630   351.3
19200701 19200731   160.8
19200801 19200831   200.7
19200901 19200930   107.5
19201001 19201031    53.6
19201101 19201130    20.8
19201201 19201231    14.6
19210101 19210131    41.1
19210201 19210228    40.7
19210301 19210331    10.8
19210401 19210430    64.0
19210501 19210531   301.5
19210601 19210630    84.1
19210701 19210731   176.2
19210801 19210831   164.6
19210901 19210930   108.0
19211001 19211031   114.4
19211101 19211130    44.1
19211201 19211231    51.3
19220101 19220131    23.1
19220201 19220228    27.1
19220301 19220331    41.2
19220401 19220430   107.1
19220501 19220531   144.4
19220601 19220630    99.6
19220701 19220731   204.2
19220801 19220831   117.1
19220901 19220930    81.5
19221001 19221031    53.9
19221101 19221130    47.6
19221201 19221231    82.3
19230101 19230131     7.9
19230201 19230228     7.9
19230301 19230331    48.6
19230401 19230430    33.7
19230501 19230531   268.3
19230601 19230630   236.1
19230701 19230731   132.4
19230801 19230831   134.7
19230901 19230930   194.0
19231001 19231031    69.1
19231101 19231130    21.4
19231201 19231231    11.0
19240101 19240131    10.5
19240201 19240229     7.2
19240301 19240331    11.2
19240401 19240430    19.9
19240501 19240531   200.0
19240601 19240630   116.3
19240701 19240731    94.2
19240801 19240831   166.4
19240901 19240930   132.3
19241001 19241031   205.4
19241101 19241130    75.6
19241201 19241231     6.6
19250101 19250131    35.9
19250201 19250228    21.6
19250301 19250331    45.7
19250401 19250430   119.5
19250501 19250531   162.0
19250601 19250630   121.6
19250701 19250731   125.9
19250801 19250831    43.4
19250901 19250930    97.1
19251001 19251031   111.2
19251101 19251130    12.8
19251201 19251231    80.2
19260101 19260131     5.6
19260201 19260228    62.7
19260301 19260331    81.4
19260401 19260430   151.9
19260501 19260531    77.6
19260601 19260630    89.8
19260701 19260731   234.8
19260801 19260831   114.5
19260901 19260930   119.0
19261001 19261031   118.2
19261101 19261130    50.6
19261201 19261231    31.1
19270101 19270131   111.0
19270201 19270228    16.4
19270301 19270331   106.9
19270401 19270430    32.6
19270501 19270531    97.2
19270601 19270630   169.5
19270701 19270731   129.0
19270801 19270831   146.6
19270901 19270930   193.2
19271001 19271031   120.1
19271101 19271130    15.2
19271201 19271231    11.9
19280101 19280131    75.1
19280201 19280229    18.1
19280301 19280331    18.9
19280401 19280430    95.1
19280501 19280531   130.1
19280601 19280630   146.3
19280701 19280731   216.4
19280801 19280831   159.9
19280901 19280930   148.6
19281001 19281031   104.7
19281101 19281130    25.5
19281201 19281231    36.0
19290101 19290131    18.8
19290201 19290228    33.0
19290301 19290331    24.5
19290401 19290430    82.8
19290501 19290531   134.2
19290601 19290630   175.2
19290701 19290731   166.4
19290801 19290831   105.3
19290901 19290930    96.6
19291001 19291031    59.7
19291101 19291130   127.5
19291201 19291231    49.9
19300101 19300131     3.3
19300201 19300228    13.5
19300301 19300331    41.8
19300401 19300430    81.3
19300501 19300531   146.6
19300601 19300630    86.4
19300701 19300731   172.7
19300801 19300831    98.4
19300901 19300930   123.4
19301001 19301031    40.6
19301101 19301130    52.9
19301201 19301231    35.8
19310101 19310131    11.3
19310201 19310228    19.6
19310301 19310331    24.7
19310401 19310430   125.1
19310501 19310531    97.8
19310601 19310630    96.2
19310701 19310731   232.5
19310801 19310831   183.1
19310901 19310930   172.5
19311001 19311031    60.7
19311101 19311130    20.8
19311201 19311231    52.3
19320101 19320131    22.4
19320201 19320229    20.3
19320301 19320331    25.5
19320401 19320430    46.9
19320501 19320531    90.3
19320601 19320630   132.7
19320701 19320731   148.1
19320801 19320831   243.9
19320901 19320930   103.6
19321001 19321031    82.2
19321101 19321130    35.0
19321201 19321231    13.8
19330101 19330131    38.6
19330201 19330228     7.7
19330301 19330331    61.5
19330401 19330430    91.9
19330501 19330531   142.6
19330601 19330630   237.3
19330701 19330731   123.6
19330801 19330831   107.2
19330901 19330930    94.4
19331001 19331031   158.3
19331101 19331130    39.1
19331201 19331231    20.6
19340101 19340131    23.7
19340201 19340228    15.5
19340301 19340331   135.7
19340401 19340430    97.9
19340501 19340531    65.5
19340601 19340630   113.9
19340701 19340731   160.8
19340801 19340831   164.6
19340901 19340930   150.4
19341001 19341031    94.7
19341101 19341130    47.9
19341201 19341231    42.6
19350101 19350131    17.4
19350201 19350228    44.3
19350301 19350331    13.3
19350401 19350430    64.2
19350501 19350531   113.7
19350601 19350630   123.8
19350701 19350731   226.3
19350801 19350831   106.5
19350901 19350930   134.6
19351001 19351031    68.7
19351101 19351130    35.3
19351201 19351231    36.1
19360101 19360131    85.8
19360201 19360229     8.2
19360301 19360331     7.2
19360401 19360430    29.1
19360501 19360531   116.6
19360601 19360630   149.7
19360701 19360731   116.0
19360801 19360831   154.5
19360901 19360930    58.1
19361001 19361031    78.6
19361101 19361130    16.1
19361201 19361231    29.3
19370101 19370131    19.0
19370201 19370228     7.3
19370301 19370331    88.1
19370401 19370430    54.2
19370501 19370531   175.1
19370601 19370630   123.5
19370701 19370731   154.8
19370801 19370831   184.2
19370901 19370930    61.2
19371001 19371031    54.2
19371101 19371130    34.1
19371201 19371231    15.8
19380101 19380131    35.2
19380201 19380228    10.8
19380301 19380331    45.8
19380401 19380430    40.8
19380501 19380531   167.7
19380601 19380630   181.0
19380701 19380731   123.1
19380801 19380831   125.0
19380901 19380930    77.0
19381001 19381031    76.6
19381101 19381130    42.9
19381201 19381231    23.9
19390101 19390131   255.3
19390201 19390228    17.8
19390301 19390331    28.2
19390401 19390430    88.3
19390501 19390531   124.6
19390601 19390630   132.1
19390701 19390731   127.5
19390801 19390831   229.7
19390901 19390930    38.6
19391001 19391031   104.4
19391101 19391130    57.8
19391201 19391231     5.7
19400101 19400131    19.3
19400201 19400229    10.0
19400301 19400331     6.3
19400401 19400430    39.3
19400501 19400531   108.9
19400601 19400630    78.4
19400701 19400731   108.4
19400801 19400831    72.7
19400901 19400930    84.6
19401001 19401031    44.7
19401101 19401130    22.0
19401201 19401231    38.2
19410101 19410131    14.7
19410201 19410228    21.8
19410301 19410331    54.9
19410401 19410430    87.6
19410501 19410531   106.8
19410601 19410630   105.0
19410701 19410731   164.8
19410801 19410831   104.9
19410901 19410930   113.2
19411001 19411031    72.9
19411101 19411130    36.3
19411201 19411231     6.2
19420101 19420131    21.9
19420201 19420228     3.7
19420301 19420331    54.6
19420401 19420430    91.9
19420501 19420531   132.8
19420601 19420630   220.3
19420701 19420731   156.6
19420801 19420831   203.1
19420901 19420930   143.8
19421001 19421031   106.8
19421101 19421130    35.5
19421201 19421231    77.5
19430101 19430131    46.8
19430201 19430228    34.4
19430301 19430331   146.6
19430401 19430430   100.8
19430501 19430531    89.0
19430601 19430630   102.4
19430701 19430731   258.0
19430801 19430831    96.4
19430901 19430930    93.6
19431001 19431031    17.6
19431101 19431130    22.6
19431201 19431231    25.0
19440101 19440131    13.7
19440201 19440229    14.6
19440301 19440331    25.1
19440401 19440430    61.0
19440501 19440531   154.1
19440601 19440630    42.1
19440701 19440731   204.7
19440801 19440831    85.8
19440901 19440930    79.4
19441001 19441031    46.4
19441101 19441130    52.9
19441201 19441231    84.1
19450101 19450131     8.5
19450201 19450228    11.3
19450301 19450331    62.3
19450401 19450430    36.6
19450501 19450531   170.4
19450601 19450630   235.2
19450701 19450731   152.9
19450801 19450831   207.2
19450901 19450930   159.8
19451001 19451031    74.4
19451101 19451130    40.5
19451201 19451231    68.4
19460101 19460131    12.2
19460201 19460228    11.5
19460301 19460331    19.1
19460401 19460430    42.4
19460501 19460531   107.5
19460601 19460630   184.8
19460701 19460731   181.6
19460801 19460831    76.0
19460901 19460930    49.2
19461001 19461031    37.2
19461101 19461130    68.7
19461201 19461231    34.5
19470101 19470131    11.7
19470201 19470228    17.1
19470301 19470331    26.7
19470401 19470430   132.9
19470501 19470531   139.1
19470601 19470630   226.1
19470701 19470731   173.1
19470801 19470831   105.4
19470901 19470930   120.1
19471001 19471031   133.6
19471101 19471130    45.0
19471201 19471231    41.7
19480101 19480131     3.9
19480201 19480229     9.8
19480301 19480331    32.9
19480401 19480430   119.1
19480501 19480531    60.8
19480601 19480630   105.9
19480701 19480731   189.3
19480801 19480831   124.7
19480901 19480930   167.9
19481001 19481031    87.6
19481101 19481130    79.6
19481201 19481231    35.2
19490101 19490131    17.6
19490201 19490228     5.9
19490301 19490331    68.5
19490401 19490430    56.1
19490501 19490531    84.0
19490601 19490630    86.3
19490701 19490731   197.9
19490801 19490831   125.4
19490901 19490930    97.8
19491001 19491031   218.4
19491101 19491130    84.0
19491201 19491231     5.6
19500101 19500131    31.2
19500201 19500228     8.0
19500301 19500331     5.5
19500401 19500430     9.7
19500501 19500531   155.3
19500601 19500630   133.5
19500701 19500731   204.3
19500801 19500831   116.2
19500901 19500930   138.4
19501001 19501031    80.7
19501101 19501130    81.0
19501201 19501231    19.1
19510101 19510131    28.3
19510201 19510228    63.3
19510301 19510331     5.1
19510401 19510430   145.3
19510501 19510531    89.0
19510601 19510630   151.9
19510701 19510731   111.5
19510801 19510831   172.0
19510901 19510930   165.6
19511001 19511031    75.4
19511101 19511130    65.5
19511201 19511231    63.7
19520101 19520131    41.4
19520201 19520229     4.9
19520301 19520331    91.4
19520401 19520430    48.4
19520501 19520531   156.1
19520601 19520630   140.7
19520701 19520731   145.4
19520801 19520831   100.7
19520901 19520930   159.3
19521001 19521031    69.9
19521101 19521130    44.3
19521201 19521231    80.9
19530101 19530131    14.5
19530201 19530228    39.4
19530301 19530331    10.7
19530401 19530430    48.0
19530501 19530531    72.7
19530601 19530630   166.1
19530701 19530731   103.9
19530801 19530831    77.0
19530901 19530930    92.2
19531001 19531031    85.5
19531101 19531130    62.2
19531201 19531231    26.3
19540101 19540131    15.2
19540201 19540228     7.4
19540301 19540331    25.4
19540401 19540430    81.2
19540501 19540531    98.2
19540601 19540630    83.2
19540701 19540731   122.0
19540801 19540831    94.9
19540901 19540930    74.9
19541001 19541031    62.4
19541101 19541130    63.1
19541201 19541231    33.0
19550101 19550131    23.7
19550201 19550228   157.6
19550301 19550331     9.4
19550401 19550430   146.9
19550501 19550531   148.8
19550601 19550630   176.5
19550701 19550731   152.2
19550801 19550831   301.0
19550901 19550930   124.1
19551001 19551031   211.3
19551101 19551130    33.8
19551201 19551231    78.6
19560101 19560131     4.1
19560201 19560229     6.7
19560301 19560331    59.2
19560401 19560430    67.6
19560501 19560531   150.9
19560601 19560630   189.5
19560701 19560731   166.9
19560801 19560831    86.3
19560901 19560930    86.0
19561001 19561031    95.3
19561101 19561130    46.7
19561201 19561231    25.0
19570101 19570131     2.6
19570201 19570228    14.8
19570301 19570331    30.9
19570401 19570430    76.9
19570501 19570531   105.6
19570601 19570630   184.7
19570701 19570731   141.8
19570801 19570831    99.0
19570901 19570930    72.3
19571001 19571031    85.9
19571101 19571130     4.6
19571201 19571231    13.5
19580101 19580131    15.5
19580201 19580228     9.4
19580301 19580331    30.4
19580401 19580430    66.8
19580501 19580531   145.8
19580601 19580630   113.6
19580701 19580731   223.9
19580801 19580831   104.1
19580901 19580930   132.2
19581001 19581031    57.8
19581101 19581130    33.1
19581201 19581231    24.4
19590101 19590131     8.9
19590201 19590228    21.0
19590301 19590331    21.8
19590401 19590430    69.9
19590501 19590531    49.9
19590601 19590630   128.7
19590701 19590731    72.6
19590801 19590831   128.1
19590901 19590930   163.6
19591001 19591031    67.8
19591101 19591130   118.1
19591201 19591231    44.5
19600101 19600131    36.4
19600201 19600229    11.6
19600301 19600331   133.1
19600401 19600430    65.7
19600501 19600531   115.8
19600601 19600630    75.9
19600701 19600731   224.3
19600801 19600831    78.9
19600901 19600930    79.8
19601001 19601031    35.7
19601101 19601130    27.8
19601201 19601231    76.2
19610101 19610131    39.9
19610201 19610228    21.3
19610301 19610331    31.5
19610401 19610430   224.9
19610501 19610531    74.4
19610601 19610630   106.0
19610701 19610731   167.2
19610801 19610831   103.0
19610901 19610930    92.0
19611001 19611031    60.5
19611101 19611130    37.4
19611201 19611231    18.9
19620101 19620131     3.9
19620201 19620228    16.9
19620301 19620331    21.9
19620401 19620430    44.1
19620501 19620531   125.6
19620601 19620630   175.2
19620701 19620731   149.6
19620801 19620831   132.3
19620901 19620930   104.3
19621001 19621031   131.5
19621101 19621130    50.7
19621201 19621231    73.0
19630101 19630131    46.6
19630201 19630228    14.3
19630301 19630331    34.7
19630401 19630430    71.8
19630501 19630531   300.8
19630601 19630630   123.4
19630701 19630731   194.8
19630801 19630831   112.6
19630901 19630930    83.6
19631001 19631031    63.3
19631101 19631130    28.5
19631201 19631231    19.0
19640101 19640131    28.1
19640201 19640229    17.3
19640301 19640331    14.0
19640401 19640430    63.6
19640501 19640531    94.1
19640601 19640630   148.9
19640701 19640731   273.4
19640801 19640831   114.9
19640901 19640930   115.0
19641001 19641031   164.1
19641101 19641130    35.8
19641201 19641231    23.0
19650101 19650131    30.3
19650201 19650228    16.8
19650301 19650331    35.6
19650401 19650430    42.3
19650501 19650531   111.0
19650601 19650630   129.7
19650701 19650731    64.6
19650801 19650831   148.6
19650901 19650930    75.4
19651001 19651031   131.3
19651101 19651130    64.5
19651201 19651231    76.7
19660101 19660131    18.1
19660201 19660228    12.8
19660301 19660331    24.0
19660401 19660430   127.2
19660501 19660531    79.7
19660601 19660630   194.7
19660701 19660731   148.3
19660801 19660831   119.6
19660901 19660930   174.0
19661001 19661031    81.1
19661101 19661130    25.0
19661201 19661231    37.4
19670101 19670131     4.3
19670201 19670228    18.6
19670301 19670331   108.9
19670401 19670430    69.0
19670501 19670531   154.4
19670601 19670630   122.5
19670701 19670731   235.4
19670801 19670831   142.6
19670901 19670930    61.9
19671001 19671031    55.2
19671101 19671130    55.0
19671201 19671231    49.7
19680101 19680131    35.9
19680201 19680229    21.7
19680301 19680331    46.0
19680401 19680430   136.4
19680501 19680531    52.5
19680601 19680630   105.9
19680701 19680731   122.9
19680801 19680831   160.9
19680901 19680930   159.1
19681001 19681031    86.0
19681101 19681130    36.7
19681201 19681231    15.2
19690101 19690131    13.3
19690201 19690228     3.8
19690301 19690331    34.1
19690401 19690430    80.5
19690501 19690531    75.2
19690601 19690630   144.1
19690701 19690731   108.7
19690801 19690831    94.1
19690901 19690930    58.9
19691001 19691031    43.2
19691101 19691130    37.5
19691201 19691231    27.5
19700101 19700131     4.3
19700201 19700228    82.7
19700301 19700331    11.2
19700401 19700430   156.9
19700501 19700531    69.9
19700601 19700630   172.2
19700701 19700731   147.1
19700801 19700831   120.9
19700901 19700930   137.4
19701001 19701031    53.4
19701101 19701130    41.6
19701201 19701231    21.2
19710101 19710131    26.8
19710201 19710228    30.8
19710301 19710331    37.3
19710401 19710430    72.7
19710501 19710531   189.3
19710601 19710630    95.1
19710701 19710731   101.5
19710801 19710831   144.8
19710901 19710930   132.9
19711001 19711031   111.4
19711101 19711130   109.0
19711201 19711231    24.4
19720101 19720131    12.4
19720201 19720229    11.2
19720301 19720331    15.4
19720401 19720430    83.5
19720501 19720531    76.5
19720601 19720630    80.6
19720701 19720731   198.5
19720801 19720831   128.8
19720901 19720930    60.1
19721001 19721031    71.9
19721101 19721130     7.8
19721201 19721231    10.6
19730101 19730131    16.5
19730201 19730228    13.2
19730301 19730331    29.1
19730401 19730430   107.1
19730501 19730531   110.0
19730601 19730630   153.7
19730701 19730731   133.7
19730801 19730831   178.5
19730901 19730930   109.1
19731001 19731031   137.7
19731101 19731130    41.4
19731201 19731231    11.8
19740101 19740131    19.1
19740201 19740228    18.6
19740301 19740331    11.2
19740401 19740430    60.3
19740501 19740531    89.0
19740601 19740630    83.2
19740701 19740731   183.4
19740801 19740831   102.3
19740901 19740930    67.7
19741001 19741031    97.5
19741101 19741130    57.0
19741201 19741231    11.6
19750101 19750131    13.9
19750201 19750228    10.0
19750301 19750331    13.4
19750401 19750430   123.2
19750501 19750531   161.4
19750601 19750630    98.0
19750701 19750731   227.7
19750801 19750831   100.5
19750901 19750930   114.9
19751001 19751031    83.4
19751101 19751130    40.0
19751201 19751231    10.9
19760101 19760131    66.0
19760201 19760229    41.0
19760301 19760331    16.7
19760401 19760430   110.4
19760501 19760531   150.0
19760601 19760630    72.1
19760701 19760731   155.4
19760801 19760831   114.0
19760901 19760930    73.7
19761001 19761031   171.6
19761101 19761130   110.4
19761201 19761231    21.2
19770101 19770131     8.0
19770201 19770228    12.1
19770301 19770331    16.9
19770401 19770430    31.8
19770501 19770531   127.0
19770601 19770630    92.0
19770701 19770731   102.0
19770801 19770831   155.6
19770901 19770930    89.0
19771001 19771031   144.8
19771101 19771130    26.6
19771201 19771231    37.0
19780101 19780131    21.0
19780201 19780228    31.8
19780301 19780331    14.4
19780401 19780430    72.2
19780501 19780531   161.8
19780601 19780630   218.8
19780701 19780731   173.3
19780801 19780831    76.7
19780901 19780930   139.4
19781001 19781031    49.4
19781101 19781130    32.0
19781201 19781231    34.8
19790101 19790131    18.8
19790201 19790228    36.2
19790301 19790331    49.6
19790401 19790430    32.3
19790501 19790531   133.2
19790601 19790630   118.8
19790701 19790731   146.2
19790801 19790831   198.2
19790901 19790930   106.0
19791001 19791031    77.8
19791101 19791130    83.2
19791201 19791231     7.2
19800101 19800131     4.5
19800201 19800229    17.0
19800301 19800331     7.0
19800401 19800430   121.0
19800501 19800531    77.0
19800601 19800630   136.2
19800701 19800731   130.8
19800801 19800831   104.4
19800901 19800930    71.4
19801001 19801031   113.2
19801101 19801130    45.4
19801201 19801231    17.8
19810101 19810131     9.8
19810201 19810228    13.8
19810301 19810331    19.8
19810401 19810430    61.2
19810501 19810531   189.2
19810601 19810630   197.6
19810701 19810731   148.4
19810801 19810831   152.8
19810901 19810930    58.2
19811001 19811031    60.2
19811101 19811130    51.2
19811201 19811231     8.8
19820101 19820131   117.8
19820201 19820228    21.6
19820301 19820331    38.8
19820401 19820430    21.0
19820501 19820531    90.2
19820601 19820630   138.6
19820701 19820731   128.4
19820801 19820831    90.2
19820901 19820930    73.6
19821001 19821031    37.4
19821101 19821130    48.4
19821201 19821231    15.0
19830101 19830131    10.6
19830201 19830228    39.4
19830301 19830331     6.2
19830401 19830430    41.0
19830501 19830531    56.4
19830601 19830630   117.6
19830701 19830731    95.4
19830801 19830831   130.2
19830901 19830930    94.6
19831001 19831031    69.2
19831101 19831130    69.8
19831201 19831231    25.0
19840101 19840131     6.0
19840201 19840229    32.8
19840301 19840331    25.8
19840401 19840430    23.6
19840501 19840531   135.0
19840601 19840630   100.8
19840701 19840731   131.6
19840801 19840831   175.4
19840901 19840930    84.4
19841001 19841031    55.0
19841101 19841130    97.8
19841201 19841231    46.8
19850101 19850131    50.4
19850201 19850228    18.4
19850301 19850331    34.0
19850401 19850430    90.6
19850501 19850531    68.6
19850601 19850630    61.8
19850701 19850731   166.2
19850801 19850831   124.2
19850901 19850930    63.4
19851001 19851031    82.2
19851101 19851130    38.4
19851201 19851231    38.2
19860101 19860131     6.4
19860201 19860228    51.2
19860301 19860331    36.0
19860401 19860430    17.0
19860501 19860531   104.8
19860601 19860630    67.6
19860701 19860731   151.4
19860801 19860831   119.8
19860901 19860930   129.6
19861001 19861031    78.4
19861101 19861130    27.2
19861201 19861231    11.2
19870101 19870131    12.2
19870201 19870228     5.6
19870301 19870331    37.8
19870401 19870430    58.8
19870501 19870531   131.2
19870601 19870630    71.4
19870701 19870731   144.6
19870801 19870831    40.0
19870901 19870930    59.6
19871001 19871031    61.4
19871101 19871130    86.2
19871201 19871231    19.4
19880101 19880131    14.6
19880201 19880229     1.0
19880301 19880331    32.4
19880401 19880430    28.2
19880501 19880531   201.6
19880601 19880630   245.8
19880701 19880731   133.2
19880801 19880831   116.0
19880901 19880930    85.0
19881001 19881031    56.6
19881101 19881130    52.6
19881201 19881231     7.2
19890101 19890131   130.8
19890201 19890228    49.6
19890301 19890331     7.6
19890401 19890430   123.0
19890501 19890531   101.2
19890601 19890630   111.6
19890701 19890731   131.4
19890801 19890831   113.4
19890901 19890930    96.2
19891001 19891031   135.6
19891101 19891130    23.6
19891201 19891231    18.6
19900101 19900131    59.2
19900201 19900228    50.6
19900301 19900331    49.0
19900401 19900430    88.0
19900501 19900531   111.4
19900601 19900630   134.6
19900701 19900731   190.6
19900801 19900831    98.6
19900901 19900930    70.4
19901001 19901031   106.5
19901101 19901130    51.2
19901201 19901231    10.4
19910101 19910131    26.9
19910201 19910228    17.9
19910301 19910331    33.8
19910401 19910430    27.7
19910501 19910531    88.3
19910601 19910630   180.2
19910701 19910731   263.9
19910801 19910831   138.8
19910901 19910930    83.9
19911001 19911031    46.1
19911101 19911130    59.5
19911201 19911231    16.8
19920101 19920131    14.5
19920201 19920229    42.5
19920301 19920331    41.4
19920401 19920430    42.2
19920501 19920531    95.2
19920601 19920630   138.4
19920701 19920731   136.4
19920801 19920831   289.8
19920901 19920930   121.1
19921001 19921031    60.0
19921101 19921130   109.8
19921201 19921231    21.7
19930101 19930131    10.3
19930201 19930228    13.8
19930301 19930331    92.8
19930401 19930430    86.0
19930501 19930531   135.4
19930601 19930630   129.8
19930701 19930731   170.5
19930801 19930831   115.3
19930901 19930930    70.2
19931001 19931031    81.2
19931101 19931130    25.5
19931201 19931231    12.9
19940101 19940131    15.0
19940201 19940228    12.3
19940301 19940331     6.1
19940401 19940430    39.2
19940501 19940531   196.6
19940601 19940630   137.5
19940701 19940731   106.6
19940801 19940831   119.5
19940901 19940930    70.7
19941001 19941031   106.8
19941101 19941130    30.9
19941201 19941231     5.4
19950101 19950131    14.5
19950201 19950228    15.9
19950301 19950331    43.6
19950401 19950430    38.5
19950501 19950531   121.3
19950601 19950630   121.6
19950701 19950731   140.0
19950801 19950831    98.4
19950901 19950930    91.4
19951001 19951031    79.9
19951101 19951130    73.1
19951201 19951231    77.6
19960101 19960131    24.5
19960201 19960229     4.0
19960301 19960331    29.8
19960401 19960430    62.3
19960501 19960531    50.4
19960601 19960630   102.2
19960701 19960731   166.6
19960801 19960831   197.0
19960901 19960930   162.8
19961001 19961031    77.2
19961101 19961130    58.4
19961201 19961231   105.0
19970101 19970131    10.4
19970201 19970228    52.6
19970301 19970331    26.2
19970401 19970430    24.6
19970501 19970531    98.2
19970601 19970630   129.8
19970701 19970731   106.8
19970801 19970831   150.4
19970901 19970930   155.2
19971001 19971031    55.6
19971101 19971130    35.2
19971201 19971231    30.6
19980101 19980131    10.0
19980201 19980228     4.4
19980301 19980331   111.0
19980401 19980430    77.4
19980501 19980531    88.0
19980601 19980630   129.8
19980701 19980731   108.0
19980801 19980831   173.4
19980901 19980930   134.6
19981001 19981031    71.0
19981101 19981130    34.4
19981201 19981231    30.8
19990101 19990131    23.6
19990201 19990228    22.6
19990301 19990331    40.2
19990401 19990430    15.4
19990501 19990531   136.4
19990601 19990630   181.0
19990701 19990731   113.4
19990801 19990831   119.4
19990901 19990930   110.8
19991001 19991031   113.6
19991101 19991130    21.4
19991201 19991231    11.4
20000101 20000131    64.6
20000201 20000229    36.4
20000301 20000331    93.4
20000401 20000430    56.4
20000501 20000531    74.8
20000601 20000630   119.2
20000701 20000731   164.4
20000801 20000831   117.4
20000901 20000930    89.8
20001001 20001031    24.2
20001101 20001130    23.0
20001201 20001231    28.4
20010101 20010131    16.4
20010201 20010228    12.2
20010301 20010331    46.6
20010401 20010430    16.8
20010501 20010531   143.5
20010601 20010630   130.6
20010701 20010731    70.6
20010801 20010831   121.3
20010901 20010930   115.6
20011001 20011031    65.6
20011101 20011130    28.6
20011201 20011231    96.8
20020101 20020131    13.0
20020201 20020228     9.0
20020301 20020331    18.6
20020401 20020430    98.8
20020501 20020531    44.6
20020601 20020630   122.6
20020701 20020731   143.0
20020801 20020831   135.2
20020901 20020930   100.0
20021001 20021031    70.2
20021101 20021130    27.4
20021201 20021231     9.8
20030101 20030131     8.4
20030201 20030228    33.0
20030301 20030331    27.0
20030401 20030430    67.8
20030501 20030531 99999.9
20030601 20030630 99999.9
20030701 20030731 99999.9
20030801 20030831 99999.9
20030901 20030930 99999.9
20031001 20031031 99999.9
20031101 20031130    27.4
20031201 20031231    34.9
20040101 20040131 99999.9
20040201 20040229    21.7
20040301 20040331    23.9
20040401 20040430    44.2
20040501 20040531    94.1
20040601 20040630   158.3
20040701 20040731   102.7
20040801 20040831   123.4
20040901 20040930    39.8
20041001 20041031    38.4
20041101 20041130    52.5
20041201 20041231     6.4
20050101 20050131     8.2
20050201 20050228    38.0
20050301 20050331    50.3
20050401 20050430   232.4
20050501 20050531    42.2
20050601 20050630   161.2
20050701 20050731    75.6
20050801 20050831   106.6
20050901 20050930 99999.9
20051001 20051031    82.6
20051101 20051130    60.2
20051201 20051231    34.5
20060101 20060131    23.5
20060201 20060228    22.0
20060301 20060331    74.2
20060401 20060430   111.9
20060501 20060531    70.5
20060601 20060630    65.2
20060701 20060731 99999.9
20060801 20060831    29.8
20060901 20060930    53.1
20061001 20061031    26.8
20061101 20061130    33.4
20061201 20061231     7.4
20070101 20070131    39.6
20070201 20070228     3.6
20070301 20070331    44.8
20070401 20070430    85.0
20070501 20070531    88.8
20070601 20070630   141.4
20070701 20070731   175.2
20070801 20070831   153.4
20070901 20070930   128.2
20071001 20071031    77.4
20071101 20071130    20.6
20071201 20071231    67.2
20080101 20080131    22.6
20080201 20080229    15.8
20080301 20080331    12.4
20080401 20080430   137.4
20080501 20080531    99.6
20080601 20080630   135.8
20080701 20080731   145.8
20080801 20080831    75.2
20080901 20080930   113.8
20081001 20081031    97.8
20081101 20081130   151.4
20081201 20081231    26.6
20090101 20090131    11.2
20090201 20090228    22.2
20090301 20090331    38.6
20090401 20090430    39.0
20090501 20090531    94.0
20090601 20090630   218.4
20090701 20090731   130.2
20090801 20090831   153.4
20090901 20090930   170.6
20091001 20091031    43.4
20091101 20091130    36.8
20091201 20091231     3.6
20100101 20100131    25.0
20100201 20100228     9.0
20100301 20100331    35.6
20100401 20100430    55.0
20100501 20100531    66.0
20100601 20100630    99.2
20100701 20100731   172.4
20100801 20100831    92.6
20100901 20100930    71.4
20101001 20101031    72.0
20101101 20101130    52.6
20101201 20101231    41.8
20110101 20110131    88.9
20110201 20110228    15.2
20110301 20110331    17.8
20110401 20110430    89.2
20110501 20110531   109.4
20110601 20110630   123.4
20110701 20110731   161.8
20110801 20110831   124.8
20110901 20110930   107.0
20111001 20111031    69.0
20111101 20111130    86.4
20111201 20111231    68.4
20120101 20120131    12.2
20120201 20120229    11.4
20120301 20120331    10.4
20120401 20120430    58.6
20120501 20120531    76.6
20120601 20120630   220.4
20120701 20120731    86.0
20120801 20120831    91.8
20120901 20120930   134.2
20121001 20121031    46.4
20121101 20121130    99.4
20121201 20121231    73.2
20130101 20130131    35.2
20130201 20130228    13.0
20130301 20130331    90.2
20130401 20130430    54.8
20130501 20130531   121.2
20130601 20130630    91.0
20130701 20130731    94.2
20130801 20130831   186.8
20130901 20130930   175.4
20131001 20131031    52.6
20131101 20131130    40.0
20131201 20131231    52.8
20140101 20140131     3.0
20140201 20140228    11.2
20140301 20140331    18.6
20140401 20140430    39.8
20140501 20140531    89.6
20140601 20140630    88.4
20140701 20140731   114.8
20140801 20140831    61.8
20140901 20140930    77.2
20141001 20141031   119.0
20141101 20141130    39.6
20141201 20141231    15.2
20150101 20150131     6.4
20150201 20150228    16.8
20150301 20150331    26.6
20150401 20150430    53.0
20150501 20150531    76.8
20150601 20150630    52.6
20150701 20150731   108.4
20150801 20150831    94.4
20150901 20150930    57.4
20151001 20151031    64.4
20151101 20151130    19.4
20151201 20151231    65.0
20160101 20160131    66.6
20160201 20160229    27.2
20160301 20160331    59.4
20160401 20160430   118.0
20160501 20160531   116.0
20160601 20160630   117.2
20160701 20160731   142.2
20160801 20160831   119.4
20160901 20160930   112.0
20161001 20161031    63.8
