PRCP       036007 18861201 20180131 missing_value=99999.9 BARCALDINE POST OFFICE                    
18861201 18861231   147.6
18870101 18870131   101.8
18870201 18870228   161.8
18870301 18870331   136.2
18870401 18870430     1.0
18870501 18870531    26.7
18870601 18870630    24.8
18870701 18870731    19.6
18870801 18870831    32.0
18870901 18870930     2.5
18871001 18871031     5.9
18871101 18871130    72.7
18871201 18871231    41.6
18880101 18880131    14.7
18880201 18880229    80.5
18880301 18880331     6.9
18880401 18880430     0.0
18880501 18880531    56.2
18880601 18880630     0.0
18880701 18880731     0.0
18880801 18880831     3.8
18880901 18880930     0.0
18881001 18881031     0.0
18881101 18881130    50.1
18881201 18881231    24.9
18890101 18890131    33.6
18890201 18890228     5.1
18890301 18890331    34.8
18890401 18890430   228.9
18890501 18890531    28.9
18890601 18890630    19.9
18890701 18890731    23.8
18890801 18890831    18.6
18890901 18890930     8.6
18891001 18891031     4.1
18891101 18891130    95.8
18891201 18891231    17.6
18900101 18900131   413.6
18900201 18900228    89.8
18900301 18900331   143.4
18900401 18900430    59.3
18900501 18900531    45.5
18900601 18900630     4.5
18900701 18900731    12.9
18900801 18900831     5.1
18900901 18900930    56.2
18901001 18901031    37.4
18901101 18901130    16.0
18901201 18901231    23.4
18910101 18910131   323.7
18910201 18910228    83.5
18910301 18910331   188.2
18910401 18910430   178.8
18910501 18910531   119.6
18910601 18910630    71.9
18910701 18910731    16.8
18910801 18910831    38.9
18910901 18910930     1.0
18911001 18911031    10.1
18911101 18911130    10.5
18911201 18911231    28.8
18920101 18920131    89.0
18920201 18920229    28.6
18920301 18920331     9.3
18920401 18920430     8.2
18920501 18920531    96.8
18920601 18920630     0.0
18920701 18920731    35.1
18920801 18920831     0.0
18920901 18920930    25.0
18921001 18921031    56.1
18921101 18921130    12.8
18921201 18921231     4.6
18930101 18930131     4.9
18930201 18930228     3.8
18930301 18930331    22.3
18930401 18930430    18.7
18930501 18930531    96.6
18930601 18930630    78.0
18930701 18930731    13.5
18930801 18930831    25.6
18930901 18930930     2.1
18931001 18931031     3.0
18931101 18931130     8.6
18931201 18931231    64.1
18940101 18940131    42.8
18940201 18940228   146.4
18940301 18940331   191.1
18940401 18940430    91.7
18940501 18940531    49.7
18940601 18940630   123.0
18940701 18940731     0.0
18940801 18940831    10.2
18940901 18940930    30.5
18941001 18941031    67.8
18941101 18941130    11.2
18941201 18941231    60.8
18950101 18950131    92.4
18950201 18950228    65.6
18950301 18950331     6.6
18950401 18950430    30.8
18950501 18950531    47.8
18950601 18950630     0.0
18950701 18950731    78.5
18950801 18950831     0.0
18950901 18950930     3.3
18951001 18951031    11.5
18951101 18951130    36.6
18951201 18951231    24.1
18960101 18960131    18.5
18960201 18960229   202.6
18960301 18960331    29.0
18960401 18960430    15.6
18960501 18960531    17.8
18960601 18960630     0.3
18960701 18960731    73.4
18960801 18960831    23.9
18960901 18960930     3.0
18961001 18961031    16.6
18961101 18961130     4.9
18961201 18961231    48.5
18970101 18970131    86.1
18970201 18970228    22.2
18970301 18970331    10.0
18970401 18970430     0.0
18970501 18970531     5.3
18970601 18970630   105.7
18970701 18970731     0.0
18970801 18970831    24.4
18970901 18970930    20.0
18971001 18971031    49.6
18971101 18971130     2.0
18971201 18971231    46.8
18980101 18980131   109.6
18980201 18980228   286.7
18980301 18980331     1.4
18980401 18980430     6.6
18980501 18980531     4.1
18980601 18980630    11.2
18980701 18980731     0.6
18980801 18980831     3.6
18980901 18980930    47.2
18981001 18981031     3.0
18981101 18981130     8.0
18981201 18981231    38.8
18990101 18990131    53.6
18990201 18990228    68.3
18990301 18990331    59.2
18990401 18990430    29.7
18990501 18990531     9.9
18990601 18990630     1.4
18990701 18990731    26.2
18990801 18990831    13.5
18990901 18990930     6.9
18991001 18991031    23.9
18991101 18991130    13.2
18991201 18991231     1.1
19000101 19000131    78.3
19000201 19000228    16.5
19000301 19000331     2.3
19000401 19000430    51.5
19000501 19000531    35.1
19000601 19000630     7.4
19000701 19000731   111.4
19000801 19000831    41.4
19000901 19000930     0.8
19001001 19001031     0.0
19001101 19001130     7.7
19001201 19001231    30.7
19010101 19010131     3.9
19010201 19010228    29.7
19010301 19010331    94.0
19010401 19010430    48.2
19010501 19010531    56.0
19010601 19010630    20.9
19010701 19010731    16.0
19010801 19010831     6.4
19010901 19010930    13.0
19011001 19011031    13.7
19011101 19011130    14.0
19011201 19011231     2.4
19020101 19020131    60.7
19020201 19020228     1.8
19020301 19020331     9.4
19020401 19020430     0.5
19020501 19020531     0.0
19020601 19020630     0.0
19020701 19020731     0.0
19020801 19020831     2.1
19020901 19020930     0.5
19021001 19021031     5.3
19021101 19021130    24.1
19021201 19021231   162.9
19030101 19030131    94.8
19030201 19030228    10.2
19030301 19030331    23.9
19030401 19030430     0.0
19030501 19030531   125.1
19030601 19030630     0.0
19030701 19030731    22.8
19030801 19030831    12.7
19030901 19030930   107.5
19031001 19031031    25.6
19031101 19031130   101.6
19031201 19031231    23.4
19040101 19040131    82.9
19040201 19040229    24.5
19040301 19040331     2.8
19040401 19040430    30.2
19040501 19040531    97.7
19040601 19040630     4.1
19040701 19040731     0.0
19040801 19040831     0.0
19040901 19040930     5.1
19041001 19041031    98.7
19041101 19041130    25.9
19041201 19041231   166.3
19050101 19050131    48.2
19050201 19050228     3.0
19050301 19050331     6.7
19050401 19050430    39.6
19050501 19050531     0.0
19050601 19050630     0.0
19050701 19050731     7.6
19050801 19050831     1.1
19050901 19050930     0.0
19051001 19051031     3.8
19051101 19051130    37.8
19051201 19051231    33.1
19060101 19060131   101.9
19060201 19060228   179.7
19060301 19060331   351.6
19060401 19060430     0.0
19060501 19060531    43.1
19060601 19060630     4.9
19060701 19060731     2.5
19060801 19060831     0.0
19060901 19060930    73.2
19061001 19061031    74.3
19061101 19061130    33.8
19061201 19061231    26.5
19070101 19070131    87.4
19070201 19070228    10.9
19070301 19070331    38.3
19070401 19070430    20.9
19070501 19070531     8.7
19070601 19070630    51.5
19070701 19070731    22.1
19070801 19070831     1.5
19070901 19070930     0.0
19071001 19071031    30.7
19071101 19071130    39.2
19071201 19071231   298.3
19080101 19080131     0.0
19080201 19080229   130.4
19080301 19080331    82.0
19080401 19080430     5.3
19080501 19080531    26.9
19080601 19080630    28.2
19080701 19080731    32.8
19080801 19080831     1.5
19080901 19080930     1.0
19081001 19081031   154.2
19081101 19081130    21.6
19081201 19081231     8.0
19090101 19090131    97.8
19090201 19090228    32.8
19090301 19090331    42.5
19090401 19090430    34.8
19090501 19090531     7.4
19090601 19090630    64.0
19090701 19090731     1.6
19090801 19090831    26.0
19090901 19090930     0.0
19091001 19091031    49.1
19091101 19091130     8.4
19091201 19091231    46.3
19100101 19100131    71.0
19100201 19100228    45.2
19100301 19100331   316.0
19100401 19100430     9.1
19100501 19100531    12.5
19100601 19100630    53.2
19100701 19100731    42.2
19100801 19100831     0.3
19100901 19100930    46.6
19101001 19101031    11.9
19101101 19101130    58.7
19101201 19101231    89.9
19110101 19110131   185.9
19110201 19110228   184.9
19110301 19110331    26.2
19110401 19110430    36.6
19110501 19110531    17.8
19110601 19110630     0.0
19110701 19110731    35.6
19110801 19110831     6.9
19110901 19110930     9.2
19111001 19111031    21.0
19111101 19111130    41.8
19111201 19111231    13.3
19120101 19120131     9.5
19120201 19120229    51.9
19120301 19120331    96.5
19120401 19120430     0.5
19120501 19120531     0.0
19120601 19120630   124.2
19120701 19120731    66.3
19120801 19120831     0.3
19120901 19120930     0.0
19121001 19121031    23.9
19121101 19121130    33.1
19121201 19121231    56.4
19130101 19130131   109.7
19130201 19130228   179.9
19130301 19130331    20.3
19130401 19130430    81.3
19130501 19130531    59.8
19130601 19130630    55.4
19130701 19130731     1.8
19130801 19130831     0.0
19130901 19130930    13.8
19131001 19131031    41.4
19131101 19131130     0.8
19131201 19131231    78.3
19140101 19140131    71.2
19140201 19140228   105.6
19140301 19140331    21.3
19140401 19140430    37.6
19140501 19140531     4.3
19140601 19140630    86.1
19140701 19140731     1.5
19140801 19140831     0.0
19140901 19140930     0.5
19141001 19141031    24.1
19141101 19141130     5.4
19141201 19141231    96.9
19150101 19150131     5.0
19150201 19150228     2.3
19150301 19150331     0.0
19150401 19150430     4.4
19150501 19150531    22.9
19150601 19150630     0.0
19150701 19150731     1.3
19150801 19150831    29.0
19150901 19150930    28.5
19151001 19151031     0.0
19151101 19151130     2.3
19151201 19151231    57.5
19160101 19160131    83.0
19160201 19160229    10.5
19160301 19160331    94.7
19160401 19160430     5.4
19160501 19160531     0.0
19160601 19160630    19.0
19160701 19160731   111.1
19160801 19160831     9.2
19160901 19160930     0.8
19161001 19161031    75.5
19161101 19161130    87.1
19161201 19161231   169.0
19170101 19170131    93.1
19170201 19170228   123.4
19170301 19170331   186.2
19170401 19170430     3.3
19170501 19170531     2.5
19170601 19170630    27.0
19170701 19170731     4.1
19170801 19170831    73.2
19170901 19170930    69.4
19171001 19171031    10.7
19171101 19171130   214.5
19171201 19171231    74.9
19180101 19180131   349.5
19180201 19180228    88.2
19180301 19180331    16.0
19180401 19180430   154.9
19180501 19180531     0.0
19180601 19180630     0.8
19180701 19180731     0.0
19180801 19180831     6.4
19180901 19180930     1.5
19181001 19181031     7.7
19181101 19181130    28.2
19181201 19181231    38.1
19190101 19190131    41.3
19190201 19190228   122.0
19190301 19190331    26.7
19190401 19190430    60.2
19190501 19190531     5.4
19190601 19190630     0.0
19190701 19190731     0.0
19190801 19190831    22.4
19190901 19190930     0.0
19191001 19191031     1.3
19191101 19191130     4.8
19191201 19191231    32.0
19200101 19200131    32.0
19200201 19200229    15.7
19200301 19200331    19.6
19200401 19200430   135.0
19200501 19200531    57.2
19200601 19200630     7.6
19200701 19200731    53.6
19200801 19200831    20.3
19200901 19200930    28.2
19201001 19201031    40.2
19201101 19201130    41.5
19201201 19201231    73.1
19210101 19210131    65.1
19210201 19210228    30.0
19210301 19210331   142.5
19210401 19210430    42.7
19210501 19210531    46.7
19210601 19210630    65.0
19210701 19210731    91.9
19210801 19210831    41.3
19210901 19210930    84.1
19211001 19211031   103.0
19211101 19211130    19.8
19211201 19211231    66.8
19220101 19220131   102.5
19220201 19220228   228.3
19220301 19220331    25.9
19220401 19220430     0.0
19220501 19220531     0.3
19220601 19220630    20.8
19220701 19220731    18.0
19220801 19220831     0.0
19220901 19220930     0.0
19221001 19221031     2.8
19221101 19221130     8.9
19221201 19221231   106.5
19230101 19230131    40.9
19230201 19230228     6.6
19230301 19230331    20.1
19230401 19230430    16.3
19230501 19230531     0.0
19230601 19230630    66.4
19230701 19230731     0.0
19230801 19230831    16.3
19230901 19230930    19.5
19231001 19231031     3.1
19231101 19231130     5.3
19231201 19231231    59.4
19240101 19240131    25.0
19240201 19240229   164.4
19240301 19240331    90.4
19240401 19240430    37.7
19240501 19240531     0.0
19240601 19240630     3.0
19240701 19240731    12.5
19240801 19240831    54.6
19240901 19240930    32.3
19241001 19241031    25.4
19241101 19241130    66.3
19241201 19241231    79.4
19250101 19250131    71.4
19250201 19250228    33.0
19250301 19250331    37.4
19250401 19250430     0.0
19250501 19250531     3.8
19250601 19250630    19.3
19250701 19250731     3.1
19250801 19250831     1.0
19250901 19250930    28.2
19251001 19251031     0.0
19251101 19251130    55.9
19251201 19251231     8.5
19260101 19260131    22.2
19260201 19260228    13.9
19260301 19260331    15.1
19260401 19260430     4.6
19260501 19260531    25.9
19260601 19260630     0.0
19260701 19260731     1.3
19260801 19260831     0.0
19260901 19260930    54.1
19261001 19261031     2.8
19261101 19261130     3.8
19261201 19261231    23.0
19270101 19270131    43.1
19270201 19270228    17.0
19270301 19270331    59.0
19270401 19270430     0.0
19270501 19270531     0.0
19270601 19270630    10.2
19270701 19270731     0.0
19270801 19270831     1.3
19270901 19270930    19.8
19271001 19271031     9.4
19271101 19271130     3.3
19271201 19271231   256.1
19280101 19280131    12.0
19280201 19280229    54.3
19280301 19280331    38.8
19280401 19280430    79.9
19280501 19280531     0.0
19280601 19280630    25.7
19280701 19280731     9.4
19280801 19280831    10.5
19280901 19280930     0.0
19281001 19281031     3.0
19281101 19281130    24.1
19281201 19281231   113.8
19290101 19290131     2.1
19290201 19290228    78.2
19290301 19290331    27.1
19290401 19290430    84.8
19290501 19290531     0.0
19290601 19290630     5.3
19290701 19290731     0.0
19290801 19290831     0.0
19290901 19290930     0.0
19291001 19291031     0.8
19291101 19291130    20.1
19291201 19291231     4.5
19300101 19300131   191.0
19300201 19300228   143.4
19300301 19300331    23.6
19300401 19300430     1.5
19300501 19300531   117.7
19300601 19300630    31.8
19300701 19300731    29.2
19300801 19300831    20.6
19300901 19300930     0.3
19301001 19301031    82.1
19301101 19301130    14.8
19301201 19301231     5.0
19310101 19310131    48.1
19310201 19310228     0.5
19310301 19310331    52.1
19310401 19310430    23.4
19310501 19310531    45.5
19310601 19310630     5.8
19310701 19310731     0.8
19310801 19310831     1.8
19310901 19310930    16.8
19311001 19311031    29.4
19311101 19311130    57.2
19311201 19311231   129.6
19320101 19320131    36.9
19320201 19320229    99.3
19320301 19320331     6.1
19320401 19320430    21.9
19320501 19320531    45.7
19320601 19320630    10.1
19320701 19320731     0.0
19320801 19320831     0.0
19320901 19320930     0.0
19321001 19321031    24.4
19321101 19321130    31.0
19321201 19321231    12.5
19330101 19330131    48.0
19330201 19330228    29.8
19330301 19330331     2.0
19330401 19330430    22.1
19330501 19330531     3.3
19330601 19330630    47.5
19330701 19330731   131.0
19330801 19330831    31.8
19330901 19330930    11.4
19331001 19331031    58.2
19331101 19331130   107.7
19331201 19331231    29.7
19340101 19340131    26.1
19340201 19340228    60.3
19340301 19340331    23.9
19340401 19340430    43.7
19340501 19340531     0.8
19340601 19340630    44.1
19340701 19340731    46.5
19340801 19340831     0.0
19340901 19340930     1.9
19341001 19341031    42.1
19341101 19341130    46.6
19341201 19341231     7.7
19350101 19350131    22.7
19350201 19350228     8.6
19350301 19350331     1.0
19350401 19350430     7.6
19350501 19350531     0.0
19350601 19350630    68.3
19350701 19350731    41.1
19350801 19350831     2.5
19350901 19350930    28.9
19351001 19351031    77.9
19351101 19351130    10.1
19351201 19351231    19.5
19360101 19360131   145.9
19360201 19360229    15.7
19360301 19360331   326.0
19360401 19360430     0.0
19360501 19360531    41.3
19360601 19360630    21.3
19360701 19360731    57.0
19360801 19360831     2.3
19360901 19360930    13.7
19361001 19361031     1.8
19361101 19361130    18.9
19361201 19361231    41.5
19370101 19370131    36.9
19370201 19370228    24.5
19370301 19370331   127.8
19370401 19370430     0.0
19370501 19370531     0.0
19370601 19370630    24.7
19370701 19370731    16.2
19370801 19370831     6.4
19370901 19370930     0.0
19371001 19371031     0.8
19371101 19371130    29.8
19371201 19371231    20.4
19380101 19380131   228.5
19380201 19380228   116.3
19380301 19380331     4.5
19380401 19380430     0.0
19380501 19380531    19.6
19380601 19380630    46.2
19380701 19380731    26.5
19380801 19380831    33.0
19380901 19380930     1.5
19381001 19381031     1.0
19381101 19381130    70.2
19381201 19381231     0.0
19390101 19390131    71.3
19390201 19390228    32.8
19390301 19390331   134.2
19390401 19390430    75.0
19390501 19390531     6.9
19390601 19390630    24.1
19390701 19390731    22.9
19390801 19390831    53.6
19390901 19390930     0.0
19391001 19391031    67.2
19391101 19391130     9.4
19391201 19391231    27.7
19400101 19400131    32.9
19400201 19400229   362.6
19400301 19400331     0.3
19400401 19400430     3.1
19400501 19400531     8.6
19400601 19400630    10.4
19400701 19400731     0.0
19400801 19400831    72.1
19400901 19400930     0.0
19401001 19401031     0.0
19401101 19401130    57.4
19401201 19401231    73.6
19410101 19410131   276.3
19410201 19410228     8.0
19410301 19410331   311.0
19410401 19410430    77.7
19410501 19410531    14.0
19410601 19410630    76.7
19410701 19410731     0.0
19410801 19410831     0.0
19410901 19410930     0.0
19411001 19411031    13.2
19411101 19411130   121.9
19411201 19411231    42.0
19420101 19420131    22.1
19420201 19420228    33.8
19420301 19420331     9.4
19420401 19420430    40.3
19420501 19420531    86.4
19420601 19420630    53.1
19420701 19420731    12.2
19420801 19420831    13.5
19420901 19420930    16.0
19421001 19421031    32.5
19421101 19421130    72.4
19421201 19421231   131.4
19430101 19430131     1.8
19430201 19430228    86.4
19430301 19430331    50.8
19430401 19430430    24.9
19430501 19430531     4.1
19430601 19430630    27.2
19430701 19430731     0.0
19430801 19430831     0.0
19430901 19430930    51.2
19431001 19431031     3.8
19431101 19431130    18.7
19431201 19431231    42.8
19440101 19440131    11.2
19440201 19440229   166.2
19440301 19440331     0.5
19440401 19440430    13.9
19440501 19440531    11.1
19440601 19440630     2.3
19440701 19440731     4.8
19440801 19440831    16.8
19440901 19440930     3.8
19441001 19441031    10.6
19441101 19441130    15.2
19441201 19441231    38.4
19450101 19450131    30.0
19450201 19450228    18.7
19450301 19450331     0.0
19450401 19450430     3.3
19450501 19450531    44.8
19450601 19450630    96.3
19450701 19450731    60.2
19450801 19450831     5.3
19450901 19450930     1.3
19451001 19451031    79.8
19451101 19451130    15.0
19451201 19451231    12.7
19460101 19460131    67.5
19460201 19460228    32.8
19460301 19460331     0.0
19460401 19460430     0.0
19460501 19460531    10.0
19460601 19460630     5.6
19460701 19460731     0.0
19460801 19460831     0.0
19460901 19460930     0.0
19461001 19461031     2.5
19461101 19461130    25.0
19461201 19461231     2.6
19470101 19470131    23.5
19470201 19470228   158.0
19470301 19470331    20.6
19470401 19470430     0.0
19470501 19470531     3.6
19470601 19470630     2.0
19470701 19470731     0.0
19470801 19470831    70.2
19470901 19470930    66.6
19471001 19471031    38.5
19471101 19471130    64.5
19471201 19471231    51.4
19480101 19480131    31.0
19480201 19480229    30.0
19480301 19480331    52.6
19480401 19480430     1.5
19480501 19480531     0.3
19480601 19480630    19.8
19480701 19480731    32.2
19480801 19480831     0.0
19480901 19480930     6.5
19481001 19481031    14.5
19481101 19481130    32.1
19481201 19481231    25.5
19490101 19490131    95.4
19490201 19490228    66.1
19490301 19490331   189.4
19490401 19490430     5.6
19490501 19490531     3.1
19490601 19490630     6.4
19490701 19490731     0.0
19490801 19490831     0.0
19490901 19490930    13.9
19491001 19491031   139.5
19491101 19491130    36.4
19491201 19491231    49.8
19500101 19500131   109.3
19500201 19500228   134.6
19500301 19500331   189.5
19500401 19500430   159.3
19500501 19500531   114.1
19500601 19500630    49.9
19500701 19500731   165.3
19500801 19500831     1.0
19500901 19500930     8.4
19501001 19501031    66.1
19501101 19501130   143.7
19501201 19501231    50.3
19510101 19510131   184.4
19510201 19510228     0.8
19510301 19510331     6.1
19510401 19510430     0.0
19510501 19510531     1.8
19510601 19510630    36.1
19510701 19510731     0.0
19510801 19510831     5.8
19510901 19510930     6.1
19511001 19511031    44.3
19511101 19511130     9.4
19511201 19511231    19.9
19520101 19520131     4.6
19520201 19520229    37.7
19520301 19520331    99.8
19520401 19520430   118.4
19520501 19520531    97.0
19520601 19520630    12.2
19520701 19520731     4.1
19520801 19520831     1.0
19520901 19520930     4.1
19521001 19521031    37.8
19521101 19521130    12.3
19521201 19521231    43.3
19530101 19530131   104.4
19530201 19530228    51.5
19530301 19530331     0.8
19530401 19530430     0.0
19530501 19530531    18.8
19530601 19530630     0.0
19530701 19530731     0.0
19530801 19530831    18.5
19530901 19530930     2.5
19531001 19531031    13.2
19531101 19531130     8.4
19531201 19531231     7.6
19540101 19540131   267.1
19540201 19540228   336.3
19540301 19540331    14.0
19540401 19540430    92.2
19540501 19540531     0.8
19540601 19540630    35.5
19540701 19540731    39.4
19540801 19540831    69.6
19540901 19540930     5.3
19541001 19541031    55.0
19541101 19541130     4.1
19541201 19541231    92.4
19550101 19550131   159.3
19550201 19550228   155.9
19550301 19550331   246.7
19550401 19550430   118.2
19550501 19550531   221.7
19550601 19550630     7.1
19550701 19550731    35.1
19550801 19550831     3.3
19550901 19550930     0.0
19551001 19551031    45.7
19551101 19551130     0.8
19551201 19551231    18.3
19560101 19560131   147.4
19560201 19560229   191.7
19560301 19560331   139.4
19560401 19560430    51.6
19560501 19560531    28.7
19560601 19560630    53.3
19560701 19560731    68.3
19560801 19560831     5.3
19560901 19560930    15.2
19561001 19561031    13.9
19561101 19561130    27.4
19561201 19561231   157.2
19570101 19570131    83.1
19570201 19570228    78.5
19570301 19570331    40.5
19570401 19570430     2.9
19570501 19570531     2.8
19570601 19570630    32.8
19570701 19570731    42.1
19570801 19570831     4.1
19570901 19570930     0.0
19571001 19571031    60.5
19571101 19571130    27.7
19571201 19571231    52.1
19580101 19580131    47.1
19580201 19580228    36.3
19580301 19580331    83.6
19580401 19580430    48.0
19580501 19580531     0.0
19580601 19580630   106.8
19580701 19580731     2.5
19580801 19580831     0.0
19580901 19580930     5.1
19581001 19581031    29.2
19581101 19581130    41.9
19581201 19581231   128.9
19590101 19590131   112.9
19590201 19590228     0.0
19590301 19590331    27.7
19590401 19590430    80.9
19590501 19590531    38.9
19590601 19590630     0.0
19590701 19590731     8.6
19590801 19590831     0.0
19590901 19590930     0.0
19591001 19591031     8.7
19591101 19591130    10.9
19591201 19591231    64.6
19600101 19600131    23.3
19600201 19600229   188.3
19600301 19600331    48.3
19600401 19600430     7.7
19600501 19600531    77.4
19600601 19600630    14.2
19600701 19600731    28.2
19600801 19600831    14.5
19600901 19600930    24.4
19601001 19601031     7.9
19601101 19601130    27.6
19601201 19601231   108.8
19610101 19610131    30.2
19610201 19610228   173.8
19610301 19610331    17.5
19610401 19610430    26.7
19610501 19610531     0.0
19610601 19610630     2.3
19610701 19610731    19.1
19610801 19610831     0.0
19610901 19610930     0.0
19611001 19611031    11.7
19611101 19611130    63.9
19611201 19611231    53.3
19620101 19620131   158.2
19620201 19620228    27.7
19620301 19620331    54.0
19620401 19620430    56.7
19620501 19620531    26.6
19620601 19620630    19.8
19620701 19620731    23.7
19620801 19620831     0.0
19620901 19620930    15.8
19621001 19621031    29.5
19621101 19621130    12.7
19621201 19621231   152.2
19630101 19630131    75.2
19630201 19630228    16.5
19630301 19630331   357.1
19630401 19630430    35.4
19630501 19630531     0.5
19630601 19630630     3.3
19630701 19630731     0.0
19630801 19630831    44.1
19630901 19630930     0.8
19631001 19631031    54.1
19631101 19631130    27.1
19631201 19631231    13.8
19640101 19640131    72.1
19640201 19640229    60.0
19640301 19640331    20.3
19640401 19640430    44.7
19640501 19640531    35.6
19640601 19640630     1.0
19640701 19640731     9.1
19640801 19640831    11.2
19640901 19640930    28.5
19641001 19641031    51.6
19641101 19641130    16.5
19641201 19641231    32.7
19650101 19650131    33.5
19650201 19650228    11.7
19650301 19650331    45.7
19650401 19650430    69.9
19650501 19650531     2.6
19650601 19650630     0.0
19650701 19650731     0.0
19650801 19650831     4.8
19650901 19650930     0.0
19651001 19651031     3.8
19651101 19651130     0.0
19651201 19651231   108.7
19660101 19660131   129.1
19660201 19660228    17.2
19660301 19660331    10.4
19660401 19660430     0.0
19660501 19660531     4.9
19660601 19660630    19.6
19660701 19660731     0.0
19660801 19660831   121.4
19660901 19660930    31.0
19661001 19661031     6.4
19661101 19661130    24.1
19661201 19661231     9.4
19670101 19670131    19.1
19670201 19670228    75.9
19670301 19670331    27.8
19670401 19670430     0.5
19670501 19670531     1.5
19670601 19670630    82.5
19670701 19670731     0.8
19670801 19670831     8.9
19670901 19670930     0.0
19671001 19671031     8.9
19671101 19671130    36.9
19671201 19671231    42.4
19680101 19680131    41.9
19680201 19680229   118.3
19680301 19680331     8.7
19680401 19680430    83.8
19680501 19680531    46.5
19680601 19680630     0.0
19680701 19680731    20.9
19680801 19680831     1.8
19680901 19680930     3.4
19681001 19681031    11.7
19681101 19681130     0.8
19681201 19681231    28.1
19690101 19690131    38.0
19690201 19690228    38.1
19690301 19690331    28.8
19690401 19690430     0.0
19690501 19690531    35.4
19690601 19690630    11.7
19690701 19690731     4.8
19690801 19690831     0.0
19690901 19690930     0.0
19691001 19691031    57.5
19691101 19691130     0.0
19691201 19691231   174.0
19700101 19700131    51.3
19700201 19700228    13.7
19700301 19700331    28.3
19700401 19700430     7.4
19700501 19700531     0.0
19700601 19700630     6.1
19700701 19700731     0.0
19700801 19700831     5.3
19700901 19700930    52.4
19701001 19701031    23.1
19701101 19701130    31.5
19701201 19701231    96.6
19710101 19710131    57.4
19710201 19710228    55.8
19710301 19710331    36.1
19710401 19710430    54.9
19710501 19710531     5.6
19710601 19710630     0.5
19710701 19710731    43.8
19710801 19710831    71.0
19710901 19710930    13.0
19711001 19711031    53.7
19711101 19711130    26.3
19711201 19711231    99.6
19720101 19720131    54.7
19720201 19720229    63.5
19720301 19720331    44.7
19720401 19720430     0.0
19720501 19720531    27.4
19720601 19720630     5.9
19720701 19720731     0.0
19720801 19720831     4.6
19720901 19720930     0.0
19721001 19721031    18.6
19721101 19721130    74.5
19721201 19721231    19.6
19730101 19730131   148.8
19730201 19730228   227.6
19730301 19730331   142.3
19730401 19730430    51.5
19730501 19730531    14.2
19730601 19730630     9.9
19730701 19730731     5.1
19730801 19730831     5.6
19730901 19730930    69.3
19731001 19731031     4.8
19731101 19731130   119.7
19731201 19731231    24.0
19740101 19740131   481.2
19740201 19740228     9.0
19740301 19740331    50.4
19740401 19740430    88.8
19740501 19740531    25.4
19740601 19740630     0.8
19740701 19740731     0.0
19740801 19740831    37.0
19740901 19740930    16.2
19741001 19741031    30.8
19741101 19741130    36.2
19741201 19741231    49.6
19750101 19750131   146.4
19750201 19750228   103.2
19750301 19750331   117.2
19750401 19750430     2.0
19750501 19750531     0.0
19750601 19750630     5.6
19750701 19750731    10.0
19750801 19750831    28.8
19750901 19750930     7.8
19751001 19751031    56.0
19751101 19751130     0.6
19751201 19751231    94.5
19760101 19760131    94.8
19760201 19760229    67.2
19760301 19760331    66.8
19760401 19760430     1.6
19760501 19760531    13.4
19760601 19760630     2.8
19760701 19760731    18.2
19760801 19760831     3.2
19760901 19760930    18.4
19761001 19761031     4.2
19761101 19761130    38.4
19761201 19761231   110.6
19770101 19770131   133.2
19770201 19770228   186.4
19770301 19770331    57.0
19770401 19770430     0.0
19770501 19770531   243.1
19770601 19770630     3.0
19770701 19770731    27.0
19770801 19770831     0.0
19770901 19770930     1.2
19771001 19771031     5.4
19771101 19771130     3.0
19771201 19771231    96.0
19780101 19780131   112.0
19780201 19780228    55.6
19780301 19780331    22.6
19780401 19780430     8.2
19780501 19780531    31.0
19780601 19780630    15.6
19780701 19780731   103.8
19780801 19780831   123.4
19780901 19780930    63.8
19781001 19781031    52.9
19781101 19781130    19.8
19781201 19781231   151.7
19790101 19790131    19.0
19790201 19790228   121.0
19790301 19790331    44.9
19790401 19790430    29.4
19790501 19790531     2.3
19790601 19790630    16.2
19790701 19790731     3.4
19790801 19790831     0.0
19790901 19790930     5.8
19791001 19791031    40.8
19791101 19791130     6.6
19791201 19791231    14.6
19800101 19800131   179.2
19800201 19800229   113.3
19800301 19800331   123.2
19800401 19800430    42.6
19800501 19800531    35.4
19800601 19800630     0.0
19800701 19800731    58.8
19800801 19800831     5.2
19800901 19800930     0.0
19801001 19801031    51.8
19801101 19801130    31.8
19801201 19801231    52.0
19810101 19810131   118.4
19810201 19810228    84.8
19810301 19810331    22.2
19810401 19810430    88.2
19810501 19810531    98.2
19810601 19810630    59.6
19810701 19810731    76.4
19810801 19810831     9.4
19810901 19810930     0.0
19811001 19811031    24.2
19811101 19811130    56.0
19811201 19811231    87.6
19820101 19820131    83.0
19820201 19820228    41.2
19820301 19820331    76.1
19820401 19820430     1.4
19820501 19820531     0.0
19820601 19820630     0.0
19820701 19820731     3.8
19820801 19820831     0.0
19820901 19820930     0.2
19821001 19821031     0.0
19821101 19821130    11.8
19821201 19821231    22.2
19830101 19830131    60.0
19830201 19830228     5.5
19830301 19830331    27.2
19830401 19830430   106.5
19830501 19830531   255.0
19830601 19830630    39.1
19830701 19830731     2.0
19830801 19830831    33.8
19830901 19830930     3.0
19831001 19831031     9.3
19831101 19831130    99.6
19831201 19831231    43.6
19840101 19840131   137.8
19840201 19840229    69.2
19840301 19840331    28.8
19840401 19840430     2.0
19840501 19840531     7.8
19840601 19840630     8.3
19840701 19840731   171.6
19840801 19840831     5.4
19840901 19840930    13.2
19841001 19841031    12.2
19841101 19841130    28.2
19841201 19841231    83.8
19850101 19850131    34.3
19850201 19850228    21.7
19850301 19850331     0.6
19850401 19850430    15.6
19850501 19850531     4.2
19850601 19850630    37.2
19850701 19850731    16.9
19850801 19850831    25.8
19850901 19850930     0.9
19851001 19851031    49.2
19851101 19851130   147.2
19851201 19851231    49.8
19860101 19860131    10.0
19860201 19860228    26.0
19860301 19860331     1.4
19860401 19860430     7.0
19860501 19860531     7.8
19860601 19860630    11.2
19860701 19860731    37.6
19860801 19860831    41.8
19860901 19860930     2.9
19861001 19861031    35.6
19861101 19861130    10.6
19861201 19861231    23.3
19870101 19870131   111.4
19870201 19870228    34.6
19870301 19870331    53.0
19870401 19870430     6.7
19870501 19870531    46.2
19870601 19870630    43.4
19870701 19870731     3.8
19870801 19870831     8.8
19870901 19870930     9.8
19871001 19871031    23.0
19871101 19871130    49.6
19871201 19871231    19.6
19880101 19880131     2.8
19880201 19880229    12.6
19880301 19880331     6.2
19880401 19880430    33.8
19880501 19880531    11.8
19880601 19880630     0.0
19880701 19880731    40.6
19880801 19880831    58.0
19880901 19880930     0.6
19881001 19881031     0.0
19881101 19881130     4.8
19881201 19881231    73.4
19890101 19890131    10.8
19890201 19890228   126.6
19890301 19890331    61.0
19890401 19890430    69.6
19890501 19890531    42.4
19890601 19890630    12.8
19890701 19890731    27.0
19890801 19890831     0.0
19890901 19890930     1.2
19891001 19891031    12.6
19891101 19891130    55.4
19891201 19891231    49.8
19900101 19900131     7.9
19900201 19900228    13.4
19900301 19900331   128.1
19900401 19900430   333.6
19900501 19900531    93.8
19900601 19900630    35.1
19900701 19900731     2.0
19900801 19900831     6.6
19900901 19900930     0.8
19901001 19901031     8.8
19901101 19901130    11.8
19901201 19901231    47.9
19910101 19910131   128.3
19910201 19910228   147.0
19910301 19910331     2.8
19910401 19910430     3.5
19910501 19910531     0.0
19910601 19910630     0.8
19910701 19910731     8.0
19910801 19910831     0.0
19910901 19910930     0.6
19911001 19911031     6.4
19911101 19911130     7.8
19911201 19911231    44.8
19920101 19920131    15.2
19920201 19920229   199.2
19920301 19920331    10.4
19920401 19920430    43.0
19920501 19920531    50.0
19920601 19920630     0.0
19920701 19920731     0.0
19920801 19920831    16.5
19920901 19920930    35.8
19921001 19921031    19.2
19921101 19921130    15.5
19921201 19921231    47.4
19930101 19930131    23.0
19930201 19930228    58.0
19930301 19930331     8.8
19930401 19930430     0.4
19930501 19930531     2.2
19930601 19930630     7.8
19930701 19930731    64.8
19930801 19930831    20.3
19930901 19930930    29.0
19931001 19931031    46.2
19931101 19931130    26.8
19931201 19931231    47.4
19940101 19940131    11.4
19940201 19940228    67.2
19940301 19940331   114.4
19940401 19940430     0.6
19940501 19940531     0.0
19940601 19940630     0.0
19940701 19940731     1.6
19940801 19940831     0.0
19940901 19940930     0.0
19941001 19941031    20.6
19941101 19941130    14.0
19941201 19941231     6.0
19950101 19950131    71.8
19950201 19950228   103.4
19950301 19950331     6.6
19950401 19950430     5.6
19950501 19950531     0.0
19950601 19950630     1.6
19950701 19950731     0.6
19950801 19950831     8.8
19950901 19950930    19.0
19951001 19951031    21.5
19951101 19951130    32.2
19951201 19951231    19.7
19960101 19960131   195.5
19960201 19960229    10.4
19960301 19960331    62.0
19960401 19960430     4.7
19960501 19960531     8.2
19960601 19960630     4.0
19960701 19960731    36.9
19960801 19960831    22.4
19960901 19960930    41.5
19961001 19961031    65.9
19961101 19961130    12.2
19961201 19961231    49.2
19970101 19970131   149.5
19970201 19970228   173.0
19970301 19970331    71.6
19970401 19970430     0.0
19970501 19970531    19.9
19970601 19970630     2.2
19970701 19970731     2.6
19970801 19970831    21.2
19970901 19970930    21.5
19971001 19971031    13.6
19971101 19971130    15.2
19971201 19971231   196.9
19980101 19980131    62.6
19980201 19980228    58.3
19980301 19980331     0.0
19980401 19980430    97.4
19980501 19980531    82.2
19980601 19980630    50.9
19980701 19980731    12.0
19980801 19980831    74.7
19980901 19980930    55.8
19981001 19981031    96.6
19981101 19981130    67.0
19981201 19981231    92.4
19990101 19990131    93.3
19990201 19990228    12.8
19990301 19990331    72.6
19990401 19990430    79.6
19990501 19990531    42.5
19990601 19990630     8.6
19990701 19990731     6.6
19990801 19990831     0.0
19990901 19990930     0.4
19991001 19991031    49.4
19991101 19991130   126.5
19991201 19991231    38.4
20000101 20000131    55.2
20000201 20000229   130.4
20000301 20000331    32.4
20000401 20000430    63.4
20000501 20000531    76.8
20000601 20000630    24.0
20000701 20000731     3.6
20000801 20000831    10.4
20000901 20000930     2.2
20001001 20001031    13.6
20001101 20001130   247.9
20001201 20001231   190.7
20010101 20010131    73.0
20010201 20010228    49.0
20010301 20010331    40.4
20010401 20010430    23.0
20010501 20010531     0.0
20010601 20010630     3.6
20010701 20010731    37.7
20010801 20010831     0.0
20010901 20010930     5.4
20011001 20011031    16.8
20011101 20011130   162.1
20011201 20011231   122.2
20020101 20020131    86.9
20020201 20020228    28.0
20020301 20020331    18.0
20020401 20020430    12.6
20020501 20020531     0.0
20020601 20020630     0.4
20020701 20020731     0.0
20020801 20020831    20.4
20020901 20020930     0.0
20021001 20021031     0.0
20021101 20021130     1.2
20021201 20021231     8.2
20030101 20030131     8.2
20030201 20030228   166.0
20030301 20030331    19.4
20030401 20030430    10.6
20030501 20030531     0.4
20030601 20030630     2.8
20030701 20030731     4.2
20030801 20030831    10.0
20030901 20030930     0.0
20031001 20031031    27.3
20031101 20031130     4.4
20031201 20031231    80.8
20040101 20040131   227.1
20040201 20040229    54.6
20040301 20040331     0.0
20040401 20040430    33.4
20040501 20040531     0.8
20040601 20040630     0.0
20040701 20040731     0.0
20040801 20040831     6.7
20040901 20040930    19.4
20041001 20041031     3.8
20041101 20041130    74.2
20041201 20041231    93.8
20050101 20050131    45.8
20050201 20050228    57.4
20050301 20050331     9.6
20050401 20050430     0.0
20050501 20050531    20.6
20050601 20050630   119.2
20050701 20050731     0.2
20050801 20050831     6.2
20050901 20050930    20.2
20051001 20051031    80.8
20051101 20051130    19.2
20051201 20051231    17.8
20060101 20060131    47.4
20060201 20060228    53.0
20060301 20060331    33.2
20060401 20060430    98.0
20060501 20060531    10.2
20060601 20060630     0.6
20060701 20060731    19.8
20060801 20060831     5.6
20060901 20060930     4.2
20061001 20061031     2.0
20061101 20061130    23.2
20061201 20061231    69.9
20070101 20070131   107.2
20070201 20070228    52.5
20070301 20070331    55.5
20070401 20070430     3.8
20070501 20070531     3.5
20070601 20070630    93.4
20070701 20070731     0.0
20070801 20070831    17.2
20070901 20070930     2.4
20071001 20071031     6.8
20071101 20071130   158.3
20071201 20071231   196.6
20080101 20080131    82.0
20080201 20080229    42.0
20080301 20080331     6.6
20080401 20080430     0.0
20080501 20080531    18.2
20080601 20080630    21.4
20080701 20080731    46.4
20080801 20080831     0.0
20080901 20080930    76.7
20081001 20081031    50.2
20081101 20081130    43.8
20081201 20081231    26.6
20090101 20090131   109.4
20090201 20090228   130.1
20090301 20090331    16.9
20090401 20090430    24.9
20090501 20090531     3.1
20090601 20090630    11.0
20090701 20090731     0.0
20090801 20090831     0.2
20090901 20090930    10.1
20091001 20091031    27.1
20091101 20091130    34.9
20091201 20091231   144.2
20100101 20100131   268.9
20100201 20100228   210.5
20100301 20100331    39.5
20100401 20100430    22.6
20100501 20100531    14.9
20100601 20100630     4.8
20100701 20100731    17.0
20100801 20100831    48.9
20100901 20100930   152.6
20101001 20101031    41.1
20101101 20101130   285.3
20101201 20101231   227.7
20110101 20110131    29.6
20110201 20110228    19.6
20110301 20110331   136.5
20110401 20110430    52.7
20110501 20110531     1.8
20110601 20110630    32.2
20110701 20110731     2.0
20110801 20110831     0.0
20110901 20110930     0.1
20111001 20111031     6.8
20111101 20111130    80.1
20111201 20111231    63.2
20120101 20120131   188.4
20120201 20120229    89.2
20120301 20120331    95.1
20120401 20120430     5.8
20120501 20120531    62.0
20120601 20120630    56.4
20120701 20120731    34.8
20120801 20120831     0.0
20120901 20120930     8.2
20121001 20121031    21.2
20121101 20121130     8.4
20121201 20121231    54.4
20130101 20130131    25.4
20130201 20130228    61.2
20130301 20130331    50.6
20130401 20130430    14.4
20130501 20130531    14.9
20130601 20130630     2.5
20130701 20130731     2.8
20130801 20130831     0.0
20130901 20130930     0.8
20131001 20131031     4.0
20131101 20131130     7.0
20131201 20131231     3.6
20140101 20140131   100.2
20140201 20140228   252.5
20140301 20140331     5.1
20140401 20140430     0.8
20140501 20140531     0.0
20140601 20140630    19.4
20140701 20140731     0.6
20140801 20140831    51.5
20140901 20140930    25.6
20141001 20141031     9.2
20141101 20141130    10.6
20141201 20141231   105.6
20150101 20150131    66.3
20150201 20150228    28.4
20150301 20150331   104.7
20150401 20150430    10.9
20150501 20150531     1.6
20150601 20150630    45.4
20150701 20150731     0.0
20150801 20150831     4.2
20150901 20150930     0.8
20151001 20151031    58.6
20151101 20151130   118.4
20151201 20151231    27.0
20160101 20160131    38.8
20160201 20160229    79.7
20160301 20160331    29.4
20160401 20160430     1.8
20160501 20160531     0.8
20160601 20160630   159.4
20160701 20160731    42.7
20160801 20160831    40.9
20160901 20160930   151.6
20161001 20161031     5.1
20161101 20161130    40.9
20161201 20161231    33.8
20170101 20170131    66.6
20170201 20170228    68.0
20170301 20170331    16.0
20170401 20170430     0.0
20170501 20170531     7.0
20170601 20170630     0.0
20170701 20170731    17.0
20170801 20170831     0.0
20170901 20170930     0.0
20171001 20171031    12.4
20171101 20171130    20.8
20171201 20171231    23.0
20180101 20180131    23.4
