PRCP       003023 19030101 20110131 missing_value=99999.9 ROEBUCK PLAINS                            
19030101 19030131    56.4
19030201 19030228   121.9
19030301 19030331    68.3
19030401 19030430    82.8
19030501 19030531     1.3
19030601 19030630     0.0
19030701 19030731     0.0
19030801 19030831     0.0
19030901 19030930     0.0
19031001 19031031     5.3
19031101 19031130     0.0
19031201 19031231   113.0
19040101 19040131   135.1
19040201 19040229   115.6
19040301 19040331   176.5
19040401 19040430   139.7
19040501 19040531    11.4
19040601 19040630    16.3
19040701 19040731     3.3
19040801 19040831     0.0
19040901 19040930     0.0
19041001 19041031     5.1
19041101 19041130    20.1
19041201 19041231    98.0
19050101 19050131    37.1
19050201 19050228   113.3
19050301 19050331    12.2
19050401 19050430     9.4
19050501 19050531    22.9
19050601 19050630    16.0
19050701 19050731     9.4
19050801 19050831    16.5
19050901 19050930     5.1
19051001 19051031     0.0
19051101 19051130     6.4
19051201 19051231    51.6
19060101 19060131   102.4
19060201 19060228    88.6
19060301 19060331     5.6
19060401 19060430    15.0
19060501 19060531     0.0
19060601 19060630     0.0
19060701 19060731     0.0
19060801 19060831     9.4
19060901 19060930     0.0
19061001 19061031     0.0
19061101 19061130     0.0
19061201 19061231   324.6
19070101 19070131   235.2
19070201 19070228   123.5
19070301 19070331   149.1
19070401 19070430     0.0
19070501 19070531     0.0
19070601 19070630    42.4
19070701 19070731    15.0
19070801 19070831     0.0
19070901 19070930     0.0
19071001 19071031     0.0
19071101 19071130     0.0
19071201 19071231    72.3
19080101 19080131   110.2
19080201 19080229   127.3
19080301 19080331    40.1
19080401 19080430   152.4
19080501 19080531     0.0
19080601 19080630     0.0
19080701 19080731    16.5
19080801 19080831     0.0
19080901 19080930     0.0
19081001 19081031     0.0
19081101 19081130    11.4
19081201 19081231   213.8
19090101 19090131    29.8
19090201 19090228    95.1
19090301 19090331    21.6
19090401 19090430   147.9
19090501 19090531     3.0
19090601 19090630    28.2
19090701 19090731     0.0
19090801 19090831     0.0
19090901 19090930     0.0
19091001 19091031     0.0
19091101 19091130   103.3
19091201 19091231    67.8
19100101 19100131    78.5
19100201 19100228   159.5
19100301 19100331     0.0
19100401 19100430     0.0
19100501 19100531     0.0
19100601 19100630     0.0
19100701 19100731     0.0
19100801 19100831     0.0
19100901 19100930     0.0
19101001 19101031     0.0
19101101 19101130   256.8
19101201 19101231     0.0
19110101 19110131    54.6
19110201 19110228    62.7
19110301 19110331     2.5
19110401 19110430    29.2
19110501 19110531     0.0
19110601 19110630    49.0
19110701 19110731     0.0
19110801 19110831     0.0
19110901 19110930     0.0
19111001 19111031     0.0
19111101 19111130     0.0
19111201 19111231   117.9
19120101 19120131   117.2
19120201 19120229   238.1
19120301 19120331   265.5
19120401 19120430     0.0
19120501 19120531     0.0
19120601 19120630     0.0
19120701 19120731     0.0
19120801 19120831     0.0
19120901 19120930     0.0
19121001 19121031     0.0
19121101 19121130     6.4
19121201 19121231    12.7
19130101 19130131    55.1
19130201 19130228    31.2
19130301 19130331   167.7
19130401 19130430    10.7
19130501 19130531     0.0
19130601 19130630     0.0
19130701 19130731     0.0
19130801 19130831     0.0
19130901 19130930     8.1
19131001 19131031     0.0
19131101 19131130     0.0
19131201 19131231    33.5
19140101 19140131   366.5
19140201 19140228    31.8
19140301 19140331    55.2
19140401 19140430    80.1
19140501 19140531    70.9
19140601 19140630     0.0
19140701 19140731     0.0
19140801 19140831     6.4
19140901 19140930     5.8
19141001 19141031     0.0
19141101 19141130    29.2
19141201 19141231   240.0
19150101 19150131   165.7
19150201 19150228   184.2
19150301 19150331    76.2
19150401 19150430    18.8
19150501 19150531    86.7
19150601 19150630    57.6
19150701 19150731     0.0
19150801 19150831     0.0
19150901 19150930     0.0
19151001 19151031     0.0
19151101 19151130    17.8
19151201 19151231    62.3
19160101 19160131    65.0
19160201 19160229   120.6
19160301 19160331   318.8
19160401 19160430     0.0
19160501 19160531     0.0
19160601 19160630     4.6
19160701 19160731     0.0
19160801 19160831     0.0
19160901 19160930     0.0
19161001 19161031     8.9
19161101 19161130    81.3
19161201 19161231   108.7
19170101 19170131  1321.7
19170201 19170228    13.5
19170301 19170331    97.1
19170401 19170430     0.0
19170501 19170531     0.0
19170601 19170630     0.0
19170701 19170731     0.0
19170801 19170831     0.0
19170901 19170930     0.0
19171001 19171031     0.0
19171101 19171130     0.0
19171201 19171231   150.1
19180101 19180131   132.1
19180201 19180228   305.7
19180301 19180331     0.0
19180401 19180430     0.0
19180501 19180531     0.0
19180601 19180630     0.0
19180701 19180731    28.5
19180801 19180831     5.6
19180901 19180930     0.0
19181001 19181031     0.0
19181101 19181130     0.0
19181201 19181231    78.6
19190101 19190131    60.2
19190201 19190228   152.9
19190301 19190331    11.1
19190401 19190430    36.8
19190501 19190531     6.1
19190601 19190630     0.0
19190701 19190731     0.0
19190801 19190831    35.8
19190901 19190930     0.0
19191001 19191031     0.0
19191101 19191130    13.0
19191201 19191231   181.0
19200101 19200131   201.5
19200201 19200229    78.0
19200301 19200331    99.1
19200401 19200430   192.3
19200501 19200531     0.0
19200601 19200630     0.0
19200701 19200731     0.0
19200801 19200831     0.0
19200901 19200930    32.3
19201001 19201031     0.0
19201101 19201130    19.0
19201201 19201231   240.2
19210101 19210131    86.1
19210201 19210228   151.1
19210301 19210331    87.1
19210401 19210430     0.0
19210501 19210531    20.9
19210601 19210630     0.0
19210701 19210731     0.0
19210801 19210831     0.0
19210901 19210930     0.0
19211001 19211031     0.0
19211101 19211130     0.0
19211201 19211231     9.8
19220101 19220131    35.3
19220201 19220228   324.5
19220301 19220331    29.0
19220401 19220430     7.9
19220501 19220531     2.0
19220601 19220630    36.4
19220701 19220731     0.0
19220801 19220831     0.0
19220901 19220930     0.0
19221001 19221031    15.7
19221101 19221130     5.8
19221201 19221231   138.1
19230101 19230131    85.7
19230201 19230228    65.8
19230301 19230331    69.7
19230401 19230430    47.5
19230501 19230531     2.8
19230601 19230630    74.7
19230701 19230731     2.5
19230801 19230831     0.0
19230901 19230930     0.0
19231001 19231031     0.0
19231101 19231130    22.6
19231201 19231231     5.8
19240101 19240131    47.6
19240201 19240229    45.4
19240301 19240331     1.3
19240401 19240430    17.8
19240501 19240531     0.0
19240601 19240630     0.0
19240701 19240731     0.0
19240801 19240831     0.0
19240901 19240930     0.0
19241001 19241031     0.0
19241101 19241130     0.0
19241201 19241231     6.4
19250101 19250131   221.8
19250201 19250228    76.7
19250301 19250331   284.7
19250401 19250430     0.5
19250501 19250531     0.0
19250601 19250630     0.0
19250701 19250731    24.1
19250801 19250831     0.0
19250901 19250930     0.0
19251001 19251031     0.0
19251101 19251130    13.0
19251201 19251231    34.8
19260101 19260131   323.4
19260201 19260228    91.6
19260301 19260331   122.1
19260401 19260430   183.0
19260501 19260531    22.8
19260601 19260630     0.0
19260701 19260731     0.0
19260801 19260831     0.0
19260901 19260930     0.0
19261001 19261031     3.1
19261101 19261130     9.1
19261201 19261231   272.7
19270101 19270131   438.5
19270201 19270228   137.1
19270301 19270331   135.6
19270401 19270430     0.0
19270501 19270531     0.0
19270601 19270630    22.1
19270701 19270731     0.0
19270801 19270831     0.0
19270901 19270930     9.7
19271001 19271031     0.0
19271101 19271130     6.1
19271201 19271231    22.7
19280101 19280131    78.0
19280201 19280229   142.3
19280301 19280331    85.1
19280401 19280430    46.0
19280501 19280531     0.0
19280601 19280630     0.0
19280701 19280731     0.0
19280801 19280831     0.0
19280901 19280930     0.0
19281001 19281031     0.0
19281101 19281130     0.0
19281201 19281231   205.4
19290101 19290131    65.8
19290201 19290228   219.2
19290301 19290331   177.1
19290401 19290430     0.0
19290501 19290531     0.0
19290601 19290630    31.0
19290701 19290731     0.0
19290801 19290831     0.0
19290901 19290930     0.0
19291001 19291031     0.0
19291101 19291130     0.0
19291201 19291231     0.0
19300101 19300131    38.8
19300201 19300228   162.4
19300301 19300331    35.9
19300401 19300430    28.6
19300501 19300531    11.4
19300601 19300630     0.0
19300701 19300731     0.0
19300801 19300831     0.0
19300901 19300930     0.0
19301001 19301031     0.0
19301101 19301130     0.0
19301201 19301231   225.0
19310101 19310131   503.3
19310201 19310228     0.0
19310301 19310331    29.2
19310401 19310430     0.0
19310501 19310531     0.0
19310601 19310630   218.5
19310701 19310731     0.0
19310801 19310831     0.0
19310901 19310930     0.0
19311001 19311031     0.0
19311101 19311130     0.0
19311201 19311231    62.2
19320101 19320131   358.7
19320201 19320229   649.7
19320301 19320331     0.0
19320401 19320430     0.0
19320501 19320531    39.1
19320601 19320630     0.0
19320701 19320731     0.0
19320801 19320831     0.0
19320901 19320930     0.0
19321001 19321031     0.0
19321101 19321130     0.0
19321201 19321231   166.4
19330101 19330131    24.4
19330201 19330228   104.1
19330301 19330331   183.2
19330401 19330430     0.0
19330501 19330531    67.3
19330601 19330630     0.0
19330701 19330731     0.0
19330801 19330831     0.0
19330901 19330930     0.0
19331001 19331031     0.0
19331101 19331130    23.9
19331201 19331231    63.8
19340101 19340131   160.0
19340201 19340228   163.5
19340301 19340331   267.0
19340401 19340430    48.5
19340501 19340531     0.0
19340601 19340630     0.0
19340701 19340731     0.0
19340801 19340831     0.0
19340901 19340930     0.0
19341001 19341031     0.0
19341101 19341130     0.0
19341201 19341231    96.0
19350101 19350131    69.0
19350201 19350228   123.7
19350301 19350331   350.3
19350401 19350430     0.0
19350501 19350531     0.0
19350601 19350630     0.0
19350701 19350731     0.0
19350801 19350831     0.0
19350901 19350930     0.0
19351001 19351031     0.0
19351101 19351130     0.0
19351201 19351231    49.5
19360101 19360131   196.8
19360201 19360229    97.5
19360301 19360331     4.8
19360401 19360430     0.0
19360501 19360531     0.0
19360601 19360630     0.0
19360701 19360731     0.0
19360801 19360831     0.0
19360901 19360930     0.0
19361001 19361031     0.0
19361101 19361130    19.6
19361201 19361231    28.2
19370101 19370131   217.0
19370201 19370228    71.9
19370301 19370331    36.7
19370401 19370430     0.0
19370501 19370531     0.0
19370601 19370630    20.0
19370701 19370731     0.0
19370801 19370831     0.0
19370901 19370930     0.0
19371001 19371031     0.0
19371101 19371130    34.3
19371201 19371231   122.9
19380101 19380131    83.4
19380201 19380228    30.5
19380301 19380331     3.6
19380401 19380430     8.9
19380501 19380531     0.0
19380601 19380630    55.4
19380701 19380731     0.0
19380801 19380831     0.0
19380901 19380930     0.0
19381001 19381031     0.0
19381101 19381130    60.6
19381201 19381231    97.6
19390101 19390131   147.8
19390201 19390228   209.0
19390301 19390331    22.2
19390401 19390430    71.9
19390501 19390531     0.0
19390601 19390630    33.6
19390701 19390731    41.7
19390801 19390831     0.0
19390901 19390930     0.0
19391001 19391031     0.0
19391101 19391130     0.0
19391201 19391231    60.0
19400101 19400131   498.9
19400201 19400229   101.0
19400301 19400331   125.7
19400401 19400430    95.5
19400501 19400531     0.0
19400601 19400630     0.0
19400701 19400731     0.0
19400801 19400831     0.0
19400901 19400930     0.0
19401001 19401031     0.0
19401101 19401130     2.8
19401201 19401231    94.5
19410101 19410131    52.5
19410201 19410228    40.6
19410301 19410331    98.2
19410401 19410430    13.8
19410501 19410531    44.6
19410601 19410630    49.8
19410701 19410731     0.0
19410801 19410831     0.0
19410901 19410930     0.0
19411001 19411031     0.0
19411101 19411130    15.7
19411201 19411231   109.5
19420101 19420131   333.3
19420201 19420228   403.2
19420301 19420331   135.7
19420401 19420430     0.0
19420501 19420531     0.0
19420601 19420630     0.0
19420701 19420731     0.0
19420801 19420831     0.0
19420901 19420930     0.0
19421001 19421031     0.0
19421101 19421130    38.4
19421201 19421231   108.6
19430101 19430131   165.2
19430201 19430228   158.5
19430301 19430331   382.0
19430401 19430430    55.6
19430501 19430531     0.0
19430601 19430630     0.0
19430701 19430731     0.0
19430801 19430831     0.0
19430901 19430930     0.0
19431001 19431031     0.0
19431101 19431130    43.2
19431201 19431231    49.1
19440101 19440131    29.7
19440201 19440229    40.5
19440301 19440331   141.5
19440401 19440430    22.9
19440501 19440531     0.0
19440601 19440630     0.0
19440701 19440731     0.0
19440801 19440831     0.0
19440901 19440930     0.0
19441001 19441031     0.0
19441101 19441130    17.8
19441201 19441231    62.0
19450101 19450131   121.4
19450201 19450228   105.1
19450301 19450331   205.8
19450401 19450430     0.0
19450501 19450531     0.0
19450601 19450630     8.9
19450701 19450731     0.0
19450801 19450831     0.0
19450901 19450930     0.0
19451001 19451031     6.4
19451101 19451130     0.0
19451201 19451231    98.3
19460101 19460131   141.6
19460201 19460228   181.6
19460301 19460331    33.8
19460401 19460430     0.0
19460501 19460531     0.0
19460601 19460630     0.0
19460701 19460731     0.0
19460801 19460831     0.0
19460901 19460930     0.0
19461001 19461031     0.0
19461101 19461130     0.0
19461201 19461231     5.1
19470101 19470131   127.3
19470201 19470228   158.5
19470301 19470331   265.6
19470401 19470430     0.0
19470501 19470531     0.0
19470601 19470630     3.3
19470701 19470731     2.5
19470801 19470831    17.4
19470901 19470930     0.0
19471001 19471031     0.0
19471101 19471130     2.8
19471201 19471231    69.2
19480101 19480131    50.1
19480201 19480229   144.0
19480301 19480331   151.7
19480401 19480430   265.4
19480501 19480531     0.0
19480601 19480630     0.0
19480701 19480731     0.0
19480801 19480831     0.0
19480901 19480930     0.0
19481001 19481031     0.0
19481101 19481130     0.0
19481201 19481231    23.6
19490101 19490131    30.7
19490201 19490228   157.2
19490301 19490331    23.8
19490401 19490430     3.0
19490501 19490531   108.6
19490601 19490630     2.4
19490701 19490731     0.0
19490801 19490831     0.3
19490901 19490930     0.1
19491001 19491031     0.1
19491101 19491130     1.8
19491201 19491231   139.9
19500101 19500131   161.4
19500201 19500228   143.2
19500301 19500331    18.8
19500401 19500430     5.3
19500501 19500531    67.0
19500601 19500630    12.7
19500701 19500731     0.0
19500801 19500831     0.0
19500901 19500930     0.0
19501001 19501031     0.0
19501101 19501130     4.8
19501201 19501231    23.9
19510101 19510131    10.6
19510201 19510228   187.4
19510301 19510331    64.2
19510401 19510430    24.4
19510501 19510531     0.0
19510601 19510630    73.4
19510701 19510731     0.0
19510801 19510831     0.0
19510901 19510930     0.0
19511001 19511031     0.0
19511101 19511130     8.4
19511201 19511231    19.8
19520101 19520131   211.9
19520201 19520229    55.8
19520301 19520331     7.6
19520401 19520430     2.5
19520501 19520531    46.6
19520601 19520630     3.7
19520701 19520731     0.2
19520801 19520831     0.0
19520901 19520930     0.1
19521001 19521031     0.0
19521101 19521130     0.1
19521201 19521231    13.6
19530101 19530131   148.2
19530201 19530228    25.8
19530301 19530331    39.1
19530401 19530430    41.6
19530501 19530531     6.8
19530601 19530630     3.9
19530701 19530731     0.0
19530801 19530831     0.3
19530901 19530930     0.9
19531001 19531031     0.6
19531101 19531130     8.2
19531201 19531231    33.5
19540101 19540131   266.5
19540201 19540228    33.4
19540301 19540331    46.8
19540401 19540430   236.4
19540501 19540531     0.1
19540601 19540630    38.1
19540701 19540731     0.8
19540801 19540831     0.3
19540901 19540930     0.1
19541001 19541031     6.4
19541101 19541130     1.0
19541201 19541231    61.9
19550101 19550131   144.3
19550201 19550228   233.6
19550301 19550331    40.5
19550401 19550430    36.7
19550501 19550531    76.0
19550601 19550630    54.8
19550701 19550731     8.4
19550801 19550831     0.0
19550901 19550930     0.9
19551001 19551031     0.6
19551101 19551130    54.6
19551201 19551231    21.8
19560101 19560131    77.9
19560201 19560229   371.2
19560301 19560331    16.3
19560401 19560430     1.4
19560501 19560531    19.7
19560601 19560630    17.8
19560701 19560731    30.9
19560801 19560831     0.6
19560901 19560930     5.5
19561001 19561031     0.0
19561101 19561130     0.0
19561201 19561231     3.3
19570101 19570131    95.8
19570201 19570228   213.9
19570301 19570331    46.5
19570401 19570430     0.7
19570501 19570531    19.6
19570601 19570630    36.2
19570701 19570731    14.0
19570801 19570831     0.1
19570901 19570930     0.0
19571001 19571031     0.1
19571101 19571130     7.8
19571201 19571231   121.7
19580101 19580131    43.1
19580201 19580228    36.8
19580301 19580331    70.0
19580401 19580430     9.2
19580501 19580531     1.1
19580601 19580630     3.8
19580701 19580731     1.8
19580801 19580831     0.0
19580901 19580930     0.7
19581001 19581031     0.1
19581101 19581130     5.8
19581201 19581231    18.2
19590101 19590131    40.0
19590201 19590228    31.7
19590301 19590331    13.6
19590401 19590430    10.3
19590501 19590531    27.1
19590601 19590630     0.4
19590701 19590731     0.2
19590801 19590831     0.0
19590901 19590930     0.0
19591001 19591031     0.4
19591101 19591130     0.3
19591201 19591231    16.0
19600101 19600131    57.2
19600201 19600229   203.3
19600301 19600331    31.2
19600401 19600430    19.1
19600501 19600531    82.1
19600601 19600630     0.0
19600701 19600731     0.0
19600801 19600831     0.0
19600901 19600930     0.0
19601001 19601031     0.0
19601101 19601130     0.0
19601201 19601231    48.0
19610101 19610131    31.7
19610201 19610228   201.1
19610301 19610331    71.4
19610401 19610430     0.0
19610501 19610531     0.0
19610601 19610630     0.0
19610701 19610731     0.0
19610801 19610831     0.0
19610901 19610930     0.0
19611001 19611031     6.4
19611101 19611130    15.0
19611201 19611231     4.3
19620101 19620131   340.7
19620201 19620228   572.2
19620301 19620331     6.4
19620401 19620430     0.0
19620501 19620531    16.5
19620601 19620630     0.0
19620701 19620731     0.0
19620801 19620831     0.0
19620901 19620930     0.0
19621001 19621031     0.0
19621101 19621130    10.2
19621201 19621231    49.8
19630101 19630131   248.4
19630201 19630228   151.5
19630301 19630331    24.9
19630401 19630430     0.0
19630501 19630531    31.7
19630601 19630630     2.8
19630701 19630731     0.0
19630801 19630831     0.0
19630901 19630930     0.0
19631001 19631031     0.0
19631101 19631130     0.0
19631201 19631231    60.7
19640101 19640131   520.9
19640201 19640229    32.8
19640301 19640331    35.8
19640401 19640430     0.0
19640501 19640531    86.4
19640601 19640630     0.0
19640701 19640731     0.0
19640801 19640831     0.0
19640901 19640930     0.0
19641001 19641031     0.0
19641101 19641130     0.0
19641201 19641231    58.4
19650101 19650131    25.4
19650201 19650228    54.4
19650301 19650331   225.5
19650401 19650430     0.0
19650501 19650531     0.0
19650601 19650630     8.2
19650701 19650731     0.0
19650801 19650831     0.0
19650901 19650930     0.0
19651001 19651031    12.7
19651101 19651130     0.0
19651201 19651231    19.8
19660101 19660131   112.6
19660201 19660228    88.6
19660301 19660331    56.9
19660401 19660430    21.9
19660501 19660531    31.3
19660601 19660630    78.0
19660701 19660731     0.0
19660801 19660831     0.0
19660901 19660930     0.0
19661001 19661031     0.0
19661101 19661130     0.0
19661201 19661231     8.9
19670101 19670131   220.5
19670201 19670228   341.4
19670301 19670331    89.6
19670401 19670430     0.0
19670501 19670531     0.0
19670601 19670630     0.0
19670701 19670731     0.0
19670801 19670831     0.0
19670901 19670930     0.0
19671001 19671031    14.0
19671101 19671130    38.4
19671201 19671231    30.7
19680101 19680131   142.2
19680201 19680229   129.8
19680301 19680331   337.4
19680401 19680430    17.5
19680501 19680531   117.6
19680601 19680630   208.6
19680701 19680731    11.4
19680801 19680831     0.0
19680901 19680930     0.0
19681001 19681031     0.0
19681101 19681130     0.0
19681201 19681231    16.0
19690101 19690131   175.2
19690201 19690228   182.6
19690301 19690331     2.8
19690401 19690430     0.0
19690501 19690531    57.4
19690601 19690630     0.0
19690701 19690731     0.0
19690801 19690831     0.0
19690901 19690930     0.0
19691001 19691031     0.0
19691101 19691130     0.0
19691201 19691231     0.0
19700101 19700131    11.7
19700201 19700228    97.5
19700301 19700331    14.5
19700401 19700430    82.8
19700501 19700531    27.1
19700601 19700630     0.0
19700701 19700731     0.0
19700801 19700831     0.0
19700901 19700930     0.0
19701001 19701031     0.0
19701101 19701130    47.8
19701201 19701231   349.0
19710101 19710131    66.0
19710201 19710228   165.7
19710301 19710331   145.5
19710401 19710430    45.7
19710501 19710531     4.1
19710601 19710630    15.8
19710701 19710731     0.0
19710801 19710831     0.0
19710901 19710930     0.0
19711001 19711031     0.0
19711101 19711130     0.0
19711201 19711231   127.0
19720101 19720131    12.1
19720201 19720229    52.8
19720301 19720331   115.8
19720401 19720430    16.3
19720501 19720531     0.0
19720601 19720630     0.0
19720701 19720731     0.0
19720801 19720831     0.0
19720901 19720930     0.0
19721001 19721031     0.0
19721101 19721130     4.8
19721201 19721231    49.5
19730101 19730131   332.9
19730201 19730228     7.6
19730301 19730331   152.4
19730401 19730430    64.1
19730501 19730531    12.4
19730601 19730630    43.0
19730701 19730731     2.5
19730801 19730831     0.0
19730901 19730930     0.0
19731001 19731031     0.0
19731101 19731130     2.0
19731201 19731231   112.1
19740101 19740131   974.5
19740201 19740228    93.4
19740301 19740331    73.8
19740401 19740430    68.1
19740501 19740531    70.6
19740601 19740630     0.0
19740701 19740731     0.0
19740801 19740831    18.0
19740901 19740930    52.2
19741001 19741031     0.0
19741101 19741130     9.8
19741201 19741231    94.6
19750101 19750131    74.6
19750201 19750228   163.4
19750301 19750331    20.8
19750401 19750430     0.0
19750501 19750531     0.0
19750601 19750630    18.0
19750701 19750731     0.0
19750801 19750831     0.0
19750901 19750930     0.0
19751001 19751031    50.0
19751101 19751130     4.2
19751201 19751231   115.0
19760101 19760131   474.0
19760201 19760229   225.6
19760301 19760331   149.2
19760401 19760430     1.4
19760501 19760531     1.4
19760601 19760630     3.9
19760701 19760731     0.8
19760801 19760831     2.8
19760901 19760930     0.0
19761001 19761031     0.0
19761101 19761130     0.0
19761201 19761231    34.2
19770101 19770131    70.6
19770201 19770228   141.4
19770301 19770331   105.8
19770401 19770430     7.2
19770501 19770531    14.4
19770601 19770630     0.0
19770701 19770731     0.0
19770801 19770831     0.0
19770901 19770930     0.0
19771001 19771031     0.0
19771101 19771130     0.0
19771201 19771231    68.8
19780101 19780131   696.4
19780201 19780228   197.2
19780301 19780331   117.8
19780401 19780430    13.0
19780501 19780531    60.4
19780601 19780630    11.6
19780701 19780731    14.4
19780801 19780831    20.2
19780901 19780930     0.0
19781001 19781031     0.0
19781101 19781130    28.4
19781201 19781231     1.2
19790101 19790131    15.0
19790201 19790228   113.8
19790301 19790331   160.6
19790401 19790430    15.0
19790501 19790531    60.6
19790601 19790630     0.0
19790701 19790731     0.0
19790801 19790831     0.0
19790901 19790930     0.0
19791001 19791031     9.0
19791101 19791130     2.6
19791201 19791231   127.0
19800101 19800131   105.1
19800201 19800229   321.4
19800301 19800331    38.2
19800401 19800430    29.2
19800501 19800531    27.2
19800601 19800630     0.0
19800701 19800731     0.0
19800801 19800831     0.0
19800901 19800930     0.0
19801001 19801031     0.0
19801101 19801130     0.0
19801201 19801231     0.0
19810101 19810131   547.0
19810201 19810228   478.6
19810301 19810331   164.0
19810401 19810430     0.0
19810501 19810531     0.0
19810601 19810630     0.0
19810701 19810731     0.0
19810801 19810831     0.0
19810901 19810930     0.0
19811001 19811031     0.0
19811101 19811130     0.0
19811201 19811231    92.0
19820101 19820131   673.0
19820201 19820228   228.9
19820301 19820331   164.2
19820401 19820430     0.0
19820501 19820531     0.0
19820601 19820630     0.0
19820701 19820731     0.0
19820801 19820831     0.0
19820901 19820930     0.0
19821001 19821031     0.0
19821101 19821130     0.0
19821201 19821231    38.6
19830101 19830131    56.7
19830201 19830228    81.6
19830301 19830331   107.0
19830401 19830430    51.0
19830501 19830531     0.0
19830601 19830630     0.0
19830701 19830731     0.0
19830801 19830831     0.0
19830901 19830930     0.0
19831001 19831031     0.0
19831101 19831130    46.6
19831201 19831231    26.8
19840101 19840131   137.8
19840201 19840229   127.0
19840301 19840331   218.2
19840401 19840430     0.0
19840501 19840531     0.0
19840601 19840630     0.0
19840701 19840731     0.0
19840801 19840831     0.0
19840901 19840930    61.4
19841001 19841031     0.0
19841101 19841130     0.0
19841201 19841231    88.5
19850101 19850131    70.2
19850201 19850228    93.1
19850301 19850331    97.2
19850401 19850430    40.0
19850501 19850531     0.0
19850601 19850630     0.0
19850701 19850731     0.0
19850801 19850831     0.0
19850901 19850930     0.0
19851001 19851031     0.0
19851101 19851130     0.0
19851201 19851231    54.0
19860101 19860131   147.6
19860201 19860228    45.0
19860301 19860331    22.8
19860401 19860430    12.0
19860501 19860531     0.0
19860601 19860630    39.5
19860701 19860731     0.0
19860801 19860831     0.0
19860901 19860930     0.0
19861001 19861031     0.0
19861101 19861130     0.0
19861201 19861231     0.0
19870101 19870131   237.2
19870201 19870228   263.4
19870301 19870331     0.0
19870401 19870430    16.2
19870501 19870531     0.0
19870601 19870630     0.0
19870701 19870731     8.0
19870801 19870831     0.0
19870901 19870930     0.0
19871001 19871031     0.0
19871101 19871130     0.0
19871201 19871231    56.0
19880101 19880131     5.4
19880201 19880229   154.0
19880301 19880331    99.4
19880401 19880430     0.0
19880501 19880531    65.0
19880601 19880630     0.0
19880701 19880731     0.0
19880801 19880831     0.0
19880901 19880930     0.0
19881001 19881031     0.0
19881101 19881130    75.0
19881201 19881231   124.2
19890101 19890131    36.2
19890201 19890228    72.4
19890301 19890331   204.8
19890401 19890430    16.4
19890501 19890531 99999.9
19890601 19890630 99999.9
19890701 19890731 99999.9
19890801 19890831 99999.9
19890901 19890930 99999.9
19891001 19891031 99999.9
19891101 19891130 99999.9
19891201 19891231 99999.9
19900101 19900131   129.0
19900201 19900228    18.2
19900301 19900331    29.4
19900401 19900430     0.0
19900501 19900531     0.0
19900601 19900630     0.0
19900701 19900731     0.0
19900801 19900831     0.0
19900901 19900930     0.0
19901001 19901031     0.0
19901101 19901130    12.0
19901201 19901231    18.8
19910101 19910131   245.3
19910201 19910228   492.0
19910301 19910331    36.6
19910401 19910430     4.0
19910501 19910531     0.0
19910601 19910630    49.4
19910701 19910731     0.0
19910801 19910831     0.0
19910901 19910930     0.0
19911001 19911031     0.0
19911101 19911130    12.0
19911201 19911231    23.0
19920101 19920131     8.8
19920201 19920229    30.0
19920301 19920331    46.5
19920401 19920430    86.0
19920501 19920531    46.0
19920601 19920630    12.4
19920701 19920731     0.0
19920801 19920831     0.0
19920901 19920930     0.0
19921001 19921031     0.0
19921101 19921130    14.2
19921201 19921231     1.0
19930101 19930131   441.3
19930201 19930228   151.7
19930301 19930331     1.8
19930401 19930430     0.0
19930501 19930531    57.6
19930601 19930630    78.8
19930701 19930731     0.0
19930801 19930831     2.0
19930901 19930930     1.0
19931001 19931031     0.0
19931101 19931130     6.8
19931201 19931231   141.7
19940101 19940131    88.7
19940201 19940228   185.3
19940301 19940331    60.8
19940401 19940430     0.0
19940501 19940531     0.0
19940601 19940630     0.6
19940701 19940731     0.0
19940801 19940831     0.0
19940901 19940930     0.0
19941001 19941031     0.0
19941101 19941130     3.4
19941201 19941231   218.4
19950101 19950131    83.0
19950201 19950228   336.5
19950301 19950331    29.9
19950401 19950430    14.8
19950501 19950531     2.2
19950601 19950630     1.0
19950701 19950731     9.4
19950801 19950831     0.0
19950901 19950930     0.0
19951001 19951031     0.0
19951101 19951130     3.4
19951201 19951231   122.6
19960101 19960131    65.3
19960201 19960229   230.9
19960301 19960331   173.6
19960401 19960430    53.5
19960501 19960531     4.0
19960601 19960630    14.2
19960701 19960731     0.0
19960801 19960831     0.0
19960901 19960930     0.0
19961001 19961031    11.7
19961101 19961130     0.5
19961201 19961231    77.9
19970101 19970131   570.1
19970201 19970228   216.7
19970301 19970331    54.4
19970401 19970430     3.4
19970501 19970531   164.6
19970601 19970630     1.8
19970701 19970731     0.0
19970801 19970831     0.0
19970901 19970930     0.0
19971001 19971031     8.0
19971101 19971130     0.0
19971201 19971231   212.3
19980101 19980131   226.6
19980201 19980228   207.0
19980301 19980331    57.1
19980401 19980430     0.0
19980501 19980531     1.6
19980601 19980630    94.4
19980701 19980731    32.4
19980801 19980831     0.0
19980901 19980930     0.0
19981001 19981031     0.0
19981101 19981130    28.2
19981201 19981231   230.0
19990101 19990131   118.4
19990201 19990228   379.1
19990301 19990331    98.4
19990401 19990430    71.7
19990501 19990531     0.0
19990601 19990630    23.0
19990701 19990731     0.0
19990801 19990831     0.0
19990901 19990930     0.0
19991001 19991031    17.8
19991101 19991130     2.5
19991201 19991231   117.5
20000101 20000131   302.4
20000201 20000229   352.7
20000301 20000331   345.2
20000401 20000430   147.4
20000501 20000531     0.2
20000601 20000630     0.0
20000701 20000731     0.0
20000801 20000831     0.0
20000901 20000930     0.0
20001001 20001031     0.0
20001101 20001130     0.0
20001201 20001231   118.6
20010101 20010131   178.8
20010201 20010228   167.2
20010301 20010331   270.6
20010401 20010430    11.5
20010501 20010531     0.0
20010601 20010630    10.9
20010701 20010731    95.1
20010801 20010831     0.0
20010901 20010930     0.0
20011001 20011031     2.6
20011101 20011130     2.5
20011201 20011231     3.0
20020101 20020131   108.0
20020201 20020228   366.7
20020301 20020331    12.7
20020401 20020430     0.0
20020501 20020531     0.0
20020601 20020630     0.0
20020701 20020731     0.0
20020801 20020831     0.0
20020901 20020930     0.0
20021001 20021031     0.0
20021101 20021130     5.0
20021201 20021231    49.8
20030101 20030131   135.2
20030201 20030228   302.6
20030301 20030331   123.8
20030401 20030430     4.8
20030501 20030531     4.5
20030601 20030630     0.0
20030701 20030731     0.0
20030801 20030831    12.2
20030901 20030930     0.0
20031001 20031031     0.0
20031101 20031130    36.0
20031201 20031231    54.6
20040101 20040131   227.6
20040201 20040229   302.8
20040301 20040331   262.2
20040401 20040430     0.0
20040501 20040531    86.6
20040601 20040630     7.0
20040701 20040731     0.0
20040801 20040831     0.0
20040901 20040930     0.0
20041001 20041031     0.0
20041101 20041130    24.0
20041201 20041231    63.6
20050101 20050131    37.2
20050201 20050228   159.1
20050301 20050331    39.4
20050401 20050430    28.2
20050501 20050531     0.0
20050601 20050630   113.8
20050701 20050731     0.0
20050801 20050831    18.0
20050901 20050930     0.0
20051001 20051031     0.0
20051101 20051130     0.0
20051201 20051231   233.3
20060101 20060131   398.2
20060201 20060228    74.0
20060301 20060331   125.0
20060401 20060430 99999.9
20060501 20060531     0.0
20060601 20060630     0.0
20060701 20060731     0.0
20060801 20060831    15.0
20060901 20060930     0.0
20061001 20061031    84.0
20061101 20061130    25.0
20061201 20061231    96.0
20070101 20070131   165.0
20070201 20070228 99999.9
20070301 20070331 99999.9
20070401 20070430     0.0
20070501 20070531     0.0
20070601 20070630     0.0
20070701 20070731     0.0
20070801 20070831     0.0
20070901 20070930     0.0
20071001 20071031     0.0
20071101 20071130    26.0
20071201 20071231   154.0
20080101 20080131     9.0
20080201 20080229   287.0
20080301 20080331 99999.9
20080401 20080430    14.0
20080501 20080531     0.0
20080601 20080630     0.0
20080701 20080731     0.0
20080801 20080831     0.0
20080901 20080930     0.0
20081001 20081031     0.0
20081101 20081130     0.0
20081201 20081231   161.0
20090101 20090131   131.0
20090201 20090228   216.0
20090301 20090331 99999.9
20090401 20090430     0.0
20090501 20090531     0.0
20090601 20090630     0.0
20090701 20090731     0.0
20090801 20090831     0.0
20090901 20090930     0.0
20091001 20091031     0.0
20091101 20091130 99999.9
20091201 20091231 99999.9
20100101 20100131   137.0
20100201 20100228    12.0
20100301 20100331    88.0
20100401 20100430 99999.9
20100501 20100531 99999.9
20100601 20100630 99999.9
20100701 20100731    91.0
20100801 20100831 99999.9
20100901 20100930 99999.9
20101001 20101031 99999.9
20101101 20101130 99999.9
20101201 20101231    70.0
20110101 20110131   413.0
