PRCP       023721 18630101 20171231 missing_value=99999.9 HAPPY VALLEY RESERVOIR E&WS               
18630101 18630131    21.3
18630201 18630228    14.0
18630301 18630331    46.5
18630401 18630430    12.4
18630501 18630531   182.1
18630601 18630630    72.4
18630701 18630731   113.8
18630801 18630831   103.9
18630901 18630930    54.4
18631001 18631031   101.1
18631101 18631130    18.5
18631201 18631231    18.0
18640101 18640131    43.4
18640201 18640229     8.1
18640301 18640331     0.0
18640401 18640430    47.2
18640501 18640531   115.6
18640601 18640630    68.8
18640701 18640731    97.0
18640801 18640831   113.8
18640901 18640930    35.3
18641001 18641031    36.6
18641101 18641130     2.8
18641201 18641231     7.6
18650101 18650131     0.5
18650201 18650228     5.8
18650301 18650331    33.8
18650401 18650430    14.0
18650501 18650531    61.0
18650601 18650630    50.5
18650701 18650731   148.1
18650801 18650831    39.9
18650901 18650930    57.4
18651001 18651031    16.0
18651101 18651130     8.6
18651201 18651231     9.1
18660101 18660131    17.5
18660201 18660228     9.1
18660301 18660331    18.8
18660401 18660430    10.7
18660501 18660531   145.0
18660601 18660630    73.7
18660701 18660731    97.8
18660801 18660831    67.1
18660901 18660930    63.8
18661001 18661031    79.8
18661101 18661130    21.3
18661201 18661231     1.8
18670101 18670131     8.6
18670201 18670228    25.7
18670301 18670331    20.3
18670401 18670430    37.3
18670501 18670531    84.6
18670601 18670630    45.0
18670701 18670731    90.4
18670801 18670831    32.3
18670901 18670930    96.3
18671001 18671031   106.9
18671101 18671130    16.0
18671201 18671231    14.7
18680101 18680131    39.9
18680201 18680229     0.0
18680301 18680331    33.5
18680401 18680430    63.5
18680501 18680531    33.5
18680601 18680630   130.0
18680701 18680731    67.3
18680801 18680831    52.1
18680901 18680930    73.4
18681001 18681031    36.3
18681101 18681130    25.9
18681201 18681231     9.1
18690101 18690131    20.1
18690201 18690228    16.8
18690301 18690331    40.4
18690401 18690430    32.0
18690501 18690531    66.5
18690601 18690630    91.4
18690701 18690731    38.1
18690801 18690831    32.3
18690901 18690930    31.0
18691001 18691031    34.8
18691101 18691130    47.8
18691201 18691231     7.4
18700101 18700131    73.7
18700201 18700228     0.0
18700301 18700331     0.0
18700401 18700430    21.6
18700501 18700531    59.7
18700601 18700630   106.7
18700701 18700731    99.1
18700801 18700831   147.6
18700901 18700930    65.0
18701001 18701031    97.5
18701101 18701130    32.3
18701201 18701231    17.3
18710101 18710131    53.6
18710201 18710228    22.6
18710301 18710331    26.4
18710401 18710430     7.6
18710501 18710531    63.0
18710601 18710630    73.7
18710701 18710731    95.8
18710801 18710831    56.6
18710901 18710930    65.8
18711001 18711031    55.4
18711101 18711130    69.1
18711201 18711231    43.2
18720101 18720131    38.4
18720201 18720229    18.3
18720301 18720331    19.3
18720401 18720430    15.5
18720501 18720531    88.9
18720601 18720630   116.8
18720701 18720731   127.0
18720801 18720831    73.7
18720901 18720930    74.4
18721001 18721031    34.3
18721101 18721130    52.8
18721201 18721231     6.6
18730101 18730131    16.3
18730201 18730228    45.7
18730301 18730331    31.8
18730401 18730430    72.4
18730501 18730531    84.3
18730601 18730630    72.1
18730701 18730731    64.3
18730801 18730831    96.5
18730901 18730930    59.4
18731001 18731031    41.7
18731101 18731130    14.0
18731201 18731231    12.7
18740101 18740131     8.1
18740201 18740228     0.5
18740301 18740331    20.3
18740401 18740430    32.8
18740501 18740531    87.9
18740601 18740630    60.5
18740701 18740731    68.1
18740801 18740831   103.9
18740901 18740930    88.6
18741001 18741031    26.9
18741101 18741130    14.2
18741201 18741231    15.0
18750101 18750131    10.9
18750201 18750228    67.8
18750301 18750331     5.8
18750401 18750430    93.2
18750501 18750531   177.3
18750601 18750630   136.9
18750701 18750731    49.8
18750801 18750831   104.1
18750901 18750930    24.1
18751001 18751031    89.4
18751101 18751130    21.6
18751201 18751231   140.7
18760101 18760131     2.8
18760201 18760229    15.0
18760301 18760331    21.3
18760401 18760430    64.8
18760501 18760531    37.1
18760601 18760630    32.8
18760701 18760731    79.0
18760801 18760831    43.7
18760901 18760930    36.3
18761001 18761031    49.5
18761101 18761130    37.8
18761201 18761231    25.4
18770101 18770131     9.4
18770201 18770228    63.5
18770301 18770331   149.1
18770401 18770430    40.1
18770501 18770531   122.9
18770601 18770630    43.2
18770701 18770731    33.3
18770801 18770831    68.8
18770901 18770930   101.9
18771001 18771031    64.0
18771101 18771130    13.7
18771201 18771231    14.2
18780101 18780131 99999.9
18780201 18780228 99999.9
18780301 18780331 99999.9
18780401 18780430 99999.9
18780501 18780531 99999.9
18780601 18780630 99999.9
18780701 18780731 99999.9
18780801 18780831 99999.9
18780901 18780930 99999.9
18781001 18781031 99999.9
18781101 18781130 99999.9
18781201 18781231 99999.9
18790101 18790131 99999.9
18790201 18790228 99999.9
18790301 18790331 99999.9
18790401 18790430 99999.9
18790501 18790531 99999.9
18790601 18790630 99999.9
18790701 18790731 99999.9
18790801 18790831 99999.9
18790901 18790930 99999.9
18791001 18791031 99999.9
18791101 18791130 99999.9
18791201 18791231 99999.9
18800101 18800131 99999.9
18800201 18800229 99999.9
18800301 18800331 99999.9
18800401 18800430 99999.9
18800501 18800531 99999.9
18800601 18800630 99999.9
18800701 18800731 99999.9
18800801 18800831 99999.9
18800901 18800930 99999.9
18801001 18801031 99999.9
18801101 18801130 99999.9
18801201 18801231 99999.9
18810101 18810131 99999.9
18810201 18810228 99999.9
18810301 18810331 99999.9
18810401 18810430 99999.9
18810501 18810531 99999.9
18810601 18810630 99999.9
18810701 18810731 99999.9
18810801 18810831 99999.9
18810901 18810930 99999.9
18811001 18811031 99999.9
18811101 18811130 99999.9
18811201 18811231 99999.9
18820101 18820131 99999.9
18820201 18820228 99999.9
18820301 18820331 99999.9
18820401 18820430 99999.9
18820501 18820531 99999.9
18820601 18820630 99999.9
18820701 18820731 99999.9
18820801 18820831 99999.9
18820901 18820930 99999.9
18821001 18821031 99999.9
18821101 18821130 99999.9
18821201 18821231 99999.9
18830101 18830131 99999.9
18830201 18830228 99999.9
18830301 18830331 99999.9
18830401 18830430 99999.9
18830501 18830531 99999.9
18830601 18830630 99999.9
18830701 18830731 99999.9
18830801 18830831 99999.9
18830901 18830930 99999.9
18831001 18831031 99999.9
18831101 18831130 99999.9
18831201 18831231 99999.9
18840101 18840131 99999.9
18840201 18840229 99999.9
18840301 18840331 99999.9
18840401 18840430 99999.9
18840501 18840531 99999.9
18840601 18840630 99999.9
18840701 18840731 99999.9
18840801 18840831 99999.9
18840901 18840930 99999.9
18841001 18841031 99999.9
18841101 18841130 99999.9
18841201 18841231 99999.9
18850101 18850131 99999.9
18850201 18850228 99999.9
18850301 18850331 99999.9
18850401 18850430 99999.9
18850501 18850531 99999.9
18850601 18850630 99999.9
18850701 18850731 99999.9
18850801 18850831 99999.9
18850901 18850930 99999.9
18851001 18851031 99999.9
18851101 18851130 99999.9
18851201 18851231 99999.9
18860101 18860131 99999.9
18860201 18860228 99999.9
18860301 18860331 99999.9
18860401 18860430 99999.9
18860501 18860531 99999.9
18860601 18860630 99999.9
18860701 18860731 99999.9
18860801 18860831 99999.9
18860901 18860930 99999.9
18861001 18861031 99999.9
18861101 18861130 99999.9
18861201 18861231 99999.9
18870101 18870131 99999.9
18870201 18870228 99999.9
18870301 18870331 99999.9
18870401 18870430 99999.9
18870501 18870531 99999.9
18870601 18870630 99999.9
18870701 18870731 99999.9
18870801 18870831 99999.9
18870901 18870930 99999.9
18871001 18871031 99999.9
18871101 18871130 99999.9
18871201 18871231 99999.9
18880101 18880131 99999.9
18880201 18880229 99999.9
18880301 18880331 99999.9
18880401 18880430 99999.9
18880501 18880531 99999.9
18880601 18880630 99999.9
18880701 18880731 99999.9
18880801 18880831 99999.9
18880901 18880930 99999.9
18881001 18881031 99999.9
18881101 18881130 99999.9
18881201 18881231 99999.9
18890101 18890131 99999.9
18890201 18890228 99999.9
18890301 18890331 99999.9
18890401 18890430 99999.9
18890501 18890531 99999.9
18890601 18890630 99999.9
18890701 18890731 99999.9
18890801 18890831 99999.9
18890901 18890930 99999.9
18891001 18891031 99999.9
18891101 18891130 99999.9
18891201 18891231 99999.9
18900101 18900131 99999.9
18900201 18900228 99999.9
18900301 18900331 99999.9
18900401 18900430 99999.9
18900501 18900531 99999.9
18900601 18900630 99999.9
18900701 18900731 99999.9
18900801 18900831 99999.9
18900901 18900930 99999.9
18901001 18901031 99999.9
18901101 18901130 99999.9
18901201 18901231 99999.9
18910101 18910131 99999.9
18910201 18910228 99999.9
18910301 18910331 99999.9
18910401 18910430 99999.9
18910501 18910531     9.9
18910601 18910630    30.3
18910701 18910731    95.0
18910801 18910831    47.8
18910901 18910930    31.1
18911001 18911031    78.3
18911101 18911130    43.5
18911201 18911231    49.6
18920101 18920131    21.9
18920201 18920229     5.1
18920301 18920331    24.6
18920401 18920430    42.8
18920501 18920531    51.8
18920601 18920630    65.3
18920701 18920731    70.7
18920801 18920831    80.5
18920901 18920930    46.7
18921001 18921031    82.2
18921101 18921130    14.0
18921201 18921231    34.6
18930101 18930131     3.8
18930201 18930228     0.0
18930301 18930331    15.5
18930401 18930430    73.3
18930501 18930531   123.0
18930601 18930630    96.9
18930701 18930731    65.3
18930801 18930831    80.7
18930901 18930930    90.7
18931001 18931031    51.9
18931101 18931130    38.4
18931201 18931231     9.5
18940101 18940131    22.3
18940201 18940228     0.0
18940301 18940331    44.2
18940401 18940430    71.0
18940501 18940531    71.5
18940601 18940630    68.9
18940701 18940731    82.9
18940801 18940831    79.2
18940901 18940930    25.4
18941001 18941031    77.5
18941101 18941130     2.3
18941201 18941231    50.7
18950101 18950131    33.0
18950201 18950228     1.5
18950301 18950331    41.1
18950401 18950430    96.5
18950501 18950531    26.2
18950601 18950630    99.6
18950701 18950731   105.6
18950801 18950831    84.2
18950901 18950930    48.1
18951001 18951031    21.2
18951101 18951130    10.7
18951201 18951231    11.9
18960101 18960131    47.4
18960201 18960229     8.9
18960301 18960331    20.3
18960401 18960430    68.1
18960501 18960531    58.5
18960601 18960630    88.2
18960701 18960731    27.2
18960801 18960831    42.6
18960901 18960930    25.3
18961001 18961031    14.8
18961101 18961130    11.4
18961201 18961231    37.9
18970101 18970131    18.1
18970201 18970228    27.0
18970301 18970331    30.3
18970401 18970430    21.1
18970501 18970531    71.1
18970601 18970630    49.3
18970701 18970731    64.3
18970801 18970831    92.7
18970901 18970930    43.4
18971001 18971031    16.0
18971101 18971130     8.4
18971201 18971231     0.0
18980101 18980131     0.3
18980201 18980228     8.7
18980301 18980331    24.1
18980401 18980430    90.7
18980501 18980531   101.7
18980601 18980630   108.4
18980701 18980731   106.9
18980801 18980831    48.5
18980901 18980930    24.7
18981001 18981031    44.4
18981101 18981130    40.6
18981201 18981231     4.1
18990101 18990131    34.6
18990201 18990228    29.2
18990301 18990331    20.4
18990401 18990430    55.2
18990501 18990531    92.6
18990601 18990630    95.2
18990701 18990731    16.7
18990801 18990831    45.5
18990901 18990930    46.6
18991001 18991031    38.1
18991101 18991130    46.9
18991201 18991231    19.3
19000101 19000131    26.7
19000201 19000228     0.8
19000301 19000331    61.5
19000401 19000430   102.2
19000501 19000531    69.2
19000601 19000630   132.5
19000701 19000731    44.3
19000801 19000831   127.1
19000901 19000930    42.2
19001001 19001031    24.3
19001101 19001130    23.4
19001201 19001231    13.0
19010101 19010131    14.5
19010201 19010228     3.3
19010301 19010331    16.0
19010401 19010430    59.2
19010501 19010531    26.4
19010601 19010630   106.9
19010701 19010731    56.5
19010801 19010831    33.9
19010901 19010930    41.0
19011001 19011031    53.6
19011101 19011130    22.7
19011201 19011231    30.7
19020101 19020131     7.0
19020201 19020228    10.7
19020301 19020331    45.9
19020401 19020430     5.0
19020501 19020531    48.1
19020601 19020630   119.5
19020701 19020731    45.5
19020801 19020831    40.8
19020901 19020930    68.0
19021001 19021031    30.1
19021101 19021130    17.8
19021201 19021231    64.0
19030101 19030131    25.9
19030201 19030228    30.5
19030301 19030331    52.5
19030401 19030430    89.6
19030501 19030531    59.5
19030601 19030630    90.1
19030701 19030731    90.4
19030801 19030831    61.0
19030901 19030930    83.4
19031001 19031031    25.4
19031101 19031130    82.0
19031201 19031231    23.1
19040101 19040131    96.6
19040201 19040229    15.4
19040301 19040331     6.4
19040401 19040430    44.7
19040501 19040531    77.8
19040601 19040630   110.1
19040701 19040731    82.2
19040801 19040831    57.0
19040901 19040930    17.1
19041001 19041031    51.8
19041101 19041130    18.3
19041201 19041231     0.0
19050101 19050131    29.6
19050201 19050228     7.9
19050301 19050331     5.1
19050401 19050430   104.2
19050501 19050531    58.1
19050601 19050630   127.9
19050701 19050731    77.2
19050801 19050831    44.2
19050901 19050930    48.6
19051001 19051031    84.5
19051101 19051130     8.4
19051201 19051231     1.5
19060101 19060131     0.0
19060201 19060228     1.8
19060301 19060331    72.2
19060401 19060430    41.4
19060501 19060531    54.1
19060601 19060630   115.0
19060701 19060731    95.6
19060801 19060831   126.1
19060901 19060930   116.9
19061001 19061031    35.3
19061101 19061130    70.7
19061201 19061231    65.0
19070101 19070131     1.0
19070201 19070228     2.3
19070301 19070331    17.2
19070401 19070430    81.6
19070501 19070531    46.0
19070601 19070630    89.0
19070701 19070731    70.1
19070801 19070831    44.4
19070901 19070930    25.9
19071001 19071031    30.3
19071101 19071130    42.1
19071201 19071231    16.2
19080101 19080131     5.8
19080201 19080229    19.1
19080301 19080331    51.2
19080401 19080430    17.0
19080501 19080531    83.6
19080601 19080630   148.5
19080701 19080731    48.9
19080801 19080831    68.8
19080901 19080930    79.3
19081001 19081031    77.7
19081101 19081130    15.1
19081201 19081231    21.0
19090101 19090131    23.0
19090201 19090228     9.6
19090301 19090331    17.4
19090401 19090430   118.8
19090501 19090531   112.8
19090601 19090630    76.1
19090701 19090731   134.0
19090801 19090831   143.6
19090901 19090930    64.1
19091001 19091031    80.8
19091101 19091130    72.4
19091201 19091231    10.6
19100101 19100131     2.0
19100201 19100228     1.3
19100301 19100331   115.8
19100401 19100430    11.6
19100501 19100531   126.7
19100601 19100630    81.3
19100701 19100731   128.5
19100801 19100831    49.8
19100901 19100930    89.2
19101001 19101031    67.4
19101101 19101130    44.6
19101201 19101231    26.4
19110101 19110131     8.2
19110201 19110228    73.1
19110301 19110331    12.5
19110401 19110430    24.3
19110501 19110531    67.2
19110601 19110630    91.4
19110701 19110731    70.3
19110801 19110831    37.2
19110901 19110930    92.6
19111001 19111031    12.6
19111101 19111130     9.8
19111201 19111231    38.7
19120101 19120131     5.1
19120201 19120229    10.7
19120301 19120331    13.8
19120401 19120430    33.8
19120501 19120531    19.9
19120601 19120630   109.5
19120701 19120731    72.0
19120801 19120831    47.0
19120901 19120930    84.4
19121001 19121031    18.6
19121101 19121130    60.8
19121201 19121231    45.0
19130101 19130131     7.1
19130201 19130228    69.9
19130301 19130331    50.6
19130401 19130430    15.9
19130501 19130531    20.8
19130601 19130630    12.9
19130701 19130731    26.3
19130801 19130831    72.6
19130901 19130930    88.6
19131001 19131031    65.1
19131101 19131130    31.7
19131201 19131231    51.6
19140101 19140131    15.5
19140201 19140228     6.4
19140301 19140331    19.0
19140401 19140430    50.0
19140501 19140531    47.5
19140601 19140630    28.8
19140701 19140731    50.8
19140801 19140831    11.8
19140901 19140930    16.3
19141001 19141031     6.1
19141101 19141130    50.3
19141201 19141231    11.2
19150101 19150131     9.4
19150201 19150228     0.8
19150301 19150331     7.7
19150401 19150430    58.2
19150501 19150531    99.9
19150601 19150630   120.3
19150701 19150731    86.0
19150801 19150831   111.3
19150901 19150930   128.0
19151001 19151031    20.1
19151101 19151130     6.9
19151201 19151231     2.1
19160101 19160131    21.1
19160201 19160229     4.2
19160301 19160331    10.5
19160401 19160430    64.6
19160501 19160531    33.9
19160601 19160630   254.1
19160701 19160731    90.3
19160801 19160831   138.6
19160901 19160930    46.5
19161001 19161031    48.5
19161101 19161130    92.0
19161201 19161231    32.4
19170101 19170131    11.0
19170201 19170228    78.5
19170301 19170331    68.2
19170401 19170430    34.2
19170501 19170531   143.4
19170601 19170630    82.6
19170701 19170731   147.7
19170801 19170831   102.3
19170901 19170930   144.7
19171001 19171031    61.9
19171101 19171130    16.9
19171201 19171231    30.3
19180101 19180131    15.0
19180201 19180228    15.8
19180301 19180331    23.2
19180401 19180430    25.6
19180501 19180531    82.2
19180601 19180630    96.4
19180701 19180731    80.4
19180801 19180831    81.8
19180901 19180930    28.3
19181001 19181031    84.6
19181101 19181130     8.6
19181201 19181231    16.6
19190101 19190131     9.9
19190201 19190228    78.5
19190301 19190331     2.8
19190401 19190430     5.8
19190501 19190531    72.4
19190601 19190630    63.9
19190701 19190731    51.1
19190801 19190831    62.4
19190901 19190930    79.7
19191001 19191031    34.6
19191101 19191130     4.6
19191201 19191231    24.5
19200101 19200131     3.1
19200201 19200229     1.3
19200301 19200331    35.1
19200401 19200430    16.5
19200501 19200531    61.4
19200601 19200630   187.7
19200701 19200731    69.5
19200801 19200831    85.9
19200901 19200930    38.7
19201001 19201031    66.7
19201101 19201130    61.5
19201201 19201231    45.0
19210101 19210131    48.8
19210201 19210228     2.5
19210301 19210331    50.0
19210401 19210430    20.6
19210501 19210531   136.5
19210601 19210630    56.8
19210701 19210731    70.4
19210801 19210831    63.6
19210901 19210930    77.7
19211001 19211031    55.0
19211101 19211130    75.8
19211201 19211231    21.8
19220101 19220131    67.4
19220201 19220228     2.4
19220301 19220331     8.9
19220401 19220430    60.0
19220501 19220531   125.5
19220601 19220630   106.5
19220701 19220731   135.7
19220801 19220831    90.2
19220901 19220930    60.9
19221001 19221031    60.0
19221101 19221130     3.3
19221201 19221231    72.4
19230101 19230131    20.6
19230201 19230228     2.3
19230301 19230331     0.3
19230401 19230430     0.8
19230501 19230531   176.4
19230601 19230630   174.0
19230701 19230731   145.8
19230801 19230831    72.7
19230901 19230930   158.8
19231001 19231031    69.0
19231101 19231130    18.6
19231201 19231231    48.2
19240101 19240131    21.1
19240201 19240229    75.9
19240301 19240331    66.4
19240401 19240430    35.1
19240501 19240531    70.9
19240601 19240630   115.7
19240701 19240731    21.5
19240801 19240831    70.6
19240901 19240930   115.1
19241001 19241031    62.0
19241101 19241130    50.0
19241201 19241231     6.4
19250101 19250131    15.5
19250201 19250228    43.5
19250301 19250331     7.6
19250401 19250430    37.4
19250501 19250531    97.8
19250601 19250630    45.8
19250701 19250731    67.8
19250801 19250831    41.3
19250901 19250930   124.1
19251001 19251031    32.9
19251101 19251130    10.5
19251201 19251231     5.3
19260101 19260131     0.3
19260201 19260228    27.0
19260301 19260331     1.0
19260401 19260430    52.4
19260501 19260531   131.5
19260601 19260630    55.7
19260701 19260731    73.9
19260801 19260831   140.5
19260901 19260930    88.7
19261001 19261031    55.4
19261101 19261130    18.2
19261201 19261231    50.9
19270101 19270131     3.4
19270201 19270228    38.0
19270301 19270331    37.5
19270401 19270430    19.7
19270501 19270531    75.6
19270601 19270630    66.3
19270701 19270731    96.3
19270801 19270831    98.6
19270901 19270930    25.3
19271001 19271031    20.4
19271101 19271130    42.2
19271201 19271231    43.5
19280101 19280131    21.2
19280201 19280229    64.7
19280301 19280331    41.3
19280401 19280430    31.1
19280501 19280531    61.3
19280601 19280630   137.9
19280701 19280731    97.1
19280801 19280831    23.4
19280901 19280930    55.4
19281001 19281031    78.6
19281101 19281130    12.0
19281201 19281231     2.3
19290101 19290131    16.8
19290201 19290228     0.0
19290301 19290331     6.8
19290401 19290430    22.9
19290501 19290531    36.8
19290601 19290630   112.4
19290701 19290731    68.0
19290801 19290831    51.3
19290901 19290930    70.7
19291001 19291031    21.0
19291101 19291130    24.6
19291201 19291231    91.8
19300101 19300131     0.8
19300201 19300228     7.7
19300301 19300331     2.3
19300401 19300430    24.5
19300501 19300531    29.9
19300601 19300630    34.2
19300701 19300731   130.7
19300801 19300831    90.3
19300901 19300930    71.1
19301001 19301031    57.0
19301101 19301130    27.8
19301201 19301231    21.2
19310101 19310131    10.2
19310201 19310228     5.4
19310301 19310331    37.9
19310401 19310430    36.8
19310501 19310531    70.9
19310601 19310630   138.6
19310701 19310731    97.1
19310801 19310831    67.9
19310901 19310930    89.5
19311001 19311031    18.1
19311101 19311130    37.7
19311201 19311231     6.4
19320101 19320131     2.0
19320201 19320229    27.0
19320301 19320331    35.6
19320401 19320430   111.1
19320501 19320531    33.8
19320601 19320630   121.3
19320701 19320731    75.0
19320801 19320831    74.6
19320901 19320930    43.1
19321001 19321031    52.3
19321101 19321130    12.8
19321201 19321231    10.4
19330101 19330131    28.4
19330201 19330228     2.3
19330301 19330331    26.8
19330401 19330430    31.4
19330501 19330531   114.1
19330601 19330630    45.5
19330701 19330731    46.4
19330801 19330831    83.6
19330901 19330930    60.3
19331001 19331031    22.1
19331101 19331130     7.7
19331201 19331231    11.5
19340101 19340131     7.4
19340201 19340228     3.1
19340301 19340331    17.4
19340401 19340430    42.7
19340501 19340531     3.8
19340601 19340630    26.3
19340701 19340731    25.5
19340801 19340831    81.9
19340901 19340930    79.9
19341001 19341031    65.3
19341101 19341130    76.2
19341201 19341231    32.1
19350101 19350131    19.8
19350201 19350228     0.0
19350301 19350331    68.6
19350401 19350430    47.3
19350501 19350531    77.5
19350601 19350630    86.2
19350701 19350731    86.1
19350801 19350831    65.2
19350901 19350930   107.0
19351001 19351031    64.3
19351101 19351130    24.7
19351201 19351231    18.8
19360101 19360131    22.2
19360201 19360229    19.6
19360301 19360331     3.3
19360401 19360430    49.6
19360501 19360531    67.9
19360601 19360630    66.6
19360701 19360731    70.4
19360801 19360831    66.4
19360901 19360930    25.3
19361001 19361031    76.3
19361101 19361130    17.9
19361201 19361231    55.8
19370101 19370131    62.0
19370201 19370228    18.4
19370301 19370331    30.4
19370401 19370430    27.9
19370501 19370531   103.5
19370601 19370630    61.7
19370701 19370731    54.2
19370801 19370831    81.5
19370901 19370930    81.8
19371001 19371031    17.1
19371101 19371130    34.0
19371201 19371231    50.5
19380101 19380131    21.7
19380201 19380228    54.4
19380301 19380331     6.1
19380401 19380430   153.3
19380501 19380531    32.8
19380601 19380630    62.7
19380701 19380731    72.6
19380801 19380831    92.2
19380901 19380930    26.0
19381001 19381031    16.0
19381101 19381130    16.2
19381201 19381231    16.8
19390101 19390131    31.2
19390201 19390228    49.4
19390301 19390331    32.0
19390401 19390430    61.2
19390501 19390531    66.7
19390601 19390630    99.2
19390701 19390731    61.9
19390801 19390831   102.4
19390901 19390930    26.7
19391001 19391031    28.8
19391101 19391130   120.1
19391201 19391231     9.0
19400101 19400131    25.4
19400201 19400229    18.8
19400301 19400331    14.8
19400401 19400430    71.7
19400501 19400531    29.5
19400601 19400630    21.8
19400701 19400731    94.8
19400801 19400831    45.0
19400901 19400930    44.0
19401001 19401031    20.0
19401101 19401130    51.0
19401201 19401231    27.3
19410101 19410131   115.1
19410201 19410228    21.1
19410301 19410331    54.1
19410401 19410430    43.8
19410501 19410531    39.8
19410601 19410630    42.3
19410701 19410731   121.0
19410801 19410831    59.9
19410901 19410930   100.2
19411001 19411031    37.0
19411101 19411130    18.5
19411201 19411231    25.1
19420101 19420131    44.5
19420201 19420228     8.2
19420301 19420331    13.8
19420401 19420430    61.2
19420501 19420531   147.3
19420601 19420630   165.6
19420701 19420731    78.4
19420801 19420831   107.5
19420901 19420930    88.6
19421001 19421031    41.9
19421101 19421130    55.2
19421201 19421231    10.4
19430101 19430131    19.1
19430201 19430228    73.9
19430301 19430331     1.3
19430401 19430430    83.4
19430501 19430531    36.5
19430601 19430630    73.5
19430701 19430731    76.0
19430801 19430831    89.8
19430901 19430930    64.5
19431001 19431031    25.2
19431101 19431130    10.0
19431201 19431231     9.1
19440101 19440131     4.1
19440201 19440229    32.8
19440301 19440331     7.4
19440401 19440430    50.4
19440501 19440531   128.0
19440601 19440630    13.1
19440701 19440731    62.6
19440801 19440831     6.7
19440901 19440930    23.1
19441001 19441031    52.7
19441101 19441130    61.0
19441201 19441231    56.0
19450101 19450131    35.1
19450201 19450228    30.8
19450301 19450331     9.9
19450401 19450430     1.8
19450501 19450531    75.0
19450601 19450630    49.2
19450701 19450731    36.4
19450801 19450831    99.4
19450901 19450930    63.6
19451001 19451031    78.4
19451101 19451130    56.1
19451201 19451231    37.9
19460101 19460131    58.1
19460201 19460228    65.3
19460301 19460331    40.9
19460401 19460430    42.6
19460501 19460531    78.6
19460601 19460630    64.2
19460701 19460731    79.5
19460801 19460831    67.8
19460901 19460930    45.3
19461001 19461031    33.3
19461101 19461130    47.8
19461201 19461231    45.2
19470101 19470131     8.7
19470201 19470228    30.5
19470301 19470331   103.4
19470401 19470430    37.9
19470501 19470531    36.5
19470601 19470630    71.8
19470701 19470731   105.7
19470801 19470831    86.3
19470901 19470930    67.3
19471001 19471031    89.2
19471101 19471130    41.3
19471201 19471231    44.9
19480101 19480131     1.5
19480201 19480229     6.3
19480301 19480331     8.0
19480401 19480430   100.4
19480501 19480531    74.4
19480601 19480630    63.9
19480701 19480731    48.4
19480801 19480831   104.9
19480901 19480930    16.3
19481001 19481031   117.4
19481101 19481130    54.0
19481201 19481231    30.0
19490101 19490131     6.6
19490201 19490228    69.5
19490301 19490331     4.4
19490401 19490430    12.0
19490501 19490531    60.7
19490601 19490630    40.1
19490701 19490731    80.5
19490801 19490831    45.1
19490901 19490930    30.3
19491001 19491031   147.1
19491101 19491130    60.5
19491201 19491231     3.4
19500101 19500131     0.3
19500201 19500228    24.0
19500301 19500331     9.1
19500401 19500430     0.8
19500501 19500531   102.7
19500601 19500630    80.5
19500701 19500731    39.3
19500801 19500831    50.4
19500901 19500930    56.6
19501001 19501031    60.5
19501101 19501130    15.4
19501201 19501231    24.6
19510101 19510131    13.8
19510201 19510228    17.6
19510301 19510331     2.7
19510401 19510430    65.2
19510501 19510531   134.7
19510601 19510630    92.3
19510701 19510731   152.2
19510801 19510831    83.7
19510901 19510930    16.5
19511001 19511031    74.8
19511101 19511130    14.4
19511201 19511231    80.3
19520101 19520131    40.4
19520201 19520229     8.2
19520301 19520331     3.1
19520401 19520430    74.1
19520501 19520531   112.3
19520601 19520630    53.5
19520701 19520731    45.7
19520801 19520831    46.7
19520901 19520930    36.3
19521001 19521031    49.5
19521101 19521130    99.6
19521201 19521231    26.2
19530101 19530131    33.8
19530201 19530228    19.1
19530301 19530331     1.3
19530401 19530430    54.8
19530501 19530531    48.2
19530601 19530630   162.9
19530701 19530731   103.8
19530801 19530831    64.8
19530901 19530930    56.2
19531001 19531031    34.6
19531101 19531130    36.8
19531201 19531231    46.2
19540101 19540131    28.8
19540201 19540228     0.3
19540301 19540331    14.7
19540401 19540430   137.9
19540501 19540531    38.1
19540601 19540630    90.3
19540701 19540731    49.5
19540801 19540831    45.4
19540901 19540930    40.3
19541001 19541031    53.4
19541101 19541130    22.3
19541201 19541231    36.0
19550101 19550131     2.1
19550201 19550228    64.7
19550301 19550331     2.1
19550401 19550430    53.6
19550501 19550531   143.2
19550601 19550630   186.0
19550701 19550731    65.2
19550801 19550831   128.1
19550901 19550930    36.2
19551001 19551031    68.2
19551101 19551130    70.0
19551201 19551231    31.1
19560101 19560131    40.3
19560201 19560229     4.1
19560301 19560331    31.2
19560401 19560430   109.5
19560501 19560531    77.9
19560601 19560630   170.6
19560701 19560731   110.5
19560801 19560831    73.7
19560901 19560930    90.4
19561001 19561031    43.9
19561101 19561130    13.2
19561201 19561231    20.3
19570101 19570131     0.5
19570201 19570228     0.0
19570301 19570331    30.3
19570401 19570430    48.4
19570501 19570531    42.5
19570601 19570630    82.4
19570701 19570731    92.7
19570801 19570831    38.6
19570901 19570930    36.2
19571001 19571031    57.5
19571101 19571130    24.5
19571201 19571231     8.9
19580101 19580131     2.8
19580201 19580228     3.3
19580301 19580331    23.5
19580401 19580430    15.7
19580501 19580531   143.5
19580601 19580630    15.5
19580701 19580731    93.5
19580801 19580831    83.0
19580901 19580930   113.3
19581001 19581031   117.2
19581101 19581130    11.2
19581201 19581231     7.8
19590101 19590131     1.3
19590201 19590228    36.2
19590301 19590331    33.9
19590401 19590430     7.4
19590501 19590531     8.6
19590601 19590630    11.6
19590701 19590731    51.4
19590801 19590831    47.6
19590901 19590930    46.8
19591001 19591031    32.0
19591101 19591130    32.3
19591201 19591231    51.1
19600101 19600131    11.5
19600201 19600229    47.9
19600301 19600331    28.1
19600401 19600430    77.8
19600501 19600531   156.4
19600601 19600630    62.0
19600701 19600731    44.5
19600801 19600831    65.0
19600901 19600930   108.6
19601001 19601031    31.4
19601101 19601130    99.8
19601201 19601231     3.6
19610101 19610131     3.3
19610201 19610228    19.4
19610301 19610331     4.4
19610401 19610430   117.3
19610501 19610531    45.4
19610601 19610630    67.7
19610701 19610731    78.7
19610801 19610831    62.9
19610901 19610930    24.3
19611001 19611031    25.4
19611101 19611130    21.8
19611201 19611231    12.4
19620101 19620131    13.5
19620201 19620228    22.1
19620301 19620331    29.0
19620401 19620430    13.0
19620501 19620531    91.4
19620601 19620630    83.3
19620701 19620731    40.6
19620801 19620831    78.1
19620901 19620930    26.7
19621001 19621031    76.5
19621101 19621130    12.7
19621201 19621231    24.4
19630101 19630131    63.3
19630201 19630228     6.4
19630301 19630331     4.0
19630401 19630430    77.2
19630501 19630531   145.7
19630601 19630630   153.1
19630701 19630731   148.3
19630801 19630831    70.6
19630901 19630930    37.2
19631001 19631031    66.8
19631101 19631130     9.4
19631201 19631231     4.3
19640101 19640131    10.9
19640201 19640229     7.9
19640301 19640331     6.3
19640401 19640430    82.3
19640501 19640531    65.4
19640601 19640630    62.2
19640701 19640731   125.9
19640801 19640831    55.1
19640901 19640930    74.0
19641001 19641031    85.3
19641101 19641130   104.7
19641201 19641231    23.7
19650101 19650131     1.5
19650201 19650228     1.0
19650301 19650331    15.7
19650401 19650430    44.5
19650501 19650531    79.9
19650601 19650630    38.5
19650701 19650731    80.5
19650801 19650831    71.4
19650901 19650930    43.6
19651001 19651031    20.1
19651101 19651130    39.0
19651201 19651231    12.2
19660101 19660131     7.2
19660201 19660228     6.6
19660301 19660331    42.9
19660401 19660430    11.7
19660501 19660531    94.1
19660601 19660630    82.5
19660701 19660731   132.3
19660801 19660831    57.0
19660901 19660930    75.4
19661001 19661031    37.5
19661101 19661130    23.4
19661201 19661231    78.8
19670101 19670131    11.7
19670201 19670228    42.6
19670301 19670331     3.8
19670401 19670430    12.8
19670501 19670531    47.2
19670601 19670630    18.2
19670701 19670731    98.2
19670801 19670831    67.7
19670901 19670930    29.1
19671001 19671031    21.1
19671101 19671130     1.5
19671201 19671231    19.8
19680101 19680131    46.3
19680201 19680229    41.5
19680301 19680331    51.7
19680401 19680430    68.9
19680501 19680531   162.1
19680601 19680630    70.5
19680701 19680731    73.2
19680801 19680831   132.2
19680901 19680930    30.3
19681001 19681031    99.0
19681101 19681130    50.2
19681201 19681231    50.2
19690101 19690131     8.6
19690201 19690228   118.2
19690301 19690331    15.4
19690401 19690430    52.4
19690501 19690531    94.4
19690601 19690630    55.1
19690701 19690731    96.4
19690801 19690831    49.3
19690901 19690930    68.3
19691001 19691031     2.6
19691101 19691130    31.6
19691201 19691231    46.3
19700101 19700131    40.2
19700201 19700228     0.0
19700301 19700331    15.9
19700401 19700430    52.5
19700501 19700531    83.8
19700601 19700630    86.1
19700701 19700731    93.4
19700801 19700831   117.4
19700901 19700930    53.5
19701001 19701031    13.8
19701101 19701130    42.5
19701201 19701231    47.6
19710101 19710131    18.6
19710201 19710228     0.0
19710301 19710331    46.8
19710401 19710430   189.3
19710501 19710531   156.0
19710601 19710630   110.6
19710701 19710731    63.3
19710801 19710831   115.8
19710901 19710930    81.3
19711001 19711031    47.0
19711101 19711130    66.4
19711201 19711231    44.8
19720101 19720131    35.2
19720201 19720229    41.0
19720301 19720331     1.3
19720401 19720430    54.3
19720501 19720531    33.4
19720601 19720630    34.6
19720701 19720731   126.7
19720801 19720831    86.2
19720901 19720930    54.0
19721001 19721031    42.3
19721101 19721130    13.5
19721201 19721231    18.8
19730101 19730131    30.0
19730201 19730228    56.0
19730301 19730331    39.9
19730401 19730430    47.2
19730501 19730531    96.3
19730601 19730630   134.9
19730701 19730731   114.6
19730801 19730831    73.0
19730901 19730930   100.6
19731001 19731031    50.6
19731101 19731130    27.2
19731201 19731231    40.0
19740101 19740131    39.2
19740201 19740228    89.0
19740301 19740331     2.6
19740401 19740430    92.0
19740501 19740531    78.6
19740601 19740630    45.1
19740701 19740731   128.8
19740801 19740831    63.2
19740901 19740930   102.0
19741001 19741031   128.8
19741101 19741130     5.8
19741201 19741231    26.2
19750101 19750131    36.0
19750201 19750228     7.0
19750301 19750331   117.4
19750401 19750430    15.4
19750501 19750531   119.0
19750601 19750630    32.4
19750701 19750731   132.0
19750801 19750831    60.6
19750901 19750930    82.4
19751001 19751031   114.2
19751101 19751130    22.6
19751201 19751231     7.0
19760101 19760131    31.2
19760201 19760229    57.2
19760301 19760331     2.2
19760401 19760430    32.0
19760501 19760531    37.0
19760601 19760630    65.8
19760701 19760731    37.2
19760801 19760831    55.6
19760901 19760930    30.0
19761001 19761031    72.2
19761101 19761130    34.4
19761201 19761231    48.8
19770101 19770131    48.4
19770201 19770228     5.0
19770301 19770331    30.2
19770401 19770430    24.8
19770501 19770531    72.6
19770601 19770630    73.0
19770701 19770731    35.8
19770801 19770831    30.4
19770901 19770930    53.4
19771001 19771031    57.6
19771101 19771130    34.8
19771201 19771231    23.0
19780101 19780131     5.0
19780201 19780228    14.2
19780301 19780331    10.6
19780401 19780430    62.6
19780501 19780531    64.6
19780601 19780630   113.6
19780701 19780731   118.8
19780801 19780831    93.2
19780901 19780930   107.6
19781001 19781031    24.4
19781101 19781130    59.4
19781201 19781231    38.6
19790101 19790131    33.8
19790201 19790228    25.4
19790301 19790331    30.0
19790401 19790430    73.2
19790501 19790531    83.4
19790601 19790630    28.6
19790701 19790731    78.0
19790801 19790831   135.2
19790901 19790930   161.2
19791001 19791031    95.2
19791101 19791130    38.2
19791201 19791231    32.0
19800101 19800131     8.2
19800201 19800229     0.2
19800301 19800331     1.2
19800401 19800430    64.4
19800501 19800531    63.6
19800601 19800630   120.0
19800701 19800731    90.8
19800801 19800831    44.2
19800901 19800930    37.2
19801001 19801031   120.2
19801101 19801130    47.0
19801201 19801231    40.6
19810101 19810131    19.2
19810201 19810228     7.4
19810301 19810331    56.6
19810401 19810430     2.8
19810501 19810531    63.6
19810601 19810630   191.6
19810701 19810731   142.4
19810801 19810831   126.3
19810901 19810930    42.2
19811001 19811031    44.2
19811101 19811130    59.2
19811201 19811231    27.8
19820101 19820131    29.6
19820201 19820228     5.2
19820301 19820331    61.2
19820401 19820430    81.7
19820501 19820531    69.8
19820601 19820630    76.2
19820701 19820731    55.8
19820801 19820831    31.2
19820901 19820930    31.6
19821001 19821031    22.0
19821101 19821130     2.0
19821201 19821231    10.2
19830101 19830131    25.8
19830201 19830228     3.0
19830301 19830331   115.0
19830401 19830430   104.0
19830501 19830531    88.8
19830601 19830630    43.8
19830701 19830731   123.8
19830801 19830831   107.4
19830901 19830930    66.0
19831001 19831031    56.2
19831101 19831130    31.2
19831201 19831231    15.4
19840101 19840131    21.2
19840201 19840229     3.8
19840301 19840331    47.6
19840401 19840430    33.4
19840501 19840531    68.8
19840601 19840630    56.4
19840701 19840731   133.2
19840801 19840831   127.2
19840901 19840930    71.0
19841001 19841031    27.9
19841101 19841130    53.2
19841201 19841231    13.0
19850101 19850131     3.0
19850201 19850228     5.0
19850301 19850331    37.1
19850401 19850430    55.2
19850501 19850531    82.6
19850601 19850630    65.5
19850701 19850731    64.0
19850801 19850831    92.8
19850901 19850930    75.4
19851001 19851031    48.6
19851101 19851130    24.2
19851201 19851231    47.0
19860101 19860131     5.6
19860201 19860228     1.0
19860301 19860331     2.2
19860401 19860430    96.0
19860501 19860531    57.2
19860601 19860630    61.8
19860701 19860731   235.6
19860801 19860831   129.6
19860901 19860930    69.4
19861001 19861031    63.8
19861101 19861130    14.4
19861201 19861231    33.8
19870101 19870131    22.6
19870201 19870228    24.4
19870301 19870331    29.8
19870401 19870430    34.4
19870501 19870531   172.2
19870601 19870630   115.0
19870701 19870731   197.2
19870801 19870831    53.0
19870901 19870930    21.0
19871001 19871031    43.2
19871101 19871130     7.4
19871201 19871231    40.0
19880101 19880131    27.8
19880201 19880229    20.4
19880301 19880331    24.6
19880401 19880430    14.4
19880501 19880531   137.6
19880601 19880630   131.6
19880701 19880731    81.6
19880801 19880831    62.2
19880901 19880930    67.0
19881001 19881031    25.0
19881101 19881130    45.8
19881201 19881231    33.8
19890101 19890131     3.8
19890201 19890228     5.0
19890301 19890331     7.2
19890401 19890430    39.2
19890501 19890531   110.8
19890601 19890630   115.0
19890701 19890731    97.8
19890801 19890831    85.0
19890901 19890930    43.4
19891001 19891031    50.8
19891101 19891130    25.8
19891201 19891231     8.0
19900101 19900131    11.2
19900201 19900228    17.0
19900301 19900331     2.6
19900401 19900430    17.6
19900501 19900531    16.2
19900601 19900630   105.0
19900701 19900731   120.2
19900801 19900831    95.6
19900901 19900930    66.0
19901001 19901031    49.0
19901101 19901130    15.0
19901201 19901231    48.8
19910101 19910131    25.6
19910201 19910228     0.0
19910301 19910331     7.8
19910401 19910430    39.8
19910501 19910531    15.4
19910601 19910630   128.4
19910701 19910731    89.2
19910801 19910831   123.6
19910901 19910930    98.4
19911001 19911031     9.0
19911101 19911130    28.8
19911201 19911231    11.2
19920101 19920131     2.0
19920201 19920229    13.8
19920301 19920331    88.0
19920401 19920430    75.2
19920501 19920531    91.2
19920601 19920630    87.4
19920701 19920731    71.4
19920801 19920831   136.6
19920901 19920930   142.6
19921001 19921031    96.6
19921101 19921130    90.8
19921201 19921231   117.4
19930101 19930131    25.8
19930201 19930228    29.4
19930301 19930331    22.6
19930401 19930430     1.6
19930501 19930531    72.4
19930601 19930630    83.2
19930701 19930731   101.4
19930801 19930831    62.2
19930901 19930930    71.4
19931001 19931031    94.2
19931101 19931130    26.2
19931201 19931231    91.2
19940101 19940131    48.8
19940201 19940228    15.4
19940301 19940331     0.0
19940401 19940430    14.2
19940501 19940531    36.6
19940601 19940630    89.8
19940701 19940731    54.6
19940801 19940831    32.8
19940901 19940930    34.0
19941001 19941031    65.8
19941101 19941130    49.6
19941201 19941231     8.0
19950101 19950131    19.8
19950201 19950228    32.8
19950301 19950331    17.8
19950401 19950430    64.4
19950501 19950531    96.4
19950601 19950630   103.6
19950701 19950731   170.0
19950801 19950831    29.8
19950901 19950930    57.2
19951001 19951031    25.6
19951101 19951130    11.8
19951201 19951231    13.6
19960101 19960131    66.2
19960201 19960229    18.8
19960301 19960331    28.4
19960401 19960430    43.4
19960501 19960531    24.4
19960601 19960630   138.0
19960701 19960731   139.4
19960801 19960831   171.2
19960901 19960930   104.8
19961001 19961031    27.0
19961101 19961130     2.0
19961201 19961231    21.6
19970101 19970131    57.6
19970201 19970228    26.0
19970301 19970331     7.8
19970401 19970430    11.2
19970501 19970531    78.4
19970601 19970630    55.8
19970701 19970731    37.2
19970801 19970831   128.2
19970901 19970930    86.6
19971001 19971031    67.8
19971101 19971130    39.6
19971201 19971231    16.6
19980101 19980131     5.8
19980201 19980228    18.8
19980301 19980331    16.6
19980401 19980430   151.0
19980501 19980531    47.8
19980601 19980630   103.2
19980701 19980731    72.4
19980801 19980831    63.1
19980901 19980930    60.8
19981001 19981031    52.2
19981101 19981130    34.4
19981201 19981231    14.6
19990101 19990131     8.0
19990201 19990228     1.6
19990301 19990331    89.2
19990401 19990430    14.2
19990501 19990531   146.4
19990601 19990630    96.4
19990701 19990731    70.4
19990801 19990831    36.8
19990901 19990930    72.3
19991001 19991031    74.6
19991101 19991130    50.8
19991201 19991231    45.1
20000101 20000131     7.2
20000201 20000229    90.6
20000301 20000331    37.4
20000401 20000430    88.0
20000501 20000531    81.4
20000601 20000630   131.2
20000701 20000731    90.6
20000801 20000831    83.6
20000901 20000930    89.2
20001001 20001031    99.6
20001101 20001130    15.2
20001201 20001231    14.2
20010101 20010131     5.2
20010201 20010228    16.9
20010301 20010331    60.4
20010401 20010430    30.8
20010501 20010531   125.6
20010601 20010630   105.6
20010701 20010731    76.6
20010801 20010831   110.4
20010901 20010930   120.8
20011001 20011031    86.0
20011101 20011130    42.2
20011201 20011231    32.2
20020101 20020131    18.0
20020201 20020228     0.8
20020301 20020331    20.8
20020401 20020430    10.0
20020501 20020531    92.7
20020601 20020630    80.8
20020701 20020731   107.6
20020801 20020831    47.0
20020901 20020930    63.6
20021001 20021031    26.6
20021101 20021130    43.8
20021201 20021231    11.6
20030101 20030131    29.0
20030201 20030228    64.4
20030301 20030331    14.2
20030401 20030430    26.6
20030501 20030531   112.0
20030601 20030630   157.8
20030701 20030731    56.4
20030801 20030831    98.4
20030901 20030930    72.2
20031001 20031031    65.0
20031101 20031130    12.8
20031201 20031231    31.0
20040101 20040131    16.2
20040201 20040229     6.8
20040301 20040331    30.2
20040401 20040430    24.0
20040501 20040531    97.6
20040601 20040630   133.0
20040701 20040731   111.2
20040801 20040831    92.8
20040901 20040930    59.4
20041001 20041031    16.2
20041101 20041130    56.8
20041201 20041231    31.6
20050101 20050131    51.4
20050201 20050228    28.6
20050301 20050331    14.2
20050401 20050430     5.4
20050501 20050531    10.8
20050601 20050630   176.2
20050701 20050731    72.2
20050801 20050831    80.8
20050901 20050930    78.4
20051001 20051031   139.6
20051101 20051130    89.6
20051201 20051231    63.0
20060101 20060131    22.6
20060201 20060228    33.2
20060301 20060331    23.0
20060401 20060430    73.6
20060501 20060531    68.0
20060601 20060630    35.6
20060701 20060731    61.8
20060801 20060831    22.2
20060901 20060930    41.4
20061001 20061031     0.8
20061101 20061130    25.4
20061201 20061231    19.4
20070101 20070131    59.0
20070201 20070228     1.8
20070301 20070331    32.2
20070401 20070430   124.4
20070501 20070531    60.8
20070601 20070630    94.4
20070701 20070731    91.6
20070801 20070831    21.8
20070901 20070930    34.6
20071001 20071031    36.0
20071101 20071130    43.0
20071201 20071231    34.8
20080101 20080131     8.8
20080201 20080229     4.6
20080301 20080331    14.4
20080401 20080430    57.4
20080501 20080531    89.4
20080601 20080630    33.4
20080701 20080731    88.0
20080801 20080831   110.0
20080901 20080930    29.2
20081001 20081031    15.8
20081101 20081130    19.6
20081201 20081231    35.2
20090101 20090131     0.2
20090201 20090228     0.6
20090301 20090331    21.4
20090401 20090430    85.8
20090501 20090531    87.8
20090601 20090630    68.8
20090701 20090731   126.4
20090801 20090831    65.4
20090901 20090930    82.2
20091001 20091031    29.6
20091101 20091130    39.0
20091201 20091231    20.4
20100101 20100131     9.2
20100201 20100228     9.0
20100301 20100331    37.2
20100401 20100430    67.2
20100501 20100531    73.0
20100601 20100630   116.4
20100701 20100731    72.0
20100801 20100831   137.0
20100901 20100930   101.0
20101001 20101031    50.8
20101101 20101130    29.4
20101201 20101231    71.8
20110101 20110131    21.4
20110201 20110228    45.4
20110301 20110331    88.4
20110401 20110430    23.8
20110501 20110531    82.8
20110601 20110630    55.4
20110701 20110731   112.0
20110801 20110831    95.2
20110901 20110930    64.6
20111001 20111031    49.4
20111101 20111130    27.8
20111201 20111231    35.0
20120101 20120131    25.6
20120201 20120229    28.2
20120301 20120331    72.2
20120401 20120430    54.1
20120501 20120531    76.2
20120601 20120630   179.8
20120701 20120731    74.8
20120801 20120831    79.0
20120901 20120930    43.8
20121001 20121031    28.8
20121101 20121130    21.6
20121201 20121231    13.6
20130101 20130131    10.2
20130201 20130228    22.8
20130301 20130331    18.8
20130401 20130430    39.4
20130501 20130531    63.6
20130601 20130630    95.0
20130701 20130731   145.0
20130801 20130831   102.2
20130901 20130930    67.8
20131001 20131031    35.2
20131101 20131130     9.8
20131201 20131231    20.8
20140101 20140131    22.0
20140201 20140228    68.4
20140301 20140331    22.4
20140401 20140430    45.8
20140501 20140531    83.4
20140601 20140630    80.4
20140701 20140731   106.4
20140801 20140831    30.6
20140901 20140930    31.2
20141001 20141031     8.4
20141101 20141130    31.6
20141201 20141231     8.8
20150101 20150131    36.6
20150201 20150228     0.2
20150301 20150331    12.6
20150401 20150430    86.6
20150501 20150531    96.2
20150601 20150630    33.6
20150701 20150731    88.4
20150801 20150831    63.0
20150901 20150930    33.0
20151001 20151031     9.2
20151101 20151130    22.0
20151201 20151231    11.6
20160101 20160131    49.0
20160201 20160229    32.2
20160301 20160331    48.2
20160401 20160430    12.4
20160501 20160531    99.8
20160601 20160630   123.0
20160701 20160731   161.8
20160801 20160831    78.6
20160901 20160930   156.4
20161001 20161031    91.8
20161101 20161130    32.8
20161201 20161231    77.8
20170101 20170131    61.0
20170201 20170228    31.4
20170301 20170331    32.0
20170401 20170430    49.8
20170501 20170531    50.2
20170601 20170630    10.4
20170701 20170731   132.2
20170801 20170831   126.6
20170901 20170930    70.8
20171001 20171031    31.8
20171101 20171130    19.8
20171201 20171231    40.6
