PRCP       009739 19010801 20180131 missing_value=99999.9 WELCOME DOWNS                             
19010801 19010831    61.6
19010901 19010930    34.5
19011001 19011031    38.3
19011101 19011130     2.4
19011201 19011231     3.1
19020101 19020131    34.8
19020201 19020228    45.3
19020301 19020331     5.0
19020401 19020430     4.0
19020501 19020531    47.9
19020601 19020630    94.3
19020701 19020731    57.8
19020801 19020831    35.2
19020901 19020930    45.0
19021001 19021031   114.9
19021101 19021130    35.6
19021201 19021231    36.1
19030101 19030131     1.7
19030201 19030228     5.5
19030301 19030331    20.6
19030401 19030430    47.4
19030501 19030531    40.0
19030601 19030630    46.8
19030701 19030731    90.6
19030801 19030831   128.8
19030901 19030930   114.9
19031001 19031031    40.0
19031101 19031130    17.7
19031201 19031231    49.4
19040101 19040131     1.1
19040201 19040229     0.7
19040301 19040331    45.9
19040401 19040430    44.4
19040501 19040531    47.3
19040601 19040630    79.8
19040701 19040731    96.9
19040801 19040831    66.9
19040901 19040930    51.1
19041001 19041031    97.7
19041101 19041130    32.5
19041201 19041231    54.4
19050101 19050131    29.5
19050201 19050228    16.6
19050301 19050331    17.3
19050401 19050430   106.9
19050501 19050531    58.6
19050601 19050630    49.0
19050701 19050731    38.9
19050801 19050831    58.2
19050901 19050930    81.1
19051001 19051031    37.8
19051101 19051130    22.1
19051201 19051231    34.1
19060101 19060131     5.0
19060201 19060228    32.4
19060301 19060331     0.0
19060401 19060430     4.1
19060501 19060531    60.4
19060601 19060630   100.1
19060701 19060731    86.8
19060801 19060831    55.4
19060901 19060930    53.8
19061001 19061031    14.6
19061101 19061130    47.7
19061201 19061231     4.6
19070101 19070131    27.8
19070201 19070228     4.4
19070301 19070331    39.7
19070401 19070430    24.5
19070501 19070531    54.5
19070601 19070630    43.7
19070701 19070731    66.7
19070801 19070831   137.8
19070901 19070930    90.4
19071001 19071031    46.1
19071101 19071130    26.4
19071201 19071231    25.1
19080101 19080131     0.0
19080201 19080229    45.6
19080301 19080331    32.5
19080401 19080430    13.1
19080501 19080531   132.6
19080601 19080630   130.9
19080701 19080731    53.8
19080801 19080831    83.0
19080901 19080930    44.2
19081001 19081031    48.4
19081101 19081130    48.0
19081201 19081231     6.7
19090101 19090131    13.3
19090201 19090228    17.0
19090301 19090331    10.9
19090401 19090430   131.9
19090501 19090531    86.9
19090601 19090630    65.2
19090701 19090731   141.1
19090801 19090831   106.4
19090901 19090930    43.7
19091001 19091031    36.9
19091101 19091130    46.3
19091201 19091231     1.7
19100101 19100131     7.7
19100201 19100228    27.3
19100301 19100331    18.2
19100401 19100430    15.2
19100501 19100531    66.5
19100601 19100630    97.4
19100701 19100731   202.6
19100801 19100831    95.8
19100901 19100930    59.2
19101001 19101031    63.1
19101101 19101130    25.1
19101201 19101231     2.4
19110101 19110131     2.0
19110201 19110228     0.0
19110301 19110331    26.2
19110401 19110430     9.2
19110501 19110531   105.2
19110601 19110630    68.2
19110701 19110731   148.6
19110801 19110831    70.4
19110901 19110930    40.0
19111001 19111031    60.4
19111101 19111130     7.2
19111201 19111231    23.5
19120101 19120131     0.0
19120201 19120229     3.4
19120301 19120331    29.1
19120401 19120430    17.8
19120501 19120531    66.9
19120601 19120630    64.7
19120701 19120731   167.6
19120801 19120831    41.7
19120901 19120930    81.5
19121001 19121031    29.6
19121101 19121130    18.8
19121201 19121231     2.2
19130101 19130131     6.7
19130201 19130228     0.0
19130301 19130331    27.3
19130401 19130430    37.8
19130501 19130531    51.2
19130601 19130630    60.4
19130701 19130731    69.6
19130801 19130831   109.7
19130901 19130930    86.1
19131001 19131031    57.5
19131101 19131130     9.4
19131201 19131231    41.8
19140101 19140131     0.0
19140201 19140228     5.9
19140301 19140331    38.7
19140401 19140430    33.5
19140501 19140531    56.1
19140601 19140630    27.1
19140701 19140731    65.5
19140801 19140831    18.2
19140901 19140930    25.9
19141001 19141031   105.8
19141101 19141130    53.7
19141201 19141231    75.8
19150101 19150131    16.2
19150201 19150228   152.1
19150301 19150331    25.2
19150401 19150430    15.2
19150501 19150531    88.1
19150601 19150630    92.1
19150701 19150731   105.8
19150801 19150831   198.8
19150901 19150930   141.3
19151001 19151031    37.2
19151101 19151130     5.2
19151201 19151231     9.2
19160101 19160131    24.7
19160201 19160229     2.4
19160301 19160331    42.4
19160401 19160430    10.5
19160501 19160531    64.4
19160601 19160630   115.4
19160701 19160731   134.5
19160801 19160831   157.1
19160901 19160930    34.2
19161001 19161031    63.8
19161101 19161130    53.1
19161201 19161231     5.3
19170101 19170131    42.7
19170201 19170228    24.7
19170301 19170331    99.8
19170401 19170430    45.4
19170501 19170531    76.1
19170601 19170630   143.3
19170701 19170731    69.5
19170801 19170831   133.5
19170901 19170930   144.1
19171001 19171031    81.3
19171101 19171130    34.7
19171201 19171231     7.2
19180101 19180131    41.8
19180201 19180228    43.3
19180301 19180331    23.2
19180401 19180430    23.8
19180501 19180531   152.2
19180601 19180630    56.2
19180701 19180731    20.3
19180801 19180831    63.1
19180901 19180930    22.6
19181001 19181031    63.0
19181101 19181130    24.8
19181201 19181231     7.2
19190101 19190131    17.9
19190201 19190228     5.3
19190301 19190331     9.6
19190401 19190430    32.3
19190501 19190531    57.9
19190601 19190630    64.7
19190701 19190731    79.3
19190801 19190831    86.7
19190901 19190930    43.3
19191001 19191031    58.9
19191101 19191130    61.2
19191201 19191231    30.7
19200101 19200131     4.0
19200201 19200229    24.3
19200301 19200331    52.1
19200401 19200430    42.0
19200501 19200531   129.3
19200601 19200630   228.3
19200701 19200731   118.4
19200801 19200831   108.7
19200901 19200930    63.2
19201001 19201031    22.7
19201101 19201130    19.6
19201201 19201231     4.4
19210101 19210131     9.8
19210201 19210228     7.4
19210301 19210331     0.9
19210401 19210430    12.5
19210501 19210531   135.3
19210601 19210630    43.6
19210701 19210731    57.8
19210801 19210831    65.9
19210901 19210930   112.7
19211001 19211031    45.0
19211101 19211130    15.3
19211201 19211231    54.5
19220101 19220131     5.7
19220201 19220228     5.5
19220301 19220331     9.5
19220401 19220430   105.4
19220501 19220531    70.6
19220601 19220630    98.5
19220701 19220731    59.2
19220801 19220831    66.7
19220901 19220930    45.0
19221001 19221031    18.6
19221101 19221130    19.7
19221201 19221231    17.0
19230101 19230131     2.6
19230201 19230228     5.2
19230301 19230331     5.9
19230401 19230430    21.6
19230501 19230531    98.1
19230601 19230630   165.1
19230701 19230731    57.0
19230801 19230831    54.7
19230901 19230930   126.6
19231001 19231031    26.6
19231101 19231130     2.4
19231201 19231231    68.5
19240101 19240131     1.1
19240201 19240229    10.2
19240301 19240331    23.2
19240401 19240430    24.9
19240501 19240531    94.7
19240601 19240630   116.4
19240701 19240731    40.3
19240801 19240831    75.9
19240901 19240930    60.9
19241001 19241031    75.2
19241101 19241130    38.1
19241201 19241231     4.8
19250101 19250131    29.8
19250201 19250228    47.7
19250301 19250331    34.2
19250401 19250430    89.5
19250501 19250531    92.7
19250601 19250630    58.4
19250701 19250731   114.9
19250801 19250831    47.3
19250901 19250930   118.6
19251001 19251031   107.2
19251101 19251130     8.5
19251201 19251231    15.2
19260101 19260131     0.0
19260201 19260228    44.6
19260301 19260331    50.4
19260401 19260430   128.5
19260501 19260531    71.4
19260601 19260630    49.2
19260701 19260731   112.0
19260801 19260831   105.0
19260901 19260930    49.9
19261001 19261031    46.6
19261101 19261130     3.7
19261201 19261231     6.1
19270101 19270131    18.2
19270201 19270228     9.6
19270301 19270331    83.1
19270401 19270430    38.9
19270501 19270531    55.8
19270601 19270630    42.0
19270701 19270731    55.0
19270801 19270831    61.2
19270901 19270930    41.3
19271001 19271031    54.5
19271101 19271130     4.6
19271201 19271231    11.5
19280101 19280131    26.3
19280201 19280229     4.6
19280301 19280331    12.7
19280401 19280430    30.6
19280501 19280531    42.9
19280601 19280630    58.8
19280701 19280731   146.2
19280801 19280831    65.4
19280901 19280930    57.3
19281001 19281031   103.9
19281101 19281130     4.8
19281201 19281231     4.8
19290101 19290131    28.0
19290201 19290228    11.0
19290301 19290331    11.4
19290401 19290430    19.7
19290501 19290531    66.9
19290601 19290630   136.6
19290701 19290731   103.1
19290801 19290831    60.4
19290901 19290930    33.1
19291001 19291031    31.9
19291101 19291130    53.8
19291201 19291231    61.6
19300101 19300131     1.1
19300201 19300228     0.9
19300301 19300331    51.0
19300401 19300430    45.9
19300501 19300531    72.4
19300601 19300630    37.1
19300701 19300731    82.3
19300801 19300831   123.8
19300901 19300930    52.0
19301001 19301031    20.1
19301101 19301130    26.9
19301201 19301231    26.9
19310101 19310131     6.1
19310201 19310228    23.0
19310301 19310331    11.8
19310401 19310430    49.2
19310501 19310531   131.0
19310601 19310630    92.3
19310701 19310731    84.5
19310801 19310831   154.8
19310901 19310930    96.3
19311001 19311031    46.3
19311101 19311130    51.2
19311201 19311231    12.5
19320101 19320131    20.6
19320201 19320229    11.1
19320301 19320331    15.2
19320401 19320430    97.3
19320501 19320531    35.2
19320601 19320630    74.1
19320701 19320731    93.6
19320801 19320831   134.2
19320901 19320930    34.4
19321001 19321031    65.5
19321101 19321130    24.5
19321201 19321231    12.3
19330101 19330131    18.6
19330201 19330228     3.3
19330301 19330331    54.4
19330401 19330430    23.2
19330501 19330531    78.0
19330601 19330630    47.4
19330701 19330731    67.8
19330801 19330831    55.5
19330901 19330930    76.8
19331001 19331031    96.1
19331101 19331130    53.0
19331201 19331231     9.6
19340101 19340131     3.5
19340201 19340228     2.4
19340301 19340331    63.8
19340401 19340430    53.7
19340501 19340531    24.4
19340601 19340630   106.2
19340701 19340731   111.1
19340801 19340831   100.3
19340901 19340930    92.3
19341001 19341031    25.1
19341101 19341130    58.5
19341201 19341231    10.0
19350101 19350131    18.8
19350201 19350228    28.8
19350301 19350331    12.8
19350401 19350430    47.9
19350501 19350531   101.2
19350601 19350630   182.3
19350701 19350731   183.2
19350801 19350831    86.4
19350901 19350930    94.3
19351001 19351031    24.5
19351101 19351130    20.6
19351201 19351231    32.1
19360101 19360131    15.0
19360201 19360229     8.7
19360301 19360331     3.7
19360401 19360430    36.7
19360501 19360531   189.4
19360601 19360630   106.7
19360701 19360731    60.7
19360801 19360831    88.9
19360901 19360930    39.6
19361001 19361031    24.5
19361101 19361130    21.6
19361201 19361231     3.3
19370101 19370131    19.9
19370201 19370228     5.9
19370301 19370331    35.8
19370401 19370430    16.4
19370501 19370531    95.0
19370601 19370630    85.8
19370701 19370731    86.8
19370801 19370831    85.5
19370901 19370930    62.5
19371001 19371031    43.3
19371101 19371130    15.8
19371201 19371231    12.9
19380101 19380131    86.4
19380201 19380228     6.9
19380301 19380331    19.3
19380401 19380430    24.8
19380501 19380531    34.3
19380601 19380630   148.0
19380701 19380731   101.6
19380801 19380831    53.9
19380901 19380930    46.2
19381001 19381031    46.7
19381101 19381130    34.4
19381201 19381231    13.9
19390101 19390131   120.5
19390201 19390228    40.2
19390301 19390331    28.2
19390401 19390430    31.3
19390501 19390531    70.4
19390601 19390630    54.2
19390701 19390731   169.1
19390801 19390831   110.1
19390901 19390930    11.5
19391001 19391031    71.2
19391101 19391130    79.9
19391201 19391231     7.5
19400101 19400131    13.4
19400201 19400229     2.0
19400301 19400331    15.8
19400401 19400430    62.0
19400501 19400531    47.2
19400601 19400630    37.8
19400701 19400731    41.6
19400801 19400831    27.4
19400901 19400930    59.4
19401001 19401031    35.5
19401101 19401130    17.0
19401201 19401231    22.5
19410101 19410131    11.8
19410201 19410228    12.5
19410301 19410331    42.0
19410401 19410430    21.5
19410501 19410531    38.1
19410601 19410630   130.4
19410701 19410731    60.7
19410801 19410831    30.5
19410901 19410930    80.2
19411001 19411031    65.4
19411101 19411130    30.0
19411201 19411231    24.7
19420101 19420131     9.1
19420201 19420228    16.0
19420301 19420331    33.5
19420401 19420430    42.7
19420501 19420531    65.3
19420601 19420630   107.1
19420701 19420731   112.7
19420801 19420831    84.6
19420901 19420930    81.7
19421001 19421031    92.6
19421101 19421130     5.7
19421201 19421231    13.8
19430101 19430131     3.3
19430201 19430228    48.0
19430301 19430331    36.7
19430401 19430430    57.5
19430501 19430531    24.5
19430601 19430630    76.1
19430701 19430731   122.8
19430801 19430831    80.6
19430901 19430930    41.6
19431001 19431031    29.3
19431101 19431130    33.8
19431201 19431231    62.8
19440101 19440131     7.8
19440201 19440229     3.3
19440301 19440331     6.9
19440401 19440430    43.3
19440501 19440531   109.6
19440601 19440630    39.2
19440701 19440731    76.4
19440801 19440831    60.6
19440901 19440930    36.8
19441001 19441031    13.0
19441101 19441130    19.0
19441201 19441231    26.1
19450101 19450131     2.0
19450201 19450228     7.2
19450301 19450331    13.5
19450401 19450430     7.0
19450501 19450531    54.2
19450601 19450630    99.2
19450701 19450731    47.7
19450801 19450831   119.6
19450901 19450930    71.1
19451001 19451031    13.0
19451101 19451130    13.3
19451201 19451231    13.3
19460101 19460131     4.8
19460201 19460228     3.7
19460301 19460331     4.1
19460401 19460430    13.8
19460501 19460531    21.9
19460601 19460630    56.7
19460701 19460731   127.5
19460801 19460831    33.7
19460901 19460930    60.4
19461001 19461031    11.8
19461101 19461130    58.2
19461201 19461231    36.6
19470101 19470131     0.9
19470201 19470228     5.3
19470301 19470331    35.4
19470401 19470430    47.6
19470501 19470531    71.9
19470601 19470630    30.7
19470701 19470731   116.7
19470801 19470831    34.3
19470901 19470930    57.6
19471001 19471031   107.7
19471101 19471130    29.6
19471201 19471231    14.6
19480101 19480131     0.0
19480201 19480229    51.8
19480301 19480331    12.2
19480401 19480430    27.7
19480501 19480531    15.2
19480601 19480630    75.1
19480701 19480731    76.2
19480801 19480831   115.0
19480901 19480930    48.3
19481001 19481031    49.1
19481101 19481130   101.7
19481201 19481231     2.6
19490101 19490131     7.0
19490201 19490228     3.3
19490301 19490331    10.9
19490401 19490430    18.8
19490501 19490531    56.4
19490601 19490630    25.1
19490701 19490731    84.4
19490801 19490831    70.4
19490901 19490930    64.3
19491001 19491031   101.8
19491101 19491130    29.5
19491201 19491231     7.8
19500101 19500131     3.5
19500201 19500228     1.3
19500301 19500331     0.0
19500401 19500430     2.8
19500501 19500531    65.5
19500601 19500630   100.7
19500701 19500731    96.3
19500801 19500831    70.8
19500901 19500930    71.5
19501001 19501031    53.9
19501101 19501130    26.4
19501201 19501231    20.6
19510101 19510131    36.7
19510201 19510228    52.4
19510301 19510331     7.2
19510401 19510430    19.5
19510501 19510531    74.9
19510601 19510630    72.2
19510701 19510731    63.2
19510801 19510831   102.1
19510901 19510930    90.1
19511001 19511031    38.1
19511101 19511130    25.6
19511201 19511231    51.8
19520101 19520131    99.9
19520201 19520229     4.6
19520301 19520331    15.6
19520401 19520430    41.2
19520501 19520531    69.7
19520601 19520630    54.8
19520701 19520731    82.4
19520801 19520831    46.7
19520901 19520930    90.4
19521001 19521031    69.0
19521101 19521130    30.2
19521201 19521231    14.1
19530101 19530131     0.0
19530201 19530228    17.5
19530301 19530331    42.9
19530401 19530430    17.5
19530501 19530531    59.6
19530601 19530630   128.7
19530701 19530731    52.0
19530801 19530831    73.1
19530901 19530930    62.3
19531001 19531031    22.0
19531101 19531130    34.4
19531201 19531231    14.9
19540101 19540131     0.0
19540201 19540228     0.0
19540301 19540331     2.8
19540401 19540430    34.8
19540501 19540531    39.2
19540601 19540630    60.0
19540701 19540731    33.4
19540801 19540831    67.6
19540901 19540930    30.4
19541001 19541031    37.8
19541101 19541130    32.5
19541201 19541231    10.3
19550101 19550131     0.0
19550201 19550228    76.8
19550301 19550331    24.8
19550401 19550430    71.0
19550501 19550531    33.0
19550601 19550630    89.5
19550701 19550731    51.5
19550801 19550831   110.2
19550901 19550930    73.9
19551001 19551031    63.8
19551101 19551130    12.7
19551201 19551231    27.0
19560101 19560131     0.1
19560201 19560229     6.1
19560301 19560331     2.9
19560401 19560430    33.0
19560501 19560531   111.6
19560601 19560630    94.3
19560701 19560731    85.0
19560801 19560831    45.9
19560901 19560930    49.0
19561001 19561031    32.4
19561101 19561130    19.0
19561201 19561231    13.1
19570101 19570131     8.7
19570201 19570228    22.6
19570301 19570331    14.8
19570401 19570430    17.6
19570501 19570531    32.3
19570601 19570630   132.4
19570701 19570731    80.4
19570801 19570831    68.1
19570901 19570930    25.6
19571001 19571031    15.7
19571101 19571130     0.5
19571201 19571231    22.7
19580101 19580131    10.2
19580201 19580228    44.6
19580301 19580331    11.1
19580401 19580430     8.9
19580501 19580531    54.9
19580601 19580630    31.7
19580701 19580731   139.3
19580801 19580831    38.5
19580901 19580930    60.6
19581001 19581031    71.3
19581101 19581130    15.5
19581201 19581231    10.1
19590101 19590131     6.4
19590201 19590228    23.4
19590301 19590331    20.6
19590401 19590430    19.9
19590501 19590531    12.5
19590601 19590630    65.2
19590701 19590731    32.4
19590801 19590831    57.9
19590901 19590930    92.3
19591001 19591031    30.4
19591101 19591130   106.4
19591201 19591231     2.8
19600101 19600131    11.6
19600201 19600229     0.0
19600301 19600331    18.2
19600401 19600430    67.8
19600501 19600531    58.9
19600601 19600630    66.6
19600701 19600731   116.1
19600801 19600831    45.3
19600901 19600930    47.4
19601001 19601031     9.8
19601101 19601130     4.6
19601201 19601231    15.1
19610101 19610131    70.4
19610201 19610228     0.0
19610301 19610331    20.1
19610401 19610430   143.1
19610501 19610531    60.4
19610601 19610630    90.6
19610701 19610731   115.5
19610801 19610831    70.1
19610901 19610930    32.4
19611001 19611031    13.3
19611101 19611130     0.0
19611201 19611231    39.8
19620101 19620131     1.1
19620201 19620228    36.6
19620301 19620331    28.2
19620401 19620430    12.7
19620501 19620531    86.7
19620601 19620630    40.6
19620701 19620731    65.0
19620801 19620831    73.6
19620901 19620930    75.2
19621001 19621031    42.9
19621101 19621130    11.6
19621201 19621231    13.1
19630101 19630131    60.8
19630201 19630228    65.8
19630301 19630331    39.9
19630401 19630430    46.3
19630501 19630531    78.5
19630601 19630630    71.6
19630701 19630731    91.3
19630801 19630831    73.8
19630901 19630930    35.6
19631001 19631031    24.0
19631101 19631130    15.3
19631201 19631231    10.2
19640101 19640131    42.3
19640201 19640229     5.6
19640301 19640331    17.4
19640401 19640430    40.7
19640501 19640531    21.9
19640601 19640630    75.6
19640701 19640731   113.4
19640801 19640831    55.0
19640901 19640930   113.5
19641001 19641031    86.0
19641101 19641130    24.0
19641201 19641231     4.4
19650101 19650131     3.4
19650201 19650228     8.9
19650301 19650331    39.1
19650401 19650430    13.1
19650501 19650531   102.4
19650601 19650630    71.2
19650701 19650731    36.5
19650801 19650831   108.1
19650901 19650930    33.1
19651001 19651031    48.8
19651101 19651130    59.5
19651201 19651231    12.8
19660101 19660131    63.6
19660201 19660228    20.9
19660301 19660331    12.5
19660401 19660430    47.0
19660501 19660531    45.1
19660601 19660630   137.8
19660701 19660731    73.9
19660801 19660831    53.1
19660901 19660930    87.3
19661001 19661031    52.7
19661101 19661130    10.4
19661201 19661231    44.8
19670101 19670131    15.3
19670201 19670228     6.7
19670301 19670331    19.7
19670401 19670430    32.6
19670501 19670531    70.8
19670601 19670630    47.5
19670701 19670731    94.3
19670801 19670831    74.1
19670901 19670930    21.6
19671001 19671031    39.1
19671101 19671130     7.9
19671201 19671231    28.4
19680101 19680131    33.0
19680201 19680229     4.9
19680301 19680331    43.3
19680401 19680430    54.7
19680501 19680531    54.4
19680601 19680630   122.7
19680701 19680731    56.5
19680801 19680831   175.7
19680901 19680930    74.3
19681001 19681031    30.4
19681101 19681130    58.0
19681201 19681231    28.7
19690101 19690131     8.2
19690201 19690228    17.1
19690301 19690331    11.7
19690401 19690430    15.3
19690501 19690531    38.3
19690601 19690630    48.4
19690701 19690731    74.9
19690801 19690831    47.1
19690901 19690930    36.4
19691001 19691031    56.8
19691101 19691130    19.0
19691201 19691231    11.4
19700101 19700131     2.8
19700201 19700228    70.7
19700301 19700331    11.7
19700401 19700430   108.1
19700501 19700531    48.4
19700601 19700630    44.3
19700701 19700731    28.2
19700801 19700831    60.6
19700901 19700930    85.7
19701001 19701031    13.0
19701101 19701130    18.6
19701201 19701231     7.2
19710101 19710131    23.4
19710201 19710228     2.6
19710301 19710331    66.2
19710401 19710430    57.7
19710501 19710531   116.9
19710601 19710630    66.3
19710701 19710731    56.8
19710801 19710831   100.7
19710901 19710930    61.4
19711001 19711031    81.8
19711101 19711130    90.6
19711201 19711231     7.5
19720101 19720131    43.7
19720201 19720229     1.3
19720301 19720331    33.4
19720401 19720430    52.5
19720501 19720531    11.6
19720601 19720630    82.8
19720701 19720731   126.3
19720801 19720831    83.0
19720901 19720930    43.0
19721001 19721031    24.5
19721101 19721130     7.7
19721201 19721231     1.5
19730101 19730131    26.8
19730201 19730228    15.3
19730301 19730331    22.2
19730401 19730430    70.1
19730501 19730531    23.7
19730601 19730630   101.4
19730701 19730731    58.4
19730801 19730831    73.0
19730901 19730930    99.7
19731001 19731031    37.6
19731101 19731130    30.7
19731201 19731231    34.4
19740101 19740131     2.8
19740201 19740228    16.2
19740301 19740331    83.0
19740401 19740430    85.1
19740501 19740531    85.0
19740601 19740630    53.6
19740701 19740731    57.4
19740801 19740831    21.5
19740901 19740930    33.5
19741001 19741031    41.7
19741101 19741130    60.0
19741201 19741231    10.4
19750101 19750131     2.6
19750201 19750228    14.0
19750301 19750331     8.8
19750401 19750430   104.2
19750501 19750531    65.9
19750601 19750630    46.1
19750701 19750731    87.7
19750801 19750831    75.4
19750901 19750930    44.0
19751001 19751031    63.7
19751101 19751130    23.6
19751201 19751231    35.4
19760101 19760131    25.9
19760201 19760229    88.2
19760301 19760331     3.0
19760401 19760430    26.1
19760501 19760531    22.5
19760601 19760630    44.1
19760701 19760731    81.6
19760801 19760831    86.8
19760901 19760930    48.5
19761001 19761031    59.7
19761101 19761130    44.8
19761201 19761231     1.5
19770101 19770131     4.0
19770201 19770228    21.7
19770301 19770331     2.6
19770401 19770430     3.3
19770501 19770531   108.2
19770601 19770630    26.8
19770701 19770731    11.5
19770801 19770831    57.5
19770901 19770930    43.4
19771001 19771031    50.6
19771101 19771130    28.6
19771201 19771231     9.6
19780101 19780131    11.2
19780201 19780228    40.2
19780301 19780331     4.6
19780401 19780430    23.2
19780501 19780531    57.6
19780601 19780630    87.7
19780701 19780731    72.6
19780801 19780831    34.8
19780901 19780930    79.4
19781001 19781031    24.0
19781101 19781130    30.6
19781201 19781231    42.2
19790101 19790131     1.4
19790201 19790228    42.4
19790301 19790331     9.2
19790401 19790430    43.7
19790501 19790531    93.2
19790601 19790630    74.7
19790701 19790731   119.6
19790801 19790831    63.6
19790901 19790930    62.4
19791001 19791031    31.1
19791101 19791130    46.8
19791201 19791231    22.8
19800101 19800131    14.2
19800201 19800229    32.8
19800301 19800331     1.6
19800401 19800430    32.0
19800501 19800531    44.8
19800601 19800630    96.4
19800701 19800731    73.6
19800801 19800831    55.4
19800901 19800930    29.0
19801001 19801031    44.6
19801101 19801130    17.4
19801201 19801231    47.6
19810101 19810131    35.0
19810201 19810228    17.6
19810301 19810331    13.4
19810401 19810430    11.4
19810501 19810531    55.8
19810601 19810630   121.6
19810701 19810731    76.8
19810801 19810831    74.4
19810901 19810930    10.8
19811001 19811031    33.8
19811101 19811130    36.8
19811201 19811231     3.8
19820101 19820131    26.2
19820201 19820228     9.6
19820301 19820331    62.4
19820401 19820430     7.2
19820501 19820531    54.2
19820601 19820630    65.2
19820701 19820731    32.4
19820801 19820831    66.6
19820901 19820930    42.2
19821001 19821031    45.6
19821101 19821130    29.6
19821201 19821231    15.4
19830101 19830131    16.6
19830201 19830228    69.0
19830301 19830331    21.2
19830401 19830430    33.4
19830501 19830531    23.5
19830601 19830630    37.3
19830701 19830731    54.0
19830801 19830831    28.6
19830901 19830930    42.0
19831001 19831031    25.0
19831101 19831130    74.2
19831201 19831231    66.8
19840101 19840131    13.6
19840201 19840229     2.0
19840301 19840331    25.2
19840401 19840430    19.0
19840501 19840531   104.0
19840601 19840630    55.8
19840701 19840731   117.9
19840801 19840831   103.5
19840901 19840930    41.0
19841001 19841031    21.6
19841101 19841130    39.6
19841201 19841231     7.8
19850101 19850131     4.6
19850201 19850228    12.6
19850301 19850331    53.2
19850401 19850430    29.8
19850501 19850531    21.6
19850601 19850630    31.8
19850701 19850731    59.8
19850801 19850831   114.0
19850901 19850930    64.4
19851001 19851031    77.2
19851101 19851130    46.2
19851201 19851231    17.6
19860101 19860131     9.8
19860201 19860228    36.3
19860301 19860331     4.2
19860401 19860430    45.0
19860501 19860531    99.8
19860601 19860630    28.8
19860701 19860731    91.4
19860801 19860831    97.0
19860901 19860930    50.8
19861001 19861031    38.6
19861101 19861130    31.6
19861201 19861231    19.0
19870101 19870131    21.4
19870201 19870228     1.8
19870301 19870331    26.3
19870401 19870430    53.6
19870501 19870531   103.6
19870601 19870630    80.2
19870701 19870731    68.8
19870801 19870831    50.6
19870901 19870930    40.0
19871001 19871031    19.6
19871101 19871130    22.3
19871201 19871231    14.0
19880101 19880131    42.4
19880201 19880229     1.8
19880301 19880331    14.2
19880401 19880430    43.2
19880501 19880531    96.2
19880601 19880630    79.8
19880701 19880731    73.0
19880801 19880831    44.6
19880901 19880930    38.0
19881001 19881031    10.8
19881101 19881130    23.2
19881201 19881231    19.6
19890101 19890131    13.8
19890201 19890228    32.4
19890301 19890331    13.0
19890401 19890430    87.9
19890501 19890531    79.2
19890601 19890630   132.6
19890701 19890731   122.4
19890801 19890831    75.0
19890901 19890930    38.4
19891001 19891031    57.6
19891101 19891130    38.8
19891201 19891231     8.2
19900101 19900131    52.2
19900201 19900228    18.6
19900301 19900331    25.0
19900401 19900430    39.6
19900501 19900531 99999.9
19900601 19900630 99999.9
19900701 19900731 99999.9
19900801 19900831 99999.9
19900901 19900930 99999.9
19901001 19901031 99999.9
19901101 19901130 99999.9
19901201 19901231 99999.9
19910101 19910131     5.1
19910201 19910228     0.0
19910301 19910331     9.8
19910401 19910430    22.4
19910501 19910531    20.6
19910601 19910630    48.6
19910701 19910731    65.8
19910801 19910831    49.8
19910901 19910930    49.4
19911001 19911031    32.2
19911101 19911130    57.2
19911201 19911231    49.2
19920101 19920131     2.0
19920201 19920229    66.8
19920301 19920331    91.4
19920401 19920430 99999.9
19920501 19920531 99999.9
19920601 19920630 99999.9
19920701 19920731    69.9
19920801 19920831   110.8
19920901 19920930   100.3
19921001 19921031    66.0
19921101 19921130    64.7
19921201 19921231    36.8
19930101 19930131     6.1
19930201 19930228     0.0
19930301 19930331    33.2
19930401 19930430    25.3
19930501 19930531    90.9
19930601 19930630    55.2
19930701 19930731    67.2
19930801 19930831    65.2
19930901 19930930    26.8
19931001 19931031    62.2
19931101 19931130    42.7
19931201 19931231     5.6
19940101 19940131     2.6
19940201 19940228     0.0
19940301 19940331    17.6
19940401 19940430     0.5
19940501 19940531    20.0
19940601 19940630    55.9
19940701 19940731    31.0
19940801 19940831    21.6
19940901 19940930    36.4
19941001 19941031    80.2
19941101 19941130 99999.9
19941201 19941231 99999.9
19950101 19950131    37.2
19950201 19950228    46.0
19950301 19950331    18.8
19950401 19950430    11.2
19950501 19950531    80.4
19950601 19950630    99.5
19950701 19950731   112.0
19950801 19950831    30.6
19950901 19950930    23.2
19951001 19951031    39.0
19951101 19951130    15.4
19951201 19951231    32.4
19960101 19960131     2.4
19960201 19960229     5.6
19960301 19960331    48.2
19960401 19960430    54.4
19960501 19960531    23.6
19960601 19960630    48.6
19960701 19960731    64.4
19960801 19960831 99999.9
19960901 19960930    88.6
19961001 19961031    47.4
19961101 19961130    25.2
19961201 19961231 99999.9
19970101 19970131 99999.9
19970201 19970228    63.6
19970301 19970331 99999.9
19970401 19970430    16.6
19970501 19970531   101.7
19970601 19970630    42.8
19970701 19970731    42.4
19970801 19970831   111.4
19970901 19970930    40.2
19971001 19971031 99999.9
19971101 19971130    27.4
19971201 19971231 99999.9
19980101 19980131     0.0
19980201 19980228     2.8
19980301 19980331     9.2
19980401 19980430    30.4
19980501 19980531    31.0
19980601 19980630    66.0
19980701 19980731   110.8
19980801 19980831    43.6
19980901 19980930    61.4
19981001 19981031    25.0
19981101 19981130    28.6
19981201 19981231     8.4
19990101 19990131    61.4
19990201 19990228 99999.9
19990301 19990331    34.0
19990401 19990430 99999.9
19990501 19990531    47.0
19990601 19990630    46.4
19990701 19990731    69.0
19990801 19990831    62.4
19990901 19990930    46.4
19991001 19991031    54.2
19991101 19991130    20.9
19991201 19991231 99999.9
20000101 20000131   170.9
20000201 20000229    53.8
20000301 20000331   127.0
20000401 20000430    62.3
20000501 20000531    35.6
20000601 20000630    25.9
20000701 20000731    66.0
20000801 20000831    57.3
20000901 20000930    16.8
20001001 20001031    13.6
20001101 20001130    11.2
20001201 20001231     9.8
20010101 20010131    53.2
20010201 20010228    64.8
20010301 20010331    11.0
20010401 20010430     3.1
20010501 20010531    36.3
20010601 20010630    53.6
20010701 20010731    87.4
20010801 20010831    93.4
20010901 20010930    97.6
20011001 20011031    44.2
20011101 20011130    60.4
20011201 20011231    30.9
20020101 20020131     4.5
20020201 20020228 99999.9
20020301 20020331     4.0
20020401 20020430 99999.9
20020501 20020531    15.8
20020601 20020630    48.2
20020701 20020731    83.0
20020801 20020831    66.2
20020901 20020930    47.4
20021001 20021031    37.4
20021101 20021130    37.4
20021201 20021231    41.0
20030101 20030131     0.8
20030201 20030228    28.0
20030301 20030331    59.4
20030401 20030430   102.2
20030501 20030531    81.2
20030601 20030630    76.8
20030701 20030731   147.4
20030801 20030831    73.8
20030901 20030930    99.6
20031001 20031031    55.6
20031101 20031130    55.2
20031201 20031231     8.6
20040101 20040131    19.6
20040201 20040229    27.4
20040301 20040331    54.8
20040401 20040430    15.8
20040501 20040531    63.0
20040601 20040630    65.4
20040701 20040731    67.0
20040801 20040831   101.0
20040901 20040930    54.4
20041001 20041031     7.4
20041101 20041130    36.0
20041201 20041231    10.0
20050101 20050131    11.6
20050201 20050228     2.0
20050301 20050331    25.4
20050401 20050430    60.6
20050501 20050531    58.4
20050601 20050630   121.4
20050701 20050731    39.6
20050801 20050831    71.6
20050901 20050930    87.8
20051001 20051031    43.8
20051101 20051130    20.8
20051201 20051231    12.4
20060101 20060131    91.2
20060201 20060228    18.4
20060301 20060331    27.2
20060401 20060430    86.8
20060501 20060531    41.4
20060601 20060630    44.8
20060701 20060731    52.8
20060801 20060831    40.0
20060901 20060930    34.0
20061001 20061031     4.8
20061101 20061130    36.6
20061201 20061231     7.8
20070101 20070131   218.8
20070201 20070228     1.0
20070301 20070331    11.0
20070401 20070430   136.2
20070501 20070531    37.0
20070601 20070630    46.2
20070701 20070731    59.2
20070801 20070831    59.0
20070901 20070930    68.0
20071001 20071031    86.0
20071101 20071130     4.4
20071201 20071231    45.2
20080101 20080131     9.6
20080201 20080229     3.6
20080301 20080331     3.2
20080401 20080430    16.0
20080501 20080531    50.6
20080601 20080630    24.4
20080701 20080731   101.8
20080801 20080831    44.2
20080901 20080930   116.0
20081001 20081031    65.4
20081101 20081130    73.2
20081201 20081231    35.8
20090101 20090131   111.8
20090201 20090228     5.8
20090301 20090331    35.6
20090401 20090430    24.2
20090501 20090531    23.4
20090601 20090630    95.4
20090701 20090731    72.0
20090801 20090831    37.0
20090901 20090930    77.8
20091001 20091031    12.8
20091101 20091130    38.2
20091201 20091231     8.8
20100101 20100131     8.2
20100201 20100228    19.0
20100301 20100331    25.8
20100401 20100430    34.4
20100501 20100531    83.2
20100601 20100630    71.4
20100701 20100731    62.6
20100801 20100831    66.4
20100901 20100930    26.8
20101001 20101031    31.4
20101101 20101130    19.2
20101201 20101231    15.2
20110101 20110131    21.0
20110201 20110228    19.2
20110301 20110331    20.4
20110401 20110430    24.8
20110501 20110531    46.0
20110601 20110630    26.0
20110701 20110731    72.6
20110801 20110831    70.2
20110901 20110930    50.2
20111001 20111031    56.6
20111101 20111130    26.8
20111201 20111231    47.0
20120101 20120131    55.2
20120201 20120229    20.2
20120301 20120331    65.0
20120401 20120430    12.4
20120501 20120531    37.8
20120601 20120630    89.4
20120701 20120731    50.4
20120801 20120831    68.0
20120901 20120930    54.4
20121001 20121031    15.2
20121101 20121130    74.6
20121201 20121231    11.4
20130101 20130131    25.0
20130201 20130228     3.6
20130301 20130331   167.6
20130401 20130430    52.6
20130501 20130531    80.4
20130601 20130630    35.6
20130701 20130731    67.8
20130801 20130831   106.0
20130901 20130930    64.2
20131001 20131031    57.0
20131101 20131130    15.4
20131201 20131231    15.6
20140101 20140131    13.4
20140201 20140228     6.2
20140301 20140331     7.2
20140401 20140430    10.8
20140501 20140531    61.4
20140601 20140630    47.0
20140701 20140731    99.8
20140801 20140831    33.8
20140901 20140930    67.4
20141001 20141031   115.4
20141101 20141130    45.8
20141201 20141231    26.2
20150101 20150131     2.6
20150201 20150228     4.2
20150301 20150331    28.8
20150401 20150430    46.8
20150501 20150531    42.8
20150601 20150630    60.6
20150701 20150731    48.6
20150801 20150831    96.8
20150901 20150930    50.2
20151001 20151031    21.4
20151101 20151130    35.0
20151201 20151231    32.4
20160101 20160131    59.6
20160201 20160229    14.0
20160301 20160331    45.2
20160401 20160430    25.4
20160501 20160531    44.0
20160601 20160630    80.0
20160701 20160731    72.8
20160801 20160831   116.2
20160901 20160930    85.0
20161001 20161031    60.6
20161101 20161130     7.0
20161201 20161231    23.8
20170101 20170131    59.0
20170201 20170228   159.8
20170301 20170331    56.6
20170401 20170430     9.0
20170501 20170531    69.4
20170601 20170630    26.2
20170701 20170731   104.2
20170801 20170831    56.8
20170901 20170930    73.8
20171001 20171031    27.0
20171101 20171130    30.7
20171201 20171231    20.6
20180101 20180131     2.0
