PRCP       089033 18790501 20180131 missing_value=99999.9 WICKLIFFE                                 
18790501 18790531    45.8
18790601 18790630    31.9
18790701 18790731    37.7
18790801 18790831    53.1
18790901 18790930    48.6
18791001 18791031    55.2
18791101 18791130    51.6
18791201 18791231    65.8
18800101 18800131     0.0
18800201 18800229    77.0
18800301 18800331    64.4
18800401 18800430    77.7
18800501 18800531    57.3
18800601 18800630    70.5
18800701 18800731    25.8
18800801 18800831    57.5
18800901 18800930    80.6
18801001 18801031    51.1
18801101 18801130    21.8
18801201 18801231    17.7
18810101 18810131     9.7
18810201 18810228     1.3
18810301 18810331    18.5
18810401 18810430    26.9
18810501 18810531    63.6
18810601 18810630    93.1
18810701 18810731    21.2
18810801 18810831    51.8
18810901 18810930    31.6
18811001 18811031    52.8
18811101 18811130    64.1
18811201 18811231    39.8
18820101 18820131     6.4
18820201 18820228     0.8
18820301 18820331    22.0
18820401 18820430    84.2
18820501 18820531    51.2
18820601 18820630    48.7
18820701 18820731    81.3
18820801 18820831    25.9
18820901 18820930    34.7
18821001 18821031    60.4
18821101 18821130    72.0
18821201 18821231    33.2
18830101 18830131    11.1
18830201 18830228   119.8
18830301 18830331    42.0
18830401 18830430    18.2
18830501 18830531    67.9
18830601 18830630    76.0
18830701 18830731    47.2
18830801 18830831    53.3
18830901 18830930    77.3
18831001 18831031    68.9
18831101 18831130    38.0
18831201 18831231    22.2
18840101 18840131    98.3
18840201 18840229    13.9
18840301 18840331    55.9
18840401 18840430    37.1
18840501 18840531    56.5
18840601 18840630    57.0
18840701 18840731    19.8
18840801 18840831    40.7
18840901 18840930    41.4
18841001 18841031    35.2
18841101 18841130    44.2
18841201 18841231    42.6
18850101 18850131    29.7
18850201 18850228    23.4
18850301 18850331    37.1
18850401 18850430    26.0
18850501 18850531    29.7
18850601 18850630    59.5
18850701 18850731    39.7
18850801 18850831    76.5
18850901 18850930    53.6
18851001 18851031    11.1
18851101 18851130    12.6
18851201 18851231    33.4
18860101 18860131   105.0
18860201 18860228    45.4
18860301 18860331    29.2
18860401 18860430    16.0
18860501 18860531    15.9
18860601 18860630    32.3
18860701 18860731    45.3
18860801 18860831    81.2
18860901 18860930    39.4
18861001 18861031    76.6
18861101 18861130    22.6
18861201 18861231     5.8
18870101 18870131    48.5
18870201 18870228    17.8
18870301 18870331     3.3
18870401 18870430    33.3
18870501 18870531    33.2
18870601 18870630   102.9
18870701 18870731    96.9
18870801 18870831    51.4
18870901 18870930    51.2
18871001 18871031    61.1
18871101 18871130    91.7
18871201 18871231    15.5
18880101 18880131    28.0
18880201 18880229     0.3
18880301 18880331    60.9
18880401 18880430    39.8
18880501 18880531    87.7
18880601 18880630    76.6
18880701 18880731    70.6
18880801 18880831    40.8
18880901 18880930    33.3
18881001 18881031    18.8
18881101 18881130    13.9
18881201 18881231    23.7
18890101 18890131    82.3
18890201 18890228    24.9
18890301 18890331     2.3
18890401 18890430    82.6
18890501 18890531    85.7
18890601 18890630   172.8
18890701 18890731    38.9
18890801 18890831    65.4
18890901 18890930    45.1
18891001 18891031   102.3
18891101 18891130    56.5
18891201 18891231     2.3
18900101 18900131    58.0
18900201 18900228     4.6
18900301 18900331    33.8
18900401 18900430    32.0
18900501 18900531    39.5
18900601 18900630    51.3
18900701 18900731    61.9
18900801 18900831    51.6
18900901 18900930    78.0
18901001 18901031    72.6
18901101 18901130    79.0
18901201 18901231    37.1
18910101 18910131    14.7
18910201 18910228     5.9
18910301 18910331    24.9
18910401 18910430    16.8
18910501 18910531    46.2
18910601 18910630   112.5
18910701 18910731    36.3
18910801 18910831    14.8
18910901 18910930    46.5
18911001 18911031   105.9
18911101 18911130    36.0
18911201 18911231    49.7
18920101 18920131     2.1
18920201 18920229     4.3
18920301 18920331    30.7
18920401 18920430    68.6
18920501 18920531    44.5
18920601 18920630    60.7
18920701 18920731    48.4
18920801 18920831    38.0
18920901 18920930    59.6
18921001 18921031    34.0
18921101 18921130    49.8
18921201 18921231    32.7
18930101 18930131     4.8
18930201 18930228     6.3
18930301 18930331    38.5
18930401 18930430    90.5
18930501 18930531   124.4
18930601 18930630    61.6
18930701 18930731    45.0
18930801 18930831    55.9
18930901 18930930   100.5
18931001 18931031    81.3
18931101 18931130    34.2
18931201 18931231    18.6
18940101 18940131    18.9
18940201 18940228    26.7
18940301 18940331    77.2
18940401 18940430    28.2
18940501 18940531    53.7
18940601 18940630    63.8
18940701 18940731   101.9
18940801 18940831    65.3
18940901 18940930    64.4
18941001 18941031   151.8
18941101 18941130     4.4
18941201 18941231    58.2
18950101 18950131    32.5
18950201 18950228     1.5
18950301 18950331    34.8
18950401 18950430    43.9
18950501 18950531    49.8
18950601 18950630    34.1
18950701 18950731    58.7
18950801 18950831    53.6
18950901 18950930    58.6
18951001 18951031    37.6
18951101 18951130    18.1
18951201 18951231    30.9
18960101 18960131    33.0
18960201 18960229    29.0
18960301 18960331    38.0
18960401 18960430   101.2
18960501 18960531    34.7
18960601 18960630    24.4
18960701 18960731    60.2
18960801 18960831    47.4
18960901 18960930    41.6
18961001 18961031     8.8
18961101 18961130    23.7
18961201 18961231    21.6
18970101 18970131    42.3
18970201 18970228    26.7
18970301 18970331    21.8
18970401 18970430    27.9
18970501 18970531    55.2
18970601 18970630    24.6
18970701 18970731    27.0
18970801 18970831    95.7
18970901 18970930    31.7
18971001 18971031    53.5
18971101 18971130    38.1
18971201 18971231     6.1
18980101 18980131     3.0
18980201 18980228    15.3
18980301 18980331    10.2
18980401 18980430    37.1
18980501 18980531    26.4
18980601 18980630    63.8
18980701 18980731    57.2
18980801 18980831    24.9
18980901 18980930    67.3
18981001 18981031    44.5
18981101 18981130    36.6
18981201 18981231    11.4
18990101 18990131    44.7
18990201 18990228    33.8
18990301 18990331    73.5
18990401 18990430    31.5
18990501 18990531    40.6
18990601 18990630    98.0
18990701 18990731    12.5
18990801 18990831    53.4
18990901 18990930    45.3
18991001 18991031    49.3
18991101 18991130    26.0
18991201 18991231    27.4
19000101 19000131    24.7
19000201 19000228    12.6
19000301 19000331    68.2
19000401 19000430    65.2
19000501 19000531    58.6
19000601 19000630    70.8
19000701 19000731    16.2
19000801 19000831   102.6
19000901 19000930    84.6
19001001 19001031    23.0
19001101 19001130     7.9
19001201 19001231    18.5
19010101 19010131    48.0
19010201 19010228    11.0
19010301 19010331    20.6
19010401 19010430    56.8
19010501 19010531    32.6
19010601 19010630   102.1
19010701 19010731    36.9
19010801 19010831    54.9
19010901 19010930    76.9
19011001 19011031    67.7
19011101 19011130    24.4
19011201 19011231    30.3
19020101 19020131    17.9
19020201 19020228    24.5
19020301 19020331    23.1
19020401 19020430     9.5
19020501 19020531    18.1
19020601 19020630    77.4
19020701 19020731    16.8
19020801 19020831    25.0
19020901 19020930    32.2
19021001 19021031    34.4
19021101 19021130    17.1
19021201 19021231    99.4
19030101 19030131    24.2
19030201 19030228    26.6
19030301 19030331    28.4
19030401 19030430    86.2
19030501 19030531    37.8
19030601 19030630    52.9
19030701 19030731   108.9
19030801 19030831    41.2
19030901 19030930    94.3
19031001 19031031    59.6
19031101 19031130    38.7
19031201 19031231    27.3
19040101 19040131    58.5
19040201 19040229    67.0
19040301 19040331    28.7
19040401 19040430    23.4
19040501 19040531    72.5
19040601 19040630    50.9
19040701 19040731    47.2
19040801 19040831    56.6
19040901 19040930    53.1
19041001 19041031    65.1
19041101 19041130    30.2
19041201 19041231     4.9
19050101 19050131    23.6
19050201 19050228    24.3
19050301 19050331     2.8
19050401 19050430    48.0
19050501 19050531    81.7
19050601 19050630    62.5
19050701 19050731    73.7
19050801 19050831    28.2
19050901 19050930    60.8
19051001 19051031    69.5
19051101 19051130    22.1
19051201 19051231    44.7
19060101 19060131     0.0
19060201 19060228     9.1
19060301 19060331    71.2
19060401 19060430    16.8
19060501 19060531    72.3
19060601 19060630    80.4
19060701 19060731    77.9
19060801 19060831    58.8
19060901 19060930    45.6
19061001 19061031    85.3
19061101 19061130   158.9
19061201 19061231     9.6
19070101 19070131    14.4
19070201 19070228    22.6
19070301 19070331    12.0
19070401 19070430    74.4
19070501 19070531    55.6
19070601 19070630    28.1
19070701 19070731    59.5
19070801 19070831    81.5
19070901 19070930    20.6
19071001 19071031    24.4
19071101 19071130    68.9
19071201 19071231    65.1
19080101 19080131    13.5
19080201 19080229    15.2
19080301 19080331    53.5
19080401 19080430     6.1
19080501 19080531    44.4
19080601 19080630    56.4
19080701 19080731    19.9
19080801 19080831    33.5
19080901 19080930   122.2
19081001 19081031    62.0
19081101 19081130    38.4
19081201 19081231    12.5
19090101 19090131    31.3
19090201 19090228    13.2
19090301 19090331    50.6
19090401 19090430    56.2
19090501 19090531    51.3
19090601 19090630    82.3
19090701 19090731    46.4
19090801 19090831   111.0
19090901 19090930    45.6
19091001 19091031    56.5
19091101 19091130    20.4
19091201 19091231    24.2
19100101 19100131    39.9
19100201 19100228     8.1
19100301 19100331   118.7
19100401 19100430    21.3
19100501 19100531    66.6
19100601 19100630    43.1
19100701 19100731    70.3
19100801 19100831    44.7
19100901 19100930    96.6
19101001 19101031    51.6
19101101 19101130    48.8
19101201 19101231    58.3
19110101 19110131     2.6
19110201 19110228   181.6
19110301 19110331    78.6
19110401 19110430    20.1
19110501 19110531    68.3
19110601 19110630    72.7
19110701 19110731    41.3
19110801 19110831    23.8
19110901 19110930   111.4
19111001 19111031    31.7
19111101 19111130    12.2
19111201 19111231    70.6
19120101 19120131     0.0
19120201 19120229     8.2
19120301 19120331    36.1
19120401 19120430    50.1
19120501 19120531    14.3
19120601 19120630    24.5
19120701 19120731    38.4
19120801 19120831    40.4
19120901 19120930    84.2
19121001 19121031    32.7
19121101 19121130    50.5
19121201 19121231    48.0
19130101 19130131    11.9
19130201 19130228    32.5
19130301 19130331    59.0
19130401 19130430    31.8
19130501 19130531    43.6
19130601 19130630    20.5
19130701 19130731    21.4
19130801 19130831    61.5
19130901 19130930    80.0
19131001 19131031    33.1
19131101 19131130    34.1
19131201 19131231    26.7
19140101 19140131     3.9
19140201 19140228     9.6
19140301 19140331    17.0
19140401 19140430    43.8
19140501 19140531    39.4
19140601 19140630    20.5
19140701 19140731    43.8
19140801 19140831     6.5
19140901 19140930    20.0
19141001 19141031     7.6
19141101 19141130    28.8
19141201 19141231    48.1
19150101 19150131    29.7
19150201 19150228     0.3
19150301 19150331     2.3
19150401 19150430    20.9
19150501 19150531    45.4
19150601 19150630    71.4
19150701 19150731    33.3
19150801 19150831    75.1
19150901 19150930    78.6
19151001 19151031    41.0
19151101 19151130    15.2
19151201 19151231     7.6
19160101 19160131    50.8
19160201 19160229     7.7
19160301 19160331     3.0
19160401 19160430    31.8
19160501 19160531    12.3
19160601 19160630    62.0
19160701 19160731    45.4
19160801 19160831    62.2
19160901 19160930   113.0
19161001 19161031    61.3
19161101 19161130    86.3
19161201 19161231    59.7
19170101 19170131    16.8
19170201 19170228    68.0
19170301 19170331    35.5
19170401 19170430    39.5
19170501 19170531    63.0
19170601 19170630    33.2
19170701 19170731    65.8
19170801 19170831    60.2
19170901 19170930    80.7
19171001 19171031    79.6
19171101 19171130    41.1
19171201 19171231    30.7
19180101 19180131    22.4
19180201 19180228    13.0
19180301 19180331    26.0
19180401 19180430    25.7
19180501 19180531    66.3
19180601 19180630    49.8
19180701 19180731    55.8
19180801 19180831    61.4
19180901 19180930    37.2
19181001 19181031    70.9
19181101 19181130    13.5
19181201 19181231    16.2
19190101 19190131     4.6
19190201 19190228    86.6
19190301 19190331    46.7
19190401 19190430     0.0
19190501 19190531    48.1
19190601 19190630    35.6
19190701 19190731    49.4
19190801 19190831    37.6
19190901 19190930    56.4
19191001 19191031    25.3
19191101 19191130    12.7
19191201 19191231    33.9
19200101 19200131    14.1
19200201 19200229     4.6
19200301 19200331    32.3
19200401 19200430    14.2
19200501 19200531    34.9
19200601 19200630    84.4
19200701 19200731    28.3
19200801 19200831    83.2
19200901 19200930    45.1
19201001 19201031    32.7
19201101 19201130    46.0
19201201 19201231    31.1
19210101 19210131    35.6
19210201 19210228    61.0
19210301 19210331    21.8
19210401 19210430    22.3
19210501 19210531    50.7
19210601 19210630    33.6
19210701 19210731    57.6
19210801 19210831    87.5
19210901 19210930    57.5
19211001 19211031    36.2
19211101 19211130    51.3
19211201 19211231    23.5
19220101 19220131    10.4
19220201 19220228    27.8
19220301 19220331     7.2
19220401 19220430    39.7
19220501 19220531    58.6
19220601 19220630    27.0
19220701 19220731    52.7
19220801 19220831    45.6
19220901 19220930    85.6
19221001 19221031    86.1
19221101 19221130    24.2
19221201 19221231    92.5
19230101 19230131    10.5
19230201 19230228     7.3
19230301 19230331     3.4
19230401 19230430     2.3
19230501 19230531    89.1
19230601 19230630    74.0
19230701 19230731   115.8
19230801 19230831    45.1
19230901 19230930    54.2
19231001 19231031    80.9
19231101 19231130    52.4
19231201 19231231    62.7
19240101 19240131    33.6
19240201 19240229    64.3
19240301 19240331    43.5
19240401 19240430    32.2
19240501 19240531    43.9
19240601 19240630    45.2
19240701 19240731    28.1
19240801 19240831    76.9
19240901 19240930    67.0
19241001 19241031    56.9
19241101 19241130   102.9
19241201 19241231    16.0
19250101 19250131    22.3
19250201 19250228    40.2
19250301 19250331    10.1
19250401 19250430    33.7
19250501 19250531    77.2
19250601 19250630    35.7
19250701 19250731    53.5
19250801 19250831    42.7
19250901 19250930    69.8
19251001 19251031    24.2
19251101 19251130    48.1
19251201 19251231    11.7
19260101 19260131    18.2
19260201 19260228     6.8
19260301 19260331     7.9
19260401 19260430    46.2
19260501 19260531    70.1
19260601 19260630    50.4
19260701 19260731    58.9
19260801 19260831    51.4
19260901 19260930    43.4
19261001 19261031    56.5
19261101 19261130    31.4
19261201 19261231    34.1
19270101 19270131     9.7
19270201 19270228    15.1
19270301 19270331    25.6
19270401 19270430    10.0
19270501 19270531    57.8
19270601 19270630    18.7
19270701 19270731    43.2
19270801 19270831    71.6
19270901 19270930    25.1
19271001 19271031    16.6
19271101 19271130    50.3
19271201 19271231    42.4
19280101 19280131    76.2
19280201 19280229   108.1
19280301 19280331    66.4
19280401 19280430    38.7
19280501 19280531    43.5
19280601 19280630    46.5
19280701 19280731    30.6
19280801 19280831    17.9
19280901 19280930    53.1
19281001 19281031   102.2
19281101 19281130    22.1
19281201 19281231     6.9
19290101 19290131    22.4
19290201 19290228    13.7
19290301 19290331    55.6
19290401 19290430    47.0
19290501 19290531    40.8
19290601 19290630    65.4
19290701 19290731    41.9
19290801 19290831    48.6
19290901 19290930    44.0
19291001 19291031    47.5
19291101 19291130    36.3
19291201 19291231    48.3
19300101 19300131     2.4
19300201 19300228    78.8
19300301 19300331     4.4
19300401 19300430    37.4
19300501 19300531    28.9
19300601 19300630    27.2
19300701 19300731    55.8
19300801 19300831    90.8
19300901 19300930    61.3
19301001 19301031    65.6
19301101 19301130    48.2
19301201 19301231    87.0
19310101 19310131    35.6
19310201 19310228    12.2
19310301 19310331    54.4
19310401 19310430    66.4
19310501 19310531    78.0
19310601 19310630    75.5
19310701 19310731    59.4
19310801 19310831    57.1
19310901 19310930    40.0
19311001 19311031    17.3
19311101 19311130    36.4
19311201 19311231    20.6
19320101 19320131     0.8
19320201 19320229    66.9
19320301 19320331    93.0
19320401 19320430    84.4
19320501 19320531    24.0
19320601 19320630    60.7
19320701 19320731    52.1
19320801 19320831    76.8
19320901 19320930    43.8
19321001 19321031    51.6
19321101 19321130    23.1
19321201 19321231    42.4
19330101 19330131    17.4
19330201 19330228     3.1
19330301 19330331    29.5
19330401 19330430    42.7
19330501 19330531    46.7
19330601 19330630    31.8
19330701 19330731    41.1
19330801 19330831    56.8
19330901 19330930    64.0
19331001 19331031    47.9
19331101 19331130    60.0
19331201 19331231    62.3
19340101 19340131    34.5
19340201 19340228    27.3
19340301 19340331    30.7
19340401 19340430   137.3
19340501 19340531     7.1
19340601 19340630    17.8
19340701 19340731    54.3
19340801 19340831    58.6
19340901 19340930    82.3
19341001 19341031    82.8
19341101 19341130    97.9
19341201 19341231    29.9
19350101 19350131    28.3
19350201 19350228    38.2
19350301 19350331    47.8
19350401 19350430    72.4
19350501 19350531    49.5
19350601 19350630    38.7
19350701 19350731    67.0
19350801 19350831    76.5
19350901 19350930    75.2
19351001 19351031    41.9
19351101 19351130    20.1
19351201 19351231    31.0
19360101 19360131    18.4
19360201 19360229     2.1
19360301 19360331    16.2
19360401 19360430    28.2
19360501 19360531    46.2
19360601 19360630    52.2
19360701 19360731    87.1
19360801 19360831    79.4
19360901 19360930    29.5
19361001 19361031    69.2
19361101 19361130    19.0
19361201 19361231    61.6
19370101 19370131    65.7
19370201 19370228    38.4
19370301 19370331    19.2
19370401 19370430     9.2
19370501 19370531    44.4
19370601 19370630    17.1
19370701 19370731    27.1
19370801 19370831    58.6
19370901 19370930    59.2
19371001 19371031    78.2
19371101 19371130    14.0
19371201 19371231   139.0
19380101 19380131    15.3
19380201 19380228    31.2
19380301 19380331    24.0
19380401 19380430    26.6
19380501 19380531    11.3
19380601 19380630    81.2
19380701 19380731    41.4
19380801 19380831    30.4
19380901 19380930    31.4
19381001 19381031    18.6
19381101 19381130    32.4
19381201 19381231    18.3
19390101 19390131     8.0
19390201 19390228    35.1
19390301 19390331     7.5
19390401 19390430    60.2
19390501 19390531    62.1
19390601 19390630   102.7
19390701 19390731    61.0
19390801 19390831   137.8
19390901 19390930    59.7
19391001 19391031    71.5
19391101 19391130    84.3
19391201 19391231    20.6
19400101 19400131    28.1
19400201 19400229     8.6
19400301 19400331     9.7
19400401 19400430    80.3
19400501 19400531    38.0
19400601 19400630    33.5
19400701 19400731    45.8
19400801 19400831    24.7
19400901 19400930    30.2
19401001 19401031    17.8
19401101 19401130    67.3
19401201 19401231    48.1
19410101 19410131    96.6
19410201 19410228    22.7
19410301 19410331    39.6
19410401 19410430    62.4
19410501 19410531    31.5
19410601 19410630    66.1
19410701 19410731    64.6
19410801 19410831    71.8
19410901 19410930    92.0
19411001 19411031    51.5
19411101 19411130    24.9
19411201 19411231    33.7
19420101 19420131    28.9
19420201 19420228    18.9
19420301 19420331    24.9
19420401 19420430    52.1
19420501 19420531   124.6
19420601 19420630    47.0
19420701 19420731    64.6
19420801 19420831   108.5
19420901 19420930    92.2
19421001 19421031    53.0
19421101 19421130    49.0
19421201 19421231    17.1
19430101 19430131    23.7
19430201 19430228    44.5
19430301 19430331     7.2
19430401 19430430    50.3
19430501 19430531    44.1
19430601 19430630    61.8
19430701 19430731    73.6
19430801 19430831    76.4
19430901 19430930    71.4
19431001 19431031    45.6
19431101 19431130    31.3
19431201 19431231    14.2
19440101 19440131    21.2
19440201 19440229    21.0
19440301 19440331     8.6
19440401 19440430    59.8
19440501 19440531    90.9
19440601 19440630    21.1
19440701 19440731    50.5
19440801 19440831    15.4
19440901 19440930    39.1
19441001 19441031    70.1
19441101 19441130    33.2
19441201 19441231    44.8
19450101 19450131    26.8
19450201 19450228    33.6
19450301 19450331     5.4
19450401 19450430    12.3
19450501 19450531    51.2
19450601 19450630    31.3
19450701 19450731    52.7
19450801 19450831    74.8
19450901 19450930    52.3
19451001 19451031    61.1
19451101 19451130    50.0
19451201 19451231    17.8
19460101 19460131    93.8
19460201 19460228   133.0
19460301 19460331   189.2
19460401 19460430    34.1
19460501 19460531    22.2
19460601 19460630    43.7
19460701 19460731    85.8
19460801 19460831    69.5
19460901 19460930    48.9
19461001 19461031    27.3
19461101 19461130    20.9
19461201 19461231    28.9
19470101 19470131    12.7
19470201 19470228    30.0
19470301 19470331   128.3
19470401 19470430    45.5
19470501 19470531    14.4
19470601 19470630    82.6
19470701 19470731    87.6
19470801 19470831    50.6
19470901 19470930    42.7
19471001 19471031    66.9
19471101 19471130    44.6
19471201 19471231    65.0
19480101 19480131    24.9
19480201 19480229     7.7
19480301 19480331     9.3
19480401 19480430    86.3
19480501 19480531    58.1
19480601 19480630    39.5
19480701 19480731    35.0
19480801 19480831    38.6
19480901 19480930    56.7
19481001 19481031   105.1
19481101 19481130    39.2
19481201 19481231    20.5
19490101 19490131    20.2
19490201 19490228    84.7
19490301 19490331    20.3
19490401 19490430     7.9
19490501 19490531    36.7
19490601 19490630    38.0
19490701 19490731    38.4
19490801 19490831    25.0
19490901 19490930    29.8
19491001 19491031   114.1
19491101 19491130    77.5
19491201 19491231    17.0
19500101 19500131    17.2
19500201 19500228    65.4
19500301 19500331    65.0
19500401 19500430    68.8
19500501 19500531    40.3
19500601 19500630    18.0
19500701 19500731    32.4
19500801 19500831    55.7
19500901 19500930    69.6
19501001 19501031    34.7
19501101 19501130    31.9
19501201 19501231    37.0
19510101 19510131     8.6
19510201 19510228    68.9
19510301 19510331     2.0
19510401 19510430    80.4
19510501 19510531    65.8
19510601 19510630    23.1
19510701 19510731    71.4
19510801 19510831    96.3
19510901 19510930    25.4
19511001 19511031    60.1
19511101 19511130    31.5
19511201 19511231    29.5
19520101 19520131    67.6
19520201 19520229    34.0
19520301 19520331    12.1
19520401 19520430    49.0
19520501 19520531    60.6
19520601 19520630    82.0
19520701 19520731    43.3
19520801 19520831    64.7
19520901 19520930    50.8
19521001 19521031    69.9
19521101 19521130    88.9
19521201 19521231    25.9
19530101 19530131    19.4
19530201 19530228     3.3
19530301 19530331     3.3
19530401 19530430    22.5
19530501 19530531    30.4
19530601 19530630    43.1
19530701 19530731    59.3
19530801 19530831    81.0
19530901 19530930    51.6
19531001 19531031    45.3
19531101 19531130   103.7
19531201 19531231    31.7
19540101 19540131    61.5
19540201 19540228     8.2
19540301 19540331    12.4
19540401 19540430    86.7
19540501 19540531    32.5
19540601 19540630    53.9
19540701 19540731    38.5
19540801 19540831    39.4
19540901 19540930    41.9
19541001 19541031    51.9
19541101 19541130   102.8
19541201 19541231    63.1
19550101 19550131    19.3
19550201 19550228    44.7
19550301 19550331     6.1
19550401 19550430    39.0
19550501 19550531    41.3
19550601 19550630    66.9
19550701 19550731    35.1
19550801 19550831   120.5
19550901 19550930    43.8
19551001 19551031    58.5
19551101 19551130    27.5
19551201 19551231    61.2
19560101 19560131    22.6
19560201 19560229     0.0
19560301 19560331   120.8
19560401 19560430    71.3
19560501 19560531    96.4
19560601 19560630    89.0
19560701 19560731    40.7
19560801 19560831    63.0
19560901 19560930    56.2
19561001 19561031    52.0
19561101 19561130    40.8
19561201 19561231    16.4
19570101 19570131     1.6
19570201 19570228   105.5
19570301 19570331    33.7
19570401 19570430    30.2
19570501 19570531    46.9
19570601 19570630    37.0
19570701 19570731    13.2
19570801 19570831    45.7
19570901 19570930    66.4
19571001 19571031    66.6
19571101 19571130    40.9
19571201 19571231    53.8
19580101 19580131    38.9
19580201 19580228    26.2
19580301 19580331     9.3
19580401 19580430    20.8
19580501 19580531    94.7
19580601 19580630    23.6
19580701 19580731    72.0
19580801 19580831    88.6
19580901 19580930    65.8
19581001 19581031    76.2
19581101 19581130    65.4
19581201 19581231    18.3
19590101 19590131    37.8
19590201 19590228    49.0
19590301 19590331   108.2
19590401 19590430    37.6
19590501 19590531    16.7
19590601 19590630    36.0
19590701 19590731    39.5
19590801 19590831    81.7
19590901 19590930    41.2
19591001 19591031    59.4
19591101 19591130    31.4
19591201 19591231    74.4
19600101 19600131    26.9
19600201 19600229    85.9
19600301 19600331    35.9
19600401 19600430    96.7
19600501 19600531    98.3
19600601 19600630    41.9
19600701 19600731    75.0
19600801 19600831    50.6
19600901 19600930   106.8
19601001 19601031    21.9
19601101 19601130    97.1
19601201 19601231    26.2
19610101 19610131    11.2
19610201 19610228     9.2
19610301 19610331    26.0
19610401 19610430   113.9
19610501 19610531    36.4
19610601 19610630    58.1
19610701 19610731    81.3
19610801 19610831    54.5
19610901 19610930    40.2
19611001 19611031    42.6
19611101 19611130    18.9
19611201 19611231    33.5
19620101 19620131    35.1
19620201 19620228    23.0
19620301 19620331    38.2
19620401 19620430    15.3
19620501 19620531    65.4
19620601 19620630    74.4
19620701 19620731    23.0
19620801 19620831    79.4
19620901 19620930    49.6
19621001 19621031    92.8
19621101 19621130    26.2
19621201 19621231    20.0
19630101 19630131   154.5
19630201 19630228    19.1
19630301 19630331    15.1
19630401 19630430     7.7
19630501 19630531    99.4
19630601 19630630    36.8
19630701 19630731    69.8
19630801 19630831    49.1
19630901 19630930    68.6
19631001 19631031    36.8
19631101 19631130    13.2
19631201 19631231     6.2
19640101 19640131    13.6
19640201 19640229    56.3
19640301 19640331    28.5
19640401 19640430   112.2
19640501 19640531    58.3
19640601 19640630    56.6
19640701 19640731   128.6
19640801 19640831    69.2
19640901 19640930   105.2
19641001 19641031    83.1
19641101 19641130    94.2
19641201 19641231    65.3
19650101 19650131     4.8
19650201 19650228     0.0
19650301 19650331    20.0
19650401 19650430    55.6
19650501 19650531    64.2
19650601 19650630    36.7
19650701 19650731    74.8
19650801 19650831    52.1
19650901 19650930    47.5
19651001 19651031    13.4
19651101 19651130    72.4
19651201 19651231    35.8
19660101 19660131    15.4
19660201 19660228    48.3
19660301 19660331    43.5
19660401 19660430    28.8
19660501 19660531    22.1
19660601 19660630    21.5
19660701 19660731    91.8
19660801 19660831    72.4
19660901 19660930    65.2
19661001 19661031    58.7
19661101 19661130    23.2
19661201 19661231   121.0
19670101 19670131    14.7
19670201 19670228    17.5
19670301 19670331    11.0
19670401 19670430     6.3
19670501 19670531    20.7
19670601 19670630     5.4
19670701 19670731    42.1
19670801 19670831    73.3
19670901 19670930    29.1
19671001 19671031    14.2
19671101 19671130    13.1
19671201 19671231    32.4
19680101 19680131    11.2
19680201 19680229    19.9
19680301 19680331    32.4
19680401 19680430    73.0
19680501 19680531    84.6
19680601 19680630    56.1
19680701 19680731    59.6
19680801 19680831    58.3
19680901 19680930    32.8
19681001 19681031    57.9
19681101 19681130    47.5
19681201 19681231    21.7
19690101 19690131    25.3
19690201 19690228    78.4
19690301 19690331    78.6
19690401 19690430    25.7
19690501 19690531    89.1
19690601 19690630     6.7
19690701 19690731    45.0
19690801 19690831    70.6
19690901 19690930    65.7
19691001 19691031    30.7
19691101 19691130    52.7
19691201 19691231    38.5
19700101 19700131    61.6
19700201 19700228     3.0
19700301 19700331    77.2
19700401 19700430    65.5
19700501 19700531    38.9
19700601 19700630    44.7
19700701 19700731    38.2
19700801 19700831    86.5
19700901 19700930    45.7
19701001 19701031    27.3
19701101 19701130   138.8
19701201 19701231    59.7
19710101 19710131    38.0
19710201 19710228    25.8
19710301 19710331    22.1
19710401 19710430    86.2
19710501 19710531    58.6
19710601 19710630    60.2
19710701 19710731    44.1
19710801 19710831    47.9
19710901 19710930    57.4
19711001 19711031    82.7
19711101 19711130   121.9
19711201 19711231    56.9
19720101 19720131    37.7
19720201 19720229    76.1
19720301 19720331    50.3
19720401 19720430    69.3
19720501 19720531    24.0
19720601 19720630    26.4
19720701 19720731    53.2
19720801 19720831    42.5
19720901 19720930    30.0
19721001 19721031    41.2
19721101 19721130    73.6
19721201 19721231     0.5
19730101 19730131    21.5
19730201 19730228    99.4
19730301 19730331    36.7
19730401 19730430    17.3
19730501 19730531    65.9
19730601 19730630    46.7
19730701 19730731    45.6
19730801 19730831    52.8
19730901 19730930    60.7
19731001 19731031    91.6
19731101 19731130    67.0
19731201 19731231    37.4
19740101 19740131    57.8
19740201 19740228    21.0
19740301 19740331    33.4
19740401 19740430   105.4
19740501 19740531   115.8
19740601 19740630    14.0
19740701 19740731    99.8
19740801 19740831    83.6
19740901 19740930    78.1
19741001 19741031    73.8
19741101 19741130    21.2
19741201 19741231    17.2
19750101 19750131    25.4
19750201 19750228     1.6
19750301 19750331    71.7
19750401 19750430    21.0
19750501 19750531    32.0
19750601 19750630    29.0
19750701 19750731    74.7
19750801 19750831    64.8
19750901 19750930   111.6
19751001 19751031   130.7
19751101 19751130    43.6
19751201 19751231    26.6
19760101 19760131     8.8
19760201 19760229    18.0
19760301 19760331    42.4
19760401 19760430    24.2
19760501 19760531    18.6
19760601 19760630    53.8
19760701 19760731    28.4
19760801 19760831    83.0
19760901 19760930    76.0
19761001 19761031    77.4
19761101 19761130    64.2
19761201 19761231    46.9
19770101 19770131    32.0
19770201 19770228    16.6
19770301 19770331    34.6
19770401 19770430    24.8
19770501 19770531    74.4
19770601 19770630   109.0
19770701 19770731    64.0
19770801 19770831    27.6
19770901 19770930    32.4
19771001 19771031    46.1
19771101 19771130    76.4
19771201 19771231    18.6
19780101 19780131    24.2
19780201 19780228    11.0
19780301 19780331    30.2
19780401 19780430    58.6
19780501 19780531    70.4
19780601 19780630    43.2
19780701 19780731    89.0
19780801 19780831    71.8
19780901 19780930    70.0
19781001 19781031    70.6
19781101 19781130    88.2
19781201 19781231    66.6
19790101 19790131    55.4
19790201 19790228    24.2
19790301 19790331     9.2
19790401 19790430    24.0
19790501 19790531    39.2
19790601 19790630    22.4
19790701 19790731    40.9
19790801 19790831    73.4
19790901 19790930    83.8
19791001 19791031    64.2
19791101 19791130    56.2
19791201 19791231    11.3
19800101 19800131    42.5
19800201 19800229     3.0
19800301 19800331    10.6
19800401 19800430   130.7
19800501 19800531    49.4
19800601 19800630    54.4
19800701 19800731    62.4
19800801 19800831    57.8
19800901 19800930    60.9
19801001 19801031    77.2
19801101 19801130    24.0
19801201 19801231    41.8
19810101 19810131    57.8
19810201 19810228    19.6
19810301 19810331    10.2
19810401 19810430    10.2
19810501 19810531    50.0
19810601 19810630    94.6
19810701 19810731    78.6
19810801 19810831   100.6
19810901 19810930    30.0
19811001 19811031    52.0
19811101 19811130    29.2
19811201 19811231     9.0
19820101 19820131    33.6
19820201 19820228     0.8
19820301 19820331    43.2
19820401 19820430    28.4
19820501 19820531    46.8
19820601 19820630    30.2
19820701 19820731    21.6
19820801 19820831    13.6
19820901 19820930    42.4
19821001 19821031    24.4
19821101 19821130    10.0
19821201 19821231    17.4
19830101 19830131    20.4
19830201 19830228     0.0
19830301 19830331    70.2
19830401 19830430    49.2
19830501 19830531    97.4
19830601 19830630    76.6
19830701 19830731    50.8
19830801 19830831    73.7
19830901 19830930    98.6
19831001 19831031    51.4
19831101 19831130    77.2
19831201 19831231     7.8
19840101 19840131    32.6
19840201 19840229     9.8
19840301 19840331    79.4
19840401 19840430    36.2
19840501 19840531    15.6
19840601 19840630    22.8
19840701 19840731   116.4
19840801 19840831    96.8
19840901 19840930   101.4
19841001 19841031    37.1
19841101 19841130    61.4
19841201 19841231    29.5
19850101 19850131    14.2
19850201 19850228    12.4
19850301 19850331    30.2
19850401 19850430    76.2
19850501 19850531    31.2
19850601 19850630    56.9
19850701 19850731    55.6
19850801 19850831    60.0
19850901 19850930    34.2
19851001 19851031    74.9
19851101 19851130    50.7
19851201 19851231    88.8
19860101 19860131    24.0
19860201 19860228     6.3
19860301 19860331     5.6
19860401 19860430    85.4
19860501 19860531    72.8
19860601 19860630    42.0
19860701 19860731    77.0
19860801 19860831    60.1
19860901 19860930    57.0
19861001 19861031    83.6
19861101 19861130    26.5
19861201 19861231    68.2
19870101 19870131    81.8
19870201 19870228    61.2
19870301 19870331    19.2
19870401 19870430    21.4
19870501 19870531   113.6
19870601 19870630    47.6
19870701 19870731    46.8
19870801 19870831    50.2
19870901 19870930    26.0
19871001 19871031    41.0
19871101 19871130    17.2
19871201 19871231    82.6
19880101 19880131    34.2
19880201 19880229    11.2
19880301 19880331    16.4
19880401 19880430    11.2
19880501 19880531    76.8
19880601 19880630    62.7
19880701 19880731    54.7
19880801 19880831    66.6
19880901 19880930    62.0
19881001 19881031    24.2
19881101 19881130    53.6
19881201 19881231    41.7
19890101 19890131    23.4
19890201 19890228    10.0
19890301 19890331    21.8
19890401 19890430    45.1
19890501 19890531    60.7
19890601 19890630    76.0
19890701 19890731    72.4
19890801 19890831    76.8
19890901 19890930    69.6
19891001 19891031    78.2
19891101 19891130    25.6
19891201 19891231    14.2
19900101 19900131     1.8
19900201 19900228   142.0
19900301 19900331    39.4
19900401 19900430    24.8
19900501 19900531    18.6
19900601 19900630    58.4
19900701 19900731    51.6
19900801 19900831    83.2
19900901 19900930    48.6
19901001 19901031    67.4
19901101 19901130    37.6
19901201 19901231    31.0
19910101 19910131    48.4
19910201 19910228     0.0
19910301 19910331    20.2
19910401 19910430    20.8
19910501 19910531    15.2
19910601 19910630    97.4
19910701 19910731    37.0
19910801 19910831   103.0
19910901 19910930    93.0
19911001 19911031    16.0
19911101 19911130    67.0
19911201 19911231    45.6
19920101 19920131    48.4
19920201 19920229    22.4
19920301 19920331    24.4
19920401 19920430   107.8
19920501 19920531    63.8
19920601 19920630    38.6
19920701 19920731    59.8
19920801 19920831    90.0
19920901 19920930   105.2
19921001 19921031    79.2
19921101 19921130    90.8
19921201 19921231    68.0
19930101 19930131    77.6
19930201 19930228    25.8
19930301 19930331    23.6
19930401 19930430     7.0
19930501 19930531    28.8
19930601 19930630    51.2
19930701 19930731    71.2
19930801 19930831    49.7
19930901 19930930    84.6
19931001 19931031    74.6
19931101 19931130    47.4
19931201 19931231    53.6
19940101 19940131    28.8
19940201 19940228    72.6
19940301 19940331     3.2
19940401 19940430    35.2
19940501 19940531    37.6
19940601 19940630    47.4
19940701 19940731    32.6
19940801 19940831    26.6
19940901 19940930    45.0
19941001 19941031    62.4
19941101 19941130    43.6
19941201 19941231    33.9
19950101 19950131    20.0
19950201 19950228    29.4
19950301 19950331    29.0
19950401 19950430    89.6
19950501 19950531    31.8
19950601 19950630    82.0
19950701 19950731    56.0
19950801 19950831    40.0
19950901 19950930    29.2
19951001 19951031    31.8
19951101 19951130    34.2
19951201 19951231    37.8
19960101 19960131    21.2
19960201 19960229    41.0
19960301 19960331    37.6
19960401 19960430    40.6
19960501 19960531     6.8
19960601 19960630    63.8
19960701 19960731    75.6
19960801 19960831    73.0
19960901 19960930    75.4
19961001 19961031    23.6
19961101 19961130    21.8
19961201 19961231    35.6
19970101 19970131    38.6
19970201 19970228    11.2
19970301 19970331    12.2
19970401 19970430     5.4
19970501 19970531    49.4
19970601 19970630    25.6
19970701 19970731    25.8
19970801 19970831    42.4
19970901 19970930    68.6
19971001 19971031    49.4
19971101 19971130    68.6
19971201 19971231     4.4
19980101 19980131 99999.9
19980201 19980228    23.4
19980301 19980331     2.6
19980401 19980430    61.4
19980501 19980531    20.0
19980601 19980630    71.8
19980701 19980731    57.4
19980801 19980831    22.8
19980901 19980930    93.4
19981001 19981031    51.2
19981101 19981130    74.2
19981201 19981231    23.4
19990101 19990131    18.2
19990201 19990228   117.0
19990301 19990331    47.0
19990401 19990430    10.8
19990501 19990531    46.2
19990601 19990630    24.4
19990701 19990731    29.0
19990801 19990831    72.4
19990901 19990930    23.8
19991001 19991031    48.8
19991101 19991130    58.0
19991201 19991231    50.6
20000101 20000131     9.8
20000201 20000229    14.0
20000301 20000331    10.2
20000401 20000430    55.8
20000501 20000531    73.0
20000601 20000630    37.6
20000701 20000731    40.6
20000801 20000831    36.2
20000901 20000930    91.4
20001001 20001031    83.5
20001101 20001130    49.8
20001201 20001231    25.6
20010101 20010131    16.7
20010201 20010228    21.6
20010301 20010331    48.6
20010401 20010430    72.6
20010501 20010531    26.0
20010601 20010630    52.8
20010701 20010731    45.4
20010801 20010831   119.6
20010901 20010930    65.2
20011001 20011031   103.6
20011101 20011130    76.6
20011201 20011231    31.0
20020101 20020131    20.0
20020201 20020228    56.6
20020301 20020331     8.4
20020401 20020430    27.8
20020501 20020531    45.6
20020601 20020630    56.0
20020701 20020731    60.0
20020801 20020831    31.4
20020901 20020930    46.8
20021001 20021031    46.4
20021101 20021130    53.4
20021201 20021231    22.4
20030101 20030131    22.0
20030201 20030228    40.6
20030301 20030331    40.2
20030401 20030430    27.2
20030501 20030531    26.8
20030601 20030630    69.4
20030701 20030731    50.0
20030801 20030831    87.4
20030901 20030930    45.8
20031001 20031031    93.6
20031101 20031130    18.0
20031201 20031231    48.0
20040101 20040131 99999.9
20040201 20040229    29.6
20040301 20040331    40.8
20040401 20040430    41.8
20040501 20040531    27.2
20040601 20040630    97.2
20040701 20040731    51.0
20040801 20040831    64.2
20040901 20040930    45.2
20041001 20041031    23.8
20041101 20041130    59.0
20041201 20041231    87.4
20050101 20050131    23.2
20050201 20050228    95.2
20050301 20050331    10.8
20050401 20050430    19.4
20050501 20050531    21.2
20050601 20050630    52.4
20050701 20050731    36.2
20050801 20050831    60.8
20050901 20050930    41.6
20051001 20051031    62.4
20051101 20051130    25.2
20051201 20051231    26.0
20060101 20060131    50.2
20060201 20060228    23.6
20060301 20060331     5.6
20060401 20060430    46.4
20060501 20060531    30.6
20060601 20060630    20.0
20060701 20060731    54.6
20060801 20060831    29.4
20060901 20060930    35.8
20061001 20061031    12.2
20061101 20061130    16.4
20061201 20061231    12.4
20070101 20070131    67.8
20070201 20070228    10.6
20070301 20070331    10.4
20070401 20070430    44.0
20070501 20070531    79.0
20070601 20070630    27.4
20070701 20070731    80.4
20070801 20070831    40.4
20070901 20070930    46.8
20071001 20071031    26.8
20071101 20071130    84.6
20071201 20071231    91.4
20080101 20080131    57.2
20080201 20080229    20.6
20080301 20080331    12.4
20080401 20080430    14.4
20080501 20080531    33.4
20080601 20080630    22.0
20080701 20080731    92.8
20080801 20080831    45.4
20080901 20080930    36.4
20081001 20081031    11.6
20081101 20081130    32.4
20081201 20081231    97.6
20090101 20090131     3.8
20090201 20090228     0.2
20090301 20090331    31.8
20090401 20090430    39.6
20090501 20090531    56.2
20090601 20090630    40.2
20090701 20090731    65.4
20090801 20090831    96.4
20090901 20090930    67.0
20091001 20091031    37.0
20091101 20091130    54.4
20091201 20091231    34.4
20100101 20100131    20.8
20100201 20100228    57.6
20100301 20100331    53.0
20100401 20100430    53.2
20100501 20100531    25.7
20100601 20100630    42.6
20100701 20100731    57.8
20100801 20100831   155.2
20100901 20100930    67.8
20101001 20101031    76.6
20101101 20101130    93.0
20101201 20101231    98.4
20110101 20110131   119.4
20110201 20110228    50.4
20110301 20110331    65.0
20110401 20110430    35.0
20110501 20110531    55.6
20110601 20110630    42.4
20110701 20110731    58.8
20110801 20110831    32.4
20110901 20110930    30.2
20111001 20111031    66.2
20111101 20111130    36.2
20111201 20111231    26.6
20120101 20120131    19.2
20120201 20120229 99999.9
20120301 20120331    32.2
20120401 20120430    28.8
20120501 20120531    65.8
20120601 20120630    51.2
20120701 20120731    63.6
20120801 20120831 99999.9
20120901 20120930    49.6
20121001 20121031 99999.9
20121101 20121130    38.8
20121201 20121231    17.6
20130101 20130131     1.8
20130201 20130228    43.0
20130301 20130331    15.2
20130401 20130430    11.8
20130501 20130531    46.4
20130601 20130630    65.0
20130701 20130731    65.5
20130801 20130831    80.4
20130901 20130930    49.8
20131001 20131031    70.4
20131101 20131130    31.6
20131201 20131231    22.0
20140101 20140131    17.4
20140201 20140228 99999.9
20140301 20140331    23.8
20140401 20140430    78.8
20140501 20140531    34.4
20140601 20140630    80.8
20140701 20140731    44.0
20140801 20140831    43.0
20140901 20140930    33.4
20141001 20141031    16.4
20141101 20141130    28.8
20141201 20141231    17.0
20150101 20150131    57.8
20150201 20150228    14.0
20150301 20150331    14.0
20150401 20150430    30.0
20150501 20150531    47.0
20150601 20150630    47.4
20150701 20150731    51.0
20150801 20150831    29.6
20150901 20150930    34.0
20151001 20151031    10.0
20151101 20151130    28.4
20151201 20151231    32.8
20160101 20160131    51.4
20160201 20160229    11.0
20160301 20160331    26.0
20160401 20160430    17.6
20160501 20160531    77.4
20160601 20160630    41.6
20160701 20160731    73.4
20160801 20160831    61.2
20160901 20160930   119.4
20161001 20161031    87.0
20161101 20161130    23.2
20161201 20161231    24.6
20170101 20170131    61.0
20170201 20170228    26.8
20170301 20170331    30.0
20170401 20170430    82.2
20170501 20170531    52.6
20170601 20170630    15.0
20170701 20170731    52.0
20170801 20170831    63.0
20170901 20170930    56.3
20171001 20171031    31.8
20171101 20171130    65.2
20171201 20171231    26.6
20180101 20180131     7.2
