PRCP       009520 18970101 20171231 missing_value=99999.9 CAPE RICHE                                
18970101 18970131     0.0
18970201 18970228    37.1
18970301 18970331    35.6
18970401 18970430    43.7
18970501 18970531    30.0
18970601 18970630    82.8
18970701 18970731    42.7
18970801 18970831    88.9
18970901 18970930    78.0
18971001 18971031    16.8
18971101 18971130    16.3
18971201 18971231    52.8
18980101 18980131    18.3
18980201 18980228     8.4
18980301 18980331     0.0
18980401 18980430    26.2
18980501 18980531    30.7
18980601 18980630   148.8
18980701 18980731    73.7
18980801 18980831    35.8
18980901 18980930    15.0
18981001 18981031    92.2
18981101 18981130    14.7
18981201 18981231     8.4
18990101 18990131    15.7
18990201 18990228    55.6
18990301 18990331    36.3
18990401 18990430    51.8
18990501 18990531   135.1
18990601 18990630    58.2
18990701 18990731    44.7
18990801 18990831    33.0
18990901 18990930   105.4
18991001 18991031    71.6
18991101 18991130    20.6
18991201 18991231     4.1
19000101 19000131    36.3
19000201 19000228     0.5
19000301 19000331    10.7
19000401 19000430    47.2
19000501 19000531   119.9
19000601 19000630    54.6
19000701 19000731    48.5
19000801 19000831    71.9
19000901 19000930    55.9
19001001 19001031    75.2
19001101 19001130    34.0
19001201 19001231     3.0
19010101 19010131     2.3
19010201 19010228     0.0
19010301 19010331    36.8
19010401 19010430    16.5
19010501 19010531    26.9
19010601 19010630    77.2
19010701 19010731    41.7
19010801 19010831    83.8
19010901 19010930    41.7
19011001 19011031    26.4
19011101 19011130     7.6
19011201 19011231    46.2
19020101 19020131    10.7
19020201 19020228    12.4
19020301 19020331     8.9
19020401 19020430    12.4
19020501 19020531    39.1
19020601 19020630   102.6
19020701 19020731   110.5
19020801 19020831   175.5
19020901 19020930    95.5
19021001 19021031    73.2
19021101 19021130     6.6
19021201 19021231     2.8
19030101 19030131     3.0
19030201 19030228     0.0
19030301 19030331    24.1
19030401 19030430    49.0
19030501 19030531    27.9
19030601 19030630    81.8
19030701 19030731    78.0
19030801 19030831    68.3
19030901 19030930    61.7
19031001 19031031    74.7
19031101 19031130    45.0
19031201 19031231    26.2
19040101 19040131     3.3
19040201 19040229     4.3
19040301 19040331    79.5
19040401 19040430    25.9
19040501 19040531   201.9
19040601 19040630    67.1
19040701 19040731   103.6
19040801 19040831    31.8
19040901 19040930    59.7
19041001 19041031   102.9
19041101 19041130    24.6
19041201 19041231    60.2
19050101 19050131    13.7
19050201 19050228     8.6
19050301 19050331    17.8
19050401 19050430   129.3
19050501 19050531    53.3
19050601 19050630    57.7
19050701 19050731    27.4
19050801 19050831    39.1
19050901 19050930   109.0
19051001 19051031   119.1
19051101 19051130    20.3
19051201 19051231    19.6
19060101 19060131    15.2
19060201 19060228    89.2
19060301 19060331    23.6
19060401 19060430     4.6
19060501 19060531    53.3
19060601 19060630    56.1
19060701 19060731    73.2
19060801 19060831    61.5
19060901 19060930    79.8
19061001 19061031    12.7
19061101 19061130    35.3
19061201 19061231    30.5
19070101 19070131     6.4
19070201 19070228     8.1
19070301 19070331    51.1
19070401 19070430     9.2
19070501 19070531    99.9
19070601 19070630    90.9
19070701 19070731    60.4
19070801 19070831    47.9
19070901 19070930    69.2
19071001 19071031    25.6
19071101 19071130     9.2
19071201 19071231    21.3
19080101 19080131     1.6
19080201 19080229    17.8
19080301 19080331    38.3
19080401 19080430    74.9
19080501 19080531   199.9
19080601 19080630   105.1
19080701 19080731    75.2
19080801 19080831   129.8
19080901 19080930    21.0
19081001 19081031    23.7
19081101 19081130     9.7
19081201 19081231    11.2
19090101 19090131    11.9
19090201 19090228     8.9
19090301 19090331    34.4
19090401 19090430   115.3
19090501 19090531    48.2
19090601 19090630    75.7
19090701 19090731    92.8
19090801 19090831   135.3
19090901 19090930    43.2
19091001 19091031    22.3
19091101 19091130    34.9
19091201 19091231    17.3
19100101 19100131    13.7
19100201 19100228    11.4
19100301 19100331    25.4
19100401 19100430    48.1
19100501 19100531    58.2
19100601 19100630    73.1
19100701 19100731   113.5
19100801 19100831    29.9
19100901 19100930    41.8
19101001 19101031   224.8
19101101 19101130    86.1
19101201 19101231     6.4
19110101 19110131     0.0
19110201 19110228     0.0
19110301 19110331    40.7
19110401 19110430    22.9
19110501 19110531    78.3
19110601 19110630    45.7
19110701 19110731   108.4
19110801 19110831   112.7
19110901 19110930    46.4
19111001 19111031    49.4
19111101 19111130    14.2
19111201 19111231    44.7
19120101 19120131     4.8
19120201 19120229    27.8
19120301 19120331     8.4
19120401 19120430    23.1
19120501 19120531    19.3
19120601 19120630    44.4
19120701 19120731   135.8
19120801 19120831    54.3
19120901 19120930    35.2
19121001 19121031    23.4
19121101 19121130    49.2
19121201 19121231    21.1
19130101 19130131    17.9
19130201 19130228     0.8
19130301 19130331    34.0
19130401 19130430   326.0
19130501 19130531    54.1
19130601 19130630    57.0
19130701 19130731    47.7
19130801 19130831    58.7
19130901 19130930   110.7
19131001 19131031    62.7
19131101 19131130    13.5
19131201 19131231    60.3
19140101 19140131     0.0
19140201 19140228    48.0
19140301 19140331    36.6
19140401 19140430    36.3
19140501 19140531    69.3
19140601 19140630    23.8
19140701 19140731    61.3
19140801 19140831    27.7
19140901 19140930    21.1
19141001 19141031    91.0
19141101 19141130    68.1
19141201 19141231    45.4
19150101 19150131    46.0
19150201 19150228    67.0
19150301 19150331    23.6
19150401 19150430    31.5
19150501 19150531    61.6
19150601 19150630    74.2
19150701 19150731   100.6
19150801 19150831    73.2
19150901 19150930    55.2
19151001 19151031    27.8
19151101 19151130    14.6
19151201 19151231     0.0
19160101 19160131    11.7
19160201 19160229     4.8
19160301 19160331    25.3
19160401 19160430    20.1
19160501 19160531    57.7
19160601 19160630   154.7
19160701 19160731   108.1
19160801 19160831    57.8
19160901 19160930    47.8
19161001 19161031    71.3
19161101 19161130    67.6
19161201 19161231     3.3
19170101 19170131    23.7
19170201 19170228    25.0
19170301 19170331   186.0
19170401 19170430    82.3
19170501 19170531   160.4
19170601 19170630   197.1
19170701 19170731    37.3
19170801 19170831   112.2
19170901 19170930    70.4
19171001 19171031    55.3
19171101 19171130     2.6
19171201 19171231     5.6
19180101 19180131    69.1
19180201 19180228    97.0
19180301 19180331    40.7
19180401 19180430    45.8
19180501 19180531    65.5
19180601 19180630    31.5
19180701 19180731    19.3
19180801 19180831    67.8
19180901 19180930    32.2
19181001 19181031    40.3
19181101 19181130    54.6
19181201 19181231    12.6
19190101 19190131     1.0
19190201 19190228    33.3
19190301 19190331     7.6
19190401 19190430   126.0
19190501 19190531    30.9
19190601 19190630    28.5
19190701 19190731    58.9
19190801 19190831    47.0
19190901 19190930    37.6
19191001 19191031    62.5
19191101 19191130    37.7
19191201 19191231    11.0
19200101 19200131     0.0
19200201 19200229    52.9
19200301 19200331    82.8
19200401 19200430     9.2
19200501 19200531    24.2
19200601 19200630   166.5
19200701 19200731    70.9
19200801 19200831    96.2
19200901 19200930    64.1
19201001 19201031    21.1
19201101 19201130     1.8
19201201 19201231     2.3
19210101 19210131    10.7
19210201 19210228     4.6
19210301 19210331     7.6
19210401 19210430    41.9
19210501 19210531   188.3
19210601 19210630    29.2
19210701 19210731    21.5
19210801 19210831    65.7
19210901 19210930   107.3
19211001 19211031    56.8
19211101 19211130    51.1
19211201 19211231    37.2
19220101 19220131    10.1
19220201 19220228    20.1
19220301 19220331    26.6
19220401 19220430   151.2
19220501 19220531    45.7
19220601 19220630    68.5
19220701 19220731    98.2
19220801 19220831    59.9
19220901 19220930    52.6
19221001 19221031    20.6
19221101 19221130     9.6
19221201 19221231    21.6
19230101 19230131     3.8
19230201 19230228    16.8
19230301 19230331    32.3
19230401 19230430    17.0
19230501 19230531    54.0
19230601 19230630   162.8
19230701 19230731    38.3
19230801 19230831    56.1
19230901 19230930    55.3
19231001 19231031    29.2
19231101 19231130     4.6
19231201 19231231     3.0
19240101 19240131     1.0
19240201 19240229    10.1
19240301 19240331     3.3
19240401 19240430     6.3
19240501 19240531    59.5
19240601 19240630    43.9
19240701 19240731    16.3
19240801 19240831    68.3
19240901 19240930    99.8
19241001 19241031   147.5
19241101 19241130    20.1
19241201 19241231    10.6
19250101 19250131    21.0
19250201 19250228    26.7
19250301 19250331    35.0
19250401 19250430    73.6
19250501 19250531    72.7
19250601 19250630    55.8
19250701 19250731    63.8
19250801 19250831    19.8
19250901 19250930    46.2
19251001 19251031    86.0
19251101 19251130     3.3
19251201 19251231    37.6
19260101 19260131    10.0
19260201 19260228    31.7
19260301 19260331   132.2
19260401 19260430    85.7
19260501 19260531    30.7
19260601 19260630    32.0
19260701 19260731   110.6
19260801 19260831    57.4
19260901 19260930    47.5
19261001 19261031    21.7
19261101 19261130    18.4
19261201 19261231    26.4
19270101 19270131    92.7
19270201 19270228     3.0
19270301 19270331    40.1
19270401 19270430     9.7
19270501 19270531    59.6
19270601 19270630    79.1
19270701 19270731    52.1
19270801 19270831    42.9
19270901 19270930    74.1
19271001 19271031    70.5
19271101 19271130     2.5
19271201 19271231    13.2
19280101 19280131    67.1
19280201 19280229     0.8
19280301 19280331    34.3
19280401 19280430    64.2
19280501 19280531    33.8
19280601 19280630    21.3
19280701 19280731    48.7
19280801 19280831    50.3
19280901 19280930    60.5
19281001 19281031    41.1
19281101 19281130    15.0
19281201 19281231     8.4
19290101 19290131     4.9
19290201 19290228    27.2
19290301 19290331    19.6
19290401 19290430    19.5
19290501 19290531    46.3
19290601 19290630   139.4
19290701 19290731    59.3
19290801 19290831    36.2
19290901 19290930   127.4
19291001 19291031    27.5
19291101 19291130   121.4
19291201 19291231    18.2
19300101 19300131     1.8
19300201 19300228     6.0
19300301 19300331    65.2
19300401 19300430    48.7
19300501 19300531    85.1
19300601 19300630    26.8
19300701 19300731    51.8
19300801 19300831    16.5
19300901 19300930    31.9
19301001 19301031    18.2
19301101 19301130    11.9
19301201 19301231    16.0
19310101 19310131     4.9
19310201 19310228    21.2
19310301 19310331    33.8
19310401 19310430    29.0
19310501 19310531    50.9
19310601 19310630    74.8
19310701 19310731    56.6
19310801 19310831    69.9
19310901 19310930    72.1
19311001 19311031    18.2
19311101 19311130     8.2
19311201 19311231    15.7
19320101 19320131    14.7
19320201 19320229    12.4
19320301 19320331    36.5
19320401 19320430    53.1
19320501 19320531    46.1
19320601 19320630   107.1
19320701 19320731    43.3
19320801 19320831   112.1
19320901 19320930    41.1
19321001 19321031   101.0
19321101 19321130    21.2
19321201 19321231     8.4
19330101 19330131    28.8
19330201 19330228     0.0
19330301 19330331    42.3
19330401 19330430    33.5
19330501 19330531    42.6
19330601 19330630    64.0
19330701 19330731    28.8
19330801 19330831    36.9
19330901 19330930    22.2
19331001 19331031    40.7
19331101 19331130    34.7
19331201 19331231     7.7
19340101 19340131    12.5
19340201 19340228     2.0
19340301 19340331   161.3
19340401 19340430    62.3
19340501 19340531    34.0
19340601 19340630    67.9
19340701 19340731    68.6
19340801 19340831    44.7
19340901 19340930    31.8
19341001 19341031    44.2
19341101 19341130    19.6
19341201 19341231     9.7
19350101 19350131     7.9
19350201 19350228    43.7
19350301 19350331     5.8
19350401 19350430    33.2
19350501 19350531    11.9
19350601 19350630    64.3
19350701 19350731    70.8
19350801 19350831   112.0
19350901 19350930    39.7
19351001 19351031    35.3
19351101 19351130     1.8
19351201 19351231    12.2
19360101 19360131     5.6
19360201 19360229     2.9
19360301 19360331     0.0
19360401 19360430    13.0
19360501 19360531    66.3
19360601 19360630    60.4
19360701 19360731    29.0
19360801 19360831    23.8
19360901 19360930    19.6
19361001 19361031    23.3
19361101 19361130    10.7
19361201 19361231    18.0
19370101 19370131    15.7
19370201 19370228     0.8
19370301 19370331   172.5
19370401 19370430    38.9
19370501 19370531    83.1
19370601 19370630    94.7
19370701 19370731    41.9
19370801 19370831    86.2
19370901 19370930    77.2
19371001 19371031    17.3
19371101 19371130    28.2
19371201 19371231     5.9
19380101 19380131    27.0
19380201 19380228     3.5
19380301 19380331    26.7
19380401 19380430    30.4
19380501 19380531    15.2
19380601 19380630    69.1
19380701 19380731    72.8
19380801 19380831    57.3
19380901 19380930    16.6
19381001 19381031    27.5
19381101 19381130    11.5
19381201 19381231    21.7
19390101 19390131   170.1
19390201 19390228    37.8
19390301 19390331    10.1
19390401 19390430    61.7
19390501 19390531    72.7
19390601 19390630    64.0
19390701 19390731   101.0
19390801 19390831    55.6
19390901 19390930    10.3
19391001 19391031   129.2
19391101 19391130    73.5
19391201 19391231     8.4
19400101 19400131     6.8
19400201 19400229     1.3
19400301 19400331     2.3
19400401 19400430    26.1
19400501 19400531    36.4
19400601 19400630    31.4
19400701 19400731    66.1
19400801 19400831    28.0
19400901 19400930    37.9
19401001 19401031     5.1
19401101 19401130    31.6
19401201 19401231    77.5
19410101 19410131    28.2
19410201 19410228     6.4
19410301 19410331    62.8
19410401 19410430    16.5
19410501 19410531    45.5
19410601 19410630    51.2
19410701 19410731    34.2
19410801 19410831    23.2
19410901 19410930    40.8
19411001 19411031    46.2
19411101 19411130    33.0
19411201 19411231     6.8
19420101 19420131     6.6
19420201 19420228    17.2
19420301 19420331    46.5
19420401 19420430    46.9
19420501 19420531   119.9
19420601 19420630    68.3
19420701 19420731    63.8
19420801 19420831    50.9
19420901 19420930    32.8
19421001 19421031    33.8
19421101 19421130    12.2
19421201 19421231    99.8
19430101 19430131    67.3
19430201 19430228    30.4
19430301 19430331    57.9
19430401 19430430    55.7
19430501 19430531    50.8
19430601 19430630    50.1
19430701 19430731    95.6
19430801 19430831    36.1
19430901 19430930    27.9
19431001 19431031    14.0
19431101 19431130    19.6
19431201 19431231    16.3
19440101 19440131     3.3
19440201 19440229     0.0
19440301 19440331     9.2
19440401 19440430    24.3
19440501 19440531    52.4
19440601 19440630    40.2
19440701 19440731    79.5
19440801 19440831   107.4
19440901 19440930    65.0
19441001 19441031    13.2
19441101 19441130     2.5
19441201 19441231    16.5
19450101 19450131     5.5
19450201 19450228    13.0
19450301 19450331    41.6
19450401 19450430    11.2
19450501 19450531    71.4
19450601 19450630   142.1
19450701 19450731   107.0
19450801 19450831   103.0
19450901 19450930    64.8
19451001 19451031    23.9
19451101 19451130     9.9
19451201 19451231    60.4
19460101 19460131     7.9
19460201 19460228     2.3
19460301 19460331     8.6
19460401 19460430    10.9
19460501 19460531    44.1
19460601 19460630   105.3
19460701 19460731    41.1
19460801 19460831    34.8
19460901 19460930    37.2
19461001 19461031    47.2
19461101 19461130    51.0
19461201 19461231    24.1
19470101 19470131     3.3
19470201 19470228    20.2
19470301 19470331     7.0
19470401 19470430    84.4
19470501 19470531    77.3
19470601 19470630    90.5
19470701 19470731    48.8
19470801 19470831    35.7
19470901 19470930    44.5
19471001 19471031   119.4
19471101 19471130    70.9
19471201 19471231    10.5
19480101 19480131     3.8
19480201 19480229     9.6
19480301 19480331    20.6
19480401 19480430    44.7
19480501 19480531    16.5
19480601 19480630    56.2
19480701 19480731    64.8
19480801 19480831    34.1
19480901 19480930    53.9
19481001 19481031    21.5
19481101 19481130    51.1
19481201 19481231    15.3
19490101 19490131     3.6
19490201 19490228     5.6
19490301 19490331    26.2
19490401 19490430    22.1
19490501 19490531    53.1
19490601 19490630    25.5
19490701 19490731   112.7
19490801 19490831    72.6
19490901 19490930    43.5
19491001 19491031    88.0
19491101 19491130    39.6
19491201 19491231     3.3
19500101 19500131     9.4
19500201 19500228     0.3
19500301 19500331     0.8
19500401 19500430     3.0
19500501 19500531   243.0
19500601 19500630    71.4
19500701 19500731    45.8
19500801 19500831    35.4
19500901 19500930    75.7
19501001 19501031    39.3
19501101 19501130    31.8
19501201 19501231    64.8
19510101 19510131    85.4
19510201 19510228    49.4
19510301 19510331     6.1
19510401 19510430    73.6
19510501 19510531    71.0
19510601 19510630    91.9
19510701 19510731    47.5
19510801 19510831    74.8
19510901 19510930   163.1
19511001 19511031    38.0
19511101 19511130     9.4
19511201 19511231    27.0
19520101 19520131    28.0
19520201 19520229     0.0
19520301 19520331    36.2
19520401 19520430    28.5
19520501 19520531    47.4
19520601 19520630    76.2
19520701 19520731    70.0
19520801 19520831    23.5
19520901 19520930    49.7
19521001 19521031    54.7
19521101 19521130    39.4
19521201 19521231    24.5
19530101 19530131    11.7
19530201 19530228    58.9
19530301 19530331     9.4
19530401 19530430    25.4
19530501 19530531    58.8
19530601 19530630    85.3
19530701 19530731    42.4
19530801 19530831    60.5
19530901 19530930    53.8
19531001 19531031    57.5
19531101 19531130    30.7
19531201 19531231     8.6
19540101 19540131    47.4
19540201 19540228     5.9
19540301 19540331     3.3
19540401 19540430    25.1
19540501 19540531    20.9
19540601 19540630    41.0
19540701 19540731    39.7
19540801 19540831    64.5
19540901 19540930    24.5
19541001 19541031    82.8
19541101 19541130    30.0
19541201 19541231    19.0
19550101 19550131     7.4
19550201 19550228   242.9
19550301 19550331     3.8
19550401 19550430   160.9
19550501 19550531    74.3
19550601 19550630   114.1
19550701 19550731    55.0
19550801 19550831    80.0
19550901 19550930    59.7
19551001 19551031    69.8
19551101 19551130     8.8
19551201 19551231    25.0
19560101 19560131     0.8
19560201 19560229     8.0
19560301 19560331    11.5
19560401 19560430    45.4
19560501 19560531    66.3
19560601 19560630   118.7
19560701 19560731    60.4
19560801 19560831    41.3
19560901 19560930    21.2
19561001 19561031    50.8
19561101 19561130    25.5
19561201 19561231     6.4
19570101 19570131     3.5
19570201 19570228     8.7
19570301 19570331    31.3
19570401 19570430    36.3
19570501 19570531    19.9
19570601 19570630    74.5
19570701 19570731    58.6
19570801 19570831    70.9
19570901 19570930    21.4
19571001 19571031    39.4
19571101 19571130     2.0
19571201 19571231    26.6
19580101 19580131     9.8
19580201 19580228    42.4
19580301 19580331    13.3
19580401 19580430    19.8
19580501 19580531    24.2
19580601 19580630    19.3
19580701 19580731   106.8
19580801 19580831    82.0
19580901 19580930   105.1
19581001 19581031    52.9
19581101 19581130    18.8
19581201 19581231    54.8
19590101 19590131     5.6
19590201 19590228    11.1
19590301 19590331     7.3
19590401 19590430    12.2
19590501 19590531    35.2
19590601 19590630    97.7
19590701 19590731    40.9
19590801 19590831    71.8
19590901 19590930   197.5
19591001 19591031    50.9
19591101 19591130    93.9
19591201 19591231    36.4
19600101 19600131    35.6
19600201 19600229    57.2
19600301 19600331    41.8
19600401 19600430    77.6
19600501 19600531    99.6
19600601 19600630    48.9
19600701 19600731   127.1
19600801 19600831    53.0
19600901 19600930    92.1
19601001 19601031    12.8
19601101 19601130    24.5
19601201 19601231    10.4
19610101 19610131    20.7
19610201 19610228     5.6
19610301 19610331    13.0
19610401 19610430   132.8
19610501 19610531    70.4
19610601 19610630    87.4
19610701 19610731   119.7
19610801 19610831    45.0
19610901 19610930    58.4
19611001 19611031    24.0
19611101 19611130     9.8
19611201 19611231    20.6
19620101 19620131     3.5
19620201 19620228    25.4
19620301 19620331    16.8
19620401 19620430     9.0
19620501 19620531    42.4
19620601 19620630    54.5
19620701 19620731    66.5
19620801 19620831    68.6
19620901 19620930    26.9
19621001 19621031    69.6
19621101 19621130    13.6
19621201 19621231    29.2
19630101 19630131     5.4
19630201 19630228    15.7
19630301 19630331    35.4
19630401 19630430    64.3
19630501 19630531   130.0
19630601 19630630    56.7
19630701 19630731    77.1
19630801 19630831    43.3
19630901 19630930   115.1
19631001 19631031    52.6
19631101 19631130    62.4
19631201 19631231     5.8
19640101 19640131    43.9
19640201 19640229    23.6
19640301 19640331     3.9
19640401 19640430    94.3
19640501 19640531    27.4
19640601 19640630    94.7
19640701 19640731    76.4
19640801 19640831    76.7
19640901 19640930    31.2
19641001 19641031    93.8
19641101 19641130    14.1
19641201 19641231    45.8
19650101 19650131     8.5
19650201 19650228     5.1
19650301 19650331    18.8
19650401 19650430    22.1
19650501 19650531    58.9
19650601 19650630    48.3
19650701 19650731    36.2
19650801 19650831    99.8
19650901 19650930    39.2
19651001 19651031    97.1
19651101 19651130    70.9
19651201 19651231    49.5
19660101 19660131    18.0
19660201 19660228    14.1
19660301 19660331     4.6
19660401 19660430    82.3
19660501 19660531    45.9
19660601 19660630   169.7
19660701 19660731    45.1
19660801 19660831    41.3
19660901 19660930   110.3
19661001 19661031    85.1
19661101 19661130    16.0
19661201 19661231    26.1
19670101 19670131     3.6
19670201 19670228    23.2
19670301 19670331    88.6
19670401 19670430    30.7
19670501 19670531    93.3
19670601 19670630    60.6
19670701 19670731   129.0
19670801 19670831   100.3
19670901 19670930    60.3
19671001 19671031    42.5
19671101 19671130    10.9
19671201 19671231    16.1
19680101 19680131    73.4
19680201 19680229    22.4
19680301 19680331    58.4
19680401 19680430    47.1
19680501 19680531    60.6
19680601 19680630    79.3
19680701 19680731    56.4
19680801 19680831    88.3
19680901 19680930   107.1
19681001 19681031    47.3
19681101 19681130    13.5
19681201 19681231    24.0
19690101 19690131     3.4
19690201 19690228     2.5
19690301 19690331    13.5
19690401 19690430    30.4
19690501 19690531    36.8
19690601 19690630    41.3
19690701 19690731    90.4
19690801 19690831    67.3
19690901 19690930    53.6
19691001 19691031    20.6
19691101 19691130    29.8
19691201 19691231    14.5
19700101 19700131     3.8
19700201 19700228    26.3
19700301 19700331    11.9
19700401 19700430    77.8
19700501 19700531    29.9
19700601 19700630    55.2
19700701 19700731    47.4
19700801 19700831    58.3
19700901 19700930    78.3
19701001 19701031    29.1
19701101 19701130    42.6
19701201 19701231    25.2
19710101 19710131    59.5
19710201 19710228    13.5
19710301 19710331    66.0
19710401 19710430    53.2
19710501 19710531   104.1
19710601 19710630    12.2
19710701 19710731    39.7
19710801 19710831    85.5
19710901 19710930    52.1
19711001 19711031    75.1
19711101 19711130   198.0
19711201 19711231    41.6
19720101 19720131    14.5
19720201 19720229     6.1
19720301 19720331    28.5
19720401 19720430    38.9
19720501 19720531    46.4
19720601 19720630    90.5
19720701 19720731    92.8
19720801 19720831    70.1
19720901 19720930    31.3
19721001 19721031    67.9
19721101 19721130     2.8
19721201 19721231     8.1
19730101 19730131    16.8
19730201 19730228    12.5
19730301 19730331     8.2
19730401 19730430    48.8
19730501 19730531    23.7
19730601 19730630    54.3
19730701 19730731    40.8
19730801 19730831   108.3
19730901 19730930    70.9
19731001 19731031    78.4
19731101 19731130    33.9
19731201 19731231    28.6
19740101 19740131     8.8
19740201 19740228    19.6
19740301 19740331    12.4
19740401 19740430   113.8
19740501 19740531    70.4
19740601 19740630    54.2
19740701 19740731    64.0
19740801 19740831    33.5
19740901 19740930    48.8
19741001 19741031    45.2
19741101 19741130    69.8
19741201 19741231     2.4
19750101 19750131     7.2
19750201 19750228     3.2
19750301 19750331     9.2
19750401 19750430   123.5
19750501 19750531    80.2
19750601 19750630    11.4
19750701 19750731    83.0
19750801 19750831   121.0
19750901 19750930    57.9
19751001 19751031    72.7
19751101 19751130    35.4
19751201 19751231     3.8
19760101 19760131    84.6
19760201 19760229    37.0
19760301 19760331    17.6
19760401 19760430    54.0
19760501 19760531    67.8
19760601 19760630    76.8
19760701 19760731    87.4
19760801 19760831    91.0
19760901 19760930    68.4
19761001 19761031   120.1
19761101 19761130    71.9
19761201 19761231     1.2
19770101 19770131     6.0
19770201 19770228    23.4
19770301 19770331    14.6
19770401 19770430    14.0
19770501 19770531   111.8
19770601 19770630    26.8
19770701 19770731    31.6
19770801 19770831    64.8
19770901 19770930    82.4
19771001 19771031   127.8
19771101 19771130    15.0
19771201 19771231    47.4
19780101 19780131    18.6
19780201 19780228    53.8
19780301 19780331     0.0
19780401 19780430    47.8
19780501 19780531    65.8
19780601 19780630   195.2
19780701 19780731   201.8
19780801 19780831    71.0
19780901 19780930    97.2
19781001 19781031    46.8
19781101 19781130    27.6
19781201 19781231    27.8
19790101 19790131     6.0
19790201 19790228    39.3
19790301 19790331    19.8
19790401 19790430    25.8
19790501 19790531   103.0
19790601 19790630    68.0
19790701 19790731    87.3
19790801 19790831   191.1
19790901 19790930    80.0
19791001 19791031    25.4
19791101 19791130    50.6
19791201 19791231     4.2
19800101 19800131    18.8
19800201 19800229    88.8
19800301 19800331     1.8
19800401 19800430    53.6
19800501 19800531    36.3
19800601 19800630    60.8
19800701 19800731    58.8
19800801 19800831    51.4
19800901 19800930    23.0
19801001 19801031    96.8
19801101 19801130    23.2
19801201 19801231    38.7
19810101 19810131     7.8
19810201 19810228    21.4
19810301 19810331     1.0
19810401 19810430    34.5
19810501 19810531    89.9
19810601 19810630   105.9
19810701 19810731    83.4
19810801 19810831    48.2
19810901 19810930    25.4
19811001 19811031    32.8
19811101 19811130    41.6
19811201 19811231     9.8
19820101 19820131   240.9
19820201 19820228    25.4
19820301 19820331    39.6
19820401 19820430    14.0
19820501 19820531    47.0
19820601 19820630    37.8
19820701 19820731    54.6
19820801 19820831    64.8
19820901 19820930    28.4
19821001 19821031    17.6
19821101 19821130    17.2
19821201 19821231    31.4
19830101 19830131    11.2
19830201 19830228    32.0
19830301 19830331    10.2
19830401 19830430    39.8
19830501 19830531    43.8
19830601 19830630   141.6
19830701 19830731    71.0
19830801 19830831    26.6
19830901 19830930    63.0
19831001 19831031    75.8
19831101 19831130    55.2
19831201 19831231    77.0
19840101 19840131     0.0
19840201 19840229    19.8
19840301 19840331    35.6
19840401 19840430    25.6
19840501 19840531    43.0
19840601 19840630    61.3
19840701 19840731   133.0
19840801 19840831    81.8
19840901 19840930    80.6
19841001 19841031    31.2
19841101 19841130    33.4
19841201 19841231     7.2
19850101 19850131    67.6
19850201 19850228     8.6
19850301 19850331   135.4
19850401 19850430    39.4
19850501 19850531    26.0
19850601 19850630    50.2
19850701 19850731    92.6
19850801 19850831    85.8
19850901 19850930    84.8
19851001 19851031    59.0
19851101 19851130    52.2
19851201 19851231    12.8
19860101 19860131     0.0
19860201 19860228    65.6
19860301 19860331    18.6
19860401 19860430     6.4
19860501 19860531    76.2
19860601 19860630    72.0
19860701 19860731    98.8
19860801 19860831    70.8
19860901 19860930    65.8
19861001 19861031    43.8
19861101 19861130    23.0
19861201 19861231     5.4
19870101 19870131     5.6
19870201 19870228     0.0
19870301 19870331    33.0
19870401 19870430    34.0
19870501 19870531    72.0
19870601 19870630    34.0
19870701 19870731    46.6
19870801 19870831    50.8
19870901 19870930    57.0
19871001 19871031    41.4
19871101 19871130    77.6
19871201 19871231    20.8
19880101 19880131    13.8
19880201 19880229     1.1
19880301 19880331    27.0
19880401 19880430    20.4
19880501 19880531   184.4
19880601 19880630   112.6
19880701 19880731   103.2
19880801 19880831    38.4
19880901 19880930    41.2
19881001 19881031    15.8
19881101 19881130    14.6
19881201 19881231     7.2
19890101 19890131    36.8
19890201 19890228    20.8
19890301 19890331    12.0
19890401 19890430    75.4
19890501 19890531    47.8
19890601 19890630   140.4
19890701 19890731    89.4
19890801 19890831    51.4
19890901 19890930    33.2
19891001 19891031    60.4
19891101 19891130    18.0
19891201 19891231     7.0
19900101 19900131    94.4
19900201 19900228    22.0
19900301 19900331    18.4
19900401 19900430    28.4
19900501 19900531    87.0
19900601 19900630    82.8
19900701 19900731    90.0
19900801 19900831    26.6
19900901 19900930    39.2
19901001 19901031    90.0
19901101 19901130    35.8
19901201 19901231    14.4
19910101 19910131     7.2
19910201 19910228    29.4
19910301 19910331    11.0
19910401 19910430    40.8
19910501 19910531    32.4
19910601 19910630    50.0
19910701 19910731   167.4
19910801 19910831    33.0
19910901 19910930    47.6
19911001 19911031    28.8
19911101 19911130    68.4
19911201 19911231    21.6
19920101 19920131     4.0
19920201 19920229    19.0
19920301 19920331    26.4
19920401 19920430    24.8
19920501 19920531    95.4
19920601 19920630    46.6
19920701 19920731    23.0
19920801 19920831   134.4
19920901 19920930    94.0
19921001 19921031    67.2
19921101 19921130    80.8
19921201 19921231    19.8
19930101 19930131     8.2
19930201 19930228    11.6
19930301 19930331    89.4
19930401 19930430     7.0
19930501 19930531   194.8
19930601 19930630    53.2
19930701 19930731    55.0
19930801 19930831   120.0
19930901 19930930    31.2
19931001 19931031    52.2
19931101 19931130    41.8
19931201 19931231     6.0
19940101 19940131     0.8
19940201 19940228    11.4
19940301 19940331     0.0
19940401 19940430    11.0
19940501 19940531    57.6
19940601 19940630    34.4
19940701 19940731    27.0
19940801 19940831   106.0
19940901 19940930    37.6
19941001 19941031    68.4
19941101 19941130     7.0
19941201 19941231     0.0
19950101 19950131    16.2
19950201 19950228    32.6
19950301 19950331    12.6
19950401 19950430    15.6
19950501 19950531    71.2
19950601 19950630    80.6
19950701 19950731    58.6
19950801 19950831    14.6
19950901 19950930    85.0
19951001 19951031    70.6
19951101 19951130    21.4
19951201 19951231    92.5
19960101 19960131    10.2
19960201 19960229     3.8
19960301 19960331    24.6
19960401 19960430    18.5
19960501 19960531    33.4
19960601 19960630    45.5
19960701 19960731    50.8
19960801 19960831    32.6
19960901 19960930    91.7
19961001 19961031    61.1
19961101 19961130    14.4
19961201 19961231    36.8
19970101 19970131     6.2
19970201 19970228    78.2
19970301 19970331    48.4
19970401 19970430    26.2
19970501 19970531    72.6
19970601 19970630    47.0
19970701 19970731    80.8
19970801 19970831    88.0
19970901 19970930    88.0
19971001 19971031    13.8
19971101 19971130    21.2
19971201 19971231     8.2
19980101 19980131     5.2
19980201 19980228     5.2
19980301 19980331    74.2
19980401 19980430    69.2
19980501 19980531    47.0
19980601 19980630   108.8
19980701 19980731    74.2
19980801 19980831   106.1
19980901 19980930    55.8
19981001 19981031    49.2
19981101 19981130    32.2
19981201 19981231    33.8
19990101 19990131    12.8
19990201 19990228    10.2
19990301 19990331    24.4
19990401 19990430    33.8
19990501 19990531   104.0
19990601 19990630    74.0
19990701 19990731    31.0
19990801 19990831    46.2
19990901 19990930    94.0
19991001 19991031    59.4
19991101 19991130    30.6
19991201 19991231    31.6
20000101 20000131    76.6
20000201 20000229    26.4
20000301 20000331    88.0
20000401 20000430    44.1
20000501 20000531   103.2
20000601 20000630    42.8
20000701 20000731    38.2
20000801 20000831    68.8
20000901 20000930    12.2
20001001 20001031    19.2
20001101 20001130    18.6
20001201 20001231    16.2
20010101 20010131    10.4
20010201 20010228    20.0
20010301 20010331    24.6
20010401 20010430    16.0
20010501 20010531    34.4
20010601 20010630    45.8
20010701 20010731   101.6
20010801 20010831   103.8
20010901 20010930    68.2
20011001 20011031    51.4
20011101 20011130    46.0
20011201 20011231   110.4
20020101 20020131     5.0
20020201 20020228     6.4
20020301 20020331     9.0
20020401 20020430    86.4
20020501 20020531     7.4
20020601 20020630    31.0
20020701 20020731    37.4
20020801 20020831    34.2
20020901 20020930    55.8
20021001 20021031    41.4
20021101 20021130    20.2
20021201 20021231    26.4
20030101 20030131     2.8
20030201 20030228    92.4
20030301 20030331    35.0
20030401 20030430    55.6
20030501 20030531    47.4
20030601 20030630    26.6
20030701 20030731    44.0
20030801 20030831    87.8
20030901 20030930   106.6
20031001 20031031    54.0
20031101 20031130     9.6
20031201 20031231     5.4
20040101 20040131    50.0
20040201 20040229    14.0
20040301 20040331    30.6
20040401 20040430     7.6
20040501 20040531    50.2
20040601 20040630    55.4
20040701 20040731    58.8
20040801 20040831    69.4
20040901 20040930    51.2
20041001 20041031    22.4
20041101 20041130    27.0
20041201 20041231    10.2
20050101 20050131    10.2
20050201 20050228     9.4
20050301 20050331    49.8
20050401 20050430   119.6
20050501 20050531    90.8
20050601 20050630   174.0
20050701 20050731    53.4
20050801 20050831    70.6
20050901 20050930    65.2
20051001 20051031    49.0
20051101 20051130    43.2
20051201 20051231    12.8
20060101 20060131    42.0
20060201 20060228    15.6
20060301 20060331    13.0
20060401 20060430    56.6
20060501 20060531    47.4
20060601 20060630    43.8
20060701 20060731    48.0
20060801 20060831    31.8
20060901 20060930    28.6
20061001 20061031    23.4
20061101 20061130    25.2
20061201 20061231    11.8
20070101 20070131    40.4
20070201 20070228     3.8
20070301 20070331    44.2
20070401 20070430    40.8
20070501 20070531    34.6
20070601 20070630    86.6
20070701 20070731    54.4
20070801 20070831    37.0
20070901 20070930    43.6
20071001 20071031    95.4
20071101 20071130     3.0
20071201 20071231    63.6
20080101 20080131    12.2
20080201 20080229     5.4
20080301 20080331     4.8
20080401 20080430    79.0
20080501 20080531    52.6
20080601 20080630    21.6
20080701 20080731    61.0
20080801 20080831    59.4
20080901 20080930    50.0
20081001 20081031    88.6
20081101 20081130    96.8
20081201 20081231    49.6
20090101 20090131    12.4
20090201 20090228    26.2
20090301 20090331    28.2
20090401 20090430    32.6
20090501 20090531    35.6
20090601 20090630   130.2
20090701 20090731    39.0
20090801 20090831    34.6
20090901 20090930    39.4
20091001 20091031    19.6
20091101 20091130    24.2
20091201 20091231     1.4
20100101 20100131    12.2
20100201 20100228    23.0
20100301 20100331    13.0
20100401 20100430    38.8
20100501 20100531    50.4
20100601 20100630   169.2
20100701 20100731    52.6
20100801 20100831    71.4
20100901 20100930    32.0
20101001 20101031    26.6
20101101 20101130    33.0
20101201 20101231    20.6
20110101 20110131    72.8
20110201 20110228    11.6
20110301 20110331    20.0
20110401 20110430    18.0
20110501 20110531    89.6
20110601 20110630    43.8
20110701 20110731    82.6
20110801 20110831    45.2
20110901 20110930 99999.9
20111001 20111031    43.0
20111101 20111130    52.2
20111201 20111231    66.0
20120101 20120131    22.2
20120201 20120229    14.0
20120301 20120331    10.0
20120401 20120430    19.8
20120501 20120531    50.4
20120601 20120630   156.6
20120701 20120731   114.6
20120801 20120831    26.2
20120901 20120930    52.6
20121001 20121031    13.6
20121101 20121130    24.8
20121201 20121231    46.4
20130101 20130131    24.4
20130201 20130228     4.6
20130301 20130331    96.2
20130401 20130430    44.0
20130501 20130531    59.4
20130601 20130630    21.2
20130701 20130731    80.4
20130801 20130831    71.2
20130901 20130930    86.8
20131001 20131031    33.8
20131101 20131130    22.6
20131201 20131231    13.0
20140101 20140131     2.0
20140201 20140228     1.8
20140301 20140331    13.0
20140401 20140430    11.0
20140501 20140531    72.8
20140601 20140630    42.0
20140701 20140731    61.8
20140801 20140831    23.6
20140901 20140930    35.4
20141001 20141031    52.2
20141101 20141130    77.2
20141201 20141231    26.4
20150101 20150131     0.8
20150201 20150228    23.6
20150301 20150331    20.2
20150401 20150430    61.8
20150501 20150531    64.0
20150601 20150630    70.2
20150701 20150731    57.2
20150801 20150831    57.1
20150901 20150930    57.0
20151001 20151031    36.8
20151101 20151130    23.4
20151201 20151231    32.8
20160101 20160131   102.6
20160201 20160229    31.0
20160301 20160331    60.0
20160401 20160430    46.8
20160501 20160531    49.0
20160601 20160630    94.4
20160701 20160731    70.8
20160801 20160831    57.2
20160901 20160930    64.8
20161001 20161031    38.2
20161101 20161130    13.0
20161201 20161231    71.8
20170101 20170131     3.6
20170201 20170228    85.4
20170301 20170331    53.6
20170401 20170430    60.2
20170501 20170531    25.0
20170601 20170630    71.2
20170701 20170731    51.0
20170801 20170831    66.6
20170901 20170930   149.0
20171001 20171031    25.4
20171101 20171130    13.8
20171201 20171231    35.8
