PRCP       022815 19100101 20161031 missing_value=99999.9 PIONEER BEND                              
19100101 19100131     5.5
19100201 19100228     0.8
19100301 19100331    75.1
19100401 19100430    25.8
19100501 19100531   126.1
19100601 19100630   114.9
19100701 19100731   233.7
19100801 19100831    72.5
19100901 19100930    71.0
19101001 19101031    64.4
19101101 19101130    93.5
19101201 19101231    36.0
19110101 19110131     4.8
19110201 19110228    46.2
19110301 19110331    10.3
19110401 19110430    22.5
19110501 19110531    99.3
19110601 19110630   107.2
19110701 19110731    99.7
19110801 19110831    66.5
19110901 19110930    53.3
19111001 19111031    47.7
19111101 19111130     4.9
19111201 19111231    39.2
19120101 19120131     2.1
19120201 19120229    17.4
19120301 19120331    60.2
19120401 19120430    29.6
19120501 19120531    22.6
19120601 19120630    89.0
19120701 19120731   127.5
19120801 19120831    50.9
19120901 19120930    96.4
19121001 19121031    15.7
19121101 19121130    42.3
19121201 19121231    46.2
19130101 19130131    32.0
19130201 19130228    31.9
19130301 19130331    29.2
19130401 19130430    14.8
19130501 19130531    36.2
19130601 19130630    40.6
19130701 19130731    64.4
19130801 19130831    82.5
19130901 19130930    55.9
19131001 19131031    18.6
19131101 19131130    37.2
19131201 19131231    29.3
19140101 19140131     6.6
19140201 19140228     2.3
19140301 19140331    20.4
19140401 19140430   108.2
19140501 19140531    88.9
19140601 19140630    40.5
19140701 19140731    56.0
19140801 19140831    13.1
19140901 19140930    22.3
19141001 19141031    15.6
19141101 19141130    21.7
19141201 19141231    28.3
19150101 19150131     8.1
19150201 19150228     4.6
19150301 19150331    19.0
19150401 19150430    36.7
19150501 19150531    55.2
19150601 19150630   127.7
19150701 19150731   132.7
19150801 19150831   109.4
19150901 19150930   119.5
19151001 19151031    17.4
19151101 19151130    13.0
19151201 19151231     0.0
19160101 19160131     6.4
19160201 19160229     5.1
19160301 19160331    12.0
19160401 19160430    55.5
19160501 19160531    66.7
19160601 19160630   217.6
19160701 19160731   141.2
19160801 19160831    87.0
19160901 19160930    22.0
19161001 19161031    48.0
19161101 19161130    58.5
19161201 19161231    29.8
19170101 19170131     7.9
19170201 19170228    38.5
19170301 19170331    29.3
19170401 19170430    18.0
19170501 19170531   102.5
19170601 19170630   114.0
19170701 19170731   140.2
19170801 19170831   112.8
19170901 19170930   101.3
19171001 19171031    84.0
19171101 19171130    17.4
19171201 19171231    34.6
19180101 19180131     3.1
19180201 19180228     0.0
19180301 19180331    17.0
19180401 19180430    16.4
19180501 19180531    81.3
19180601 19180630   118.3
19180701 19180731    98.6
19180801 19180831   147.3
19180901 19180930    30.7
19181001 19181031    44.1
19181101 19181130     8.2
19181201 19181231    29.4
19190101 19190131    18.6
19190201 19190228    22.4
19190301 19190331     4.9
19190401 19190430    12.3
19190501 19190531    79.6
19190601 19190630    67.7
19190701 19190731    91.2
19190801 19190831    51.4
19190901 19190930    73.8
19191001 19191031    52.3
19191101 19191130     3.9
19191201 19191231    25.1
19200101 19200131     0.0
19200201 19200229     3.7
19200301 19200331    12.6
19200401 19200430    20.0
19200501 19200531    85.9
19200601 19200630   275.2
19200701 19200731   152.4
19200801 19200831   121.2
19200901 19200930    48.3
19201001 19201031    39.6
19201101 19201130    62.4
19201201 19201231    23.4
19210101 19210131     6.9
19210201 19210228     0.8
19210301 19210331    15.6
19210401 19210430    26.6
19210501 19210531   123.2
19210601 19210630   128.3
19210701 19210731   101.3
19210801 19210831   142.8
19210901 19210930   112.3
19211001 19211031    52.9
19211101 19211130    31.3
19211201 19211231    10.8
19220101 19220131    24.2
19220201 19220228     2.5
19220301 19220331    16.9
19220401 19220430    56.7
19220501 19220531    86.8
19220601 19220630    90.9
19220701 19220731   122.0
19220801 19220831   105.3
19220901 19220930    28.9
19221001 19221031    50.5
19221101 19221130     2.8
19221201 19221231    28.5
19230101 19230131    12.7
19230201 19230228     5.1
19230301 19230331     0.8
19230401 19230430     1.5
19230501 19230531   167.2
19230601 19230630   125.0
19230701 19230731   109.5
19230801 19230831    92.2
19230901 19230930    70.9
19231001 19231031    49.0
19231101 19231130     6.5
19231201 19231231    69.5
19240101 19240131    10.9
19240201 19240229    36.7
19240301 19240331    24.5
19240401 19240430    34.0
19240501 19240531    88.6
19240601 19240630    99.8
19240701 19240731    37.0
19240801 19240831    49.4
19240901 19240930    81.4
19241001 19241031    60.7
19241101 19241130    29.1
19241201 19241231     4.1
19250101 19250131     7.2
19250201 19250228    20.9
19250301 19250331     4.3
19250401 19250430    64.6
19250501 19250531   119.2
19250601 19250630    46.8
19250701 19250731   101.1
19250801 19250831    44.8
19250901 19250930    77.7
19251001 19251031     9.5
19251101 19251130    20.8
19251201 19251231     0.8
19260101 19260131     1.5
19260201 19260228     7.6
19260301 19260331    15.3
19260401 19260430    55.2
19260501 19260531   115.8
19260601 19260630    73.4
19260701 19260731    90.2
19260801 19260831   103.0
19260901 19260930    45.1
19261001 19261031    48.9
19261101 19261130     9.7
19261201 19261231    22.6
19270101 19270131     8.7
19270201 19270228    72.5
19270301 19270331    31.2
19270401 19270430    11.4
19270501 19270531    55.6
19270601 19270630    58.0
19270701 19270731   122.6
19270801 19270831    90.9
19270901 19270930    22.5
19271001 19271031     9.6
19271101 19271130    29.9
19271201 19271231    40.9
19280101 19280131    23.0
19280201 19280229    53.9
19280301 19280331     9.4
19280401 19280430    35.7
19280501 19280531    31.9
19280601 19280630    93.1
19280701 19280731   103.6
19280801 19280831    24.5
19280901 19280930    36.9
19281001 19281031    74.5
19281101 19281130    10.7
19281201 19281231     8.7
19290101 19290131    19.7
19290201 19290228     0.6
19290301 19290331     9.2
19290401 19290430    23.8
19290501 19290531    38.4
19290601 19290630   138.4
19290701 19290731    87.4
19290801 19290831    75.8
19290901 19290930    36.4
19291001 19291031    69.8
19291101 19291130    28.1
19291201 19291231    19.6
19300101 19300131     0.0
19300201 19300228    76.1
19300301 19300331     7.2
19300401 19300430    35.0
19300501 19300531    36.7
19300601 19300630    26.1
19300701 19300731   162.9
19300801 19300831   185.1
19300901 19300930    92.0
19301001 19301031    20.0
19301101 19301130    15.3
19301201 19301231     3.1
19310101 19310131     8.0
19310201 19310228     6.4
19310301 19310331    27.6
19310401 19310430    20.2
19310501 19310531   100.3
19310601 19310630   205.3
19310701 19310731   120.5
19310801 19310831    75.9
19310901 19310930    71.6
19311001 19311031    22.4
19311101 19311130    59.4
19311201 19311231     5.0
19320101 19320131     0.8
19320201 19320229    66.1
19320301 19320331    52.9
19320401 19320430   106.9
19320501 19320531    35.6
19320601 19320630   107.0
19320701 19320731    99.6
19320801 19320831   108.6
19320901 19320930    50.8
19321001 19321031    50.3
19321101 19321130     7.0
19321201 19321231     5.7
19330101 19330131    27.7
19330201 19330228     1.6
19330301 19330331    11.9
19330401 19330430    33.8
19330501 19330531   109.4
19330601 19330630    73.7
19330701 19330731    94.6
19330801 19330831    76.6
19330901 19330930    70.8
19331001 19331031    31.1
19331101 19331130    19.4
19331201 19331231    20.4
19340101 19340131     8.6
19340201 19340228     2.8
19340301 19340331    19.2
19340401 19340430    54.5
19340501 19340531    12.5
19340601 19340630    71.4
19340701 19340731    87.0
19340801 19340831   127.1
19340901 19340930   100.6
19341001 19341031    61.6
19341101 19341130    45.7
19341201 19341231     7.7
19350101 19350131     9.5
19350201 19350228     5.7
19350301 19350331    50.9
19350401 19350430    52.2
19350501 19350531    73.4
19350601 19350630    84.8
19350701 19350731   105.7
19350801 19350831    69.1
19350901 19350930    53.3
19351001 19351031    71.9
19351101 19351130    23.6
19351201 19351231    17.3
19360101 19360131    17.3
19360201 19360229     0.0
19360301 19360331    10.1
19360401 19360430    20.3
19360501 19360531    78.4
19360601 19360630    54.9
19360701 19360731    97.3
19360801 19360831   102.4
19360901 19360930    31.2
19361001 19361031    63.9
19361101 19361130    16.4
19361201 19361231    15.2
19370101 19370131    27.3
19370201 19370228    11.4
19370301 19370331     7.1
19370401 19370430    39.3
19370501 19370531    94.9
19370601 19370630    55.0
19370701 19370731    86.6
19370801 19370831    98.2
19370901 19370930    67.8
19371001 19371031    30.6
19371101 19371130    50.8
19371201 19371231    47.6
19380101 19380131     4.4
19380201 19380228    75.1
19380301 19380331     6.1
19380401 19380430    70.6
19380501 19380531    57.9
19380601 19380630   128.9
19380701 19380731    84.4
19380801 19380831   130.0
19380901 19380930    36.0
19381001 19381031     6.4
19381101 19381130     7.4
19381201 19381231    14.7
19390101 19390131    49.8
19390201 19390228    49.0
19390301 19390331    29.9
19390401 19390430    38.3
19390501 19390531    69.1
19390601 19390630   119.6
19390701 19390731    72.3
19390801 19390831   151.3
19390901 19390930    12.3
19391001 19391031    61.4
19391101 19391130    42.2
19391201 19391231     3.8
19400101 19400131    32.3
19400201 19400229     3.8
19400301 19400331    12.4
19400401 19400430    51.1
19400501 19400531    53.0
19400601 19400630    52.0
19400701 19400731   144.1
19400801 19400831    47.5
19400901 19400930    25.6
19401001 19401031    22.2
19401101 19401130    53.7
19401201 19401231     8.6
19410101 19410131    64.2
19410201 19410228     9.6
19410301 19410331    46.5
19410401 19410430    37.6
19410501 19410531    25.6
19410601 19410630    59.0
19410701 19410731   108.8
19410801 19410831    47.5
19410901 19410930    69.8
19411001 19411031    23.9
19411101 19411130    10.9
19411201 19411231     3.8
19420101 19420131    23.9
19420201 19420228    39.6
19420301 19420331    11.5
19420401 19420430    15.7
19420501 19420531   135.9
19420601 19420630   159.6
19420701 19420731   112.4
19420801 19420831   126.4
19420901 19420930   126.4
19421001 19421031    11.6
19421101 19421130    35.2
19421201 19421231     6.8
19430101 19430131     9.9
19430201 19430228    46.5
19430301 19430331    17.5
19430401 19430430    48.7
19430501 19430531    27.9
19430601 19430630    81.7
19430701 19430731   186.3
19430801 19430831   126.6
19430901 19430930    43.6
19431001 19431031    28.8
19431101 19431130    22.9
19431201 19431231    12.6
19440101 19440131     1.5
19440201 19440229    10.2
19440301 19440331     5.1
19440401 19440430    90.9
19440501 19440531   112.7
19440601 19440630    14.0
19440701 19440731    55.8
19440801 19440831     9.7
19440901 19440930    41.9
19441001 19441031    78.3
19441101 19441130    49.2
19441201 19441231    16.8
19450101 19450131     8.8
19450201 19450228    34.7
19450301 19450331     0.0
19450401 19450430     7.4
19450501 19450531    46.3
19450601 19450630    87.0
19450701 19450731    45.6
19450801 19450831    74.6
19450901 19450930    65.3
19451001 19451031    28.3
19451101 19451130    46.4
19451201 19451231    38.5
19460101 19460131    82.3
19460201 19460228   107.7
19460301 19460331    39.1
19460401 19460430    33.3
19460501 19460531    45.5
19460601 19460630    46.0
19460701 19460731   177.8
19460801 19460831    36.3
19460901 19460930    33.3
19461001 19461031    19.1
19461101 19461130    16.5
19461201 19461231    21.8
19470101 19470131     1.8
19470201 19470228     0.0
19470301 19470331    24.1
19470401 19470430    69.9
19470501 19470531    32.3
19470601 19470630   130.3
19470701 19470731   201.7
19470801 19470831    35.8
19470901 19470930    61.5
19471001 19471031    96.5
19471101 19471130    51.6
19471201 19471231    23.1
19480101 19480131     5.6
19480201 19480229    33.8
19480301 19480331     5.8
19480401 19480430    58.9
19480501 19480531    51.1
19480601 19480630    56.1
19480701 19480731   116.1
19480801 19480831    79.5
19480901 19480930    48.8
19481001 19481031    73.4
19481101 19481130    19.6
19481201 19481231    30.7
19490101 19490131     3.0
19490201 19490228    51.8
19490301 19490331     0.0
19490401 19490430    17.3
19490501 19490531    71.9
19490601 19490630    63.8
19490701 19490731    98.0
19490801 19490831    55.4
19490901 19490930    17.3
19491001 19491031    85.9
19491101 19491130   101.3
19491201 19491231     0.5
19500101 19500131     4.3
19500201 19500228     2.0
19500301 19500331     2.5
19500401 19500430    40.9
19500501 19500531    39.9
19500601 19500630    90.9
19500701 19500731   105.2
19500801 19500831   127.0
19500901 19500930    38.9
19501001 19501031    74.2
19501101 19501130    33.0
19501201 19501231    20.3
19510101 19510131    18.0
19510201 19510228     7.4
19510301 19510331     0.0
19510401 19510430    38.3
19510501 19510531   132.6
19510601 19510630   118.0
19510701 19510731   201.0
19510801 19510831   136.3
19510901 19510930    31.8
19511001 19511031    98.8
19511101 19511130    15.2
19511201 19511231    25.2
19520101 19520131    34.6
19520201 19520229    27.9
19520301 19520331     0.0
19520401 19520430    46.6
19520501 19520531   137.8
19520601 19520630    77.8
19520701 19520731    82.3
19520801 19520831    66.3
19520901 19520930    85.3
19521001 19521031    42.0
19521101 19521130    65.7
19521201 19521231     9.4
19530101 19530131     5.8
19530201 19530228     7.9
19530301 19530331     1.5
19530401 19530430    19.6
19530501 19530531    35.3
19530601 19530630   197.9
19530701 19530731   103.8
19530801 19530831   112.2
19530901 19530930    40.1
19531001 19531031    18.4
19531101 19531130    48.8
19531201 19531231    41.0
19540101 19540131    22.1
19540201 19540228     1.6
19540301 19540331     8.9
19540401 19540430   100.6
19540501 19540531    33.6
19540601 19540630   134.8
19540701 19540731   105.1
19540801 19540831    53.8
19540901 19540930    35.2
19541001 19541031    50.4
19541101 19541130    22.4
19541201 19541231    20.1
19550101 19550131     2.3
19550201 19550228    31.1
19550301 19550331     8.7
19550401 19550430    47.1
19550501 19550531   129.4
19550601 19550630   226.1
19550701 19550731    73.4
19550801 19550831   143.1
19550901 19550930    60.2
19551001 19551031    52.4
19551101 19551130    46.9
19551201 19551231    19.0
19560101 19560131    32.0
19560201 19560229     2.3
19560301 19560331    38.8
19560401 19560430    44.2
19560501 19560531   101.8
19560601 19560630   212.6
19560701 19560731   100.0
19560801 19560831   129.5
19560901 19560930    88.4
19561001 19561031    58.6
19561101 19561130     6.4
19561201 19561231    18.2
19570101 19570131     1.5
19570201 19570228     1.0
19570301 19570331    18.0
19570401 19570430    41.7
19570501 19570531    26.9
19570601 19570630   122.7
19570701 19570731   115.3
19570801 19570831    82.3
19570901 19570930    56.9
19571001 19571031    24.0
19571101 19571130    16.6
19571201 19571231     9.8
19580101 19580131     7.7
19580201 19580228     3.6
19580301 19580331    11.0
19580401 19580430     9.9
19580501 19580531   145.2
19580601 19580630    65.8
19580701 19580731   124.6
19580801 19580831    89.5
19580901 19580930    92.9
19581001 19581031    81.5
19581101 19581130    13.1
19581201 19581231     9.2
19590101 19590131     1.8
19590201 19590228    27.9
19590301 19590331    26.0
19590401 19590430     3.7
19590501 19590531    18.6
19590601 19590630    30.5
19590701 19590731    67.8
19590801 19590831    56.2
19590901 19590930    61.5
19591001 19591031    79.1
19591101 19591130     9.7
19591201 19591231    37.8
19600101 19600131    22.4
19600201 19600229    68.3
19600301 19600331    15.4
19600401 19600430    65.0
19600501 19600531   128.1
19600601 19600630    80.9
19600701 19600731   106.1
19600801 19600831    65.6
19600901 19600930   114.8
19601001 19601031    12.5
19601101 19601130    19.4
19601201 19601231    16.9
19610101 19610131     4.4
19610201 19610228     4.3
19610301 19610331     6.8
19610401 19610430    90.3
19610501 19610531    39.7
19610601 19610630    47.1
19610701 19610731    79.1
19610801 19610831    65.4
19610901 19610930    37.0
19611001 19611031    17.0
19611101 19611130     6.9
19611201 19611231     4.6
19620101 19620131     4.6
19620201 19620228    21.1
19620301 19620331    18.0
19620401 19620430    20.2
19620501 19620531    69.1
19620601 19620630    96.0
19620701 19620731    69.5
19620801 19620831    85.4
19620901 19620930    29.7
19621001 19621031    56.0
19621101 19621130    20.6
19621201 19621231    31.5
19630101 19630131    31.8
19630201 19630228    11.4
19630301 19630331     1.3
19630401 19630430    67.8
19630501 19630531    75.8
19630601 19630630   101.6
19630701 19630731   151.3
19630801 19630831    95.6
19630901 19630930    60.6
19631001 19631031    18.4
19631101 19631130     7.6
19631201 19631231     8.4
19640101 19640131     7.3
19640201 19640229    40.9
19640301 19640331    13.2
19640401 19640430    59.3
19640501 19640531    54.5
19640601 19640630   177.8
19640701 19640731   211.1
19640801 19640831    46.0
19640901 19640930    54.6
19641001 19641031    68.7
19641101 19641130    59.4
19641201 19641231    24.2
19650101 19650131     2.9
19650201 19650228     2.0
19650301 19650331    11.7
19650401 19650430    21.0
19650501 19650531   115.1
19650601 19650630    50.3
19650701 19650731   129.5
19650801 19650831   112.6
19650901 19650930    29.0
19651001 19651031    15.6
19651101 19651130    50.6
19651201 19651231     5.7
19660101 19660131     5.4
19660201 19660228     5.2
19660301 19660331    33.8
19660401 19660430    13.3
19660501 19660531    56.4
19660601 19660630    70.1
19660701 19660731   167.1
19660801 19660831    84.4
19660901 19660930    76.9
19661001 19661031    34.0
19661101 19661130    23.1
19661201 19661231    69.1
19670101 19670131     3.3
19670201 19670228    96.8
19670301 19670331    14.1
19670401 19670430    16.4
19670501 19670531    22.9
19670601 19670630    28.8
19670701 19670731   115.1
19670801 19670831    69.9
19670901 19670930    61.0
19671001 19671031    14.8
19671101 19671130     3.1
19671201 19671231    22.2
19680101 19680131     0.5
19680201 19680229     4.4
19680301 19680331    67.4
19680401 19680430   154.6
19680501 19680531   122.2
19680601 19680630    76.3
19680701 19680731   139.5
19680801 19680831   148.0
19680901 19680930    62.8
19681001 19681031    49.8
19681101 19681130    51.2
19681201 19681231    20.6
19690101 19690131    14.7
19690201 19690228    80.8
19690301 19690331    18.4
19690401 19690430    52.0
19690501 19690531   138.0
19690601 19690630    54.7
19690701 19690731   102.4
19690801 19690831    44.1
19690901 19690930    56.4
19691001 19691031     1.6
19691101 19691130    19.8
19691201 19691231    17.7
19700101 19700131    41.5
19700201 19700228     0.0
19700301 19700331     7.8
19700401 19700430    55.3
19700501 19700531    50.3
19700601 19700630   113.2
19700701 19700731    62.3
19700801 19700831   111.5
19700901 19700930    75.8
19701001 19701031    13.0
19701101 19701130    22.0
19701201 19701231    14.9
19710101 19710131     1.8
19710201 19710228     2.7
19710301 19710331    25.4
19710401 19710430   147.1
19710501 19710531   104.1
19710601 19710630   100.7
19710701 19710731    65.7
19710801 19710831   159.2
19710901 19710930    68.6
19711001 19711031    41.5
19711101 19711130    61.9
19711201 19711231    56.8
19720101 19720131    68.2
19720201 19720229    22.1
19720301 19720331     0.0
19720401 19720430    22.9
19720501 19720531    28.8
19720601 19720630    69.5
19720701 19720731   192.5
19720801 19720831   157.9
19720901 19720930    23.8
19721001 19721031    35.6
19721101 19721130    15.5
19721201 19721231     6.7
19730101 19730131     4.1
19730201 19730228     3.0
19730301 19730331    58.9
19730401 19730430    51.1
19730501 19730531    59.9
19730601 19730630   103.3
19730701 19730731    92.7
19730801 19730831   159.4
19730901 19730930    89.2
19731001 19731031    51.2
19731101 19731130     8.7
19731201 19731231    46.0
19740101 19740131    42.5
19740201 19740228     7.8
19740301 19740331    57.0
19740401 19740430    62.3
19740501 19740531    88.6
19740601 19740630    84.4
19740701 19740731   165.0
19740801 19740831    83.4
19740901 19740930    62.6
19741001 19741031   111.6
19741101 19741130    13.8
19741201 19741231     6.4
19750101 19750131    21.0
19750201 19750228     0.2
19750301 19750331    51.6
19750401 19750430    22.6
19750501 19750531    93.2
19750601 19750630    45.2
19750701 19750731   139.8
19750801 19750831    85.0
19750901 19750930    48.6
19751001 19751031    80.6
19751101 19751130    32.4
19751201 19751231     8.0
19760101 19760131    42.4
19760201 19760229    59.4
19760301 19760331     1.8
19760401 19760430    28.8
19760501 19760531    37.8
19760601 19760630    92.6
19760701 19760731    62.0
19760801 19760831    68.6
19760901 19760930    56.8
19761001 19761031    36.6
19761101 19761130    39.0
19761201 19761231    26.2
19770101 19770131    34.7
19770201 19770228    10.8
19770301 19770331    26.6
19770401 19770430     7.0
19770501 19770531    95.0
19770601 19770630    69.2
19770701 19770731    36.4
19770801 19770831    62.2
19770901 19770930    58.4
19771001 19771031    17.0
19771101 19771130    33.6
19771201 19771231    11.2
19780101 19780131     3.8
19780201 19780228     2.0
19780301 19780331     7.2
19780401 19780430    12.2
19780501 19780531    54.6
19780601 19780630   148.6
19780701 19780731   174.6
19780801 19780831   113.2
19780901 19780930    85.8
19781001 19781031    18.8
19781101 19781130    15.4
19781201 19781231     8.2
19790101 19790131     1.0
19790201 19790228    30.6
19790301 19790331     9.8
19790401 19790430    52.6
19790501 19790531    76.7
19790601 19790630    60.0
19790701 19790731    85.1
19790801 19790831   104.0
19790901 19790930   101.8
19791001 19791031    72.8
19791101 19791130    66.4
19791201 19791231    12.2
19800101 19800131     4.4
19800201 19800229     1.2
19800301 19800331     0.2
19800401 19800430    78.8
19800501 19800531    46.0
19800601 19800630   136.2
19800701 19800731    92.6
19800801 19800831    50.0
19800901 19800930    41.0
19801001 19801031    77.8
19801101 19801130    33.0
19801201 19801231    27.2
19810101 19810131    26.8
19810201 19810228     8.4
19810301 19810331    51.4
19810401 19810430     5.8
19810501 19810531   129.2
19810601 19810630   165.0
19810701 19810731   124.5
19810801 19810831   146.0
19810901 19810930    14.2
19811001 19811031    25.8
19811101 19811130    15.0
19811201 19811231     4.6
19820101 19820131    17.6
19820201 19820228     7.0
19820301 19820331    45.3
19820401 19820430    31.9
19820501 19820531    67.5
19820601 19820630   114.8
19820701 19820731    42.0
19820801 19820831    40.2
19820901 19820930    29.0
19821001 19821031    10.2
19821101 19821130     0.4
19821201 19821231     8.8
19830101 19830131     2.6
19830201 19830228     4.2
19830301 19830331    84.8
19830401 19830430   124.0
19830501 19830531    86.3
19830601 19830630    44.4
19830701 19830731   193.0
19830801 19830831    89.9
19830901 19830930    65.5
19831001 19831031    36.5
19831101 19831130    34.6
19831201 19831231    31.7
19840101 19840131     3.0
19840201 19840229     2.0
19840301 19840331    30.4
19840401 19840430    18.6
19840501 19840531    49.3
19840601 19840630    71.9
19840701 19840731   173.7
19840801 19840831   175.6
19840901 19840930   134.7
19841001 19841031    26.5
19841101 19841130    31.8
19841201 19841231    17.0
19850101 19850131    10.0
19850201 19850228     2.1
19850301 19850331    29.0
19850401 19850430    57.2
19850501 19850531    61.3
19850601 19850630    98.8
19850701 19850731    57.0
19850801 19850831   105.6
19850901 19850930    51.8
19851001 19851031    44.2
19851101 19851130    13.2
19851201 19851231    24.8
19860101 19860131     0.0
19860201 19860228     0.0
19860301 19860331     1.3
19860401 19860430    50.6
19860501 19860531    52.0
19860601 19860630    40.6
19860701 19860731   146.6
19860801 19860831   127.8
19860901 19860930    64.6
19861001 19861031    53.2
19861101 19861130    14.2
19861201 19861231    36.4
19870101 19870131     0.4
19870201 19870228     4.0
19870301 19870331     1.8
19870401 19870430    17.5
19870501 19870531   131.4
19870601 19870630    68.3
19870701 19870731   143.4
19870801 19870831    47.4
19870901 19870930     8.0
19871001 19871031    45.2
19871101 19871130     3.8
19871201 19871231    36.8
19880101 19880131    31.2
19880201 19880229    17.6
19880301 19880331    34.2
19880401 19880430    12.5
19880501 19880531   146.0
19880601 19880630    59.2
19880701 19880731   105.0
19880801 19880831    72.2
19880901 19880930    44.3
19881001 19881031    14.4
19881101 19881130    34.8
19881201 19881231    18.8
19890101 19890131     3.4
19890201 19890228     2.0
19890301 19890331     7.7
19890401 19890430    33.2
19890501 19890531   105.9
19890601 19890630   123.2
19890701 19890731   165.4
19890801 19890831    87.2
19890901 19890930    49.0
19891001 19891031    58.6
19891101 19891130    11.0
19891201 19891231     0.1
19900101 19900131     5.4
19900201 19900228    31.3
19900301 19900331     0.7
19900401 19900430    18.5
19900501 19900531    28.3
19900601 19900630    77.7
19900701 19900731   144.6
19900801 19900831   159.4
19900901 19900930    48.8
19901001 19901031    48.0
19901101 19901130     6.6
19901201 19901231    86.8
19910101 19910131     8.4
19910201 19910228     0.0
19910301 19910331    17.6
19910401 19910430    19.3
19910501 19910531    23.6
19910601 19910630   161.7
19910701 19910731    90.2
19910801 19910831   110.7
19910901 19910930    88.4
19911001 19911031     1.6
19911101 19911130     6.6
19911201 19911231    13.8
19920101 19920131     4.0
19920201 19920229     0.2
19920301 19920331    81.6
19920401 19920430    51.9
19920501 19920531   100.8
19920601 19920630    85.9
19920701 19920731    85.2
19920801 19920831   107.3
19920901 19920930   140.4
19921001 19921031   105.2
19921101 19921130    54.0
19921201 19921231    70.3
19930101 19930131    16.5
19930201 19930228     7.6
19930301 19930331    23.4
19930401 19930430     2.4
19930501 19930531    37.4
19930601 19930630    60.6
19930701 19930731   125.3
19930801 19930831   117.8
19930901 19930930    82.4
19931001 19931031    57.7
19931101 19931130    24.1
19931201 19931231    21.9
19940101 19940131    20.6
19940201 19940228     6.2
19940301 19940331     0.8
19940401 19940430    10.9
19940501 19940531    56.0
19940601 19940630   134.4
19940701 19940731    44.9
19940801 19940831    34.6
19940901 19940930    19.1
19941001 19941031    44.5
19941101 19941130    15.6
19941201 19941231    23.6
19950101 19950131    80.2
19950201 19950228    16.2
19950301 19950331    15.0
19950401 19950430    38.6
19950501 19950531    81.0
19950601 19950630   110.8
19950701 19950731   175.0
19950801 19950831    40.8
19950901 19950930    51.9
19951001 19951031    18.2
19951101 19951130    10.6
19951201 19951231    11.6
19960101 19960131     7.0
19960201 19960229    14.4
19960301 19960331    32.8
19960401 19960430    23.5
19960501 19960531    17.0
19960601 19960630   151.8
19960701 19960731   126.4
19960801 19960831   132.0
19960901 19960930    82.4
19961001 19961031    18.4
19961101 19961130     4.2
19961201 19961231     3.2
19970101 19970131    53.6
19970201 19970228     7.6
19970301 19970331     2.8
19970401 19970430    12.6
19970501 19970531    74.2
19970601 19970630    80.8
19970701 19970731    42.6
19970801 19970831    97.2
19970901 19970930   119.8
19971001 19971031    26.6
19971101 19971130    16.6
19971201 19971231    31.2
19980101 19980131     5.2
19980201 19980228     7.8
19980301 19980331     7.6
19980401 19980430    56.6
19980501 19980531    35.2
19980601 19980630   134.2
19980701 19980731    87.0
19980801 19980831    97.0
19980901 19980930    51.0
19981001 19981031    22.6
19981101 19981130    19.4
19981201 19981231    17.6
19990101 19990131    16.6
19990201 19990228     6.4
19990301 19990331    45.2
19990401 19990430    18.2
19990501 19990531    71.0
19990601 19990630    81.4
19990701 19990731    61.8
19990801 19990831    58.6
19990901 19990930    57.0
19991001 19991031    62.4
19991101 19991130    18.6
19991201 19991231    20.2
20000101 20000131    28.8
20000201 20000229    75.4
20000301 20000331    27.6
20000401 20000430   121.8
20000501 20000531    96.0
20000601 20000630    98.2
20000701 20000731   165.2
20000801 20000831   110.0
20000901 20000930    30.8
20001001 20001031    81.0
20001101 20001130    13.6
20001201 20001231     6.4
20010101 20010131     5.6
20010201 20010228    13.6
20010301 20010331    58.4
20010401 20010430    12.0
20010501 20010531    78.6
20010601 20010630    84.6
20010701 20010731    35.8
20010801 20010831    93.2
20010901 20010930    84.2
20011001 20011031    71.2
20011101 20011130    73.2
20011201 20011231    17.3
20020101 20020131    13.8
20020201 20020228     1.0
20020301 20020331    13.8
20020401 20020430    22.6
20020501 20020531    53.0
20020601 20020630    65.8
20020701 20020731   112.6
20020801 20020831    70.4
20020901 20020930    82.4
20021001 20021031    49.2
20021101 20021130    44.2
20021201 20021231    15.6
20030101 20030131    22.8
20030201 20030228    16.8
20030301 20030331    10.2
20030401 20030430    32.2
20030501 20030531    92.6
20030601 20030630   175.8
20030701 20030731    72.0
20030801 20030831   103.2
20030901 20030930    31.0
20031001 20031031    74.0
20031101 20031130    22.4
20031201 20031231    25.4
20040101 20040131     7.6
20040201 20040229    11.4
20040301 20040331    37.8
20040401 20040430    17.4
20040501 20040531    79.2
20040601 20040630   118.8
20040701 20040731    98.8
20040801 20040831   110.2
20040901 20040930    50.8
20041001 20041031     9.8
20041101 20041130    33.0
20041201 20041231    12.2
20050101 20050131    13.4
20050201 20050228    22.0
20050301 20050331     0.0
20050401 20050430     6.6
20050501 20050531    14.8
20050601 20050630   179.8
20050701 20050731    69.0
20050801 20050831    92.2
20050901 20050930    48.8
20051001 20051031    84.4
20051101 20051130    54.0
20051201 20051231    35.8
20060101 20060131    53.0
20060201 20060228    33.6
20060301 20060331    55.6
20060401 20060430    42.2
20060501 20060531    50.6
20060601 20060630    38.8
20060701 20060731    86.6
20060801 20060831    22.2
20060901 20060930    24.0
20061001 20061031     2.0
20061101 20061130     4.8
20061201 20061231    12.0
20070101 20070131    17.0
20070201 20070228     2.4
20070301 20070331    26.2
20070401 20070430    84.0
20070501 20070531   122.8
20070601 20070630    53.2
20070701 20070731    90.4
20070801 20070831    35.0
20070901 20070930    39.6
20071001 20071031    39.6
20071101 20071130    23.8
20071201 20071231    22.2
20080101 20080131     1.8
20080201 20080229    21.6
20080301 20080331    10.2
20080401 20080430    39.4
20080501 20080531    56.9
20080601 20080630    61.8
20080701 20080731   110.7
20080801 20080831   121.7
20080901 20080930    26.4
20081001 20081031     6.4
20081101 20081130    39.6
20081201 20081231    33.7
20090101 20090131     2.4
20090201 20090228     0.0
20090301 20090331    22.3
20090401 20090430    78.8
20090501 20090531    51.1
20090601 20090630   137.4
20090701 20090731   165.9
20090801 20090831    76.3
20090901 20090930    91.0
20091001 20091031    34.4
20091101 20091130    16.6
20091201 20091231    19.6
20100101 20100131    22.0
20100201 20100228     0.0
20100301 20100331    26.5
20100401 20100430    37.4
20100501 20100531    74.1
20100601 20100630    85.0
20100701 20100731    72.9
20100801 20100831   129.9
20100901 20100930    96.8
20101001 20101031    33.3
20101101 20101130    33.0
20101201 20101231    25.9
20110101 20110131     7.0
20110201 20110228    61.2
20110301 20110331    87.8
20110401 20110430    20.9
20110501 20110531    59.0
20110601 20110630    99.9
20110701 20110731    91.5
20110801 20110831    63.8
20110901 20110930    34.5
20111001 20111031    44.7
20111101 20111130    20.7
20111201 20111231    54.0
20120101 20120131     1.2
20120201 20120229    11.3
20120301 20120331    34.0
20120401 20120430    37.8
20120501 20120531    51.6
20120601 20120630   148.3
20120701 20120731    65.8
20120801 20120831    35.5
20120901 20120930    39.2
20121001 20121031    20.6
20121101 20121130     7.4
20121201 20121231    14.8
20130101 20130131     0.0
20130201 20130228     7.8
20130301 20130331    19.6
20130401 20130430    67.1
20130501 20130531    55.5
20130601 20130630   176.6
20130701 20130731   172.0
20130801 20130831   107.7
20130901 20130930    80.2
20131001 20131031    49.0
20131101 20131130    44.8
20131201 20131231    53.8
20140101 20140131    43.4
20140201 20140228    32.6
20140301 20140331    16.5
20140401 20140430    45.2
20140501 20140531 99999.9
20140601 20140630 99999.9
20140701 20140731 99999.9
20140801 20140831 99999.9
20140901 20140930 99999.9
20141001 20141031     6.0
20141101 20141130     3.0
20141201 20141231    31.7
20150101 20150131     9.2
20150201 20150228     0.0
20150301 20150331    15.7
20150401 20150430    50.9
20150501 20150531    48.9
20150601 20150630    71.4
20150701 20150731   107.6
20150801 20150831    88.9
20150901 20150930    39.8
20151001 20151031     5.0
20151101 20151130    28.5
20151201 20151231     1.6
20160101 20160131    30.3
20160201 20160229    71.8
20160301 20160331    33.6
20160401 20160430    26.4
20160501 20160531   127.2
20160601 20160630   125.8
20160701 20160731   176.6
20160801 20160831    95.6
20160901 20160930   176.8
20161001 20161031    60.0
