PRCP       024521 18851101 20180131 missing_value=99999.9 MURRAY BRIDGE                             
18851101 18851130     2.4
18851201 18851231    16.8
18860101 18860131    34.9
18860201 18860228     4.1
18860301 18860331     0.0
18860401 18860430    14.0
18860501 18860531    10.5
18860601 18860630     7.4
18860701 18860731    60.1
18860801 18860831    46.1
18860901 18860930    15.6
18861001 18861031    17.6
18861101 18861130    12.0
18861201 18861231     9.7
18870101 18870131     2.3
18870201 18870228    19.3
18870301 18870331     6.6
18870401 18870430    30.6
18870501 18870531    31.5
18870601 18870630    55.8
18870701 18870731    24.2
18870801 18870831    20.7
18870901 18870930    31.5
18871001 18871031    41.2
18871101 18871130    51.3
18871201 18871231    66.2
18880101 18880131     8.1
18880201 18880229     1.3
18880301 18880331     6.4
18880401 18880430     1.5
18880501 18880531    53.5
18880601 18880630    30.3
18880701 18880731    34.0
18880801 18880831    51.6
18880901 18880930    50.1
18881001 18881031     2.4
18881101 18881130     9.4
18881201 18881231    16.8
18890101 18890131    68.8
18890201 18890228    11.7
18890301 18890331     6.1
18890401 18890430   189.4
18890501 18890531    42.3
18890601 18890630    47.4
18890701 18890731    21.9
18890801 18890831    34.8
18890901 18890930    22.8
18891001 18891031    49.1
18891101 18891130    20.3
18891201 18891231    10.2
18900101 18900131    64.0
18900201 18900228    28.4
18900301 18900331     6.9
18900401 18900430    18.4
18900501 18900531    30.2
18900601 18900630    53.7
18900701 18900731   103.4
18900801 18900831    42.1
18900901 18900930    28.1
18901001 18901031    47.8
18901101 18901130    52.9
18901201 18901231     1.5
18910101 18910131     3.6
18910201 18910228     7.6
18910301 18910331    11.2
18910401 18910430    19.0
18910501 18910531     6.4
18910601 18910630    10.7
18910701 18910731    32.1
18910801 18910831    22.4
18910901 18910930    22.6
18911001 18911031    47.3
18911101 18911130    29.0
18911201 18911231    15.7
18920101 18920131    16.8
18920201 18920229     3.0
18920301 18920331     5.6
18920401 18920430    23.3
18920501 18920531    21.3
18920601 18920630    24.0
18920701 18920731    46.9
18920801 18920831    23.3
18920901 18920930    38.3
18921001 18921031    84.2
18921101 18921130    19.6
18921201 18921231     8.4
18930101 18930131     5.0
18930201 18930228     0.0
18930301 18930331    12.0
18930401 18930430    68.3
18930501 18930531   113.4
18930601 18930630    49.7
18930701 18930731    23.1
18930801 18930831    23.9
18930901 18930930    93.0
18931001 18931031    35.8
18931101 18931130    41.6
18931201 18931231    15.0
18940101 18940131     5.6
18940201 18940228     4.9
18940301 18940331   109.0
18940401 18940430    43.1
18940501 18940531    24.0
18940601 18940630    38.8
18940701 18940731    34.7
18940801 18940831    58.8
18940901 18940930    20.4
18941001 18941031    62.6
18941101 18941130     0.0
18941201 18941231    61.2
18950101 18950131    22.4
18950201 18950228     1.1
18950301 18950331    50.8
18950401 18950430    50.4
18950501 18950531     7.9
18950601 18950630    24.2
18950701 18950731    73.1
18950801 18950831    45.5
18950901 18950930     6.8
18951001 18951031     6.7
18951101 18951130     8.3
18951201 18951231    14.3
18960101 18960131    20.3
18960201 18960229     6.9
18960301 18960331    11.0
18960401 18960430    21.6
18960501 18960531    27.8
18960601 18960630    59.2
18960701 18960731    26.7
18960801 18960831    20.2
18960901 18960930    25.5
18961001 18961031    10.9
18961101 18961130    14.8
18961201 18961231    31.0
18970101 18970131     5.4
18970201 18970228    24.1
18970301 18970331    16.8
18970401 18970430     9.2
18970501 18970531    34.0
18970601 18970630    49.9
18970701 18970731    21.8
18970801 18970831    75.6
18970901 18970930    40.0
18971001 18971031     3.6
18971101 18971130     8.2
18971201 18971231     1.3
18980101 18980131     0.3
18980201 18980228    17.8
18980301 18980331     2.5
18980401 18980430    59.6
18980501 18980531    39.0
18980601 18980630    79.8
18980701 18980731    39.7
18980801 18980831    32.6
18980901 18980930    11.1
18981001 18981031    26.7
18981101 18981130    20.4
18981201 18981231     3.8
18990101 18990131    20.7
18990201 18990228    19.3
18990301 18990331    29.7
18990401 18990430    25.2
18990501 18990531    33.5
18990601 18990630    65.9
18990701 18990731    13.5
18990801 18990831    28.7
18990901 18990930    63.1
18991001 18991031    20.1
18991101 18991130    31.3
18991201 18991231     7.4
19000101 19000131     9.0
19000201 19000228     1.8
19000301 19000331    40.8
19000401 19000430    42.6
19000501 19000531    49.8
19000601 19000630    39.1
19000701 19000731    12.5
19000801 19000831    56.7
19000901 19000930    56.9
19001001 19001031    17.2
19001101 19001130    21.6
19001201 19001231     3.8
19010101 19010131    40.4
19010201 19010228     1.3
19010301 19010331     2.5
19010401 19010430    32.4
19010501 19010531    27.5
19010601 19010630    85.2
19010701 19010731    65.2
19010801 19010831    28.6
19010901 19010930    25.8
19011001 19011031    23.4
19011101 19011130    11.7
19011201 19011231    14.0
19020101 19020131     2.1
19020201 19020228    19.4
19020301 19020331    25.9
19020401 19020430     6.4
19020501 19020531    13.2
19020601 19020630    50.4
19020701 19020731    32.9
19020801 19020831    34.1
19020901 19020930    26.7
19021001 19021031    32.3
19021101 19021130     3.3
19021201 19021231    68.1
19030101 19030131    19.0
19030201 19030228    18.1
19030301 19030331    30.7
19030401 19030430    54.1
19030501 19030531    13.6
19030601 19030630    48.9
19030701 19030731    26.5
19030801 19030831    31.0
19030901 19030930    63.7
19031001 19031031    14.9
19031101 19031130    62.7
19031201 19031231    19.1
19040101 19040131    44.1
19040201 19040229    10.0
19040301 19040331    10.6
19040401 19040430    21.8
19040501 19040531    28.1
19040601 19040630    57.8
19040701 19040731    26.6
19040801 19040831    34.1
19040901 19040930     4.6
19041001 19041031    33.4
19041101 19041130     8.4
19041201 19041231     0.0
19050101 19050131    36.9
19050201 19050228     3.8
19050301 19050331     6.6
19050401 19050430    87.7
19050501 19050531    48.8
19050601 19050630    47.7
19050701 19050731    51.1
19050801 19050831    16.8
19050901 19050930    46.3
19051001 19051031    47.1
19051101 19051130     6.4
19051201 19051231     0.3
19060101 19060131     0.0
19060201 19060228    11.2
19060301 19060331    68.4
19060401 19060430     2.3
19060501 19060531    11.4
19060601 19060630    83.5
19060701 19060731    43.9
19060801 19060831    66.5
19060901 19060930    54.5
19061001 19061031    38.1
19061101 19061130    62.2
19061201 19061231    30.2
19070101 19070131     0.0
19070201 19070228     6.4
19070301 19070331     8.6
19070401 19070430    32.4
19070501 19070531    48.8
19070601 19070630    42.0
19070701 19070731    42.5
19070801 19070831    43.6
19070901 19070930    21.6
19071001 19071031    19.7
19071101 19071130    46.5
19071201 19071231    33.8
19080101 19080131     4.6
19080201 19080229    11.4
19080301 19080331    40.1
19080401 19080430    17.5
19080501 19080531    49.3
19080601 19080630    42.6
19080701 19080731    27.1
19080801 19080831    30.2
19080901 19080930    74.4
19081001 19081031    55.0
19081101 19081130     9.7
19081201 19081231     3.3
19090101 19090131    14.5
19090201 19090228     6.2
19090301 19090331    13.0
19090401 19090430    49.2
19090501 19090531    99.3
19090601 19090630    35.6
19090701 19090731    60.4
19090801 19090831   117.1
19090901 19090930    42.1
19091001 19091031    36.0
19091101 19091130    30.2
19091201 19091231    11.5
19100101 19100131     1.8
19100201 19100228     0.0
19100301 19100331   169.3
19100401 19100430     0.3
19100501 19100531    83.8
19100601 19100630    55.0
19100701 19100731    70.6
19100801 19100831    22.8
19100901 19100930    45.9
19101001 19101031    49.9
19101101 19101130    22.4
19101201 19101231    24.6
19110101 19110131     4.3
19110201 19110228    50.8
19110301 19110331    19.3
19110401 19110430     3.1
19110501 19110531    39.2
19110601 19110630    31.9
19110701 19110731    21.2
19110801 19110831     9.8
19110901 19110930    57.3
19111001 19111031    11.6
19111101 19111130     8.4
19111201 19111231    11.5
19120101 19120131     2.3
19120201 19120229     2.1
19120301 19120331    11.3
19120401 19120430     5.1
19120501 19120531     5.7
19120601 19120630    61.1
19120701 19120731    26.6
19120801 19120831    40.0
19120901 19120930    56.9
19121001 19121031    11.9
19121101 19121130    26.6
19121201 19121231    26.3
19130101 19130131     0.3
19130201 19130228    64.4
19130301 19130331    44.0
19130401 19130430    65.1
19130501 19130531    34.6
19130601 19130630     9.7
19130701 19130731    12.3
19130801 19130831    27.7
19130901 19130930    52.9
19131001 19131031    94.3
19131101 19131130    10.1
19131201 19131231    22.3
19140101 19140131    10.2
19140201 19140228    15.0
19140301 19140331    22.4
19140401 19140430    25.2
19140501 19140531    14.6
19140601 19140630     7.5
19140701 19140731    16.1
19140801 19140831     2.5
19140901 19140930    13.8
19141001 19141031     2.8
19141101 19141130    41.8
19141201 19141231    11.5
19150101 19150131     1.8
19150201 19150228     3.3
19150301 19150331     2.3
19150401 19150430    27.2
19150501 19150531    39.8
19150601 19150630    52.8
19150701 19150731    22.5
19150801 19150831    41.2
19150901 19150930    45.3
19151001 19151031     6.4
19151101 19151130     3.6
19151201 19151231     3.8
19160101 19160131    10.0
19160201 19160229     3.0
19160301 19160331     6.4
19160401 19160430    19.7
19160501 19160531    18.8
19160601 19160630    75.3
19160701 19160731    40.7
19160801 19160831    38.4
19160901 19160930    60.6
19161001 19161031    48.3
19161101 19161130    45.9
19161201 19161231    36.2
19170101 19170131     7.1
19170201 19170228    27.7
19170301 19170331    30.6
19170401 19170430    21.6
19170501 19170531    46.4
19170601 19170630    28.9
19170701 19170731    34.2
19170801 19170831    42.8
19170901 19170930    58.4
19171001 19171031    58.5
19171101 19171130    20.9
19171201 19171231    29.1
19180101 19180131     4.6
19180201 19180228     8.9
19180301 19180331    11.7
19180401 19180430    19.4
19180501 19180531    39.5
19180601 19180630    12.8
19180701 19180731    36.1
19180801 19180831    31.7
19180901 19180930    24.1
19181001 19181031    28.5
19181101 19181130     2.5
19181201 19181231     4.8
19190101 19190131     5.4
19190201 19190228    58.5
19190301 19190331     4.4
19190401 19190430     4.3
19190501 19190531    32.3
19190601 19190630    16.1
19190701 19190731    23.7
19190801 19190831    16.7
19190901 19190930    42.0
19191001 19191031    19.6
19191101 19191130    10.5
19191201 19191231    34.8
19200101 19200131     2.8
19200201 19200229     0.0
19200301 19200331    13.4
19200401 19200430    13.5
19200501 19200531    14.8
19200601 19200630    52.2
19200701 19200731    20.2
19200801 19200831    57.7
19200901 19200930    41.9
19201001 19201031    33.8
19201101 19201130    25.3
19201201 19201231    33.1
19210101 19210131    40.6
19210201 19210228    39.7
19210301 19210331    78.3
19210401 19210430     5.6
19210501 19210531    65.6
19210601 19210630    29.0
19210701 19210731    26.4
19210801 19210831    29.2
19210901 19210930    44.0
19211001 19211031    16.5
19211101 19211130    56.6
19211201 19211231     6.4
19220101 19220131    14.2
19220201 19220228     1.3
19220301 19220331     2.3
19220401 19220430    23.4
19220501 19220531    63.9
19220601 19220630    46.3
19220701 19220731    69.7
19220801 19220831    39.0
19220901 19220930    19.7
19221001 19221031    45.3
19221101 19221130     1.6
19221201 19221231    41.6
19230101 19230131     4.6
19230201 19230228     1.3
19230301 19230331     0.8
19230401 19230430     2.0
19230501 19230531    59.1
19230601 19230630    88.3
19230701 19230731    31.6
19230801 19230831    35.8
19230901 19230930    73.2
19231001 19231031    37.4
19231101 19231130     8.4
19231201 19231231    46.3
19240101 19240131    13.5
19240201 19240229    35.0
19240301 19240331    32.3
19240401 19240430    18.5
19240501 19240531    49.3
19240601 19240630    46.8
19240701 19240731     1.0
19240801 19240831    39.4
19240901 19240930    63.1
19241001 19241031    72.0
19241101 19241130    26.9
19241201 19241231     8.9
19250101 19250131    13.5
19250201 19250228    32.8
19250301 19250331    11.9
19250401 19250430    33.4
19250501 19250531    79.2
19250601 19250630    17.8
19250701 19250731    38.5
19250801 19250831    19.4
19250901 19250930    70.6
19251001 19251031     5.8
19251101 19251130    26.3
19251201 19251231     1.3
19260101 19260131     0.0
19260201 19260228     0.8
19260301 19260331     1.3
19260401 19260430    23.3
19260501 19260531    34.6
19260601 19260630    30.4
19260701 19260731    19.5
19260801 19260831    53.4
19260901 19260930    51.5
19261001 19261031    29.9
19261101 19261130     9.2
19261201 19261231    21.9
19270101 19270131    10.4
19270201 19270228    15.2
19270301 19270331     8.9
19270401 19270430     3.5
19270501 19270531    23.0
19270601 19270630     8.6
19270701 19270731    31.3
19270801 19270831    51.8
19270901 19270930    20.2
19271001 19271031    13.0
19271101 19271130    58.6
19271201 19271231    11.5
19280101 19280131    21.9
19280201 19280229    60.9
19280301 19280331    50.1
19280401 19280430    15.1
19280501 19280531    30.3
19280601 19280630    46.3
19280701 19280731    23.0
19280801 19280831    13.0
19280901 19280930    34.1
19281001 19281031    34.6
19281101 19281130     0.5
19281201 19281231     5.9
19290101 19290131     6.9
19290201 19290228     2.0
19290301 19290331     5.1
19290401 19290430     7.1
19290501 19290531    18.2
19290601 19290630    25.2
19290701 19290731    22.2
19290801 19290831    19.4
19290901 19290930    39.2
19291001 19291031     8.7
19291101 19291130    19.3
19291201 19291231    94.6
19300101 19300131     0.0
19300201 19300228    15.0
19300301 19300331     0.0
19300401 19300430    13.0
19300501 19300531     8.9
19300601 19300630    15.3
19300701 19300731    55.5
19300801 19300831    48.7
19300901 19300930    25.1
19301001 19301031    61.2
19301101 19301130     6.9
19301201 19301231     3.0
19310101 19310131    18.3
19310201 19310228     5.1
19310301 19310331    17.8
19310401 19310430    17.6
19310501 19310531    36.1
19310601 19310630    32.7
19310701 19310731    32.9
19310801 19310831    20.6
19310901 19310930    31.6
19311001 19311031    22.9
19311101 19311130    13.9
19311201 19311231     2.5
19320101 19320131     1.8
19320201 19320229    35.7
19320301 19320331    16.1
19320401 19320430    30.5
19320501 19320531    27.3
19320601 19320630    83.3
19320701 19320731    39.4
19320801 19320831    59.2
19320901 19320930    50.9
19321001 19321031    50.6
19321101 19321130     0.8
19321201 19321231     9.2
19330101 19330131    27.1
19330201 19330228     0.0
19330301 19330331    20.5
19330401 19330430     8.7
19330501 19330531    46.5
19330601 19330630    19.7
19330701 19330731    22.6
19330801 19330831    36.8
19330901 19330930    25.4
19331001 19331031     6.6
19331101 19331130    17.5
19331201 19331231     8.5
19340101 19340131     4.8
19340201 19340228     5.6
19340301 19340331     8.6
19340401 19340430    24.7
19340501 19340531     1.6
19340601 19340630    24.6
19340701 19340731    21.7
19340801 19340831    54.6
19340901 19340930    45.5
19341001 19341031    45.6
19341101 19341130    42.1
19341201 19341231    12.0
19350101 19350131    13.5
19350201 19350228     4.6
19350301 19350331    21.2
19350401 19350430    36.7
19350501 19350531    16.9
19350601 19350630    34.3
19350701 19350731    33.5
19350801 19350831    36.9
19350901 19350930    46.2
19351001 19351031    42.5
19351101 19351130    18.1
19351201 19351231     6.0
19360101 19360131    41.6
19360201 19360229    29.9
19360301 19360331     6.3
19360401 19360430    38.9
19360501 19360531    59.2
19360601 19360630    26.9
19360701 19360731    55.4
19360801 19360831    20.4
19360901 19360930    14.4
19361001 19361031    20.3
19361101 19361130     4.9
19361201 19361231    51.6
19370101 19370131    36.6
19370201 19370228     2.6
19370301 19370331     3.6
19370401 19370430    10.5
19370501 19370531    28.8
19370601 19370630    33.5
19370701 19370731    18.3
19370801 19370831    41.3
19370901 19370930    16.5
19371001 19371031    20.0
19371101 19371130    16.3
19371201 19371231    68.9
19380101 19380131    10.7
19380201 19380228    19.8
19380301 19380331     7.9
19380401 19380430    46.0
19380501 19380531     5.6
19380601 19380630    32.2
19380701 19380731    38.5
19380801 19380831    31.5
19380901 19380930     2.3
19381001 19381031     8.1
19381101 19381130     5.9
19381201 19381231     2.6
19390101 19390131    26.3
19390201 19390228    61.2
19390301 19390331     0.0
19390401 19390430    39.2
19390501 19390531    20.0
19390601 19390630    46.5
19390701 19390731    23.7
19390801 19390831    40.6
19390901 19390930     7.5
19391001 19391031    18.7
19391101 19391130    69.1
19391201 19391231     1.5
19400101 19400131     9.8
19400201 19400229     6.6
19400301 19400331    13.7
19400401 19400430    40.4
19400501 19400531    15.0
19400601 19400630     8.8
19400701 19400731    24.7
19400801 19400831    12.2
19400901 19400930    29.6
19401001 19401031    15.0
19401101 19401130    22.3
19401201 19401231    30.3
19410101 19410131   189.6
19410201 19410228     9.5
19410301 19410331    32.7
19410401 19410430    35.1
19410501 19410531    17.9
19410601 19410630    40.0
19410701 19410731    50.4
19410801 19410831    19.9
19410901 19410930    46.1
19411001 19411031    37.2
19411101 19411130    19.0
19411201 19411231    16.8
19420101 19420131    17.3
19420201 19420228     7.7
19420301 19420331     3.4
19420401 19420430    67.7
19420501 19420531    70.1
19420601 19420630    26.4
19420701 19420731    35.7
19420801 19420831    37.9
19420901 19420930    57.6
19421001 19421031    21.9
19421101 19421130    79.3
19421201 19421231    18.5
19430101 19430131    15.7
19430201 19430228    30.9
19430301 19430331     3.6
19430401 19430430    22.4
19430501 19430531    17.1
19430601 19430630    26.8
19430701 19430731    29.5
19430801 19430831    51.4
19430901 19430930    32.8
19431001 19431031    26.0
19431101 19431130    15.0
19431201 19431231    28.2
19440101 19440131     0.3
19440201 19440229     4.4
19440301 19440331     2.8
19440401 19440430    23.4
19440501 19440531    50.2
19440601 19440630     7.8
19440701 19440731    27.7
19440801 19440831     3.6
19440901 19440930    13.2
19441001 19441031    12.7
19441101 19441130    20.6
19441201 19441231    17.7
19450101 19450131    15.3
19450201 19450228    47.0
19450301 19450331     5.8
19450401 19450430     1.1
19450501 19450531    39.8
19450601 19450630    15.1
19450701 19450731    15.5
19450801 19450831    40.3
19450901 19450930    42.6
19451001 19451031    67.9
19451101 19451130    41.8
19451201 19451231    44.0
19460101 19460131    31.1
19460201 19460228   115.3
19460301 19460331    60.5
19460401 19460430    17.1
19460501 19460531    36.6
19460601 19460630    20.8
19460701 19460731    45.5
19460801 19460831    23.5
19460901 19460930    12.4
19461001 19461031    20.6
19461101 19461130    36.3
19461201 19461231   114.9
19470101 19470131     0.0
19470201 19470228    23.3
19470301 19470331    98.0
19470401 19470430    23.7
19470501 19470531     4.9
19470601 19470630    17.4
19470701 19470731    46.8
19470801 19470831    33.4
19470901 19470930    51.7
19471001 19471031    29.1
19471101 19471130    57.5
19471201 19471231    31.8
19480101 19480131     2.5
19480201 19480229     8.9
19480301 19480331     5.2
19480401 19480430    77.8
19480501 19480531    21.5
19480601 19480630    20.9
19480701 19480731    29.5
19480801 19480831    27.5
19480901 19480930     8.0
19481001 19481031    34.3
19481101 19481130    52.1
19481201 19481231    38.6
19490101 19490131     5.0
19490201 19490228    27.9
19490301 19490331     2.0
19490401 19490430     5.1
19490501 19490531    52.0
19490601 19490630    28.3
19490701 19490731    33.1
19490801 19490831    22.3
19490901 19490930     7.8
19491001 19491031    33.4
19491101 19491130    44.8
19491201 19491231     0.8
19500101 19500131     0.6
19500201 19500228    22.3
19500301 19500331    24.1
19500401 19500430     8.3
19500501 19500531    37.3
19500601 19500630    34.9
19500701 19500731    22.6
19500801 19500831    26.9
19500901 19500930    19.3
19501001 19501031    37.0
19501101 19501130    21.0
19501201 19501231    18.7
19510101 19510131    12.2
19510201 19510228    13.2
19510301 19510331     0.5
19510401 19510430    35.0
19510501 19510531    59.9
19510601 19510630    57.0
19510701 19510731    57.3
19510801 19510831    47.7
19510901 19510930     5.2
19511001 19511031    51.0
19511101 19511130    10.2
19511201 19511231    26.0
19520101 19520131    30.0
19520201 19520229     5.6
19520301 19520331     0.8
19520401 19520430    40.8
19520501 19520531    55.8
19520601 19520630    37.7
19520701 19520731    34.3
19520801 19520831    18.6
19520901 19520930    35.2
19521001 19521031    57.8
19521101 19521130    38.9
19521201 19521231    13.0
19530101 19530131    13.7
19530201 19530228     5.6
19530301 19530331     4.1
19530401 19530430    16.0
19530501 19530531    12.4
19530601 19530630    39.2
19530701 19530731    27.2
19530801 19530831    55.4
19530901 19530930    17.6
19531001 19531031    34.7
19531101 19531130    20.8
19531201 19531231    46.0
19540101 19540131    15.3
19540201 19540228     2.5
19540301 19540331     1.8
19540401 19540430    79.1
19540501 19540531    10.3
19540601 19540630    48.6
19540701 19540731    22.9
19540801 19540831    10.2
19540901 19540930    11.7
19541001 19541031    41.1
19541101 19541130    24.8
19541201 19541231    20.0
19550101 19550131     5.8
19550201 19550228   117.0
19550301 19550331     7.9
19550401 19550430    57.7
19550501 19550531    91.1
19550601 19550630    88.3
19550701 19550731    20.6
19550801 19550831    43.8
19550901 19550930    17.2
19551001 19551031    30.9
19551101 19551130    21.0
19551201 19551231    28.8
19560101 19560131     8.7
19560201 19560229     0.0
19560301 19560331    34.6
19560401 19560430    25.7
19560501 19560531    47.8
19560601 19560630    37.4
19560701 19560731    35.7
19560801 19560831    35.6
19560901 19560930    31.1
19561001 19561031    33.1
19561101 19561130    10.5
19561201 19561231     5.7
19570101 19570131     0.3
19570201 19570228     0.0
19570301 19570331     4.1
19570401 19570430     6.4
19570501 19570531    13.1
19570601 19570630    20.8
19570701 19570731    29.8
19570801 19570831    20.4
19570901 19570930    31.9
19571001 19571031    38.6
19571101 19571130    15.3
19571201 19571231     5.8
19580101 19580131     5.5
19580201 19580228     5.3
19580301 19580331    23.4
19580401 19580430    14.6
19580501 19580531    47.5
19580601 19580630     6.9
19580701 19580731    39.7
19580801 19580831    60.5
19580901 19580930    55.2
19581001 19581031    52.9
19581101 19581130    17.5
19581201 19581231     8.9
19590101 19590131     0.8
19590201 19590228    11.8
19590301 19590331    54.5
19590401 19590430     5.4
19590501 19590531    10.2
19590601 19590630    13.1
19590701 19590731    17.5
19590801 19590831    27.1
19590901 19590930    47.1
19591001 19591031    30.7
19591101 19591130    12.5
19591201 19591231    29.1
19600101 19600131    11.2
19600201 19600229    48.0
19600301 19600331    12.7
19600401 19600430    50.8
19600501 19600531    77.9
19600601 19600630    14.2
19600701 19600731    42.3
19600801 19600831    22.3
19600901 19600930    58.8
19601001 19601031     7.8
19601101 19601130    47.4
19601201 19601231    11.5
19610101 19610131     5.1
19610201 19610228    17.8
19610301 19610331     7.6
19610401 19610430    68.1
19610501 19610531    29.5
19610601 19610630    10.0
19610701 19610731    47.1
19610801 19610831    30.1
19610901 19610930    17.2
19611001 19611031     2.4
19611101 19611130    28.6
19611201 19611231    14.0
19620101 19620131    10.2
19620201 19620228    11.4
19620301 19620331    28.5
19620401 19620430     5.0
19620501 19620531    41.3
19620601 19620630    19.9
19620701 19620731    18.1
19620801 19620831    43.2
19620901 19620930    11.1
19621001 19621031    72.7
19621101 19621130    13.8
19621201 19621231    40.1
19630101 19630131    42.5
19630201 19630228     2.0
19630301 19630331     1.3
19630401 19630430    54.0
19630501 19630531    84.2
19630601 19630630    63.0
19630701 19630731    55.7
19630801 19630831    43.1
19630901 19630930    22.7
19631001 19631031    48.8
19631101 19631130     3.6
19631201 19631231     1.5
19640101 19640131     8.4
19640201 19640229    16.4
19640301 19640331     5.4
19640401 19640430    40.6
19640501 19640531    19.1
19640601 19640630    37.8
19640701 19640731    51.2
19640801 19640831    33.8
19640901 19640930    50.4
19641001 19641031    36.8
19641101 19641130    68.0
19641201 19641231    22.1
19650101 19650131     1.6
19650201 19650228     0.0
19650301 19650331     2.0
19650401 19650430    16.1
19650501 19650531    27.7
19650601 19650630    38.1
19650701 19650731    30.3
19650801 19650831    32.2
19650901 19650930    38.7
19651001 19651031     6.9
19651101 19651130    32.6
19651201 19651231    27.1
19660101 19660131     6.8
19660201 19660228    26.9
19660301 19660331    15.3
19660401 19660430     7.1
19660501 19660531    28.6
19660601 19660630    55.5
19660701 19660731    43.9
19660801 19660831    18.0
19660901 19660930    26.3
19661001 19661031    22.3
19661101 19661130    16.3
19661201 19661231    65.9
19670101 19670131    11.0
19670201 19670228    11.0
19670301 19670331     3.4
19670401 19670430     3.9
19670501 19670531     7.8
19670601 19670630     6.9
19670701 19670731    12.6
19670801 19670831    35.0
19670901 19670930    20.6
19671001 19671031    17.1
19671101 19671130     0.0
19671201 19671231     7.1
19680101 19680131    30.5
19680201 19680229    22.6
19680301 19680331    29.8
19680401 19680430    36.9
19680501 19680531    53.0
19680601 19680630    37.7
19680701 19680731    39.9
19680801 19680831    25.5
19680901 19680930    16.4
19681001 19681031    29.9
19681101 19681130    23.1
19681201 19681231    36.8
19690101 19690131     5.1
19690201 19690228   128.5
19690301 19690331    30.7
19690401 19690430    11.2
19690501 19690531    43.9
19690601 19690630     9.1
19690701 19690731    63.0
19690801 19690831    35.1
19690901 19690930    42.9
19691001 19691031     3.6
19691101 19691130    23.9
19691201 19691231    38.4
19700101 19700131    33.6
19700201 19700228     0.0
19700301 19700331    23.0
19700401 19700430    25.2
19700501 19700531    32.0
19700601 19700630    26.5
19700701 19700731    22.8
19700801 19700831    53.3
19700901 19700930    72.3
19701001 19701031     7.9
19701101 19701130    43.0
19701201 19701231    41.2
19710101 19710131     2.8
19710201 19710228     1.0
19710301 19710331    30.2
19710401 19710430    51.9
19710501 19710531    28.6
19710601 19710630    30.0
19710701 19710731    22.0
19710801 19710831    47.6
19710901 19710930    36.9
19711001 19711031    14.6
19711101 19711130    37.3
19711201 19711231    10.2
19720101 19720131    64.8
19720201 19720229    37.9
19720301 19720331     2.0
19720401 19720430    26.9
19720501 19720531    10.0
19720601 19720630    11.3
19720701 19720731    37.6
19720801 19720831    29.0
19720901 19720930    10.8
19721001 19721031    11.7
19721101 19721130    24.4
19721201 19721231    18.4
19730101 19730131    20.2
19730201 19730228    88.7
19730301 19730331    19.5
19730401 19730430    26.4
19730501 19730531    26.1
19730601 19730630    40.8
19730701 19730731    28.1
19730801 19730831    53.8
19730901 19730930    29.2
19731001 19731031    78.7
19731101 19731130    21.6
19731201 19731231    13.0
19740101 19740131    51.6
19740201 19740228    75.8
19740301 19740331    59.8
19740401 19740430    95.6
19740501 19740531    66.0
19740601 19740630    24.0
19740701 19740731    58.0
19740801 19740831    22.6
19740901 19740930    58.8
19741001 19741031   135.6
19741101 19741130    19.2
19741201 19741231     8.4
19750101 19750131    18.8
19750201 19750228     1.6
19750301 19750331    45.2
19750401 19750430    12.4
19750501 19750531    24.8
19750601 19750630    11.8
19750701 19750731    35.4
19750801 19750831    22.7
19750901 19750930    47.6
19751001 19751031   103.2
19751101 19751130    11.8
19751201 19751231     5.6
19760101 19760131    10.0
19760201 19760229    26.0
19760301 19760331     3.0
19760401 19760430     8.3
19760501 19760531     6.8
19760601 19760630    22.4
19760701 19760731    11.2
19760801 19760831    35.0
19760901 19760930    52.9
19761001 19761031    67.8
19761101 19761130    17.8
19761201 19761231    14.4
19770101 19770131    18.4
19770201 19770228    12.2
19770301 19770331    12.8
19770401 19770430    15.6
19770501 19770531    38.6
19770601 19770630    34.4
19770701 19770731    13.4
19770801 19770831    12.2
19770901 19770930    29.8
19771001 19771031    18.0
19771101 19771130    87.0
19771201 19771231    10.2
19780101 19780131     3.8
19780201 19780228     1.4
19780301 19780331     7.6
19780401 19780430    29.3
19780501 19780531    47.8
19780601 19780630    39.8
19780701 19780731    51.2
19780801 19780831    60.4
19780901 19780930    48.6
19781001 19781031    26.0
19781101 19781130    38.0
19781201 19781231    14.4
19790101 19790131    22.2
19790201 19790228    36.2
19790301 19790331    15.0
19790401 19790430    20.8
19790501 19790531    36.6
19790601 19790630     4.8
19790701 19790731    12.2
19790801 19790831    54.8
19790901 19790930    78.4
19791001 19791031    67.2
19791101 19791130    37.4
19791201 19791231     3.8
19800101 19800131     1.8
19800201 19800229     2.6
19800301 19800331     2.2
19800401 19800430    62.6
19800501 19800531    49.0
19800601 19800630    50.1
19800701 19800731    12.6
19800801 19800831    15.0
19800901 19800930    17.8
19801001 19801031    85.0
19801101 19801130     9.6
19801201 19801231    18.0
19810101 19810131    46.8
19810201 19810228     4.6
19810301 19810331    17.2
19810401 19810430     4.0
19810501 19810531    30.6
19810601 19810630    56.6
19810701 19810731    43.0
19810801 19810831    51.8
19810901 19810930     8.2
19811001 19811031    20.8
19811101 19811130    49.4
19811201 19811231     5.2
19820101 19820131    16.8
19820201 19820228     4.4
19820301 19820331    18.4
19820401 19820430    39.4
19820501 19820531    26.6
19820601 19820630    20.6
19820701 19820731     3.8
19820801 19820831     9.2
19820901 19820930    31.0
19821001 19821031    17.8
19821101 19821130     0.0
19821201 19821231     8.2
19830101 19830131     6.2
19830201 19830228     0.0
19830301 19830331    95.2
19830401 19830430    57.2
19830501 19830531    53.0
19830601 19830630    11.8
19830701 19830731    54.4
19830801 19830831    72.2
19830901 19830930    38.0
19831001 19831031    54.2
19831101 19831130    22.0
19831201 19831231    26.0
19840101 19840131    49.2
19840201 19840229     4.4
19840301 19840331    28.6
19840401 19840430    23.6
19840501 19840531    17.6
19840601 19840630    11.2
19840701 19840731    69.8
19840801 19840831    73.2
19840901 19840930    34.8
19841001 19841031    14.0
19841101 19841130    28.8
19841201 19841231     4.8
19850101 19850131     0.4
19850201 19850228     2.6
19850301 19850331    72.0
19850401 19850430    41.2
19850501 19850531    30.0
19850601 19850630    41.0
19850701 19850731    12.6
19850801 19850831    64.6
19850901 19850930    61.8
19851001 19851031    26.0
19851101 19851130    13.6
19851201 19851231    16.0
19860101 19860131     3.2
19860201 19860228     1.0
19860301 19860331     0.8
19860401 19860430    28.4
19860501 19860531    43.6
19860601 19860630    25.6
19860701 19860731    58.0
19860801 19860831    81.6
19860901 19860930    37.8
19861001 19861031    33.6
19861101 19861130    23.8
19861201 19861231    24.6
19870101 19870131    36.8
19870201 19870228    18.4
19870301 19870331    15.0
19870401 19870430    22.0
19870501 19870531    53.6
19870601 19870630    51.2
19870701 19870731    20.4
19870801 19870831    23.2
19870901 19870930    13.6
19871001 19871031    43.2
19871101 19871130    11.8
19871201 19871231    74.4
19880101 19880131    13.0
19880201 19880229     2.0
19880301 19880331    15.0
19880401 19880430    15.2
19880501 19880531    55.2
19880601 19880630    57.6
19880701 19880731    33.7
19880801 19880831    27.4
19880901 19880930    33.2
19881001 19881031     4.6
19881101 19881130    32.0
19881201 19881231    40.4
19890101 19890131     4.4
19890201 19890228     3.2
19890301 19890331     6.4
19890401 19890430    15.0
19890501 19890531    85.8
19890601 19890630    71.2
19890701 19890731    47.8
19890801 19890831    44.8
19890901 19890930    29.4
19891001 19891031    19.0
19891101 19891130    25.4
19891201 19891231    13.2
19900101 19900131    21.2
19900201 19900228    16.4
19900301 19900331     1.4
19900401 19900430    23.0
19900501 19900531     7.4
19900601 19900630    72.2
19900701 19900731    54.2
19900801 19900831    51.8
19900901 19900930    45.6
19901001 19901031    19.6
19901101 19901130     4.4
19901201 19901231    24.8
19910101 19910131     5.4
19910201 19910228     0.0
19910301 19910331    12.8
19910401 19910430    28.4
19910501 19910531     7.8
19910601 19910630    73.4
19910701 19910731    73.8
19910801 19910831    50.8
19910901 19910930    31.8
19911001 19911031     1.8
19911101 19911130    28.0
19911201 19911231     9.0
19920101 19920131     1.2
19920201 19920229    25.0
19920301 19920331    52.2
19920401 19920430    36.8
19920501 19920531    40.8
19920601 19920630    25.0
19920701 19920731    33.0
19920801 19920831    64.6
19920901 19920930    78.8
19921001 19921031    60.6
19921101 19921130    73.5
19921201 19921231   130.4
19930101 19930131    22.8
19930201 19930228    15.4
19930301 19930331     7.0
19930401 19930430     0.0
19930501 19930531    17.5
19930601 19930630    31.2
19930701 19930731    54.8
19930801 19930831    28.4
19930901 19930930    57.0
19931001 19931031    44.0
19931101 19931130    22.2
19931201 19931231    48.8
19940101 19940131     4.0
19940201 19940228    15.0
19940301 19940331     0.0
19940401 19940430    14.8
19940501 19940531    13.0
19940601 19940630    78.6
19940701 19940731    18.6
19940801 19940831    11.2
19940901 19940930    23.4
19941001 19941031    17.4
19941101 19941130    40.4
19941201 19941231    22.1
19950101 19950131    19.0
19950201 19950228    22.6
19950301 19950331    14.4
19950401 19950430    39.4
19950501 19950531    28.8
19950601 19950630    32.6
19950701 19950731    61.8
19950801 19950831    12.4
19950901 19950930    11.2
19951001 19951031    61.2
19951101 19951130     7.6
19951201 19951231     9.6
19960101 19960131    10.4
19960201 19960229    11.2
19960301 19960331     6.0
19960401 19960430    19.4
19960501 19960531    15.0
19960601 19960630    59.6
19960701 19960731    74.8
19960801 19960831    65.2
19960901 19960930    62.6
19961001 19961031    20.0
19961101 19961130     5.0
19961201 19961231    15.2
19970101 19970131    27.4
19970201 19970228    14.4
19970301 19970331     6.4
19970401 19970430     4.4
19970501 19970531    41.4
19970601 19970630    17.6
19970701 19970731     9.6
19970801 19970831    48.1
19970901 19970930    54.8
19971001 19971031    76.6
19971101 19971130    51.2
19971201 19971231    26.2
19980101 19980131     9.8
19980201 19980228    13.8
19980301 19980331     5.4
19980401 19980430    74.0
19980501 19980531    21.6
19980601 19980630    48.2
19980701 19980731    44.4
19980801 19980831    36.8
19980901 19980930    35.4
19981001 19981031    27.8
19981101 19981130    19.6
19981201 19981231    13.2
19990101 19990131    29.0
19990201 19990228     2.4
19990301 19990331    52.2
19990401 19990430     3.4
19990501 19990531    25.2
19990601 19990630    23.2
19990701 19990731    27.9
19990801 19990831    15.9
19990901 19990930    23.4
19991001 19991031    73.0
19991101 19991130    21.7
19991201 19991231    36.7
20000101 20000131     7.3
20000201 20000229    66.1
20000301 20000331    25.7
20000401 20000430    55.6
20000501 20000531    35.0
20000601 20000630    50.6
20000701 20000731    54.2
20000801 20000831    47.0
20000901 20000930    28.4
20001001 20001031    53.4
20001101 20001130     9.3
20001201 20001231     2.1
20010101 20010131     6.3
20010201 20010228     9.7
20010301 20010331     7.4
20010401 20010430    26.7
20010501 20010531    37.6
20010601 20010630    39.5
20010701 20010731    19.0
20010801 20010831    42.7
20010901 20010930    72.2
20011001 20011031    34.6
20011101 20011130    64.3
20011201 20011231     8.0
20020101 20020131    26.2
20020201 20020228     2.4
20020301 20020331    26.6
20020401 20020430    12.3
20020501 20020531    42.3
20020601 20020630    15.4
20020701 20020731    34.2
20020801 20020831    29.1
20020901 20020930    27.0
20021001 20021031    15.2
20021101 20021130    32.1
20021201 20021231     6.8
20030101 20030131     4.4
20030201 20030228    45.4
20030301 20030331     6.7
20030401 20030430    14.0
20030501 20030531    56.6
20030601 20030630    52.0
20030701 20030731    26.0
20030801 20030831    71.5
20030901 20030930    29.2
20031001 20031031    56.0
20031101 20031130    15.4
20031201 20031231    25.9
20040101 20040131     7.5
20040201 20040229     5.8
20040301 20040331     6.1
20040401 20040430     5.0
20040501 20040531    21.5
20040601 20040630    54.3
20040701 20040731    45.0
20040801 20040831    47.1
20040901 20040930    30.8
20041001 20041031     7.2
20041101 20041130    33.4
20041201 20041231   111.7
20050101 20050131    23.4
20050201 20050228    40.4
20050301 20050331     8.6
20050401 20050430     4.2
20050501 20050531     5.4
20050601 20050630   158.3
20050701 20050731    27.2
20050801 20050831    36.1
20050901 20050930    53.7
20051001 20051031    76.6
20051101 20051130    40.9
20051201 20051231    23.9
20060101 20060131    28.8
20060201 20060228    14.7
20060301 20060331    36.4
20060401 20060430    32.5
20060501 20060531    21.6
20060601 20060630    14.3
20060701 20060731    29.7
20060801 20060831     5.3
20060901 20060930    22.3
20061001 20061031     0.4
20061101 20061130    15.0
20061201 20061231    20.2
20070101 20070131    32.5
20070201 20070228     1.2
20070301 20070331    19.2
20070401 20070430    86.3
20070501 20070531    21.3
20070601 20070630    31.9
20070701 20070731    30.1
20070801 20070831     7.1
20070901 20070930    27.5
20071001 20071031    17.3
20071101 20071130    27.5
20071201 20071231    26.6
20080101 20080131     5.0
20080201 20080229     2.3
20080301 20080331     4.5
20080401 20080430    14.6
20080501 20080531    41.0
20080601 20080630    29.5
20080701 20080731    31.1
20080801 20080831    62.9
20080901 20080930    21.4
20081001 20081031     4.5
20081101 20081130    15.5
20081201 20081231    39.2
20090101 20090131     0.5
20090201 20090228     0.4
20090301 20090331     7.9
20090401 20090430    35.8
20090501 20090531    29.7
20090601 20090630    36.4
20090701 20090731    54.8
20090801 20090831    33.7
20090901 20090930    60.6
20091001 20091031    21.8
20091101 20091130    48.7
20091201 20091231    15.5
20100101 20100131    15.0
20100201 20100228    11.7
20100301 20100331    14.1
20100401 20100430    39.2
20100501 20100531    46.8
20100601 20100630    33.8
20100701 20100731    31.6
20100801 20100831    54.7
20100901 20100930    87.8
20101001 20101031    59.4
20101101 20101130    44.0
20101201 20101231    74.4
20110101 20110131    14.4
20110201 20110228    43.8
20110301 20110331    90.6
20110401 20110430    16.9
20110501 20110531    25.9
20110601 20110630    29.9
20110701 20110731    30.1
20110801 20110831    37.1
20110901 20110930    36.1
20111001 20111031    36.5
20111101 20111130    13.2
20111201 20111231    59.2
20120101 20120131    12.8
20120201 20120229    21.4
20120301 20120331    47.0
20120401 20120430    24.7
20120501 20120531    88.4
20120601 20120630    66.5
20120701 20120731    63.2
20120801 20120831    39.3
20120901 20120930    18.1
20121001 20121031    23.0
20121101 20121130     7.5
20121201 20121231    16.5
20130101 20130131    12.8
20130201 20130228    18.2
20130301 20130331     3.6
20130401 20130430    23.0
20130501 20130531    32.6
20130601 20130630    91.8
20130701 20130731    64.5
20130801 20130831    26.6
20130901 20130930    28.4
20131001 20131031    14.4
20131101 20131130    11.0
20131201 20131231    19.2
20140101 20140131     9.0
20140201 20140228    81.2
20140301 20140331    16.2
20140401 20140430    36.6
20140501 20140531    36.1
20140601 20140630    56.6
20140701 20140731    43.6
20140801 20140831    11.2
20140901 20140930    20.4
20141001 20141031     6.4
20141101 20141130    20.2
20141201 20141231     6.6
20150101 20150131    53.4
20150201 20150228     4.4
20150301 20150331    16.1
20150401 20150430    73.0
20150501 20150531    40.2
20150601 20150630     8.8
20150701 20150731    41.4
20150801 20150831    33.0
20150901 20150930    22.5
20151001 20151031     5.0
20151101 20151130    26.8
20151201 20151231     7.4
20160101 20160131    12.8
20160201 20160229    19.8
20160301 20160331    35.5
20160401 20160430     6.6
20160501 20160531    31.6
20160601 20160630    37.7
20160701 20160731    78.0
20160801 20160831    20.7
20160901 20160930   107.7
20161001 20161031    27.6
20161101 20161130    19.2
20161201 20161231    55.3
20170101 20170131    18.2
20170201 20170228    28.9
20170301 20170331    21.5
20170401 20170430    39.0
20170501 20170531    22.0
20170601 20170630    11.6
20170701 20170731    31.0
20170801 20170831    59.2
20170901 20170930    19.0
20171001 20171031    16.0
20171101 20171130    43.8
20171201 20171231    49.4
20180101 20180131     9.4
