PRCP       035010 19310101 20101031 missing_value=99999.9 BLAIR ATHOL                               
19310101 19310131    33.0
19310201 19310228     7.6
19310301 19310331    17.1
19310401 19310430    10.2
19310501 19310531     8.9
19310601 19310630     0.0
19310701 19310731     2.3
19310801 19310831     0.0
19310901 19310930    45.8
19311001 19311031    24.9
19311101 19311130    60.0
19311201 19311231   106.8
19320101 19320131    66.1
19320201 19320229     0.8
19320301 19320331    37.6
19320401 19320430    16.5
19320501 19320531    23.9
19320601 19320630     3.3
19320701 19320731     0.0
19320801 19320831     0.0
19320901 19320930     0.0
19321001 19321031     7.6
19321101 19321130     0.0
19321201 19321231     0.0
19330101 19330131   304.8
19330201 19330228   144.7
19330301 19330331     0.0
19330401 19330430    26.6
19330501 19330531     6.9
19330601 19330630    71.9
19330701 19330731   187.1
19330801 19330831     6.6
19330901 19330930    14.6
19331001 19331031    41.2
19331101 19331130   179.5
19331201 19331231    84.8
19340101 19340131   116.6
19340201 19340228    67.9
19340301 19340331     1.6
19340401 19340430    15.9
19340501 19340531    45.0
19340601 19340630    27.9
19340701 19340731     7.4
19340801 19340831     0.0
19340901 19340930     5.3
19341001 19341031    55.2
19341101 19341130    53.6
19341201 19341231    17.8
19350101 19350131    39.3
19350201 19350228    36.3
19350301 19350331    18.0
19350401 19350430     0.0
19350501 19350531     0.0
19350601 19350630    26.4
19350701 19350731    85.6
19350801 19350831     2.0
19350901 19350930    15.0
19351001 19351031    28.8
19351101 19351130    32.0
19351201 19351231    13.7
19360101 19360131   114.2
19360201 19360229   109.5
19360301 19360331   153.8
19360401 19360430     0.0
19360501 19360531     2.8
19360601 19360630    65.4
19360701 19360731    16.8
19360801 19360831     0.0
19360901 19360930    11.1
19361001 19361031     1.3
19361101 19361130     0.0
19361201 19361231   107.9
19370101 19370131    95.7
19370201 19370228   182.1
19370301 19370331    77.7
19370401 19370430     8.2
19370501 19370531     0.0
19370601 19370630    46.2
19370701 19370731    19.8
19370801 19370831     0.0
19370901 19370930     0.0
19371001 19371031    10.0
19371101 19371130    37.3
19371201 19371231     7.3
19380101 19380131    51.8
19380201 19380228   107.5
19380301 19380331    29.7
19380401 19380430     8.9
19380501 19380531    65.0
19380601 19380630    39.1
19380701 19380731    63.6
19380801 19380831    22.8
19380901 19380930     0.0
19381001 19381031    48.6
19381101 19381130   106.2
19381201 19381231     3.6
19390101 19390131   156.2
19390201 19390228     2.8
19390301 19390331    99.3
19390401 19390430    39.9
19390501 19390531     8.6
19390601 19390630    29.7
19390701 19390731    29.7
19390801 19390831    30.0
19390901 19390930     0.0
19391001 19391031    16.3
19391101 19391130    48.8
19391201 19391231   118.8
19400101 19400131    29.8
19400201 19400229   265.2
19400301 19400331   127.9
19400401 19400430    47.5
19400501 19400531     0.5
19400601 19400630     2.8
19400701 19400731     0.0
19400801 19400831    64.3
19400901 19400930    32.1
19401001 19401031     0.0
19401101 19401130    48.6
19401201 19401231    96.5
19410101 19410131   136.5
19410201 19410228    42.6
19410301 19410331   314.5
19410401 19410430   114.3
19410501 19410531    39.1
19410601 19410630    66.1
19410701 19410731     9.1
19410801 19410831     0.0
19410901 19410930     0.0
19411001 19411031     9.1
19411101 19411130    46.3
19411201 19411231    63.3
19420101 19420131    18.5
19420201 19420228    80.1
19420301 19420331    21.4
19420401 19420430    60.7
19420501 19420531    17.0
19420601 19420630    39.1
19420701 19420731    62.6
19420801 19420831     3.3
19420901 19420930     8.9
19421001 19421031    37.3
19421101 19421130   148.9
19421201 19421231   222.0
19430101 19430131    39.6
19430201 19430228   118.8
19430301 19430331    15.7
19430401 19430430     7.6
19430501 19430531    23.9
19430601 19430630    34.6
19430701 19430731     0.0
19430801 19430831     2.8
19430901 19430930    71.5
19431001 19431031    72.4
19431101 19431130    47.3
19431201 19431231    68.8
19440101 19440131    48.7
19440201 19440229   255.8
19440301 19440331    50.0
19440401 19440430    11.9
19440501 19440531    52.1
19440601 19440630    12.2
19440701 19440731    25.4
19440801 19440831    19.3
19440901 19440930     1.0
19441001 19441031     0.0
19441101 19441130    14.2
19441201 19441231    81.0
19450101 19450131    52.8
19450201 19450228    40.4
19450301 19450331    22.4
19450401 19450430     6.6
19450501 19450531    42.5
19450601 19450630    88.9
19450701 19450731    68.6
19450801 19450831     0.0
19450901 19450930     5.6
19451001 19451031    71.7
19451101 19451130     7.2
19451201 19451231    12.6
19460101 19460131   103.4
19460201 19460228    29.9
19460301 19460331   125.6
19460401 19460430     0.0
19460501 19460531     4.8
19460601 19460630     0.0
19460701 19460731     0.0
19460801 19460831     0.8
19460901 19460930     3.3
19461001 19461031     0.0
19461101 19461130    86.8
19461201 19461231    58.7
19470101 19470131    30.0
19470201 19470228   143.7
19470301 19470331    74.5
19470401 19470430     0.0
19470501 19470531    18.8
19470601 19470630     0.0
19470701 19470731     0.0
19470801 19470831    29.8
19470901 19470930    64.5
19471001 19471031    25.1
19471101 19471130    41.1
19471201 19471231    33.0
19480101 19480131    27.2
19480201 19480229    72.4
19480301 19480331    22.0
19480401 19480430     2.3
19480501 19480531     6.4
19480601 19480630    11.0
19480701 19480731    43.7
19480801 19480831     0.0
19480901 19480930    11.9
19481001 19481031     4.8
19481101 19481130    36.1
19481201 19481231    29.2
19490101 19490131    44.8
19490201 19490228   155.5
19490301 19490331   142.7
19490401 19490430     0.0
19490501 19490531     1.8
19490601 19490630    11.2
19490701 19490731     0.5
19490801 19490831     0.0
19490901 19490930     0.8
19491001 19491031   172.2
19491101 19491130    31.8
19491201 19491231    22.1
19500101 19500131   141.3
19500201 19500228   297.9
19500301 19500331   174.2
19500401 19500430    77.9
19500501 19500531    38.9
19500601 19500630    50.0
19500701 19500731   240.1
19500801 19500831     2.5
19500901 19500930     1.8
19501001 19501031   126.5
19501101 19501130   209.9
19501201 19501231     5.6
19510101 19510131   300.6
19510201 19510228     2.1
19510301 19510331     0.8
19510401 19510430     0.0
19510501 19510531     0.3
19510601 19510630    18.3
19510701 19510731     0.0
19510801 19510831     7.6
19510901 19510930    11.9
19511001 19511031    27.4
19511101 19511130     0.0
19511201 19511231    39.8
19520101 19520131    19.5
19520201 19520229    50.7
19520301 19520331    17.5
19520401 19520430    42.5
19520501 19520531    45.4
19520601 19520630    68.6
19520701 19520731     3.8
19520801 19520831     6.4
19520901 19520930    22.8
19521001 19521031    69.3
19521101 19521130     9.2
19521201 19521231     6.3
19530101 19530131   258.4
19530201 19530228    63.3
19530301 19530331    18.3
19530401 19530430     1.0
19530501 19530531     0.0
19530601 19530630     0.0
19530701 19530731     0.0
19530801 19530831    31.8
19530901 19530930     0.0
19531001 19531031    43.8
19531101 19531130    17.3
19531201 19531231    14.3
19540101 19540131    84.2
19540201 19540228   403.6
19540301 19540331    73.2
19540401 19540430    98.1
19540501 19540531     0.0
19540601 19540630    13.2
19540701 19540731    58.7
19540801 19540831    19.6
19540901 19540930    24.9
19541001 19541031   107.9
19541101 19541130    20.0
19541201 19541231    65.7
19550101 19550131   149.1
19550201 19550228   331.7
19550301 19550331   277.7
19550401 19550430    41.4
19550501 19550531   155.7
19550601 19550630    19.9
19550701 19550731    23.4
19550801 19550831    13.2
19550901 19550930     0.0
19551001 19551031    36.6
19551101 19551130    16.5
19551201 19551231    27.4
19560101 19560131   105.9
19560201 19560229   316.5
19560301 19560331   156.4
19560401 19560430    26.9
19560501 19560531    70.7
19560601 19560630    58.7
19560701 19560731    55.7
19560801 19560831    11.4
19560901 19560930    35.3
19561001 19561031    38.6
19561101 19561130    50.6
19561201 19561231   238.1
19570101 19570131   196.5
19570201 19570228    62.5
19570301 19570331    74.4
19570401 19570430     0.0
19570501 19570531     6.1
19570601 19570630    22.3
19570701 19570731    61.0
19570801 19570831    64.1
19570901 19570930     0.8
19571001 19571031    15.5
19571101 19571130    22.1
19571201 19571231    30.3
19580101 19580131   269.3
19580201 19580228   263.0
19580301 19580331    94.7
19580401 19580430   159.9
19580501 19580531    18.8
19580601 19580630    50.7
19580701 19580731     1.0
19580801 19580831     0.0
19580901 19580930     2.3
19581001 19581031     6.3
19581101 19581130    28.5
19581201 19581231   165.6
19590101 19590131   156.8
19590201 19590228   145.2
19590301 19590331    50.0
19590401 19590430    24.1
19590501 19590531    68.5
19590601 19590630     2.0
19590701 19590731    29.2
19590801 19590831     2.1
19590901 19590930     1.8
19591001 19591031    59.9
19591101 19591130    13.2
19591201 19591231   111.7
19600101 19600131    72.2
19600201 19600229   159.7
19600301 19600331    29.3
19600401 19600430     1.5
19600501 19600531    36.1
19600601 19600630     4.1
19600701 19600731    14.3
19600801 19600831     5.1
19600901 19600930    20.0
19601001 19601031    24.9
19601101 19601130    77.8
19601201 19601231   117.0
19610101 19610131    86.2
19610201 19610228   158.5
19610301 19610331    42.9
19610401 19610430     0.8
19610501 19610531    16.3
19610601 19610630    14.0
19610701 19610731     6.4
19610801 19610831     2.3
19610901 19610930     2.5
19611001 19611031    15.5
19611101 19611130   221.8
19611201 19611231    25.0
19620101 19620131    37.6
19620201 19620228    70.3
19620301 19620331   147.9
19620401 19620430    41.4
19620501 19620531    50.6
19620601 19620630    24.4
19620701 19620731     1.8
19620801 19620831     0.0
19620901 19620930    25.7
19621001 19621031     5.5
19621101 19621130    10.2
19621201 19621231    65.3
19630101 19630131   198.1
19630201 19630228   101.9
19630301 19630331   168.8
19630401 19630430    95.2
19630501 19630531     0.0
19630601 19630630     0.0
19630701 19630731     1.0
19630801 19630831    73.4
19630901 19630930     0.0
19631001 19631031     6.4
19631101 19631130    65.8
19631201 19631231    38.6
19640101 19640131    35.3
19640201 19640229    53.4
19640301 19640331    21.9
19640401 19640430     3.0
19640501 19640531    33.0
19640601 19640630    14.2
19640701 19640731    54.1
19640801 19640831     3.0
19640901 19640930    18.3
19641001 19641031    59.4
19641101 19641130    34.0
19641201 19641231   116.9
19650101 19650131     5.8
19650201 19650228    34.0
19650301 19650331    93.2
19650401 19650430   112.1
19650501 19650531     1.0
19650601 19650630     3.0
19650701 19650731     3.0
19650801 19650831     9.4
19650901 19650930     1.8
19651001 19651031     0.0
19651101 19651130     0.8
19651201 19651231   214.4
19660101 19660131   141.6
19660201 19660228    27.7
19660301 19660331    46.5
19660401 19660430     0.0
19660501 19660531    17.6
19660601 19660630    27.9
19660701 19660731     1.8
19660801 19660831   121.2
19660901 19660930    29.5
19661001 19661031     7.6
19661101 19661130    80.6
19661201 19661231     8.1
19670101 19670131    44.4
19670201 19670228    71.9
19670301 19670331    16.8
19670401 19670430     7.7
19670501 19670531     2.4
19670601 19670630   154.3
19670701 19670731    19.6
19670801 19670831    22.4
19670901 19670930     0.0
19671001 19671031    25.3
19671101 19671130    71.0
19671201 19671231   104.9
19680101 19680131    88.7
19680201 19680229   300.0
19680301 19680331    63.2
19680401 19680430    81.5
19680501 19680531    55.9
19680601 19680630     0.0
19680701 19680731    50.2
19680801 19680831     2.0
19680901 19680930    23.9
19681001 19681031    19.9
19681101 19681130     1.3
19681201 19681231    43.7
19690101 19690131    48.3
19690201 19690228     5.8
19690301 19690331     6.9
19690401 19690430     0.0
19690501 19690531    66.6
19690601 19690630     4.0
19690701 19690731     1.5
19690801 19690831     0.3
19690901 19690930     0.0
19691001 19691031    44.9
19691101 19691130    31.0
19691201 19691231   105.3
19700101 19700131    54.8
19700201 19700228   192.4
19700301 19700331    19.6
19700401 19700430     0.0
19700501 19700531     0.0
19700601 19700630     1.5
19700701 19700731     0.0
19700801 19700831    13.0
19700901 19700930    49.8
19701001 19701031    14.0
19701101 19701130   108.3
19701201 19701231    55.7
19710101 19710131   147.3
19710201 19710228   194.5
19710301 19710331    14.0
19710401 19710430    28.0
19710501 19710531     3.8
19710601 19710630    10.2
19710701 19710731    24.9
19710801 19710831    80.0
19710901 19710930     2.8
19711001 19711031    33.3
19711101 19711130    43.0
19711201 19711231    97.0
19720101 19720131    51.1
19720201 19720229   143.8
19720301 19720331    78.0
19720401 19720430     0.0
19720501 19720531    40.9
19720601 19720630     6.1
19720701 19720731     0.8
19720801 19720831     0.5
19720901 19720930     0.8
19721001 19721031    27.0
19721101 19721130    47.8
19721201 19721231    13.5
19730101 19730131   166.6
19730201 19730228   136.1
19730301 19730331   128.6
19730401 19730430     5.4
19730501 19730531     7.4
19730601 19730630    13.0
19730701 19730731    18.2
19730801 19730831    11.4
19730901 19730930    43.7
19731001 19731031    27.1
19731101 19731130   146.2
19731201 19731231   384.7
19740101 19740131   404.4
19740201 19740228    34.4
19740301 19740331    79.4
19740401 19740430    70.8
19740501 19740531    44.4
19740601 19740630     0.0
19740701 19740731     4.6
19740801 19740831    59.8
19740901 19740930    17.0
19741001 19741031    49.0
19741101 19741130    48.4
19741201 19741231   119.8
19750101 19750131   241.6
19750201 19750228   140.6
19750301 19750331   197.6
19750401 19750430    30.8
19750501 19750531     0.0
19750601 19750630    56.2
19750701 19750731    13.0
19750801 19750831     6.6
19750901 19750930     1.5
19751001 19751031   101.4
19751101 19751130    12.0
19751201 19751231   270.4
19760101 19760131   172.0
19760201 19760229   149.2
19760301 19760331    55.4
19760401 19760430    13.0
19760501 19760531    20.6
19760601 19760630    12.2
19760701 19760731     2.4
19760801 19760831     3.8
19760901 19760930     7.8
19761001 19761031    48.8
19761101 19761130   123.8
19761201 19761231   141.6
19770101 19770131    60.6
19770201 19770228   160.8
19770301 19770331   157.4
19770401 19770430     0.0
19770501 19770531   119.5
19770601 19770630     2.6
19770701 19770731    55.8
19770801 19770831     0.0
19770901 19770930     0.0
19771001 19771031     0.0
19771101 19771130    64.6
19771201 19771231    78.8
19780101 19780131    69.9
19780201 19780228   272.4
19780301 19780331     0.0
19780401 19780430    38.4
19780501 19780531    44.6
19780601 19780630    13.7
19780701 19780731   104.2
19780801 19780831    46.0
19780901 19780930    71.0
19781001 19781031    10.4
19781101 19781130    31.2
19781201 19781231   199.8
19790101 19790131    10.4
19790201 19790228   129.8
19790301 19790331   162.0
19790401 19790430     7.8
19790501 19790531     1.0
19790601 19790630    11.2
19790701 19790731     0.0
19790801 19790831     4.2
19790901 19790930     1.0
19791001 19791031    10.6
19791101 19791130    47.9
19791201 19791231    59.4
19800101 19800131   105.9
19800201 19800229    85.4
19800301 19800331    34.0
19800401 19800430     4.6
19800501 19800531    34.7
19800601 19800630     0.0
19800701 19800731    10.8
19800801 19800831    10.0
19800901 19800930     0.0
19801001 19801031     3.2
19801101 19801130     1.8
19801201 19801231   103.4
19810101 19810131   149.4
19810201 19810228   258.6
19810301 19810331     3.6
19810401 19810430    38.6
19810501 19810531    99.2
19810601 19810630    26.0
19810701 19810731    49.0
19810801 19810831    23.4
19810901 19810930     0.0
19811001 19811031     5.6
19811101 19811130    98.6
19811201 19811231    37.6
19820101 19820131   141.4
19820201 19820228    36.6
19820301 19820331    89.2
19820401 19820430     0.0
19820501 19820531     3.0
19820601 19820630     0.0
19820701 19820731    13.2
19820801 19820831     0.0
19820901 19820930     0.0
19821001 19821031     3.0
19821101 19821130     4.8
19821201 19821231    16.9
19830101 19830131   246.8
19830201 19830228    36.0
19830301 19830331    85.5
19830401 19830430   270.0
19830501 19830531   241.8
19830601 19830630    36.2
19830701 19830731     0.0
19830801 19830831     5.0
19830901 19830930     0.0
19831001 19831031    11.0
19831101 19831130   150.2
19831201 19831231    36.0
19840101 19840131    89.4
19840201 19840229    29.0
19840301 19840331    40.8
19840401 19840430     3.0
19840501 19840531     0.0
19840601 19840630     2.6
19840701 19840731   119.7
19840801 19840831     9.0
19840901 19840930    58.8
19841001 19841031    48.0
19841101 19841130    57.0
19841201 19841231   137.8
19850101 19850131    34.4
19850201 19850228    53.2
19850301 19850331    74.6
19850401 19850430    38.3
19850501 19850531    93.4
19850601 19850630    84.8
19850701 19850731    38.7
19850801 19850831     7.0
19850901 19850930     5.8
19851001 19851031    85.6
19851101 19851130    40.6
19851201 19851231    88.2
19860101 19860131    29.2
19860201 19860228    57.3
19860301 19860331     5.0
19860401 19860430    43.0
19860501 19860531    41.4
19860601 19860630    42.8
19860701 19860731    23.4
19860801 19860831    38.0
19860901 19860930    32.5
19861001 19861031   140.2
19861101 19861130    20.9
19861201 19861231    23.8
19870101 19870131   124.6
19870201 19870228    30.2
19870301 19870331    38.0
19870401 19870430    49.0
19870501 19870531     9.5
19870601 19870630    61.6
19870701 19870731    41.9
19870801 19870831    32.1
19870901 19870930    10.4
19871001 19871031    97.8
19871101 19871130    82.4
19871201 19871231   105.4
19880101 19880131    29.6
19880201 19880229    59.2
19880301 19880331   139.8
19880401 19880430    93.0
19880501 19880531    41.6
19880601 19880630    34.4
19880701 19880731    50.6
19880801 19880831    89.0
19880901 19880930     0.0
19881001 19881031    14.0
19881101 19881130    33.0
19881201 19881231   126.4
19890101 19890131    58.8
19890201 19890228   169.8
19890301 19890331    41.2
19890401 19890430   152.0
19890501 19890531   144.2
19890601 19890630    17.2
19890701 19890731    64.0
19890801 19890831     1.8
19890901 19890930     0.0
19891001 19891031    40.4
19891101 19891130   104.0
19891201 19891231    27.5
19900101 19900131    17.6
19900201 19900228     0.4
19900301 19900331   308.4
19900401 19900430    70.6
19900501 19900531   116.4
19900601 19900630    54.2
19900701 19900731     0.0
19900801 19900831     0.0
19900901 19900930     0.2
19901001 19901031    33.4
19901101 19901130    15.2
19901201 19901231   192.3
19910101 19910131   128.6
19910201 19910228   231.6
19910301 19910331    34.6
19910401 19910430    19.5
19910501 19910531    38.1
19910601 19910630     0.2
19910701 19910731    37.8
19910801 19910831     0.0
19910901 19910930     1.4
19911001 19911031     2.4
19911101 19911130    80.8
19911201 19911231   184.8
19920101 19920131    32.4
19920201 19920229    99.9
19920301 19920331     2.4
19920401 19920430    15.8
19920501 19920531    60.7
19920601 19920630     5.8
19920701 19920731     0.2
19920801 19920831    17.6
19920901 19920930    16.4
19921001 19921031     6.7
19921101 19921130    30.3
19921201 19921231    90.4
19930101 19930131    88.2
19930201 19930228    59.4
19930301 19930331    31.4
19930401 19930430     0.0
19930501 19930531     0.0
19930601 19930630     7.0
19930701 19930731    44.6
19930801 19930831    58.4
19930901 19930930    21.0
19931001 19931031     9.2
19931101 19931130   101.8
19931201 19931231    28.6
19940101 19940131     2.8
19940201 19940228    31.2
19940301 19940331   140.8
19940401 19940430     2.2
19940501 19940531     4.8
19940601 19940630    11.8
19940701 19940731     8.3
19940801 19940831     0.6
19940901 19940930     0.0
19941001 19941031    55.8
19941101 19941130     7.8
19941201 19941231    39.6
19950101 19950131    76.6
19950201 19950228   174.2
19950301 19950331     3.8
19950401 19950430    15.2
19950501 19950531    40.8
19950601 19950630     1.0
19950701 19950731     0.0
19950801 19950831    54.6
19950901 19950930    11.8
19951001 19951031    71.8
19951101 19951130    77.2
19951201 19951231    26.6
19960101 19960131   248.8
19960201 19960229     4.6
19960301 19960331     3.0
19960401 19960430    46.0
19960501 19960531     9.0
19960601 19960630    25.0
19960701 19960731     7.8
19960801 19960831    37.6
19960901 19960930     7.0
19961001 19961031    66.6
19961101 19961130    25.4
19961201 19961231    54.8
19970101 19970131    29.2
19970201 19970228   259.4
19970301 19970331    35.2
19970401 19970430     6.2
19970501 19970531    32.8
19970601 19970630    37.6
19970701 19970731     2.4
19970801 19970831    33.6
19970901 19970930    22.4
19971001 19971031    12.4
19971101 19971130    59.6
19971201 19971231   371.6
19980101 19980131    55.8
19980201 19980228    27.0
19980301 19980331     3.8
19980401 19980430   128.4
19980501 19980531    32.4
19980601 19980630    48.0
19980701 19980731     4.6
19980801 19980831   185.6
19980901 19980930    18.0
19981001 19981031    81.0
19981101 19981130   123.8
19981201 19981231   133.2
19990101 19990131   258.6
19990201 19990228    92.8
19990301 19990331    75.5
19990401 19990430    23.6
19990501 19990531     3.4
19990601 19990630     3.4
19990701 19990731    17.8
19990801 19990831     1.2
19990901 19990930     0.0
19991001 19991031    12.4
19991101 19991130   113.6
19991201 19991231    24.2
20000101 20000131   108.6
20000201 20000229   172.0
20000301 20000331     3.6
20000401 20000430   162.6
20000501 20000531    18.8
20000601 20000630    51.0
20000701 20000731     3.0
20000801 20000831    19.0
20000901 20000930     0.0
20001001 20001031   102.6
20001101 20001130   128.8
20001201 20001231   193.4
20010101 20010131    26.2
20010201 20010228    46.6
20010301 20010331   162.6
20010401 20010430     9.6
20010501 20010531     9.6
20010601 20010630     3.8
20010701 20010731    22.4
20010801 20010831     0.0
20010901 20010930     8.2
20011001 20011031    20.2
20011101 20011130    43.9
20011201 20011231    22.8
20020101 20020131    92.6
20020201 20020228    58.6
20020301 20020331     0.0
20020401 20020430     0.0
20020501 20020531    31.3
20020601 20020630    17.4
20020701 20020731     0.0
20020801 20020831    16.8
20020901 20020930     0.0
20021001 20021031     0.0
20021101 20021130     5.0
20021201 20021231    13.8
20030101 20030131     2.5
20030201 20030228   287.1
20030301 20030331     6.7
20030401 20030430     5.0
20030501 20030531    12.0
20030601 20030630    23.0
20030701 20030731     0.0
20030801 20030831    54.4
20030901 20030930     0.0
20031001 20031031    24.4
20031101 20031130     1.8
20031201 20031231    85.0
20040101 20040131   163.4
20040201 20040229   112.8
20040301 20040331     0.0
20040401 20040430     9.1
20040501 20040531     0.0
20040601 20040630     0.0
20040701 20040731     0.0
20040801 20040831     0.0
20040901 20040930     4.0
20041001 20041031    16.2
20041101 20041130    48.0
20041201 20041231   143.0
20050101 20050131    84.2
20050201 20050228    40.0
20050301 20050331     0.0
20050401 20050430     0.0
20050501 20050531    48.2
20050601 20050630    21.9
20050701 20050731    10.0
20050801 20050831    25.2
20050901 20050930     4.2
20051001 20051031   197.4
20051101 20051130    41.0
20051201 20051231    38.4
20060101 20060131    18.6
20060201 20060228    48.0
20060301 20060331   192.4
20060401 20060430    76.4
20060501 20060531    12.3
20060601 20060630    42.4
20060701 20060731    28.0
20060801 20060831     0.0
20060901 20060930     8.5
20061001 20061031     0.0
20061101 20061130    15.4
20061201 20061231    64.6
20070101 20070131   105.8
20070201 20070228   134.2
20070301 20070331     8.0
20070401 20070430     0.0
20070501 20070531     0.0
20070601 20070630   136.5
20070701 20070731     0.0
20070801 20070831    11.0
20070901 20070930    24.4
20071001 20071031    59.4
20071101 20071130   124.4
20071201 20071231    84.2
20080101 20080131   249.4
20080201 20080229   255.8
20080301 20080331     9.4
20080401 20080430     0.0
20080501 20080531     5.8
20080601 20080630    10.6
20080701 20080731    33.0
20080801 20080831     0.0
20080901 20080930    15.8
20081001 20081031    39.0
20081101 20081130    85.8
20081201 20081231    12.6
20090101 20090131   186.2
20090201 20090228   111.0
20090301 20090331     0.0
20090401 20090430    35.0
20090501 20090531     2.8
20090601 20090630     4.0
20090701 20090731     0.0
20090801 20090831     0.0
20090901 20090930     0.0
20091001 20091031    19.0
20091101 20091130    21.6
20091201 20091231    26.2
20100101 20100131   169.4
20100201 20100228   210.4
20100301 20100331    68.0
20100401 20100430     6.8
20100501 20100531    23.4
20100601 20100630    10.2
20100701 20100731    10.8
20100801 20100831    39.6
20100901 20100930   153.8
20101001 20101031    16.6
