PRCP       007007 18910101 20161130 missing_value=99999.9 BOOLARDY                                  
18910101 18910131     0.0
18910201 18910228     0.0
18910301 18910331     0.0
18910401 18910430     0.0
18910501 18910531     0.0
18910601 18910630    28.4
18910701 18910731     2.3
18910801 18910831     0.0
18910901 18910930     0.0
18911001 18911031     0.0
18911101 18911130     0.0
18911201 18911231     0.0
18920101 18920131     7.9
18920201 18920229     7.1
18920301 18920331   161.5
18920401 18920430     5.3
18920501 18920531    31.5
18920601 18920630     8.9
18920701 18920731    89.4
18920801 18920831    35.1
18920901 18920930     0.0
18921001 18921031     0.0
18921101 18921130     3.8
18921201 18921231     1.3
18930101 18930131    28.4
18930201 18930228    39.6
18930301 18930331    22.6
18930401 18930430    66.0
18930501 18930531    23.1
18930601 18930630   100.6
18930701 18930731    49.8
18930801 18930831    19.1
18930901 18930930     0.0
18931001 18931031     0.0
18931101 18931130     0.0
18931201 18931231    19.8
18940101 18940131     0.0
18940201 18940228    26.4
18940301 18940331    11.9
18940401 18940430     0.0
18940501 18940531     3.6
18940601 18940630     6.9
18940701 18940731    17.5
18940801 18940831     0.0
18940901 18940930     0.0
18941001 18941031     0.0
18941101 18941130     0.0
18941201 18941231     0.0
18950101 18950131     0.0
18950201 18950228    13.5
18950301 18950331     0.0
18950401 18950430     7.6
18950501 18950531     0.0
18950601 18950630   111.3
18950701 18950731     0.0
18950801 18950831    10.4
18950901 18950930     6.4
18951001 18951031     0.0
18951101 18951130     0.0
18951201 18951231     0.0
18960101 18960131    18.0
18960201 18960229     0.0
18960301 18960331    39.6
18960401 18960430     0.0
18960501 18960531     0.0
18960601 18960630    18.3
18960701 18960731     9.4
18960801 18960831     0.0
18960901 18960930     0.0
18961001 18961031     0.0
18961101 18961130     0.0
18961201 18961231     0.0
18970101 18970131     0.0
18970201 18970228    21.3
18970301 18970331     0.0
18970401 18970430     0.0
18970501 18970531     5.1
18970601 18970630   108.7
18970701 18970731    23.9
18970801 18970831     0.0
18970901 18970930     0.0
18971001 18971031     0.0
18971101 18971130     0.0
18971201 18971231    27.9
18980101 18980131     6.4
18980201 18980228    96.5
18980301 18980331     0.0
18980401 18980430     0.0
18980501 18980531     0.0
18980601 18980630    56.4
18980701 18980731    20.1
18980801 18980831    12.7
18980901 18980930     0.0
18981001 18981031     0.0
18981101 18981130     0.0
18981201 18981231     0.0
18990101 18990131     0.0
18990201 18990228    18.3
18990301 18990331     0.0
18990401 18990430     3.8
18990501 18990531     0.0
18990601 18990630    90.9
18990701 18990731     3.0
18990801 18990831     0.0
18990901 18990930     0.0
18991001 18991031     0.0
18991101 18991130     0.0
18991201 18991231     0.0
19000101 19000131     0.0
19000201 19000228     0.0
19000301 19000331    61.0
19000401 19000430   141.7
19000501 19000531   116.1
19000601 19000630    66.3
19000701 19000731    21.8
19000801 19000831     6.9
19000901 19000930     0.0
19001001 19001031     0.0
19001101 19001130     0.0
19001201 19001231     0.0
19010101 19010131     0.0
19010201 19010228     0.0
19010301 19010331    49.0
19010401 19010430     0.0
19010501 19010531     0.0
19010601 19010630    13.0
19010701 19010731    14.2
19010801 19010831     0.0
19010901 19010930     0.0
19011001 19011031     0.0
19011101 19011130     0.0
19011201 19011231     0.0
19020101 19020131   153.2
19020201 19020228    25.4
19020301 19020331     0.0
19020401 19020430     0.0
19020501 19020531     0.0
19020601 19020630     0.0
19020701 19020731    22.4
19020801 19020831     0.0
19020901 19020930     0.0
19021001 19021031     0.0
19021101 19021130     0.0
19021201 19021231     0.0
19030101 19030131     0.0
19030201 19030228     0.0
19030301 19030331     0.0
19030401 19030430    11.4
19030501 19030531     9.1
19030601 19030630    51.6
19030701 19030731    30.7
19030801 19030831    24.1
19030901 19030930    15.5
19031001 19031031     0.0
19031101 19031130     0.0
19031201 19031231     0.0
19040101 19040131     0.0
19040201 19040229     0.0
19040301 19040331     0.0
19040401 19040430     3.3
19040501 19040531    48.5
19040601 19040630    18.5
19040701 19040731   155.2
19040801 19040831     9.9
19040901 19040930    43.4
19041001 19041031     0.0
19041101 19041130     5.1
19041201 19041231    21.3
19050101 19050131     0.0
19050201 19050228     0.0
19050301 19050331     6.4
19050401 19050430     0.0
19050501 19050531    79.2
19050601 19050630    10.7
19050701 19050731    11.7
19050801 19050831     0.0
19050901 19050930     7.1
19051001 19051031     0.0
19051101 19051130     0.0
19051201 19051231    13.7
19060101 19060131     0.0
19060201 19060228     0.0
19060301 19060331     0.0
19060401 19060430     0.0
19060501 19060531     1.0
19060601 19060630     6.9
19060701 19060731    32.0
19060801 19060831   114.8
19060901 19060930     3.8
19061001 19061031     0.0
19061101 19061130    19.3
19061201 19061231     0.0
19070101 19070131    19.3
19070201 19070228    51.5
19070301 19070331    58.4
19070401 19070430     7.1
19070501 19070531     8.1
19070601 19070630    51.9
19070701 19070731    27.6
19070801 19070831    15.2
19070901 19070930     5.8
19071001 19071031     0.0
19071101 19071130     0.0
19071201 19071231     0.0
19080101 19080131     0.0
19080201 19080229    32.3
19080301 19080331     4.6
19080401 19080430    21.3
19080501 19080531    86.0
19080601 19080630    52.1
19080701 19080731    11.2
19080801 19080831    10.7
19080901 19080930     0.0
19081001 19081031     0.0
19081101 19081130     0.0
19081201 19081231     8.6
19090101 19090131    51.9
19090201 19090228    21.1
19090301 19090331     0.0
19090401 19090430    20.3
19090501 19090531    13.3
19090601 19090630    66.0
19090701 19090731    21.8
19090801 19090831    55.0
19090901 19090930     0.0
19091001 19091031     0.0
19091101 19091130     0.0
19091201 19091231     0.0
19100101 19100131     0.0
19100201 19100228    19.1
19100301 19100331     0.0
19100401 19100430     0.0
19100501 19100531    44.6
19100601 19100630    91.6
19100701 19100731    41.0
19100801 19100831     0.0
19100901 19100930     0.0
19101001 19101031    17.3
19101101 19101130     5.6
19101201 19101231    28.9
19110101 19110131     8.4
19110201 19110228     0.0
19110301 19110331     1.3
19110401 19110430     0.0
19110501 19110531     7.3
19110601 19110630    15.3
19110701 19110731    10.4
19110801 19110831    22.2
19110901 19110930     1.0
19111001 19111031     0.0
19111101 19111130     0.8
19111201 19111231     0.0
19120101 19120131    49.3
19120201 19120229     7.6
19120301 19120331     0.5
19120401 19120430     2.0
19120501 19120531    22.9
19120601 19120630     0.3
19120701 19120731    27.1
19120801 19120831     0.3
19120901 19120930     1.8
19121001 19121031    12.2
19121101 19121130     0.3
19121201 19121231     4.9
19130101 19130131    28.7
19130201 19130228     0.0
19130301 19130331     3.6
19130401 19130430    22.4
19130501 19130531     0.0
19130601 19130630    32.3
19130701 19130731    51.6
19130801 19130831    44.6
19130901 19130930     7.1
19131001 19131031     0.3
19131101 19131130     0.0
19131201 19131231     0.0
19140101 19140131     2.1
19140201 19140228    25.9
19140301 19140331     0.3
19140401 19140430     7.7
19140501 19140531     0.0
19140601 19140630     1.8
19140701 19140731    32.1
19140801 19140831    13.2
19140901 19140930     0.0
19141001 19141031    16.6
19141101 19141130    41.6
19141201 19141231    15.0
19150101 19150131   100.2
19150201 19150228   123.5
19150301 19150331     3.6
19150401 19150430     6.1
19150501 19150531    78.8
19150601 19150630   103.6
19150701 19150731    32.1
19150801 19150831    29.3
19150901 19150930     6.9
19151001 19151031     0.3
19151101 19151130     1.5
19151201 19151231     7.1
19160101 19160131    26.0
19160201 19160229    17.3
19160301 19160331    26.7
19160401 19160430     7.6
19160501 19160531    22.1
19160601 19160630    39.2
19160701 19160731     3.6
19160801 19160831     4.6
19160901 19160930     0.0
19161001 19161031    24.9
19161101 19161130     4.9
19161201 19161231     0.0
19170101 19170131    18.3
19170201 19170228     0.0
19170301 19170331    92.9
19170401 19170430    29.0
19170501 19170531    65.8
19170601 19170630    48.8
19170701 19170731    20.1
19170801 19170831    18.2
19170901 19170930    31.7
19171001 19171031     7.1
19171101 19171130     0.0
19171201 19171231    14.7
19180101 19180131     5.6
19180201 19180228   145.5
19180301 19180331    79.8
19180401 19180430    14.2
19180501 19180531    13.4
19180601 19180630    49.2
19180701 19180731    40.2
19180801 19180831     7.9
19180901 19180930    30.2
19181001 19181031     0.0
19181101 19181130     1.3
19181201 19181231     5.1
19190101 19190131     0.3
19190201 19190228     2.5
19190301 19190331     0.3
19190401 19190430     0.0
19190501 19190531    13.0
19190601 19190630    36.3
19190701 19190731    22.4
19190801 19190831     4.7
19190901 19190930     0.0
19191001 19191031     2.8
19191101 19191130    15.7
19191201 19191231     5.8
19200101 19200131     0.6
19200201 19200229     0.6
19200301 19200331    43.2
19200401 19200430    13.2
19200501 19200531    21.5
19200601 19200630    26.7
19200701 19200731    12.4
19200801 19200831    48.5
19200901 19200930     2.8
19201001 19201031     0.0
19201101 19201130    22.9
19201201 19201231     0.0
19210101 19210131     0.5
19210201 19210228    11.0
19210301 19210331    10.6
19210401 19210430     0.0
19210501 19210531   127.9
19210601 19210630    27.8
19210701 19210731    10.9
19210801 19210831    12.8
19210901 19210930     3.6
19211001 19211031     0.3
19211101 19211130     0.0
19211201 19211231    11.4
19220101 19220131     6.9
19220201 19220228     4.9
19220301 19220331    36.6
19220401 19220430    18.0
19220501 19220531    17.5
19220601 19220630     8.9
19220701 19220731    21.1
19220801 19220831    21.6
19220901 19220930     0.8
19221001 19221031     0.0
19221101 19221130     0.0
19221201 19221231     0.0
19230101 19230131    11.0
19230201 19230228    22.9
19230301 19230331     5.1
19230401 19230430    46.9
19230501 19230531     5.8
19230601 19230630    64.3
19230701 19230731    88.2
19230801 19230831     0.0
19230901 19230930     0.0
19231001 19231031     0.0
19231101 19231130     0.0
19231201 19231231     4.3
19240101 19240131     4.6
19240201 19240229     4.3
19240301 19240331    21.6
19240401 19240430     3.8
19240501 19240531    23.0
19240601 19240630    17.3
19240701 19240731    15.8
19240801 19240831     9.5
19240901 19240930     0.8
19241001 19241031     2.5
19241101 19241130     5.8
19241201 19241231     0.0
19250101 19250131    63.8
19250201 19250228    32.7
19250301 19250331    67.3
19250401 19250430     0.0
19250501 19250531     9.9
19250601 19250630     9.7
19250701 19250731     8.4
19250801 19250831    11.6
19250901 19250930    12.0
19251001 19251031     3.8
19251101 19251130     0.8
19251201 19251231    12.1
19260101 19260131    16.3
19260201 19260228    33.8
19260301 19260331    79.3
19260401 19260430    15.2
19260501 19260531    39.9
19260601 19260630    16.3
19260701 19260731    29.3
19260801 19260831     1.6
19260901 19260930     0.8
19261001 19261031     3.1
19261101 19261130    25.7
19261201 19261231     0.0
19270101 19270131    19.0
19270201 19270228     0.0
19270301 19270331    72.4
19270401 19270430     6.9
19270501 19270531    34.5
19270601 19270630    99.9
19270701 19270731    36.7
19270801 19270831     6.1
19270901 19270930     4.1
19271001 19271031     3.8
19271101 19271130     0.0
19271201 19271231     0.0
19280101 19280131    39.1
19280201 19280229     2.0
19280301 19280331    12.7
19280401 19280430     5.6
19280501 19280531    49.0
19280601 19280630    21.3
19280701 19280731    38.3
19280801 19280831     1.5
19280901 19280930     4.1
19281001 19281031     0.0
19281101 19281130     0.8
19281201 19281231    13.4
19290101 19290131    57.2
19290201 19290228    61.3
19290301 19290331    44.5
19290401 19290430     0.0
19290501 19290531   101.2
19290601 19290630    31.5
19290701 19290731     1.3
19290801 19290831    33.5
19290901 19290930     0.0
19291001 19291031     0.0
19291101 19291130     2.8
19291201 19291231     0.0
19300101 19300131     0.0
19300201 19300228     1.8
19300301 19300331    38.7
19300401 19300430    13.1
19300501 19300531    12.9
19300601 19300630    34.7
19300701 19300731     7.4
19300801 19300831    17.5
19300901 19300930     0.0
19301001 19301031     2.3
19301101 19301130     0.0
19301201 19301231     6.3
19310101 19310131     0.0
19310201 19310228     6.2
19310301 19310331     5.1
19310401 19310430    33.0
19310501 19310531    16.0
19310601 19310630    30.6
19310701 19310731    47.9
19310801 19310831    17.8
19310901 19310930     6.8
19311001 19311031     1.0
19311101 19311130     5.3
19311201 19311231    14.0
19320101 19320131    20.8
19320201 19320229    12.2
19320301 19320331    14.0
19320401 19320430    23.7
19320501 19320531    26.7
19320601 19320630     8.7
19320701 19320731    11.0
19320801 19320831    49.1
19320901 19320930     0.5
19321001 19321031     1.5
19321101 19321130     0.0
19321201 19321231    80.2
19330101 19330131     0.0
19330201 19330228    29.0
19330301 19330331    83.3
19330401 19330430     0.0
19330501 19330531   100.3
19330601 19330630    31.3
19330701 19330731    19.1
19330801 19330831    35.1
19330901 19330930     5.6
19331001 19331031     2.8
19331101 19331130     0.0
19331201 19331231     0.0
19340101 19340131    26.4
19340201 19340228     0.5
19340301 19340331    77.1
19340401 19340430    72.6
19340501 19340531     1.3
19340601 19340630    31.2
19340701 19340731    17.5
19340801 19340831    12.7
19340901 19340930     3.3
19341001 19341031     0.0
19341101 19341130     0.0
19341201 19341231     0.0
19350101 19350131    15.7
19350201 19350228    12.7
19350301 19350331     5.3
19350401 19350430     0.0
19350501 19350531     0.0
19350601 19350630     8.4
19350701 19350731     9.9
19350801 19350831    11.2
19350901 19350930     0.0
19351001 19351031     2.5
19351101 19351130     0.0
19351201 19351231     0.0
19360101 19360131    10.9
19360201 19360229     0.0
19360301 19360331     6.9
19360401 19360430     8.4
19360501 19360531     0.8
19360601 19360630    32.6
19360701 19360731     5.7
19360801 19360831     2.9
19360901 19360930     1.1
19361001 19361031     0.0
19361101 19361130     0.0
19361201 19361231    23.6
19370101 19370131     5.6
19370201 19370228    18.3
19370301 19370331    12.2
19370401 19370430    27.7
19370501 19370531    16.0
19370601 19370630    10.9
19370701 19370731     0.0
19370801 19370831    10.0
19370901 19370930     2.8
19371001 19371031     0.0
19371101 19371130    13.7
19371201 19371231     0.8
19380101 19380131    13.5
19380201 19380228    15.1
19380301 19380331    13.7
19380401 19380430     4.3
19380501 19380531     1.8
19380601 19380630    10.4
19380701 19380731    40.9
19380801 19380831     8.9
19380901 19380930     0.0
19381001 19381031     0.0
19381101 19381130     6.9
19381201 19381231     1.3
19390101 19390131     6.9
19390201 19390228     5.9
19390301 19390331     1.8
19390401 19390430     4.0
19390501 19390531    13.4
19390601 19390630    36.2
19390701 19390731    22.8
19390801 19390831    15.3
19390901 19390930     0.0
19391001 19391031     4.5
19391101 19391130    22.9
19391201 19391231     1.5
19400101 19400131     8.3
19400201 19400229     0.0
19400301 19400331     0.0
19400401 19400430     3.3
19400501 19400531    19.1
19400601 19400630     1.5
19400701 19400731    53.2
19400801 19400831     2.5
19400901 19400930     1.6
19401001 19401031     3.6
19401101 19401130     0.5
19401201 19401231     0.0
19410101 19410131     6.1
19410201 19410228    18.8
19410301 19410331     0.0
19410401 19410430    12.7
19410501 19410531    20.3
19410601 19410630    28.4
19410701 19410731    21.6
19410801 19410831    95.4
19410901 19410930     0.8
19411001 19411031     0.0
19411101 19411130     4.8
19411201 19411231    62.8
19420101 19420131    20.9
19420201 19420228    67.8
19420301 19420331    44.5
19420401 19420430    15.0
19420501 19420531    28.5
19420601 19420630    31.3
19420701 19420731    14.6
19420801 19420831     7.4
19420901 19420930     2.3
19421001 19421031     0.0
19421101 19421130     0.5
19421201 19421231     5.8
19430101 19430131     0.0
19430201 19430228    32.1
19430301 19430331    21.7
19430401 19430430     4.3
19430501 19430531    10.4
19430601 19430630    36.2
19430701 19430731     2.8
19430801 19430831     3.6
19430901 19430930     2.8
19431001 19431031     2.5
19431101 19431130     0.0
19431201 19431231     3.3
19440101 19440131     0.0
19440201 19440229     0.0
19440301 19440331     0.0
19440401 19440430     0.0
19440501 19440531    14.5
19440601 19440630     6.3
19440701 19440731    44.4
19440801 19440831    17.9
19440901 19440930     0.0
19441001 19441031     0.0
19441101 19441130     2.8
19441201 19441231     0.0
19450101 19450131     0.0
19450201 19450228   184.1
19450301 19450331     2.8
19450401 19450430     0.8
19450501 19450531    11.2
19450601 19450630    87.2
19450701 19450731     3.0
19450801 19450831    48.2
19450901 19450930     4.8
19451001 19451031     6.9
19451101 19451130    18.1
19451201 19451231     0.0
19460101 19460131     0.8
19460201 19460228     9.7
19460301 19460331    11.0
19460401 19460430    14.2
19460501 19460531     7.4
19460601 19460630    19.3
19460701 19460731    35.5
19460801 19460831    11.2
19460901 19460930     0.0
19461001 19461031     1.3
19461101 19461130     1.0
19461201 19461231     0.0
19470101 19470131     0.0
19470201 19470228    59.2
19470301 19470331    22.1
19470401 19470430     0.0
19470501 19470531    45.5
19470601 19470630    21.0
19470701 19470731    50.0
19470801 19470831    49.9
19470901 19470930     7.9
19471001 19471031    29.4
19471101 19471130     0.8
19471201 19471231     0.0
19480101 19480131     0.0
19480201 19480229    77.5
19480301 19480331    30.2
19480401 19480430     6.1
19480501 19480531     4.3
19480601 19480630    65.4
19480701 19480731    19.0
19480801 19480831    25.2
19480901 19480930     8.4
19481001 19481031     0.0
19481101 19481130    19.3
19481201 19481231     3.0
19490101 19490131     0.0
19490201 19490228    13.2
19490301 19490331     0.0
19490401 19490430     9.7
19490501 19490531     1.5
19490601 19490630    24.3
19490701 19490731    20.6
19490801 19490831    15.2
19490901 19490930    28.2
19491001 19491031     8.6
19491101 19491130     7.6
19491201 19491231     0.0
19500101 19500131     4.8
19500201 19500228     0.5
19500301 19500331     3.3
19500401 19500430     0.0
19500501 19500531   103.6
19500601 19500630    13.8
19500701 19500731    17.3
19500801 19500831     2.5
19500901 19500930     1.0
19501001 19501031     0.8
19501101 19501130     0.0
19501201 19501231     0.0
19510101 19510131    39.8
19510201 19510228    23.7
19510301 19510331     8.6
19510401 19510430    46.7
19510501 19510531     9.6
19510601 19510630   111.5
19510701 19510731    31.9
19510801 19510831     3.1
19510901 19510930     4.6
19511001 19511031     1.3
19511101 19511130     0.0
19511201 19511231     0.0
19520101 19520131     9.9
19520201 19520229    12.5
19520301 19520331    19.8
19520401 19520430     2.3
19520501 19520531    50.8
19520601 19520630     2.3
19520701 19520731    37.6
19520801 19520831     1.0
19520901 19520930     5.4
19521001 19521031     0.8
19521101 19521130     0.0
19521201 19521231     0.0
19530101 19530131     0.0
19530201 19530228     4.3
19530301 19530331   112.3
19530401 19530430     7.2
19530501 19530531    52.7
19530601 19530630    22.9
19530701 19530731    27.9
19530801 19530831    24.5
19530901 19530930     5.1
19531001 19531031    11.4
19531101 19531130     0.0
19531201 19531231    18.5
19540101 19540131    51.6
19540201 19540228     0.0
19540301 19540331     0.0
19540401 19540430     5.1
19540501 19540531    19.5
19540601 19540630    15.3
19540701 19540731    15.8
19540801 19540831     7.9
19540901 19540930     0.5
19541001 19541031     0.0
19541101 19541130     2.6
19541201 19541231     3.3
19550101 19550131    55.2
19550201 19550228    57.0
19550301 19550331     4.3
19550401 19550430     4.0
19550501 19550531    11.3
19550601 19550630     6.6
19550701 19550731    25.2
19550801 19550831     9.1
19550901 19550930    19.8
19551001 19551031     4.8
19551101 19551130     0.0
19551201 19551231     3.8
19560101 19560131     0.0
19560201 19560229     0.0
19560301 19560331     2.1
19560401 19560430     0.3
19560501 19560531    31.3
19560601 19560630    34.6
19560701 19560731    16.8
19560801 19560831    44.1
19560901 19560930     4.6
19561001 19561031    28.7
19561101 19561130    12.9
19561201 19561231     1.3
19570101 19570131    12.4
19570201 19570228     6.1
19570301 19570331    12.4
19570401 19570430     0.5
19570501 19570531    10.7
19570601 19570630    57.0
19570701 19570731     0.3
19570801 19570831    15.3
19570901 19570930     1.0
19571001 19571031     0.5
19571101 19571130     0.0
19571201 19571231     2.8
19580101 19580131    42.7
19580201 19580228     1.8
19580301 19580331    47.5
19580401 19580430     5.1
19580501 19580531    57.6
19580601 19580630     9.2
19580701 19580731    38.2
19580801 19580831    16.3
19580901 19580930     6.4
19581001 19581031     8.6
19581101 19581130     6.6
19581201 19581231    10.1
19590101 19590131     0.0
19590201 19590228     4.9
19590301 19590331     8.9
19590401 19590430    60.5
19590501 19590531     1.8
19590601 19590630    30.4
19590701 19590731    24.9
19590801 19590831     5.6
19590901 19590930     0.0
19591001 19591031    10.2
19591101 19591130     0.0
19591201 19591231    11.7
19600101 19600131     9.6
19600201 19600229   128.8
19600301 19600331    36.3
19600401 19600430    18.0
19600501 19600531    11.1
19600601 19600630    10.7
19600701 19600731    85.0
19600801 19600831     3.3
19600901 19600930    13.5
19601001 19601031     0.0
19601101 19601130     0.0
19601201 19601231     0.0
19610101 19610131    37.4
19610201 19610228    11.1
19610301 19610331     3.5
19610401 19610430    23.6
19610501 19610531     2.0
19610601 19610630    15.3
19610701 19610731    10.6
19610801 19610831     7.7
19610901 19610930     0.0
19611001 19611031     1.5
19611101 19611130     0.0
19611201 19611231    10.4
19620101 19620131    25.5
19620201 19620228     9.1
19620301 19620331     0.0
19620401 19620430     1.5
19620501 19620531    61.9
19620601 19620630     8.4
19620701 19620731    13.0
19620801 19620831     2.5
19620901 19620930     0.0
19621001 19621031    12.7
19621101 19621130     0.0
19621201 19621231    72.7
19630101 19630131    81.2
19630201 19630228    47.3
19630301 19630331    48.0
19630401 19630430    21.3
19630501 19630531    70.7
19630601 19630630    33.0
19630701 19630731    88.5
19630801 19630831     8.1
19630901 19630930     1.5
19631001 19631031     0.0
19631101 19631130     0.8
19631201 19631231     9.4
19640101 19640131     6.2
19640201 19640229    12.0
19640301 19640331    71.6
19640401 19640430    19.1
19640501 19640531     0.0
19640601 19640630    47.8
19640701 19640731    45.5
19640801 19640831    13.0
19640901 19640930    11.4
19641001 19641031     2.3
19641101 19641130     8.6
19641201 19641231     0.0
19650101 19650131    12.0
19650201 19650228     1.0
19650301 19650331    38.9
19650401 19650430     1.8
19650501 19650531    25.9
19650601 19650630    83.6
19650701 19650731    49.7
19650801 19650831    30.0
19650901 19650930     1.5
19651001 19651031     5.1
19651101 19651130    40.6
19651201 19651231     4.4
19660101 19660131     4.5
19660201 19660228    12.5
19660301 19660331     7.4
19660401 19660430   133.5
19660501 19660531     0.0
19660601 19660630    23.7
19660701 19660731    20.4
19660801 19660831     3.6
19660901 19660930     1.5
19661001 19661031    33.5
19661101 19661130     1.0
19661201 19661231     0.0
19670101 19670131   107.9
19670201 19670228     0.0
19670301 19670331     0.0
19670401 19670430     3.3
19670501 19670531    46.7
19670601 19670630    27.2
19670701 19670731     9.5
19670801 19670831    19.3
19670901 19670930     3.8
19671001 19671031     5.6
19671101 19671130     0.5
19671201 19671231     4.3
19680101 19680131    10.6
19680201 19680229    27.3
19680301 19680331    31.5
19680401 19680430    28.1
19680501 19680531     8.9
19680601 19680630   101.3
19680701 19680731     6.7
19680801 19680831    12.2
19680901 19680930    11.1
19681001 19681031     0.0
19681101 19681130     3.6
19681201 19681231     0.0
19690101 19690131     0.0
19690201 19690228    31.1
19690301 19690331     0.0
19690401 19690430     4.1
19690501 19690531    97.8
19690601 19690630    24.6
19690701 19690731     5.0
19690801 19690831     0.0
19690901 19690930     2.8
19691001 19691031     2.8
19691101 19691130     3.8
19691201 19691231     0.0
19700101 19700131     0.0
19700201 19700228    38.6
19700301 19700331     1.5
19700401 19700430    39.2
19700501 19700531    58.1
19700601 19700630    25.5
19700701 19700731     5.8
19700801 19700831     2.5
19700901 19700930     8.1
19701001 19701031     0.0
19701101 19701130     4.3
19701201 19701231     4.3
19710101 19710131    24.4
19710201 19710228    29.5
19710301 19710331    27.9
19710401 19710430     0.0
19710501 19710531    31.3
19710601 19710630    23.8
19710701 19710731    81.4
19710801 19710831    18.1
19710901 19710930     0.0
19711001 19711031    16.5
19711101 19711130     0.0
19711201 19711231     0.0
19720101 19720131     8.6
19720201 19720229     0.0
19720301 19720331     1.3
19720401 19720430     0.0
19720501 19720531    16.2
19720601 19720630    40.2
19720701 19720731    88.8
19720801 19720831     9.6
19720901 19720930     1.3
19721001 19721031     0.0
19721101 19721130     6.4
19721201 19721231     0.0
19730101 19730131    14.3
19730201 19730228     0.0
19730301 19730331     0.0
19730401 19730430    15.7
19730501 19730531    47.5
19730601 19730630    61.6
19730701 19730731    57.1
19730801 19730831    16.0
19730901 19730930     2.3
19731001 19731031    16.8
19731101 19731130    24.4
19731201 19731231     3.0
19740101 19740131    31.6
19740201 19740228     5.2
19740301 19740331    47.9
19740401 19740430    12.8
19740501 19740531    83.5
19740601 19740630     9.8
19740701 19740731   104.7
19740801 19740831    33.6
19740901 19740930    29.5
19741001 19741031    16.6
19741101 19741130     7.7
19741201 19741231     0.0
19750101 19750131     0.0
19750201 19750228   179.7
19750301 19750331    34.2
19750401 19750430   106.9
19750501 19750531    49.8
19750601 19750630    20.0
19750701 19750731    21.7
19750801 19750831    15.8
19750901 19750930     0.0
19751001 19751031    62.8
19751101 19751130    27.0
19751201 19751231     0.0
19760101 19760131     1.8
19760201 19760229    22.8
19760301 19760331     0.0
19760401 19760430     9.3
19760501 19760531     5.6
19760601 19760630     0.0
19760701 19760731     1.2
19760801 19760831    11.0
19760901 19760930    14.7
19761001 19761031     0.6
19761101 19761130     0.0
19761201 19761231     0.0
19770101 19770131     0.0
19770201 19770228     1.2
19770301 19770331     1.2
19770401 19770430     9.4
19770501 19770531    24.4
19770601 19770630     9.2
19770701 19770731     5.0
19770801 19770831     6.3
19770901 19770930     0.0
19771001 19771031    11.0
19771101 19771130     1.2
19771201 19771231    10.2
19780101 19780131    12.8
19780201 19780228   148.4
19780301 19780331     5.8
19780401 19780430    14.6
19780501 19780531     3.8
19780601 19780630     0.0
19780701 19780731    53.8
19780801 19780831    22.0
19780901 19780930    10.1
19781001 19781031     0.0
19781101 19781130    20.8
19781201 19781231     2.6
19790101 19790131     0.0
19790201 19790228     5.0
19790301 19790331     5.2
19790401 19790430    10.4
19790501 19790531     4.9
19790601 19790630    16.0
19790701 19790731     4.0
19790801 19790831    17.4
19790901 19790930     0.0
19791001 19791031     0.0
19791101 19791130     2.6
19791201 19791231    12.2
19800101 19800131    14.1
19800201 19800229     4.4
19800301 19800331     8.6
19800401 19800430    21.4
19800501 19800531    74.4
19800601 19800630   115.9
19800701 19800731    77.2
19800801 19800831     9.0
19800901 19800930     4.2
19801001 19801031    11.4
19801101 19801130     0.0
19801201 19801231     0.0
19810101 19810131     6.6
19810201 19810228    18.0
19810301 19810331     3.4
19810401 19810430     0.0
19810501 19810531    49.2
19810601 19810630    45.6
19810701 19810731    19.9
19810801 19810831    27.2
19810901 19810930     0.0
19811001 19811031     0.0
19811101 19811130     0.0
19811201 19811231    18.4
19820101 19820131    35.8
19820201 19820228     8.2
19820301 19820331     8.6
19820401 19820430    48.8
19820501 19820531    24.2
19820601 19820630    26.2
19820701 19820731     0.0
19820801 19820831     1.4
19820901 19820930    12.6
19821001 19821031     0.0
19821101 19821130    15.6
19821201 19821231     0.0
19830101 19830131     0.0
19830201 19830228     0.0
19830301 19830331    26.2
19830401 19830430     0.0
19830501 19830531     4.0
19830601 19830630    50.4
19830701 19830731    16.4
19830801 19830831     8.6
19830901 19830930     8.6
19831001 19831031     9.4
19831101 19831130    27.2
19831201 19831231    52.4
19840101 19840131    22.2
19840201 19840229    24.6
19840301 19840331    81.0
19840401 19840430     5.4
19840501 19840531    63.6
19840601 19840630     5.8
19840701 19840731    16.4
19840801 19840831    20.4
19840901 19840930    41.8
19841001 19841031    43.2
19841101 19841130     0.0
19841201 19841231     0.0
19850101 19850131     0.0
19850201 19850228    16.4
19850301 19850331     0.0
19850401 19850430     1.8
19850501 19850531     2.4
19850601 19850630    22.8
19850701 19850731    62.0
19850801 19850831    25.0
19850901 19850930     0.0
19851001 19851031     0.0
19851101 19851130     0.0
19851201 19851231     0.0
19860101 19860131    11.8
19860201 19860228    28.1
19860301 19860331     7.6
19860401 19860430     0.0
19860501 19860531     6.6
19860601 19860630    77.9
19860701 19860731    42.4
19860801 19860831     0.6
19860901 19860930    34.6
19861001 19861031    13.0
19861101 19861130     0.0
19861201 19861231     0.0
19870101 19870131    18.2
19870201 19870228    12.0
19870301 19870331    24.1
19870401 19870430     7.1
19870501 19870531    11.6
19870601 19870630    42.6
19870701 19870731    10.7
19870801 19870831    12.0
19870901 19870930     1.8
19871001 19871031     4.8
19871101 19871130    27.6
19871201 19871231     0.0
19880101 19880131     0.0
19880201 19880229     4.9
19880301 19880331     0.0
19880401 19880430    19.6
19880501 19880531    16.5
19880601 19880630    12.4
19880701 19880731    29.6
19880801 19880831     5.6
19880901 19880930     0.0
19881001 19881031     0.0
19881101 19881130     5.4
19881201 19881231    34.6
19890101 19890131     5.8
19890201 19890228    25.0
19890301 19890331     0.6
19890401 19890430    12.4
19890501 19890531    36.8
19890601 19890630    57.2
19890701 19890731    10.4
19890801 19890831     0.0
19890901 19890930     2.4
19891001 19891031     0.0
19891101 19891130     1.5
19891201 19891231     0.0
19900101 19900131    94.4
19900201 19900228    12.0
19900301 19900331     5.8
19900401 19900430     5.4
19900501 19900531     8.8
19900601 19900630     6.2
19900701 19900731    31.0
19900801 19900831    29.6
19900901 19900930     5.2
19901001 19901031     0.0
19901101 19901130     0.0
19901201 19901231     0.0
19910101 19910131     3.2
19910201 19910228    43.2
19910301 19910331     0.0
19910401 19910430     4.2
19910501 19910531     0.3
19910601 19910630    32.2
19910701 19910731    78.4
19910801 19910831     4.9
19910901 19910930     2.8
19911001 19911031     3.7
19911101 19911130     3.8
19911201 19911231     9.4
19920101 19920131     6.0
19920201 19920229     0.0
19920301 19920331    28.8
19920401 19920430    82.0
19920501 19920531    15.6
19920601 19920630    88.1
19920701 19920731     7.6
19920801 19920831    78.0
19920901 19920930    10.8
19921001 19921031     1.8
19921101 19921130     7.6
19921201 19921231     2.0
19930101 19930131    23.8
19930201 19930228    21.2
19930301 19930331     0.8
19930401 19930430    33.6
19930501 19930531    14.8
19930601 19930630    65.8
19930701 19930731    10.4
19930801 19930831    19.8
19930901 19930930    16.8
19931001 19931031     0.0
19931101 19931130    19.6
19931201 19931231     8.6
19940101 19940131     0.0
19940201 19940228   108.4
19940301 19940331     0.0
19940401 19940430     0.0
19940501 19940531     8.1
19940601 19940630    21.6
19940701 19940731     6.0
19940801 19940831    22.2
19940901 19940930     0.0
19941001 19941031     0.4
19941101 19941130     0.0
19941201 19941231     1.8
19950101 19950131     3.6
19950201 19950228    97.4
19950301 19950331     6.2
19950401 19950430    84.6
19950501 19950531     8.2
19950601 19950630    20.8
19950701 19950731    27.6
19950801 19950831     1.0
19950901 19950930     7.8
19951001 19951031     0.0
19951101 19951130     5.4
19951201 19951231    13.8
19960101 19960131     0.0
19960201 19960229     6.2
19960301 19960331     1.2
19960401 19960430    38.4
19960501 19960531     2.1
19960601 19960630    58.4
19960701 19960731    96.7
19960801 19960831    33.8
19960901 19960930     6.6
19961001 19961031     0.0
19961101 19961130    16.4
19961201 19961231     0.0
19970101 19970131     0.0
19970201 19970228    55.2
19970301 19970331     3.0
19970401 19970430    96.4
19970501 19970531    28.0
19970601 19970630    17.4
19970701 19970731    20.8
19970801 19970831    39.6
19970901 19970930    17.0
19971001 19971031     1.2
19971101 19971130     0.0
19971201 19971231     0.0
19980101 19980131     0.0
19980201 19980228     0.0
19980301 19980331     0.0
19980401 19980430     4.9
19980501 19980531    35.8
19980601 19980630    37.0
19980701 19980731   108.9
19980801 19980831    42.0
19980901 19980930     0.0
19981001 19981031     7.8
19981101 19981130     0.0
19981201 19981231    41.8
19990101 19990131    21.1
19990201 19990228    93.2
19990301 19990331   121.8
19990401 19990430    34.4
19990501 19990531    59.0
19990601 19990630    10.0
19990701 19990731    24.2
19990801 19990831     3.8
19990901 19990930     2.2
19991001 19991031     0.0
19991101 19991130     5.4
19991201 19991231    15.4
20000101 20000131    10.2
20000201 20000229    17.2
20000301 20000331   174.7
20000401 20000430     0.0
20000501 20000531     0.0
20000601 20000630     9.8
20000701 20000731     8.2
20000801 20000831    16.8
20000901 20000930     3.0
20001001 20001031     2.6
20001101 20001130     0.0
20001201 20001231     8.2
20010101 20010131    85.8
20010201 20010228    31.2
20010301 20010331     1.0
20010401 20010430     9.8
20010501 20010531     2.8
20010601 20010630     6.2
20010701 20010731    12.8
20010801 20010831    14.7
20010901 20010930     2.2
20011001 20011031    20.4
20011101 20011130    11.8
20011201 20011231     4.0
20020101 20020131    51.8
20020201 20020228     2.0
20020301 20020331     3.0
20020401 20020430    21.2
20020501 20020531     2.4
20020601 20020630    28.6
20020701 20020731     6.8
20020801 20020831    11.0
20020901 20020930     4.0
20021001 20021031     0.5
20021101 20021130     2.4
20021201 20021231    17.2
20030101 20030131     1.4
20030201 20030228    31.0
20030301 20030331    11.8
20030401 20030430     6.2
20030501 20030531    10.4
20030601 20030630    27.6
20030701 20030731     5.0
20030801 20030831    24.6
20030901 20030930     3.3
20031001 20031031     0.0
20031101 20031130    22.4
20031201 20031231     0.0
20040101 20040131    24.9
20040201 20040229     9.3
20040301 20040331    26.2
20040401 20040430    15.8
20040501 20040531    18.0
20040601 20040630     4.2
20040701 20040731   101.8
20040801 20040831     4.6
20040901 20040930     4.4
20041001 20041031     0.0
20041101 20041130     8.8
20041201 20041231     2.6
20050101 20050131     0.2
20050201 20050228    11.2
20050301 20050331    20.3
20050401 20050430     5.9
20050501 20050531   100.2
20050601 20050630    60.4
20050701 20050731    14.6
20050801 20050831    23.6
20050901 20050930     5.8
20051001 20051031 99999.9
20051101 20051130     0.0
20051201 20051231     6.7
20060101 20060131   165.0
20060201 20060228   103.2
20060301 20060331    44.4
20060401 20060430    61.4
20060501 20060531     2.4
20060601 20060630     0.0
20060701 20060731     2.8
20060801 20060831     1.3
20060901 20060930    30.8
20061001 20061031     7.8
20061101 20061130     0.0
20061201 20061231    16.2
20070101 20070131     4.6
20070201 20070228     0.0
20070301 20070331     0.0
20070401 20070430     7.3
20070501 20070531     1.8
20070601 20070630    11.6
20070701 20070731    30.5
20070801 20070831     1.4
20070901 20070930     8.4
20071001 20071031     3.5
20071101 20071130     0.0
20071201 20071231    74.8
20080101 20080131    23.1
20080201 20080229    94.4
20080301 20080331    33.0
20080401 20080430    23.8
20080501 20080531     0.0
20080601 20080630    19.0
20080701 20080731    37.4
20080801 20080831    10.8
20080901 20080930     1.8
20081001 20081031     0.0
20081101 20081130 99999.9
20081201 20081231     0.0
20090101 20090131    48.0
20090201 20090228    10.8
20090301 20090331     4.8
20090401 20090430     1.0
20090501 20090531     7.6
20090601 20090630    14.9
20090701 20090731    41.2
20090801 20090831     2.0
20090901 20090930     1.4
20091001 20091031     0.0
20091101 20091130     9.2
20091201 20091231     0.0
20100101 20100131 99999.9
20100201 20100228     0.0
20100301 20100331    16.6
20100401 20100430     6.0
20100501 20100531     5.8
20100601 20100630    12.6
20100701 20100731     8.9
20100801 20100831    18.4
20100901 20100930    16.4
20101001 20101031     4.0
20101101 20101130     0.0
20101201 20101231   139.6
20110101 20110131 99999.9
20110201 20110228   107.0
20110301 20110331 99999.9
20110401 20110430 99999.9
20110501 20110531 99999.9
20110601 20110630    22.2
20110701 20110731    70.4
20110801 20110831    17.8
20110901 20110930     8.1
20111001 20111031    25.0
20111101 20111130     0.0
20111201 20111231     8.9
20120101 20120131 99999.9
20120201 20120229 99999.9
20120301 20120331 99999.9
20120401 20120430 99999.9
20120501 20120531 99999.9
20120601 20120630 99999.9
20120701 20120731 99999.9
20120801 20120831 99999.9
20120901 20120930 99999.9
20121001 20121031 99999.9
20121101 20121130 99999.9
20121201 20121231 99999.9
20130101 20130131 99999.9
20130201 20130228 99999.9
20130301 20130331 99999.9
20130401 20130430 99999.9
20130501 20130531 99999.9
20130601 20130630 99999.9
20130701 20130731 99999.9
20130801 20130831 99999.9
20130901 20130930 99999.9
20131001 20131031 99999.9
20131101 20131130 99999.9
20131201 20131231 99999.9
20140101 20140131 99999.9
20140201 20140228 99999.9
20140301 20140331 99999.9
20140401 20140430 99999.9
20140501 20140531 99999.9
20140601 20140630 99999.9
20140701 20140731 99999.9
20140801 20140831 99999.9
20140901 20140930 99999.9
20141001 20141031 99999.9
20141101 20141130 99999.9
20141201 20141231 99999.9
20150101 20150131    44.6
20150201 20150228    40.6
20150301 20150331   101.8
20150401 20150430     0.0
20150501 20150531     8.8
20150601 20150630    56.0
20150701 20150731    17.2
20150801 20150831     7.6
20150901 20150930     0.0
20151001 20151031     0.0
20151101 20151130    19.4
20151201 20151231     0.0
20160101 20160131    20.8
20160201 20160229     6.8
20160301 20160331    44.4
20160401 20160430    28.8
20160501 20160531    36.2
20160601 20160630    32.4
20160701 20160731   122.4
20160801 20160831    12.8
20160901 20160930 99999.9
20161001 20161031     2.8
20161101 20161130     0.0
