PRCP       054004 18780801 20170930 missing_value=99999.9 BINGARA POST OFFICE                       
18780801 18780831     1.8
18780901 18780930   111.5
18781001 18781031    51.1
18781101 18781130    53.3
18781201 18781231    99.4
18790101 18790131    19.8
18790201 18790228   213.7
18790301 18790331   153.6
18790401 18790430    66.9
18790501 18790531   190.3
18790601 18790630    21.4
18790701 18790731    62.6
18790801 18790831   121.1
18790901 18790930   116.4
18791001 18791031    71.3
18791101 18791130    51.9
18791201 18791231   147.6
18800101 18800131    34.2
18800201 18800229   112.2
18800301 18800331    48.8
18800401 18800430    78.2
18800501 18800531    28.0
18800601 18800630    12.2
18800701 18800731     5.1
18800801 18800831    11.7
18800901 18800930    87.3
18801001 18801031    44.1
18801101 18801130    48.5
18801201 18801231    76.2
18810101 18810131   142.8
18810201 18810228    44.0
18810301 18810331    56.0
18810401 18810430     0.0
18810501 18810531    41.4
18810601 18810630    13.2
18810701 18810731    30.8
18810801 18810831    42.6
18810901 18810930   110.1
18811001 18811031    43.5
18811101 18811130    83.0
18811201 18811231    11.5
18820101 18820131    48.3
18820201 18820228   132.1
18820301 18820331    27.5
18820401 18820430    58.8
18820501 18820531    60.4
18820601 18820630    78.4
18820701 18820731    26.5
18820801 18820831    32.2
18820901 18820930     1.8
18821001 18821031    71.0
18821101 18821130    94.7
18821201 18821231    78.0
18830101 18830131   136.4
18830201 18830228   146.1
18830301 18830331    17.5
18830401 18830430    48.1
18830501 18830531    89.2
18830601 18830630     7.9
18830701 18830731    14.7
18830801 18830831    37.2
18830901 18830930    28.5
18831001 18831031   154.1
18831101 18831130    45.0
18831201 18831231    15.0
18840101 18840131    26.7
18840201 18840229   106.7
18840301 18840331     9.9
18840401 18840430    59.4
18840501 18840531    41.9
18840601 18840630    48.1
18840701 18840731    41.1
18840801 18840831     2.5
18840901 18840930   107.9
18841001 18841031    22.1
18841101 18841130    79.1
18841201 18841231    30.2
18850101 18850131 99999.9
18850201 18850228 99999.9
18850301 18850331 99999.9
18850401 18850430 99999.9
18850501 18850531 99999.9
18850601 18850630 99999.9
18850701 18850731 99999.9
18850801 18850831 99999.9
18850901 18850930 99999.9
18851001 18851031 99999.9
18851101 18851130 99999.9
18851201 18851231 99999.9
18860101 18860131    49.5
18860201 18860228     0.8
18860301 18860331    13.6
18860401 18860430    76.4
18860501 18860531   146.2
18860601 18860630   129.5
18860701 18860731   102.1
18860801 18860831   188.2
18860901 18860930    19.0
18861001 18861031   123.4
18861101 18861130   147.5
18861201 18861231   103.7
18870101 18870131   172.9
18870201 18870228   123.2
18870301 18870331    87.1
18870401 18870430    46.3
18870501 18870531    14.0
18870601 18870630    46.0
18870701 18870731    89.5
18870801 18870831   133.1
18870901 18870930    27.7
18871001 18871031    33.0
18871101 18871130    51.9
18871201 18871231   197.3
18880101 18880131    91.0
18880201 18880229   237.7
18880301 18880331    27.4
18880401 18880430     0.0
18880501 18880531    34.6
18880601 18880630    10.4
18880701 18880731     0.0
18880801 18880831     0.0
18880901 18880930    31.2
18881001 18881031    36.6
18881101 18881130     5.1
18881201 18881231    58.3
18890101 18890131    71.6
18890201 18890228    83.6
18890301 18890331    46.7
18890401 18890430   108.4
18890501 18890531   114.1
18890601 18890630    91.0
18890701 18890731    31.5
18890801 18890831    42.4
18890901 18890930     8.1
18891001 18891031    97.5
18891101 18891130    90.5
18891201 18891231    68.7
18900101 18900131   139.6
18900201 18900228   180.5
18900301 18900331   198.9
18900401 18900430    61.5
18900501 18900531   132.5
18900601 18900630   100.1
18900701 18900731    31.6
18900801 18900831    23.6
18900901 18900930    45.9
18901001 18901031   100.1
18901101 18901130    65.3
18901201 18901231    62.1
18910101 18910131   214.4
18910201 18910228    57.7
18910301 18910331    50.3
18910401 18910430    34.5
18910501 18910531    23.8
18910601 18910630    70.9
18910701 18910731    60.9
18910801 18910831    57.6
18910901 18910930   104.3
18911001 18911031    25.9
18911101 18911130    72.9
18911201 18911231    76.0
18920101 18920131    34.0
18920201 18920229    14.2
18920301 18920331   102.3
18920401 18920430    52.1
18920501 18920531    70.0
18920601 18920630    81.5
18920701 18920731    61.9
18920801 18920831     9.4
18920901 18920930   116.4
18921001 18921031   153.9
18921101 18921130    50.8
18921201 18921231   166.4
18930101 18930131    29.2
18930201 18930228    97.6
18930301 18930331   104.5
18930401 18930430   137.4
18930501 18930531    35.5
18930601 18930630    96.3
18930701 18930731    58.9
18930801 18930831    58.9
18930901 18930930     1.3
18931001 18931031   102.0
18931101 18931130   101.1
18931201 18931231     5.1
18940101 18940131    80.3
18940201 18940228    74.0
18940301 18940331   262.7
18940401 18940430    98.2
18940501 18940531    49.4
18940601 18940630    65.6
18940701 18940731    14.7
18940801 18940831    30.6
18940901 18940930    33.1
18941001 18941031   151.1
18941101 18941130    65.4
18941201 18941231    36.9
18950101 18950131   234.7
18950201 18950228    19.8
18950301 18950331     0.0
18950401 18950430    15.3
18950501 18950531    47.9
18950601 18950630    10.1
18950701 18950731    22.5
18950801 18950831    19.3
18950901 18950930    94.5
18951001 18951031    53.3
18951101 18951130   109.9
18951201 18951231    90.8
18960101 18960131    86.5
18960201 18960229   127.8
18960301 18960331   138.8
18960401 18960430    76.9
18960501 18960531    23.3
18960601 18960630    19.1
18960701 18960731    32.3
18960801 18960831    50.5
18960901 18960930    38.6
18961001 18961031    17.2
18961101 18961130    96.1
18961201 18961231    71.5
18970101 18970131    81.6
18970201 18970228    40.6
18970301 18970331    42.5
18970401 18970430     0.0
18970501 18970531     5.5
18970601 18970630   103.2
18970701 18970731   147.8
18970801 18970831    34.6
18970901 18970930    71.3
18971001 18971031    26.5
18971101 18971130     0.3
18971201 18971231   173.8
18980101 18980131    62.6
18980201 18980228    66.3
18980301 18980331     5.8
18980401 18980430     1.0
18980501 18980531    25.8
18980601 18980630    81.9
18980701 18980731    11.9
18980801 18980831    15.1
18980901 18980930    55.8
18981001 18981031    34.5
18981101 18981130     8.4
18981201 18981231    35.2
18990101 18990131    55.0
18990201 18990228    57.2
18990301 18990331    23.5
18990401 18990430    95.7
18990501 18990531    11.8
18990601 18990630    55.0
18990701 18990731    71.5
18990801 18990831    80.4
18990901 18990930    62.8
18991001 18991031    87.6
18991101 18991130    20.6
18991201 18991231    51.1
19000101 19000131    55.9
19000201 19000228    40.6
19000301 19000331   114.5
19000401 19000430    42.4
19000501 19000531    62.0
19000601 19000630    69.4
19000701 19000731   118.2
19000801 19000831     3.5
19000901 19000930    28.8
19001001 19001031    17.1
19001101 19001130    45.1
19001201 19001231    79.4
19010101 19010131    54.9
19010201 19010228     4.1
19010301 19010331   174.9
19010401 19010430    67.0
19010501 19010531    72.1
19010601 19010630    62.4
19010701 19010731    21.9
19010801 19010831    93.2
19010901 19010930    19.1
19011001 19011031    39.5
19011101 19011130    19.6
19011201 19011231    47.3
19020101 19020131    56.1
19020201 19020228    14.0
19020301 19020331    31.7
19020401 19020430     1.0
19020501 19020531     3.8
19020601 19020630    29.1
19020701 19020731     1.6
19020801 19020831    69.1
19020901 19020930    29.8
19021001 19021031    73.8
19021101 19021130     4.8
19021201 19021231   142.0
19030101 19030131    28.8
19030201 19030228    17.5
19030301 19030331    57.7
19030401 19030430    51.4
19030501 19030531   107.2
19030601 19030630    68.9
19030701 19030731   156.5
19030801 19030831    78.7
19030901 19030930   121.7
19031001 19031031    65.6
19031101 19031130   102.5
19031201 19031231   109.4
19040101 19040131    22.6
19040201 19040229    63.5
19040301 19040331   127.2
19040401 19040430    18.3
19040501 19040531    85.8
19040601 19040630    36.3
19040701 19040731    70.0
19040801 19040831    36.1
19040901 19040930    44.9
19041001 19041031   117.4
19041101 19041130    71.9
19041201 19041231    88.1
19050101 19050131   147.6
19050201 19050228    36.4
19050301 19050331    32.6
19050401 19050430   120.7
19050501 19050531    68.5
19050601 19050630    26.2
19050701 19050731    31.2
19050801 19050831    28.7
19050901 19050930     1.1
19051001 19051031    63.2
19051101 19051130    26.5
19051201 19051231    43.0
19060101 19060131    45.8
19060201 19060228   111.0
19060301 19060331   140.5
19060401 19060430     7.9
19060501 19060531    34.3
19060601 19060630    26.2
19060701 19060731    34.6
19060801 19060831   119.2
19060901 19060930    88.9
19061001 19061031    65.6
19061101 19061130    70.3
19061201 19061231    44.2
19070101 19070131   127.8
19070201 19070228    25.0
19070301 19070331   170.8
19070401 19070430    16.2
19070501 19070531    28.9
19070601 19070630    65.1
19070701 19070731    21.8
19070801 19070831    41.1
19070901 19070930     5.3
19071001 19071031    42.0
19071101 19071130   133.4
19071201 19071231    89.6
19080101 19080131    55.8
19080201 19080229   165.7
19080301 19080331   118.9
19080401 19080430    44.9
19080501 19080531     2.0
19080601 19080630    49.1
19080701 19080731    10.1
19080801 19080831    10.2
19080901 19080930    89.5
19081001 19081031    66.0
19081101 19081130    70.3
19081201 19081231    77.3
19090101 19090131    25.1
19090201 19090228   211.3
19090301 19090331    27.7
19090401 19090430    37.1
19090501 19090531    27.7
19090601 19090630   106.6
19090701 19090731    22.4
19090801 19090831   179.8
19090901 19090930    20.0
19091001 19091031    26.4
19091101 19091130   119.6
19091201 19091231    73.1
19100101 19100131   555.6
19100201 19100228    28.2
19100301 19100331   163.4
19100401 19100430    25.9
19100501 19100531    20.6
19100601 19100630    73.2
19100701 19100731    55.0
19100801 19100831    37.8
19100901 19100930     4.1
19101001 19101031    97.2
19101101 19101130    61.4
19101201 19101231    68.4
19110101 19110131   246.2
19110201 19110228   150.4
19110301 19110331    65.8
19110401 19110430    14.2
19110501 19110531    66.1
19110601 19110630     4.6
19110701 19110731    38.6
19110801 19110831    51.1
19110901 19110930    47.7
19111001 19111031    20.0
19111101 19111130    93.6
19111201 19111231    16.4
19120101 19120131    25.6
19120201 19120229    51.9
19120301 19120331   118.9
19120401 19120430     0.8
19120501 19120531     1.8
19120601 19120630   160.1
19120701 19120731    83.4
19120801 19120831    32.6
19120901 19120930    25.8
19121001 19121031   109.8
19121101 19121130    32.8
19121201 19121231    42.4
19130101 19130131   184.3
19130201 19130228    80.0
19130301 19130331    88.1
19130401 19130430    46.2
19130501 19130531   151.3
19130601 19130630    90.5
19130701 19130731    15.0
19130801 19130831     8.8
19130901 19130930    36.6
19131001 19131031    92.0
19131101 19131130    15.0
19131201 19131231    93.3
19140101 19140131    99.5
19140201 19140228    64.9
19140301 19140331   216.7
19140401 19140430    35.6
19140501 19140531    95.9
19140601 19140630     8.2
19140701 19140731    34.7
19140801 19140831     4.3
19140901 19140930     2.6
19141001 19141031   102.6
19141101 19141130    31.5
19141201 19141231   142.4
19150101 19150131    33.0
19150201 19150228    42.7
19150301 19150331     9.2
19150401 19150430    66.1
19150501 19150531    58.9
19150601 19150630    45.2
19150701 19150731    68.0
19150801 19150831    55.1
19150901 19150930    56.4
19151001 19151031    25.1
19151101 19151130     1.5
19151201 19151231   112.1
19160101 19160131    46.5
19160201 19160229   125.5
19160301 19160331    14.8
19160401 19160430   156.1
19160501 19160531     3.8
19160601 19160630   103.1
19160701 19160731   106.4
19160801 19160831    89.9
19160901 19160930    43.4
19161001 19161031   109.0
19161101 19161130   166.4
19161201 19161231   250.3
19170101 19170131   125.0
19170201 19170228    52.4
19170301 19170331    13.2
19170401 19170430     3.1
19170501 19170531     6.4
19170601 19170630    42.4
19170701 19170731    30.1
19170801 19170831    24.6
19170901 19170930   142.4
19171001 19171031    44.6
19171101 19171130   276.8
19171201 19171231   167.5
19180101 19180131   167.1
19180201 19180228     4.1
19180301 19180331     2.0
19180401 19180430    23.1
19180501 19180531    25.9
19180601 19180630    15.2
19180701 19180731    29.8
19180801 19180831   116.6
19180901 19180930     1.8
19181001 19181031    22.6
19181101 19181130    16.3
19181201 19181231    24.6
19190101 19190131    55.6
19190201 19190228    66.9
19190301 19190331     2.5
19190401 19190430     1.3
19190501 19190531   120.8
19190601 19190630    14.2
19190701 19190731     6.9
19190801 19190831    21.6
19190901 19190930    22.9
19191001 19191031    44.6
19191101 19191130    39.4
19191201 19191231    64.3
19200101 19200131    77.1
19200201 19200229    83.6
19200301 19200331    19.3
19200401 19200430    44.4
19200501 19200531    42.9
19200601 19200630   175.3
19200701 19200731   103.2
19200801 19200831    48.2
19200901 19200930    64.6
19201001 19201031    51.7
19201101 19201130    25.9
19201201 19201231   100.6
19210101 19210131    27.5
19210201 19210228    42.9
19210301 19210331   114.8
19210401 19210430    55.8
19210501 19210531   143.7
19210601 19210630   130.8
19210701 19210731   160.1
19210801 19210831    21.5
19210901 19210930    56.7
19211001 19211031   107.4
19211101 19211130   116.8
19211201 19211231   156.6
19220101 19220131    27.2
19220201 19220228    51.7
19220301 19220331     0.0
19220401 19220430    19.4
19220501 19220531     9.9
19220601 19220630    38.3
19220701 19220731    97.3
19220801 19220831    13.2
19220901 19220930    81.3
19221001 19221031    38.1
19221101 19221130    27.9
19221201 19221231   127.7
19230101 19230131    62.2
19230201 19230228    11.7
19230301 19230331    28.1
19230401 19230430     4.3
19230501 19230531    40.4
19230601 19230630   107.7
19230701 19230731    51.1
19230801 19230831     6.9
19230901 19230930    46.1
19231001 19231031    45.7
19231101 19231130    44.7
19231201 19231231    83.7
19240101 19240131    31.5
19240201 19240229   129.8
19240301 19240331    25.1
19240401 19240430    86.6
19240501 19240531     9.7
19240601 19240630    38.2
19240701 19240731    68.3
19240801 19240831    83.0
19240901 19240930    58.7
19241001 19241031    66.0
19241101 19241130   147.4
19241201 19241231    79.9
19250101 19250131   143.8
19250201 19250228    33.5
19250301 19250331    36.6
19250401 19250430     0.0
19250501 19250531    82.8
19250601 19250630    11.6
19250701 19250731    39.4
19250801 19250831    33.8
19250901 19250930     1.3
19251001 19251031    16.8
19251101 19251130   180.3
19251201 19251231    64.4
19260101 19260131    21.6
19260201 19260228    58.9
19260301 19260331    43.2
19260401 19260430    54.1
19260501 19260531    65.5
19260601 19260630    56.4
19260701 19260731    56.7
19260801 19260831    20.1
19260901 19260930    44.1
19261001 19261031    11.9
19261101 19261130     3.3
19261201 19261231    94.3
19270101 19270131   123.4
19270201 19270228    18.2
19270301 19270331    64.5
19270401 19270430    74.4
19270501 19270531     2.8
19270601 19270630    44.0
19270701 19270731     0.0
19270801 19270831    18.0
19270901 19270930     8.0
19271001 19271031   115.3
19271101 19271130    88.0
19271201 19271231    45.7
19280101 19280131    91.6
19280201 19280229   197.8
19280301 19280331    91.9
19280401 19280430    73.0
19280501 19280531    16.6
19280601 19280630   103.5
19280701 19280731    83.3
19280801 19280831     3.6
19280901 19280930     4.8
19281001 19281031    43.5
19281101 19281130    44.8
19281201 19281231    29.7
19290101 19290131    27.7
19290201 19290228   167.8
19290301 19290331    33.7
19290401 19290430   160.3
19290501 19290531     2.0
19290601 19290630    33.3
19290701 19290731    18.8
19290801 19290831   105.7
19290901 19290930    51.0
19291001 19291031    79.2
19291101 19291130    29.7
19291201 19291231    12.5
19300101 19300131   136.2
19300201 19300228    12.0
19300301 19300331   103.2
19300401 19300430    53.6
19300501 19300531    19.3
19300601 19300630   106.5
19300701 19300731    51.5
19300801 19300831    39.9
19300901 19300930    36.4
19301001 19301031    87.7
19301101 19301130   171.7
19301201 19301231    21.4
19310101 19310131     3.0
19310201 19310228    56.9
19310301 19310331   290.6
19310401 19310430    91.2
19310501 19310531   126.0
19310601 19310630   118.6
19310701 19310731    37.9
19310801 19310831    15.5
19310901 19310930    46.8
19311001 19311031    38.9
19311101 19311130    65.7
19311201 19311231   204.3
19320101 19320131    21.6
19320201 19320229    53.6
19320301 19320331   100.0
19320401 19320430    63.7
19320501 19320531    29.7
19320601 19320630    26.0
19320701 19320731    55.1
19320801 19320831    22.6
19320901 19320930   115.1
19321001 19321031    71.5
19321101 19321130    69.9
19321201 19321231    15.2
19330101 19330131   115.8
19330201 19330228    14.6
19330301 19330331    15.3
19330401 19330430    35.1
19330501 19330531    51.6
19330601 19330630    69.5
19330701 19330731   124.2
19330801 19330831    21.9
19330901 19330930    73.6
19331001 19331031   141.8
19331101 19331130    91.6
19331201 19331231    83.2
19340101 19340131    43.9
19340201 19340228   257.2
19340301 19340331     0.0
19340401 19340430    56.1
19340501 19340531    15.8
19340601 19340630    40.3
19340701 19340731    90.9
19340801 19340831    59.6
19340901 19340930    60.4
19341001 19341031   130.7
19341101 19341130    44.5
19341201 19341231    79.0
19350101 19350131   159.3
19350201 19350228    28.2
19350301 19350331    10.9
19350401 19350430    27.7
19350501 19350531    11.4
19350601 19350630    12.9
19350701 19350731    79.5
19350801 19350831    31.5
19350901 19350930    69.2
19351001 19351031    38.7
19351101 19351130    19.3
19351201 19351231    18.9
19360101 19360131    25.6
19360201 19360229    71.2
19360301 19360331    45.2
19360401 19360430    10.2
19360501 19360531    63.6
19360601 19360630    20.0
19360701 19360731   105.1
19360801 19360831    54.4
19360901 19360930    55.7
19361001 19361031     6.3
19361101 19361130    15.5
19361201 19361231    77.8
19370101 19370131    68.3
19370201 19370228    97.1
19370301 19370331   175.6
19370401 19370430    21.3
19370501 19370531     7.1
19370601 19370630    21.4
19370701 19370731    38.1
19370801 19370831    35.3
19370901 19370930    40.0
19371001 19371031    37.0
19371101 19371130   114.4
19371201 19371231    53.2
19380101 19380131    67.8
19380201 19380228    20.3
19380301 19380331    16.3
19380401 19380430     8.7
19380501 19380531   154.4
19380601 19380630    24.7
19380701 19380731    32.7
19380801 19380831    79.8
19380901 19380930    26.0
19381001 19381031    73.2
19381101 19381130    76.3
19381201 19381231    10.2
19390101 19390131   101.9
19390201 19390228     0.8
19390301 19390331    85.3
19390401 19390430    47.1
19390501 19390531     4.8
19390601 19390630    66.5
19390701 19390731    61.0
19390801 19390831    54.8
19390901 19390930     5.1
19391001 19391031    36.3
19391101 19391130    41.2
19391201 19391231    34.0
19400101 19400131    41.7
19400201 19400229    60.2
19400301 19400331    89.4
19400401 19400430    36.6
19400501 19400531     8.4
19400601 19400630    10.9
19400701 19400731     1.5
19400801 19400831    21.2
19400901 19400930    30.5
19401001 19401031    24.9
19401101 19401130    37.8
19401201 19401231   118.3
19410101 19410131   135.7
19410201 19410228    94.2
19410301 19410331   116.4
19410401 19410430     6.6
19410501 19410531     2.1
19410601 19410630    73.4
19410701 19410731     8.7
19410801 19410831    14.0
19410901 19410930     4.3
19411001 19411031    36.5
19411101 19411130    84.9
19411201 19411231    12.8
19420101 19420131    42.8
19420201 19420228    98.1
19420301 19420331    23.4
19420401 19420430     0.0
19420501 19420531    29.2
19420601 19420630    61.4
19420701 19420731   112.2
19420801 19420831     7.9
19420901 19420930    17.3
19421001 19421031    94.9
19421101 19421130    66.3
19421201 19421231   140.7
19430101 19430131    94.2
19430201 19430228    13.0
19430301 19430331    18.1
19430401 19430430    50.3
19430501 19430531    27.5
19430601 19430630    52.6
19430701 19430731    30.5
19430801 19430831    38.2
19430901 19430930    56.8
19431001 19431031    69.1
19431101 19431130   187.2
19431201 19431231    46.3
19440101 19440131    57.6
19440201 19440229    18.6
19440301 19440331     1.8
19440401 19440430     5.1
19440501 19440531    78.5
19440601 19440630     3.5
19440701 19440731    39.6
19440801 19440831   108.6
19440901 19440930    14.0
19441001 19441031    19.1
19441101 19441130    12.9
19441201 19441231    35.5
19450101 19450131    59.1
19450201 19450228   142.6
19450301 19450331     5.1
19450401 19450430    15.7
19450501 19450531    15.0
19450601 19450630   121.6
19450701 19450731    50.6
19450801 19450831    43.3
19450901 19450930    22.1
19451001 19451031     7.9
19451101 19451130    41.1
19451201 19451231    36.1
19460101 19460131   210.9
19460201 19460228    62.0
19460301 19460331     8.6
19460401 19460430    23.1
19460501 19460531    10.4
19460601 19460630    14.5
19460701 19460731    13.0
19460801 19460831     0.0
19460901 19460930    83.9
19461001 19461031    21.6
19461101 19461130    24.4
19461201 19461231    39.1
19470101 19470131    29.5
19470201 19470228   168.9
19470301 19470331    57.8
19470401 19470430    28.3
19470501 19470531     7.1
19470601 19470630    20.3
19470701 19470731    43.4
19470801 19470831    60.9
19470901 19470930    50.5
19471001 19471031    98.3
19471101 19471130    52.8
19471201 19471231   164.7
19480101 19480131    65.2
19480201 19480229    70.6
19480301 19480331    75.4
19480401 19480430    16.6
19480501 19480531    73.9
19480601 19480630   132.6
19480701 19480731    60.8
19480801 19480831    23.0
19480901 19480930    22.3
19481001 19481031    15.0
19481101 19481130    68.6
19481201 19481231    64.5
19490101 19490131    58.7
19490201 19490228   123.4
19490301 19490331    18.1
19490401 19490430    31.5
19490501 19490531    12.2
19490601 19490630    82.0
19490701 19490731    28.7
19490801 19490831    19.1
19490901 19490930    83.7
19491001 19491031   136.4
19491101 19491130    70.2
19491201 19491231    44.5
19500101 19500131    42.4
19500201 19500228   109.6
19500301 19500331    48.7
19500401 19500430    70.1
19500501 19500531    50.2
19500601 19500630   114.0
19500701 19500731   231.3
19500801 19500831    25.0
19500901 19500930    52.7
19501001 19501031   188.6
19501101 19501130   192.3
19501201 19501231     0.0
19510101 19510131   135.0
19510201 19510228    65.9
19510301 19510331    29.2
19510401 19510430    16.7
19510501 19510531    59.1
19510601 19510630    80.9
19510701 19510731     9.8
19510801 19510831    37.6
19510901 19510930    27.9
19511001 19511031    18.6
19511101 19511130    16.8
19511201 19511231    14.5
19520101 19520131    14.0
19520201 19520229   116.9
19520301 19520331    43.9
19520401 19520430    66.5
19520501 19520531    78.0
19520601 19520630    56.2
19520701 19520731    39.9
19520801 19520831   124.8
19520901 19520930    39.6
19521001 19521031   159.5
19521101 19521130    10.7
19521201 19521231    57.4
19530101 19530131    22.4
19530201 19530228   201.1
19530301 19530331    42.7
19530401 19530430    22.5
19530501 19530531    54.3
19530601 19530630     1.8
19530701 19530731    17.1
19530801 19530831    86.7
19530901 19530930    20.8
19531001 19531031    33.7
19531101 19531130    52.6
19531201 19531231     2.5
19540101 19540131    51.3
19540201 19540228   160.1
19540301 19540331     4.8
19540401 19540430     0.0
19540501 19540531    30.7
19540601 19540630    45.6
19540701 19540731    54.4
19540801 19540831    35.0
19540901 19540930    38.3
19541001 19541031   239.6
19541101 19541130   151.7
19541201 19541231    72.4
19550101 19550131    99.4
19550201 19550228   320.6
19550301 19550331     0.0
19550401 19550430    51.4
19550501 19550531    31.5
19550601 19550630    59.4
19550701 19550731    48.9
19550801 19550831    42.6
19550901 19550930    28.4
19551001 19551031   158.4
19551101 19551130    49.2
19551201 19551231    77.7
19560101 19560131   103.0
19560201 19560229   294.9
19560301 19560331    76.4
19560401 19560430    53.9
19560501 19560531   214.5
19560601 19560630    95.1
19560701 19560731    57.2
19560801 19560831     6.2
19560901 19560930    28.9
19561001 19561031    66.7
19561101 19561130    30.4
19561201 19561231    45.5
19570101 19570131    39.7
19570201 19570228    59.5
19570301 19570331    88.6
19570401 19570430    52.6
19570501 19570531     3.8
19570601 19570630    50.6
19570701 19570731     9.6
19570801 19570831    37.6
19570901 19570930     5.6
19571001 19571031    74.0
19571101 19571130     6.6
19571201 19571231    49.8
19580101 19580131    44.5
19580201 19580228    68.5
19580301 19580331    63.3
19580401 19580430    27.8
19580501 19580531    57.1
19580601 19580630    49.5
19580701 19580731     8.7
19580801 19580831    43.4
19580901 19580930    85.8
19581001 19581031    93.6
19581101 19581130    45.6
19581201 19581231   120.0
19590101 19590131   157.2
19590201 19590228   163.5
19590301 19590331    87.5
19590401 19590430    31.0
19590501 19590531    45.8
19590601 19590630    12.9
19590701 19590731    47.2
19590801 19590831     2.3
19590901 19590930    29.4
19591001 19591031    66.4
19591101 19591130    82.8
19591201 19591231   250.3
19600101 19600131    46.2
19600201 19600229    40.2
19600301 19600331    21.1
19600401 19600430    36.9
19600501 19600531    41.4
19600601 19600630    21.1
19600701 19600731    92.0
19600801 19600831    42.2
19600901 19600930    38.8
19601001 19601031    71.6
19601101 19601130    57.6
19601201 19601231    47.1
19610101 19610131    78.6
19610201 19610228    83.3
19610301 19610331    84.2
19610401 19610430    25.6
19610501 19610531    20.6
19610601 19610630    22.3
19610701 19610731    36.6
19610801 19610831    45.7
19610901 19610930     7.9
19611001 19611031    42.0
19611101 19611130   194.4
19611201 19611231    83.9
19620101 19620131   237.5
19620201 19620228    89.1
19620301 19620331    88.1
19620401 19620430    40.9
19620501 19620531    37.6
19620601 19620630    10.2
19620701 19620731    42.7
19620801 19620831    52.6
19620901 19620930    31.3
19621001 19621031    39.2
19621101 19621130    24.0
19621201 19621231   108.7
19630101 19630131   181.1
19630201 19630228     5.6
19630301 19630331   101.1
19630401 19630430    15.0
19630501 19630531   115.5
19630601 19630630    38.3
19630701 19630731    10.4
19630801 19630831    74.0
19630901 19630930    23.1
19631001 19631031    22.6
19631101 19631130    61.8
19631201 19631231    84.5
19640101 19640131   150.1
19640201 19640229    21.4
19640301 19640331    51.3
19640401 19640430   128.7
19640501 19640531    75.7
19640601 19640630    12.7
19640701 19640731    73.2
19640801 19640831    37.6
19640901 19640930   114.6
19641001 19641031   113.5
19641101 19641130    17.0
19641201 19641231    25.4
19650101 19650131    44.8
19650201 19650228     8.2
19650301 19650331     9.6
19650401 19650430    32.8
19650501 19650531    12.2
19650601 19650630    19.1
19650701 19650731    19.0
19650801 19650831    32.9
19650901 19650930    17.8
19651001 19651031    29.2
19651101 19651130    36.6
19651201 19651231   112.7
19660101 19660131    21.9
19660201 19660228    52.5
19660301 19660331    67.8
19660401 19660430    47.3
19660501 19660531     5.1
19660601 19660630    43.3
19660701 19660731    25.1
19660801 19660831   141.6
19660901 19660930    24.4
19661001 19661031   108.0
19661101 19661130   132.9
19661201 19661231    29.3
19670101 19670131    32.3
19670201 19670228    31.5
19670301 19670331   140.7
19670401 19670430     6.6
19670501 19670531    25.0
19670601 19670630    69.1
19670701 19670731    18.1
19670801 19670831    54.2
19670901 19670930    11.4
19671001 19671031    41.7
19671101 19671130     6.5
19671201 19671231    44.7
19680101 19680131   198.7
19680201 19680229    95.2
19680301 19680331    31.4
19680401 19680430    26.9
19680501 19680531   109.4
19680601 19680630     6.6
19680701 19680731    60.2
19680801 19680831    80.8
19680901 19680930    41.4
19681001 19681031    31.5
19681101 19681130    28.0
19681201 19681231   113.7
19690101 19690131   124.2
19690201 19690228    36.9
19690301 19690331    36.5
19690401 19690430    40.7
19690501 19690531    75.2
19690601 19690630    26.5
19690701 19690731    44.0
19690801 19690831    32.9
19690901 19690930    48.9
19691001 19691031   111.1
19691101 19691130   102.6
19691201 19691231    99.0
19700101 19700131   153.4
19700201 19700228    35.8
19700301 19700331    17.5
19700401 19700430    54.1
19700501 19700531    13.0
19700601 19700630    17.5
19700701 19700731     1.3
19700801 19700831    35.4
19700901 19700930   175.0
19701001 19701031    13.0
19701101 19701130    75.4
19701201 19701231   267.8
19710101 19710131   229.9
19710201 19710228   253.6
19710301 19710331     0.5
19710401 19710430    12.7
19710501 19710531    10.5
19710601 19710630     4.7
19710701 19710731   137.0
19710801 19710831   131.7
19710901 19710930    92.7
19711001 19711031    37.6
19711101 19711130   103.3
19711201 19711231    76.8
19720101 19720131    72.0
19720201 19720229    35.8
19720301 19720331     6.4
19720401 19720430    59.7
19720501 19720531    49.5
19720601 19720630    13.9
19720701 19720731     1.3
19720801 19720831    49.6
19720901 19720930    45.4
19721001 19721031    94.0
19721101 19721130   116.5
19721201 19721231    59.1
19730101 19730131   141.3
19730201 19730228   199.8
19730301 19730331    43.0
19730401 19730430     3.6
19730501 19730531    16.5
19730601 19730630    27.0
19730701 19730731    71.9
19730801 19730831    47.1
19730901 19730930    76.0
19731001 19731031   130.3
19731101 19731130   111.7
19731201 19731231   101.4
19740101 19740131   210.4
19740201 19740228    25.4
19740301 19740331    19.6
19740401 19740430    44.3
19740501 19740531    64.3
19740601 19740630    32.9
19740701 19740731    13.0
19740801 19740831    38.4
19740901 19740930    28.8
19741001 19741031    66.5
19741101 19741130    67.3
19741201 19741231     4.6
19750101 19750131    61.0
19750201 19750228   199.4
19750301 19750331   180.4
19750401 19750430    12.0
19750501 19750531     3.4
19750601 19750630    43.4
19750701 19750731    60.0
19750801 19750831    41.2
19750901 19750930    15.3
19751001 19751031    86.6
19751101 19751130    43.8
19751201 19751231    49.7
19760101 19760131   174.5
19760201 19760229   278.7
19760301 19760331    51.6
19760401 19760430     3.0
19760501 19760531    25.0
19760601 19760630    92.0
19760701 19760731    48.0
19760801 19760831     1.6
19760901 19760930    25.4
19761001 19761031    48.8
19761101 19761130    50.7
19761201 19761231    19.6
19770101 19770131   126.2
19770201 19770228   189.0
19770301 19770331   105.9
19770401 19770430   119.7
19770501 19770531   126.4
19770601 19770630    21.0
19770701 19770731     1.2
19770801 19770831    14.8
19770901 19770930    34.0
19771001 19771031    22.0
19771101 19771130    18.2
19771201 19771231    49.2
19780101 19780131   182.7
19780201 19780228    83.4
19780301 19780331    60.6
19780401 19780430    16.4
19780501 19780531    73.2
19780601 19780630    89.0
19780701 19780731    70.6
19780801 19780831    43.6
19780901 19780930   127.8
19781001 19781031    19.2
19781101 19781130   107.2
19781201 19781231    80.4
19790101 19790131    74.8
19790201 19790228    10.5
19790301 19790331    93.6
19790401 19790430    18.2
19790501 19790531    87.2
19790601 19790630    40.0
19790701 19790731    14.0
19790801 19790831    22.2
19790901 19790930    55.8
19791001 19791031   101.5
19791101 19791130    88.2
19791201 19791231    18.6
19800101 19800131    63.8
19800201 19800229    69.8
19800301 19800331    24.7
19800401 19800430     2.6
19800501 19800531    99.8
19800601 19800630    15.5
19800701 19800731    31.5
19800801 19800831    14.8
19800901 19800930     1.8
19801001 19801031    62.2
19801101 19801130    21.0
19801201 19801231    97.3
19810101 19810131     9.3
19810201 19810228    64.2
19810301 19810331    12.8
19810401 19810430    18.2
19810501 19810531    64.0
19810601 19810630   111.2
19810701 19810731    85.2
19810801 19810831    10.8
19810901 19810930    27.8
19811001 19811031    56.0
19811101 19811130    63.5
19811201 19811231    65.4
19820101 19820131    80.0
19820201 19820228   117.0
19820301 19820331   161.0
19820401 19820430    31.2
19820501 19820531    22.0
19820601 19820630     4.7
19820701 19820731    18.0
19820801 19820831     0.7
19820901 19820930    21.6
19821001 19821031    33.0
19821101 19821130     5.2
19821201 19821231   108.2
19830101 19830131    81.2
19830201 19830228    16.6
19830301 19830331    57.2
19830401 19830430   110.0
19830501 19830531   171.6
19830601 19830630    60.6
19830701 19830731    41.4
19830801 19830831    62.2
19830901 19830930    81.0
19831001 19831031   155.7
19831101 19831130    87.8
19831201 19831231   126.0
19840101 19840131   170.8
19840201 19840229   156.6
19840301 19840331    55.6
19840401 19840430    59.0
19840501 19840531     1.2
19840601 19840630     5.2
19840701 19840731   190.6
19840801 19840831    25.4
19840901 19840930    41.6
19841001 19841031    52.0
19841101 19841130    79.8
19841201 19841231    65.8
19850101 19850131    26.0
19850201 19850228   102.6
19850301 19850331    40.6
19850401 19850430    50.1
19850501 19850531    21.2
19850601 19850630    23.0
19850701 19850731    65.6
19850801 19850831    90.6
19850901 19850930    19.0
19851001 19851031    63.2
19851101 19851130    76.8
19851201 19851231   191.8
19860101 19860131    32.6
19860201 19860228    40.0
19860301 19860331     8.4
19860401 19860430     5.6
19860501 19860531    71.4
19860601 19860630     0.0
19860701 19860731   124.4
19860801 19860831    41.0
19860901 19860930    58.2
19861001 19861031    75.8
19861101 19861130    36.8
19861201 19861231    38.4
19870101 19870131   171.2
19870201 19870228    59.4
19870301 19870331   111.0
19870401 19870430    13.4
19870501 19870531    84.4
19870601 19870630    44.6
19870701 19870731    31.8
19870801 19870831    86.5
19870901 19870930    20.0
19871001 19871031    47.8
19871101 19871130    35.4
19871201 19871231   108.6
19880101 19880131    95.4
19880201 19880229    69.0
19880301 19880331     8.4
19880401 19880430   204.2
19880501 19880531    20.0
19880601 19880630    34.2
19880701 19880731    73.4
19880801 19880831    82.2
19880901 19880930    87.0
19881001 19881031    23.4
19881101 19881130    44.4
19881201 19881231   142.8
19890101 19890131    29.4
19890201 19890228    16.2
19890301 19890331    67.6
19890401 19890430    89.8
19890501 19890531    66.2
19890601 19890630    62.6
19890701 19890731    72.6
19890801 19890831     5.6
19890901 19890930     0.0
19891001 19891031    63.0
19891101 19891130   116.3
19891201 19891231    42.2
19900101 19900131    52.0
19900201 19900228   122.0
19900301 19900331     4.0
19900401 19900430   135.0
19900501 19900531    66.6
19900601 19900630    42.4
19900701 19900731    75.0
19900801 19900831    30.0
19900901 19900930    24.0
19901001 19901031    32.8
19901101 19901130     2.0
19901201 19901231    32.0
19910101 19910131   159.8
19910201 19910228   139.0
19910301 19910331    72.8
19910401 19910430     6.0
19910501 19910531   132.4
19910601 19910630    43.0
19910701 19910731    58.0
19910801 19910831     0.0
19910901 19910930     6.6
19911001 19911031    14.8
19911101 19911130    46.0
19911201 19911231   120.0
19920101 19920131    17.6
19920201 19920229    35.6
19920301 19920331     0.0
19920401 19920430    30.6
19920501 19920531    30.0
19920601 19920630     5.0
19920701 19920731    50.0
19920801 19920831    71.0
19920901 19920930    26.6
19921001 19921031    35.0
19921101 19921130   105.7
19921201 19921231    57.0
19930101 19930131    88.6
19930201 19930228    63.8
19930301 19930331    14.3
19930401 19930430     0.0
19930501 19930531    41.6
19930601 19930630    68.8
19930701 19930731    73.8
19930801 19930831    40.0
19930901 19930930    66.2
19931001 19931031   103.0
19931101 19931130    33.4
19931201 19931231    70.0
19940101 19940131    29.6
19940201 19940228   118.9
19940301 19940331    96.0
19940401 19940430    16.0
19940501 19940531     1.0
19940601 19940630    53.0
19940701 19940731     5.4
19940801 19940831    24.4
19940901 19940930     8.6
19941001 19941031    27.4
19941101 19941130    38.8
19941201 19941231    89.0
19950101 19950131   222.3
19950201 19950228    39.0
19950301 19950331     6.4
19950401 19950430     4.0
19950501 19950531    47.4
19950601 19950630    70.6
19950701 19950731    17.6
19950801 19950831     0.0
19950901 19950930    63.0
19951001 19951031    68.2
19951101 19951130   261.0
19951201 19951231    63.6
19960101 19960131   246.0
19960201 19960229    35.6
19960301 19960331     7.8
19960401 19960430    12.2
19960501 19960531    87.6
19960601 19960630    43.4
19960701 19960731    61.4
19960801 19960831    54.4
19960901 19960930    67.0
19961001 19961031    25.0
19961101 19961130    62.0
19961201 19961231   116.6
19970101 19970131    98.0
19970201 19970228   215.2
19970301 19970331    27.0
19970401 19970430     0.0
19970501 19970531    80.8
19970601 19970630    34.2
19970701 19970731    19.0
19970801 19970831    11.0
19970901 19970930    50.0
19971001 19971031    86.8
19971101 19971130    54.8
19971201 19971231   149.9
19980101 19980131    25.0
19980201 19980228    80.6
19980301 19980331     3.6
19980401 19980430    56.2
19980501 19980531    76.0
19980601 19980630    36.8
19980701 19980731   185.6
19980801 19980831    96.4
19980901 19980930   109.2
19981001 19981031    89.0
19981101 19981130    37.6
19981201 19981231    69.0
19990101 19990131    85.6
19990201 19990228    80.0
19990301 19990331    91.8
19990401 19990430    26.4
19990501 19990531    14.4
19990601 19990630    43.0
19990701 19990731    34.6
19990801 19990831    63.2
19990901 19990930    30.4
19991001 19991031   213.0
19991101 19991130   103.6
19991201 19991231    65.4
20000101 20000131    45.0
20000201 20000229    31.0
20000301 20000331   160.0
20000401 20000430    18.0
20000501 20000531    21.4
20000601 20000630     6.0
20000701 20000731    19.0
20000801 20000831    44.8
20000901 20000930     6.6
20001001 20001031   113.0
20001101 20001130   224.0
20001201 20001231    94.6
20010101 20010131   102.4
20010201 20010228   127.0
20010301 20010331    83.0
20010401 20010430    32.0
20010501 20010531    38.6
20010601 20010630    13.0
20010701 20010731    78.0
20010801 20010831    15.0
20010901 20010930    27.0
20011001 20011031    62.0
20011101 20011130   131.6
20011201 20011231    45.6
20020101 20020131    45.6
20020201 20020228    99.0
20020301 20020331    88.4
20020401 20020430     1.5
20020501 20020531     5.8
20020601 20020630    39.6
20020701 20020731     0.0
20020801 20020831    17.4
20020901 20020930    47.4
20021001 20021031    69.4
20021101 20021130    34.4
20021201 20021231    45.0
20030101 20030131    15.0
20030201 20030228   238.4
20030301 20030331   100.0
20030401 20030430    90.2
20030501 20030531     2.0
20030601 20030630    26.8
20030701 20030731    44.4
20030801 20030831    46.4
20030901 20030930     1.6
20031001 20031031    78.2
20031101 20031130 99999.9
20031201 20031231    91.2
20040101 20040131   279.4
20040201 20040229    54.0
20040301 20040331    30.6
20040401 20040430    22.4
20040501 20040531    22.5
20040601 20040630    18.0
20040701 20040731    24.8
20040801 20040831    27.7
20040901 20040930    98.7
20041001 20041031    67.1
20041101 20041130   117.4
20041201 20041231   221.5
20050101 20050131    46.8
20050201 20050228    45.8
20050301 20050331    16.2
20050401 20050430     0.0
20050501 20050531    18.8
20050601 20050630   162.2
20050701 20050731    26.8
20050801 20050831    26.5
20050901 20050930    59.9
20051001 20051031    41.1
20051101 20051130    58.3
20051201 20051231   155.7
20060101 20060131    50.6
20060201 20060228    91.8
20060301 20060331    26.2
20060401 20060430    22.1
20060501 20060531     5.8
20060601 20060630    61.4
20060701 20060731    68.1
20060801 20060831    20.2
20060901 20060930    34.2
20061001 20061031     9.6
20061101 20061130    40.1
20061201 20061231    24.8
20070101 20070131    54.8
20070201 20070228   120.2
20070301 20070331   134.4
20070401 20070430    46.0
20070501 20070531    26.4
20070601 20070630    67.1
20070701 20070731     3.1
20070801 20070831    55.4
20070901 20070930     9.0
20071001 20071031    31.9
20071101 20071130    69.2
20071201 20071231    88.2
20080101 20080131   127.5
20080201 20080229   114.0
20080301 20080331     0.6
20080401 20080430 99999.9
20080501 20080531 99999.9
20080601 20080630    47.6
20080701 20080731    31.3
20080801 20080831     7.0
20080901 20080930    88.8
20081001 20081031    25.4
20081101 20081130   234.2
20081201 20081231    70.2
20090101 20090131    81.0
20090201 20090228    99.4
20090301 20090331     4.4
20090401 20090430    63.7
20090501 20090531    33.6
20090601 20090630    21.4
20090701 20090731    18.8
20090801 20090831     7.3
20090901 20090930    32.1
20091001 20091031    37.0
20091101 20091130    37.0
20091201 20091231    87.2
20100101 20100131    77.2
20100201 20100228    62.7
20100301 20100331    38.6
20100401 20100430     7.1
20100501 20100531    67.5
20100601 20100630    42.1
20100701 20100731   105.6
20100801 20100831    68.9
20100901 20100930    86.8
20101001 20101031    76.4
20101101 20101130   141.4
20101201 20101231   131.6
20110101 20110131    81.4
20110201 20110228    49.3
20110301 20110331    27.4
20110401 20110430    69.8
20110501 20110531    43.5
20110601 20110630    51.2
20110701 20110731     3.7
20110801 20110831    59.0
20110901 20110930    78.4
20111001 20111031    53.6
20111101 20111130   254.6
20111201 20111231   236.4
20120101 20120131   145.8
20120201 20120229   165.6
20120301 20120331    13.5
20120401 20120430    33.6
20120501 20120531    40.0
20120601 20120630    25.7
20120701 20120731   106.1
20120801 20120831     6.6
20120901 20120930    20.5
20121001 20121031    15.3
20121101 20121130    63.3
20121201 20121231    92.9
20130101 20130131   157.1
20130201 20130228    52.4
20130301 20130331   100.3
20130401 20130430     7.2
20130501 20130531    29.2
20130601 20130630    83.5
20130701 20130731    32.6
20130801 20130831    13.3
20130901 20130930    38.4
20131001 20131031    13.5
20131101 20131130    31.7
20131201 20131231    34.6
20140101 20140131    28.0
20140201 20140228    26.5
20140301 20140331   104.4
20140401 20140430    22.3
20140501 20140531    14.1
20140601 20140630    49.3
20140701 20140731     6.9
20140801 20140831    80.9
20140901 20140930    20.5
20141001 20141031 99999.9
20141101 20141130     5.0
20141201 20141231 99999.9
20150101 20150131   116.7
20150201 20150228    18.3
20150301 20150331   145.0
20150401 20150430 99999.9
20150501 20150531 99999.9
20150601 20150630 99999.9
20150701 20150731 99999.9
20150801 20150831 99999.9
20150901 20150930 99999.9
20151001 20151031 99999.9
20151101 20151130 99999.9
20151201 20151231 99999.9
20160101 20160131 99999.9
20160201 20160229 99999.9
20160301 20160331 99999.9
20160401 20160430 99999.9
20160501 20160531 99999.9
20160601 20160630 99999.9
20160701 20160731 99999.9
20160801 20160831 99999.9
20160901 20160930 99999.9
20161001 20161031 99999.9
20161101 20161130 99999.9
20161201 20161231 99999.9
20170101 20170131    79.3
20170201 20170228    25.5
20170301 20170331   219.0
20170401 20170430    37.0
20170501 20170531    62.5
20170601 20170630    57.5
20170701 20170731 99999.9
20170801 20170831    16.5
20170901 20170930     4.0
