PRCP       040013 19100101 20161231 missing_value=99999.9 COWAL                                     
19100101 19100131    68.8
19100201 19100228    56.9
19100301 19100331    69.3
19100401 19100430    26.7
19100501 19100531    15.7
19100601 19100630    25.4
19100701 19100731     4.3
19100801 19100831    15.2
19100901 19100930    22.9
19101001 19101031    57.2
19101101 19101130    51.1
19101201 19101231    50.3
19110101 19110131   289.2
19110201 19110228   155.8
19110301 19110331   218.7
19110401 19110430    71.7
19110501 19110531     3.9
19110601 19110630     0.8
19110701 19110731    18.8
19110801 19110831    18.8
19110901 19110930     0.0
19111001 19111031    84.8
19111101 19111130    14.6
19111201 19111231   111.7
19120101 19120131    91.8
19120201 19120229    66.7
19120301 19120331   236.5
19120401 19120430     9.4
19120501 19120531    20.1
19120601 19120630   233.2
19120701 19120731    45.5
19120801 19120831    23.4
19120901 19120930     3.6
19121001 19121031   116.4
19121101 19121130    99.7
19121201 19121231    95.5
19130101 19130131   609.6
19130201 19130228   114.4
19130301 19130331    92.4
19130401 19130430   153.5
19130501 19130531   183.5
19130601 19130630   126.3
19130701 19130731    60.0
19130801 19130831     0.0
19130901 19130930   138.5
19131001 19131031    10.6
19131101 19131130    89.2
19131201 19131231   110.7
19140101 19140131    91.5
19140201 19140228   262.5
19140301 19140331   288.9
19140401 19140430    93.8
19140501 19140531    74.8
19140601 19140630   152.8
19140701 19140731    32.2
19140801 19140831    41.2
19140901 19140930    32.1
19141001 19141031   139.2
19141101 19141130    64.8
19141201 19141231    85.0
19150101 19150131   109.0
19150201 19150228   219.4
19150301 19150331     3.3
19150401 19150430    25.8
19150501 19150531    17.8
19150601 19150630    13.5
19150701 19150731    11.6
19150801 19150831    65.6
19150901 19150930    53.1
19151001 19151031     6.7
19151101 19151130    76.2
19151201 19151231    63.9
19160101 19160131    22.7
19160201 19160229    91.7
19160301 19160331   181.3
19160401 19160430   111.3
19160501 19160531    68.7
19160601 19160630    82.8
19160701 19160731    75.0
19160801 19160831    65.9
19160901 19160930    69.1
19161001 19161031   226.5
19161101 19161130   116.1
19161201 19161231   141.3
19170101 19170131   163.3
19170201 19170228   104.7
19170301 19170331   104.0
19170401 19170430    41.7
19170501 19170531    48.8
19170601 19170630     7.1
19170701 19170731    23.1
19170801 19170831    50.9
19170901 19170930   121.5
19171001 19171031    36.1
19171101 19171130   233.0
19171201 19171231    87.3
19180101 19180131   258.6
19180201 19180228   147.6
19180301 19180331    63.3
19180401 19180430   103.4
19180501 19180531    32.9
19180601 19180630     5.2
19180701 19180731    10.5
19180801 19180831    38.5
19180901 19180930     6.9
19181001 19181031     7.9
19181101 19181130    28.2
19181201 19181231    24.4
19190101 19190131    15.6
19190201 19190228    71.7
19190301 19190331   101.5
19190401 19190430    73.4
19190501 19190531   146.2
19190601 19190630    19.5
19190701 19190731    10.6
19190801 19190831    37.6
19190901 19190930     0.0
19191001 19191031    60.5
19191101 19191130     2.1
19191201 19191231     4.5
19200101 19200131   382.6
19200201 19200229    44.8
19200301 19200331   101.5
19200401 19200430    45.5
19200501 19200531    52.9
19200601 19200630    60.3
19200701 19200731    39.3
19200801 19200831    29.1
19200901 19200930    79.7
19201001 19201031   126.1
19201101 19201130    59.4
19201201 19201231   148.9
19210101 19210131   149.0
19210201 19210228    70.3
19210301 19210331   138.4
19210401 19210430   217.9
19210501 19210531    87.7
19210601 19210630   103.4
19210701 19210731   103.1
19210801 19210831    35.9
19210901 19210930    47.3
19211001 19211031    28.8
19211101 19211130    87.0
19211201 19211231   261.5
19220101 19220131    56.7
19220201 19220228   180.0
19220301 19220331    53.1
19220401 19220430     2.1
19220501 19220531    60.0
19220601 19220630    63.8
19220701 19220731    65.7
19220801 19220831     2.1
19220901 19220930    53.8
19221001 19221031    40.4
19221101 19221130   124.2
19221201 19221231   160.6
19230101 19230131   116.6
19230201 19230228    18.6
19230301 19230331    45.0
19230401 19230430   197.5
19230501 19230531    16.0
19230601 19230630   115.1
19230701 19230731    51.1
19230801 19230831    12.7
19230901 19230930    31.8
19231001 19231031    10.7
19231101 19231130    50.4
19231201 19231231   169.9
19240101 19240131    88.5
19240201 19240229   282.1
19240301 19240331   112.9
19240401 19240430    50.8
19240501 19240531    35.8
19240601 19240630    56.1
19240701 19240731   159.6
19240801 19240831    28.4
19240901 19240930    69.9
19241001 19241031   123.2
19241101 19241130   147.7
19241201 19241231   208.5
19250101 19250131   359.0
19250201 19250228    99.3
19250301 19250331   274.5
19250401 19250430    30.7
19250501 19250531    20.4
19250601 19250630   196.0
19250701 19250731     6.6
19250801 19250831    47.8
19250901 19250930    35.4
19251001 19251031    32.6
19251101 19251130   108.7
19251201 19251231   121.9
19260101 19260131   186.0
19260201 19260228     9.1
19260301 19260331   104.2
19260401 19260430    79.1
19260501 19260531   170.2
19260601 19260630   121.5
19260701 19260731    10.9
19260801 19260831     2.3
19260901 19260930    99.9
19261001 19261031    43.7
19261101 19261130     0.3
19261201 19261231   625.7
19270101 19270131   353.7
19270201 19270228   158.8
19270301 19270331   268.9
19270401 19270430   108.7
19270501 19270531     3.1
19270601 19270630    91.6
19270701 19270731    18.8
19270801 19270831    23.3
19270901 19270930    80.0
19271001 19271031   144.0
19271101 19271130   132.0
19271201 19271231   174.9
19280101 19280131   221.7
19280201 19280229   539.8
19280301 19280331    39.9
19280401 19280430   428.5
19280501 19280531    63.5
19280601 19280630   170.2
19280701 19280731    22.9
19280801 19280831     5.9
19280901 19280930    17.0
19281001 19281031    60.2
19281101 19281130    67.3
19281201 19281231    77.9
19290101 19290131   157.1
19290201 19290228   299.4
19290301 19290331    57.0
19290401 19290430   304.7
19290501 19290531     2.6
19290601 19290630    57.2
19290701 19290731     6.6
19290801 19290831    33.7
19290901 19290930     3.9
19291001 19291031   111.2
19291101 19291130   150.3
19291201 19291231    99.3
19300101 19300131   372.9
19300201 19300228   188.2
19300301 19300331    63.0
19300401 19300430    39.9
19300501 19300531   120.2
19300601 19300630   366.7
19300701 19300731    40.3
19300801 19300831    69.0
19300901 19300930    27.2
19301001 19301031    38.5
19301101 19301130    95.6
19301201 19301231    67.9
19310101 19310131    65.0
19310201 19310228   505.7
19310301 19310331   198.2
19310401 19310430    84.5
19310501 19310531    74.3
19310601 19310630    25.5
19310701 19310731    19.6
19310801 19310831    38.3
19310901 19310930    15.5
19311001 19311031    25.0
19311101 19311130    89.3
19311201 19311231   150.6
19320101 19320131     5.1
19320201 19320229    60.4
19320301 19320331     4.5
19320401 19320430   164.1
19320501 19320531    45.1
19320601 19320630    22.8
19320701 19320731    12.2
19320801 19320831    15.9
19320901 19320930    91.4
19321001 19321031   114.2
19321101 19321130    38.7
19321201 19321231   118.1
19330101 19330131   168.2
19330201 19330228    81.8
19330301 19330331    18.1
19330401 19330430   170.0
19330501 19330531    53.7
19330601 19330630    67.6
19330701 19330731   142.5
19330801 19330831    65.4
19330901 19330930    90.8
19331001 19331031   188.2
19331101 19331130   141.5
19331201 19331231   204.4
19340101 19340131    92.4
19340201 19340228   423.7
19340301 19340331    76.8
19340401 19340430   297.4
19340501 19340531    63.4
19340601 19340630    69.1
19340701 19340731    62.0
19340801 19340831    66.1
19340901 19340930    21.9
19341001 19341031   148.2
19341101 19341130   176.6
19341201 19341231   224.6
19350101 19350131   177.7
19350201 19350228   161.7
19350301 19350331    55.2
19350401 19350430   128.2
19350501 19350531    68.6
19350601 19350630     0.0
19350701 19350731   116.5
19350801 19350831    60.0
19350901 19350930    96.8
19351001 19351031    60.8
19351101 19351130     0.3
19351201 19351231   160.8
19360101 19360131   220.8
19360201 19360229    70.2
19360301 19360331   178.8
19360401 19360430    24.2
19360501 19360531    43.5
19360601 19360630   184.5
19360701 19360731    41.3
19360801 19360831     2.0
19360901 19360930    35.5
19361001 19361031    45.7
19361101 19361130    52.2
19361201 19361231    51.7
19370101 19370131    48.7
19370201 19370228   165.0
19370301 19370331   393.8
19370401 19370430    42.2
19370501 19370531    15.2
19370601 19370630    22.9
19370701 19370731    43.2
19370801 19370831    39.9
19370901 19370930     8.2
19371001 19371031    88.2
19371101 19371130   151.4
19371201 19371231   100.4
19380101 19380131   210.1
19380201 19380228    29.7
19380301 19380331   224.3
19380401 19380430    55.5
19380501 19380531   199.5
19380601 19380630    62.2
19380701 19380731    86.3
19380801 19380831    61.3
19380901 19380930    21.3
19381001 19381031    60.4
19381101 19381130   152.5
19381201 19381231    14.9
19390101 19390131   129.0
19390201 19390228    67.8
19390301 19390331   199.4
19390401 19390430   122.1
19390501 19390531    55.6
19390601 19390630   103.6
19390701 19390731    62.8
19390801 19390831    71.6
19390901 19390930     0.0
19391001 19391031    73.7
19391101 19391130   111.3
19391201 19391231    84.8
19400101 19400131    80.1
19400201 19400229   133.2
19400301 19400331   221.2
19400401 19400430    65.4
19400501 19400531    32.0
19400601 19400630    23.6
19400701 19400731    15.5
19400801 19400831    27.2
19400901 19400930    28.0
19401001 19401031    18.3
19401101 19401130   190.5
19401201 19401231   134.6
19410101 19410131   188.0
19410201 19410228    89.6
19410301 19410331   247.6
19410401 19410430    62.9
19410501 19410531   177.8
19410601 19410630    49.8
19410701 19410731     5.8
19410801 19410831    14.0
19410901 19410930    10.4
19411001 19411031    22.9
19411101 19411130    18.6
19411201 19411231    93.4
19420101 19420131   135.0
19420201 19420228   177.4
19420301 19420331    19.7
19420401 19420430    95.0
19420501 19420531    43.5
19420601 19420630    27.2
19420701 19420731    63.7
19420801 19420831     6.2
19420901 19420930    13.1
19421001 19421031    76.0
19421101 19421130    15.7
19421201 19421231   202.3
19430101 19430131   127.3
19430201 19430228   124.1
19430301 19430331    21.1
19430401 19430430    73.3
19430501 19430531    54.6
19430601 19430630    36.5
19430701 19430731     0.0
19430801 19430831    25.6
19430901 19430930    78.5
19431001 19431031   157.5
19431101 19431130    93.4
19431201 19431231   276.6
19440101 19440131   117.9
19440201 19440229   134.3
19440301 19440331    52.0
19440401 19440430    57.4
19440501 19440531    66.3
19440601 19440630    52.1
19440701 19440731   106.4
19440801 19440831    36.6
19440901 19440930    28.3
19441001 19441031    26.9
19441101 19441130    78.4
19441201 19441231   110.3
19450101 19450131   145.2
19450201 19450228   220.9
19450301 19450331    66.1
19450401 19450430    37.4
19450501 19450531    54.6
19450601 19450630    68.6
19450701 19450731    77.2
19450801 19450831     3.1
19450901 19450930    99.8
19451001 19451031    74.6
19451101 19451130     6.9
19451201 19451231    19.7
19460101 19460131    77.5
19460201 19460228    84.6
19460301 19460331   151.3
19460401 19460430    91.4
19460501 19460531    13.2
19460601 19460630     3.6
19460701 19460731     3.1
19460801 19460831    16.4
19460901 19460930    44.2
19461001 19461031    42.5
19461101 19461130    28.4
19461201 19461231    88.7
19470101 19470131   137.1
19470201 19470228   359.8
19470301 19470331   234.3
19470401 19470430    85.7
19470501 19470531    56.5
19470601 19470630    23.4
19470701 19470731     1.3
19470801 19470831    28.7
19470901 19470930    96.2
19471001 19471031    44.2
19471101 19471130   181.5
19471201 19471231    68.7
19480101 19480131    73.7
19480201 19480229   131.6
19480301 19480331   193.4
19480401 19480430   238.9
19480501 19480531   210.4
19480601 19480630   125.7
19480701 19480731    26.9
19480801 19480831     4.0
19480901 19480930    29.7
19481001 19481031     0.3
19481101 19481130    52.2
19481201 19481231   111.8
19490101 19490131   152.9
19490201 19490228   308.1
19490301 19490331   336.1
19490401 19490430    58.0
19490501 19490531    35.7
19490601 19490630    52.1
19490701 19490731    26.9
19490801 19490831     3.4
19490901 19490930    93.0
19491001 19491031   324.1
19491101 19491130    91.0
19491201 19491231   100.1
19500101 19500131   271.9
19500201 19500228   438.3
19500301 19500331   165.3
19500401 19500430    82.3
19500501 19500531    38.3
19500601 19500630   107.0
19500701 19500731   178.3
19500801 19500831    27.3
19500901 19500930    10.7
19501001 19501031    94.2
19501101 19501130   223.9
19501201 19501231    68.7
19510101 19510131   337.6
19510201 19510228    89.7
19510301 19510331    63.2
19510401 19510430    19.9
19510501 19510531    15.3
19510601 19510630    19.6
19510701 19510731     3.6
19510801 19510831    13.5
19510901 19510930    22.9
19511001 19511031    35.3
19511101 19511130    10.5
19511201 19511231    23.1
19520101 19520131   113.4
19520201 19520229    55.0
19520301 19520331   214.3
19520401 19520430   120.7
19520501 19520531   118.5
19520601 19520630    60.4
19520701 19520731    33.4
19520801 19520831    46.5
19520901 19520930    38.8
19521001 19521031    33.9
19521101 19521130   116.3
19521201 19521231    19.1
19530101 19530131   121.5
19530201 19530228   373.1
19530301 19530331   214.8
19530401 19530430   116.1
19530501 19530531    19.8
19530601 19530630     2.3
19530701 19530731     0.0
19530801 19530831    75.0
19530901 19530930     6.9
19531001 19531031   126.5
19531101 19531130   129.8
19531201 19531231    78.6
19540101 19540131   113.9
19540201 19540228   358.1
19540301 19540331    47.4
19540401 19540430    63.0
19540501 19540531    38.3
19540601 19540630    25.9
19540701 19540731   285.3
19540801 19540831    75.8
19540901 19540930    63.1
19541001 19541031   136.1
19541101 19541130    72.7
19541201 19541231    71.8
19550101 19550131    71.7
19550201 19550228   251.5
19550301 19550331   601.0
19550401 19550430   180.7
19550501 19550531   204.2
19550601 19550630    19.8
19550701 19550731    45.3
19550801 19550831     4.1
19550901 19550930    34.2
19551001 19551031    93.0
19551101 19551130    74.9
19551201 19551231   150.7
19560101 19560131   186.8
19560201 19560229   450.1
19560301 19560331   480.4
19560401 19560430    54.4
19560501 19560531   118.1
19560601 19560630   124.3
19560701 19560731    53.1
19560801 19560831    21.8
19560901 19560930    18.6
19561001 19561031    55.3
19561101 19561130    61.0
19561201 19561231   556.4
19570101 19570131   100.2
19570201 19570228    84.6
19570301 19570331    48.2
19570401 19570430    23.6
19570501 19570531     2.0
19570601 19570630    32.7
19570701 19570731    74.6
19570801 19570831    69.0
19570901 19570930     4.3
19571001 19571031     5.2
19571101 19571130    52.6
19571201 19571231    28.1
19580101 19580131    87.1
19580201 19580228   302.4
19580301 19580331   127.2
19580401 19580430   244.3
19580501 19580531    14.5
19580601 19580630   202.8
19580701 19580731     4.6
19580801 19580831    32.0
19580901 19580930    43.0
19581001 19581031    30.8
19581101 19581130     4.4
19581201 19581231   221.9
19590101 19590131   222.8
19590201 19590228   106.5
19590301 19590331   233.8
19590401 19590430    26.5
19590501 19590531    56.8
19590601 19590630    33.5
19590701 19590731    84.1
19590801 19590831    14.5
19590901 19590930    87.6
19591001 19591031   115.3
19591101 19591130   180.9
19591201 19591231   137.1
19600101 19600131   102.2
19600201 19600229    90.5
19600301 19600331    45.0
19600401 19600430    32.1
19600501 19600531    70.5
19600601 19600630    16.4
19600701 19600731    22.8
19600801 19600831    17.3
19600901 19600930     3.5
19601001 19601031   117.2
19601101 19601130    74.5
19601201 19601231    51.4
19610101 19610131   125.7
19610201 19610228   220.5
19610301 19610331   137.5
19610401 19610430    51.3
19610501 19610531    42.8
19610601 19610630    34.8
19610701 19610731    49.2
19610801 19610831    21.1
19610901 19610930    32.0
19611001 19611031    89.8
19611101 19611130   119.4
19611201 19611231   163.4
19620101 19620131   215.1
19620201 19620228   174.9
19620301 19620331   211.3
19620401 19620430    97.8
19620501 19620531    14.2
19620601 19620630    25.2
19620701 19620731    33.1
19620801 19620831    24.0
19620901 19620930    61.2
19621001 19621031    21.1
19621101 19621130    74.6
19621201 19621231   345.4
19630101 19630131   163.1
19630201 19630228    72.9
19630301 19630331   159.1
19630401 19630430   116.2
19630501 19630531    38.6
19630601 19630630    23.5
19630701 19630731     2.3
19630801 19630831    47.8
19630901 19630930    20.9
19631001 19631031    38.4
19631101 19631130    72.3
19631201 19631231   163.7
19640101 19640131   117.3
19640201 19640229    76.5
19640301 19640331   127.6
19640401 19640430    51.4
19640501 19640531    78.8
19640601 19640630    50.1
19640701 19640731    83.1
19640801 19640831    37.3
19640901 19640930    75.5
19641001 19641031    66.6
19641101 19641130   117.9
19641201 19641231    85.2
19650101 19650131    71.7
19650201 19650228    65.0
19650301 19650331    38.5
19650401 19650430    57.1
19650501 19650531    48.0
19650601 19650630   224.7
19650701 19650731    92.0
19650801 19650831    62.8
19650901 19650930    43.4
19651001 19651031    80.3
19651101 19651130    21.1
19651201 19651231   102.6
19660101 19660131    87.3
19660201 19660228   167.9
19660301 19660331   129.1
19660401 19660430    93.9
19660501 19660531    17.3
19660601 19660630    99.6
19660701 19660731    36.2
19660801 19660831    75.4
19660901 19660930    18.2
19661001 19661031    69.8
19661101 19661130    35.7
19661201 19661231   158.5
19670101 19670131   381.7
19670201 19670228   129.2
19670301 19670331   135.9
19670401 19670430    57.3
19670501 19670531   126.3
19670601 19670630   304.3
19670701 19670731    55.0
19670801 19670831    28.0
19670901 19670930     1.8
19671001 19671031   101.6
19671101 19671130   128.9
19671201 19671231   101.5
19680101 19680131   451.5
19680201 19680229   293.4
19680301 19680331    79.2
19680401 19680430    30.2
19680501 19680531    65.0
19680601 19680630     2.1
19680701 19680731    35.0
19680801 19680831    55.4
19680901 19680930     6.6
19681001 19681031     3.1
19681101 19681130   119.3
19681201 19681231    91.7
19690101 19690131     4.9
19690201 19690228    57.1
19690301 19690331    31.5
19690401 19690430    30.3
19690501 19690531   127.0
19690601 19690630    12.9
19690701 19690731    30.3
19690801 19690831    32.3
19690901 19690930     8.6
19691001 19691031   210.5
19691101 19691130   146.1
19691201 19691231   178.2
19700101 19700131   173.8
19700201 19700228   111.3
19700301 19700331    67.5
19700401 19700430    34.7
19700501 19700531    17.5
19700601 19700630    30.3
19700701 19700731    17.1
19700801 19700831    26.4
19700901 19700930    81.1
19701001 19701031    90.5
19701101 19701130   109.2
19701201 19701231   253.9
19710101 19710131   316.3
19710201 19710228   590.4
19710301 19710331    38.4
19710401 19710430    28.5
19710501 19710531    12.1
19710601 19710630    14.2
19710701 19710731    20.3
19710801 19710831   121.9
19710901 19710930    55.7
19711001 19711031    37.9
19711101 19711130    76.7
19711201 19711231   286.3
19720101 19720131   233.0
19720201 19720229   417.4
19720301 19720331    61.5
19720401 19720430   188.5
19720501 19720531    93.3
19720601 19720630    30.5
19720701 19720731     0.6
19720801 19720831    13.5
19720901 19720930     2.3
19721001 19721031   178.9
19721101 19721130   193.6
19721201 19721231    43.3
19730101 19730131   311.5
19730201 19730228   181.7
19730301 19730331    80.6
19730401 19730430    52.7
19730501 19730531    13.0
19730601 19730630    62.5
19730701 19730731   457.6
19730801 19730831    20.4
19730901 19730930    47.1
19731001 19731031    37.4
19731101 19731130   124.6
19731201 19731231   241.7
19740101 19740131   610.9
19740201 19740228    84.0
19740301 19740331   248.8
19740401 19740430    40.2
19740501 19740531   104.8
19740601 19740630    19.8
19740701 19740731    13.6
19740801 19740831    53.2
19740901 19740930    78.0
19741001 19741031   120.2
19741101 19741130   183.7
19741201 19741231    26.6
19750101 19750131   121.6
19750201 19750228   146.0
19750301 19750331    65.2
19750401 19750430    74.6
19750501 19750531     1.4
19750601 19750630    49.6
19750701 19750731    70.4
19750801 19750831    47.0
19750901 19750930    55.2
19751001 19751031    68.6
19751101 19751130    94.2
19751201 19751231   119.8
19760101 19760131   238.4
19760201 19760229   192.6
19760301 19760331   324.0
19760401 19760430   132.6
19760501 19760531    63.0
19760601 19760630    11.4
19760701 19760731    60.2
19760801 19760831     6.2
19760901 19760930    56.4
19761001 19761031    74.6
19761101 19761130   224.2
19761201 19761231    94.8
19770101 19770131    77.6
19770201 19770228   134.4
19770301 19770331   147.2
19770401 19770430    19.0
19770501 19770531    84.2
19770601 19770630    27.2
19770701 19770731    47.6
19770801 19770831    41.0
19770901 19770930     1.6
19771001 19771031    39.2
19771101 19771130    95.4
19771201 19771231    22.4
19780101 19780131   144.4
19780201 19780228    56.0
19780301 19780331   217.8
19780401 19780430    22.6
19780501 19780531    60.2
19780601 19780630    24.8
19780701 19780731    97.0
19780801 19780831    76.6
19780901 19780930    70.0
19781001 19781031    19.8
19781101 19781130   170.4
19781201 19781231   154.0
19790101 19790131   133.4
19790201 19790228    43.0
19790301 19790331    84.4
19790401 19790430    54.0
19790501 19790531     8.2
19790601 19790630    34.8
19790701 19790731    24.8
19790801 19790831     4.4
19790901 19790930    20.0
19791001 19791031   132.2
19791101 19791130   117.6
19791201 19791231    60.6
19800101 19800131   185.6
19800201 19800229   180.6
19800301 19800331    11.6
19800401 19800430    15.4
19800501 19800531   136.0
19800601 19800630     6.2
19800701 19800731    32.6
19800801 19800831    36.0
19800901 19800930     0.0
19801001 19801031    83.6
19801101 19801130    30.4
19801201 19801231   188.4
19810101 19810131   105.8
19810201 19810228   198.6
19810301 19810331    45.4
19810401 19810430   123.8
19810501 19810531   100.0
19810601 19810630    43.0
19810701 19810731    40.0
19810801 19810831    24.6
19810901 19810930    18.2
19811001 19811031    14.8
19811101 19811130   127.0
19811201 19811231   132.2
19820101 19820131   170.8
19820201 19820228   102.0
19820301 19820331   167.4
19820401 19820430    14.2
19820501 19820531    63.8
19820601 19820630     0.0
19820701 19820731    11.0
19820801 19820831    43.2
19820901 19820930    26.0
19821001 19821031    54.0
19821101 19821130    21.8
19821201 19821231    89.0
19830101 19830131   101.2
19830201 19830228    15.6
19830301 19830331   117.6
19830401 19830430   185.6
19830501 19830531   278.8
19830601 19830630   132.4
19830701 19830731    61.2
19830801 19830831    72.6
19830901 19830930    29.4
19831001 19831031    74.0
19831101 19831130   152.0
19831201 19831231   135.4
19840101 19840131   134.0
19840201 19840229    13.0
19840301 19840331    58.4
19840401 19840430    79.2
19840501 19840531    18.6
19840601 19840630    52.6
19840701 19840731   106.2
19840801 19840831    10.6
19840901 19840930    32.6
19841001 19841031   142.6
19841101 19841130   212.0
19841201 19841231   171.4
19850101 19850131    69.2
19850201 19850228    50.0
19850301 19850331   140.8
19850401 19850430    29.8
19850501 19850531    53.2
19850601 19850630   106.2
19850701 19850731    32.0
19850801 19850831    58.2
19850901 19850930    88.4
19851001 19851031    80.0
19851101 19851130    74.2
19851201 19851231   272.0
19860101 19860131    63.0
19860201 19860228    76.2
19860301 19860331    19.4
19860401 19860430    37.4
19860501 19860531    89.2
19860601 19860630    11.0
19860701 19860731    54.2
19860801 19860831    66.4
19860901 19860930     7.0
19861001 19861031   173.4
19861101 19861130    70.8
19861201 19861231   175.8
19870101 19870131    62.2
19870201 19870228   108.2
19870301 19870331    64.0
19870401 19870430    50.8
19870501 19870531    42.2
19870601 19870630    80.0
19870701 19870731    71.6
19870801 19870831    44.2
19870901 19870930     5.6
19871001 19871031   128.6
19871101 19871130    45.2
19871201 19871231    70.4
19880101 19880131    43.4
19880201 19880229    95.0
19880301 19880331    71.8
19880401 19880430   201.0
19880501 19880531    51.6
19880601 19880630   120.2
19880701 19880731   145.0
19880801 19880831    95.4
19880901 19880930    16.4
19881001 19881031     7.0
19881101 19881130    71.0
19881201 19881231   248.4
19890101 19890131    67.0
19890201 19890228    81.4
19890301 19890331   233.2
19890401 19890430   344.2
19890501 19890531   143.0
19890601 19890630    46.4
19890701 19890731    43.0
19890801 19890831   112.6
19890901 19890930     7.8
19891001 19891031    51.4
19891101 19891130    64.8
19891201 19891231    27.2
19900101 19900131    21.0
19900201 19900228   110.8
19900301 19900331   189.8
19900401 19900430   193.2
19900501 19900531   159.2
19900601 19900630    69.8
19900701 19900731    27.6
19900801 19900831    10.0
19900901 19900930     3.8
19901001 19901031    69.6
19901101 19901130    11.2
19901201 19901231    98.8
19910101 19910131    96.8
19910201 19910228   149.4
19910301 19910331   114.8
19910401 19910430    13.0
19910501 19910531    45.8
19910601 19910630    13.8
19910701 19910731    21.0
19910801 19910831     0.2
19910901 19910930     1.0
19911001 19911031    69.8
19911101 19911130     9.6
19911201 19911231   207.6
19920101 19920131    71.0
19920201 19920229   417.4
19920301 19920331   421.0
19920401 19920430    55.6
19920501 19920531   136.6
19920601 19920630     2.6
19920701 19920731    40.8
19920801 19920831    13.8
19920901 19920930    86.1
19921001 19921031    14.8
19921101 19921130   130.4
19921201 19921231   142.2
19930101 19930131   124.4
19930201 19930228   105.4
19930301 19930331    73.6
19930401 19930430    18.2
19930501 19930531    31.6
19930601 19930630    21.0
19930701 19930731    48.4
19930801 19930831    65.6
19930901 19930930    67.4
19931001 19931031    64.2
19931101 19931130    98.6
19931201 19931231    45.4
19940101 19940131    65.0
19940201 19940228   118.0
19940301 19940331   177.4
19940401 19940430    69.0
19940501 19940531    25.2
19940601 19940630     8.2
19940701 19940731    28.8
19940801 19940831     6.0
19940901 19940930    10.0
19941001 19941031    35.8
19941101 19941130    38.8
19941201 19941231    72.4
19950101 19950131   100.0
19950201 19950228   377.0
19950301 19950331   100.6
19950401 19950430    62.8
19950501 19950531    55.8
19950601 19950630    27.8
19950701 19950731     9.8
19950801 19950831    27.0
19950901 19950930    23.0
19951001 19951031    91.2
19951101 19951130   245.4
19951201 19951231   136.8
19960101 19960131   350.6
19960201 19960229    58.8
19960301 19960331    30.4
19960401 19960430    69.0
19960501 19960531   193.2
19960601 19960630    39.8
19960701 19960731    57.2
19960801 19960831 99999.9
19960901 19960930    31.6
19961001 19961031    40.8
19961101 19961130    71.4
19961201 19961231   163.4
19970101 19970131    22.4
19970201 19970228    43.0
19970301 19970331    96.6
19970401 19970430    83.6
19970501 19970531   108.6
19970601 19970630    29.6
19970701 19970731    22.4
19970801 19970831     6.0
19970901 19970930    40.8
19971001 19971031    25.6
19971101 19971130   123.4
19971201 19971231    77.2
19980101 19980131   262.8
19980201 19980228   139.0
19980301 19980331    16.8
19980401 19980430    83.6
19980501 19980531    90.8
19980601 19980630    31.8
19980701 19980731    45.4
19980801 19980831    80.8
19980901 19980930   135.8
19981001 19981031    29.2
19981101 19981130   141.0
19981201 19981231   166.4
19990101 19990131   163.8
19990201 19990228   297.2
19990301 19990331   102.4
19990401 19990430    35.2
19990501 19990531   155.4
19990601 19990630    97.0
19990701 19990731    91.6
19990801 19990831    36.2
19990901 19990930    89.0
19991001 19991031   115.8
19991101 19991130    78.0
19991201 19991231    75.8
20000101 20000131    78.8
20000201 20000229   124.6
20000301 20000331    51.0
20000401 20000430    64.8
20000501 20000531   108.4
20000601 20000630    86.0
20000701 20000731    28.2
20000801 20000831    38.4
20000901 20000930     0.0
20001001 20001031   117.4
20001101 20001130   110.4
20001201 20001231    92.8
20010101 20010131    18.2
20010201 20010228   222.8
20010301 20010331    74.2
20010401 20010430    46.0
20010501 20010531    39.2
20010601 20010630    27.4
20010701 20010731    34.2
20010801 20010831    11.6
20010901 20010930    63.4
20011001 20011031    27.8
20011101 20011130   129.8
20011201 20011231    32.1
20020101 20020131   106.0
20020201 20020228   114.2
20020301 20020331    39.6
20020401 20020430     5.6
20020501 20020531    20.6
20020601 20020630    94.8
20020701 20020731     1.0
20020801 20020831    58.6
20020901 20020930    10.8
20021001 20021031    63.8
20021101 20021130    92.6
20021201 20021231   116.2
20030101 20030131     2.2
20030201 20030228   492.8
20030301 20030331    61.4
20030401 20030430    75.4
20030501 20030531    46.6
20030601 20030630    26.8
20030701 20030731    38.2
20030801 20030831    43.8
20030901 20030930     3.8
20031001 20031031    35.8
20031101 20031130    41.8
20031201 20031231   153.9
20040101 20040131   199.8
20040201 20040229   152.8
20040301 20040331   225.0
20040401 20040430    64.0
20040501 20040531    19.6
20040601 20040630     5.8
20040701 20040731     0.8
20040801 20040831     3.4
20040901 20040930    37.4
20041001 20041031   109.8
20041101 20041130    80.2
20041201 20041231   229.6
20050101 20050131   130.4
20050201 20050228    39.6
20050301 20050331   100.8
20050401 20050430   109.8
20050501 20050531   127.8
20050601 20050630   166.2
20050701 20050731    22.8
20050801 20050831    31.6
20050901 20050930    45.4
20051001 20051031   167.7
20051101 20051130   135.2
20051201 20051231   108.8
20060101 20060131   145.8
20060201 20060228    41.8
20060301 20060331    83.0
20060401 20060430    39.8
20060501 20060531    13.8
20060601 20060630    59.1
20060701 20060731    80.8
20060801 20060831    11.0
20060901 20060930    51.5
20061001 20061031     6.6
20061101 20061130    86.0
20061201 20061231    80.0
20070101 20070131    33.8
20070201 20070228   128.6
20070301 20070331    33.0
20070401 20070430    19.7
20070501 20070531    85.7
20070601 20070630   136.9
20070701 20070731     1.4
20070801 20070831   214.4
20070901 20070930    83.0
20071001 20071031    56.2
20071101 20071130    81.8
20071201 20071231   115.7
20080101 20080131   211.8
20080201 20080229   225.2
20080301 20080331    76.8
20080401 20080430    23.0
20080501 20080531   107.3
20080601 20080630    83.0
20080701 20080731   120.3
20080801 20080831     3.2
20080901 20080930    47.6
20081001 20081031    50.4
20081101 20081130   104.6
20081201 20081231    75.4
20090101 20090131   150.6
20090201 20090228   100.2
20090301 20090331    93.8
20090401 20090430   295.2
20090501 20090531    53.8
20090601 20090630    92.0
20090701 20090731     1.0
20090801 20090831     0.0
20090901 20090930    29.2
20091001 20091031    37.6
20091101 20091130    10.8
20091201 20091231   130.0
20100101 20100131    43.4
20100201 20100228   282.0
20100301 20100331   261.8
20100401 20100430    93.0
20100501 20100531    37.0
20100601 20100630    21.6
20100701 20100731    31.2
20100801 20100831    72.4
20100901 20100930   171.6
20101001 20101031    97.5
20101101 20101130    45.6
20101201 20101231   436.4
20110101 20110131   502.6
20110201 20110228   148.8
20110301 20110331   171.0
20110401 20110430    59.4
20110501 20110531   107.0
20110601 20110630    24.0
20110701 20110731    29.6
20110801 20110831    63.1
20110901 20110930    20.9
20111001 20111031   123.6
20111101 20111130     0.4
20111201 20111231   243.0
20120101 20120131   294.2
20120201 20120229   140.4
20120301 20120331   460.0
20120401 20120430    51.6
20120501 20120531    31.4
20120601 20120630   124.2
20120701 20120731    42.4
20120801 20120831     1.4
20120901 20120930    24.6
20121001 20121031    11.2
20121101 20121130    74.0
20121201 20121231    49.8
20130101 20130131   449.0
20130201 20130228   360.6
20130301 20130331    80.6
20130401 20130430    32.6
20130501 20130531    41.9
20130601 20130630    56.0
20130701 20130731    35.4
20130801 20130831     0.0
20130901 20130930     2.6
20131001 20131031    20.8
20131101 20131130    39.0
20131201 20131231    37.2
20140101 20140131    39.4
20140201 20140228    18.0
20140301 20140331   204.8
20140401 20140430    69.6
20140501 20140531    35.6
20140601 20140630    27.6
20140701 20140731     5.6
20140801 20140831    66.4
20140901 20140930     9.0
20141001 20141031    16.2
20141101 20141130    54.0
20141201 20141231   201.6
20150101 20150131   170.8
20150201 20150228   224.8
20150301 20150331    21.0
20150401 20150430   214.2
20150501 20150531   141.4
20150601 20150630    48.6
20150701 20150731    10.4
20150801 20150831    46.0
20150901 20150930    32.0
20151001 20151031   157.8
20151101 20151130   114.2
20151201 20151231    10.4
20160101 20160131   151.7
20160201 20160229   114.9
20160301 20160331    98.8
20160401 20160430    20.0
20160501 20160531     3.2
20160601 20160630   120.1
20160701 20160731    44.2
20160801 20160831    21.0
20160901 20160930    83.2
20161001 20161031    30.6
20161101 20161130    67.4
20161201 20161231   107.6
