PRCP       011010 19110101 20150531 missing_value=99999.9 NOONDOONIA                                
19110101 19110131     5.1
19110201 19110228     0.0
19110301 19110331     0.0
19110401 19110430     0.0
19110501 19110531    34.0
19110601 19110630    12.0
19110701 19110731    17.3
19110801 19110831    12.4
19110901 19110930     2.1
19111001 19111031     7.3
19111101 19111130     1.3
19111201 19111231     7.6
19120101 19120131     0.0
19120201 19120229     2.3
19120301 19120331    88.4
19120401 19120430    27.8
19120501 19120531    16.3
19120601 19120630    10.3
19120701 19120731    42.7
19120801 19120831     3.3
19120901 19120930     3.1
19121001 19121031    13.2
19121101 19121130     9.6
19121201 19121231     0.0
19130101 19130131     5.0
19130201 19130228     0.0
19130301 19130331    10.7
19130401 19130430    40.7
19130501 19130531     0.3
19130601 19130630    18.0
19130701 19130731     4.1
19130801 19130831    21.9
19130901 19130930    36.0
19131001 19131031    25.6
19131101 19131130     6.6
19131201 19131231    41.2
19140101 19140131     3.3
19140201 19140228     1.1
19140301 19140331    24.6
19140401 19140430    15.8
19140501 19140531     5.4
19140601 19140630     5.3
19140701 19140731    25.5
19140801 19140831    39.3
19140901 19140930     1.0
19141001 19141031    16.3
19141101 19141130    23.6
19141201 19141231    73.2
19150101 19150131    14.8
19150201 19150228   129.4
19150301 19150331     2.7
19150401 19150430     5.6
19150501 19150531    64.4
19150601 19150630    64.8
19150701 19150731    37.9
19150801 19150831    30.3
19150901 19150930    23.7
19151001 19151031     8.7
19151101 19151130     0.0
19151201 19151231     4.1
19160101 19160131    16.7
19160201 19160229     0.0
19160301 19160331    25.7
19160401 19160430     0.5
19160501 19160531     8.6
19160601 19160630    44.6
19160701 19160731    22.9
19160801 19160831    16.6
19160901 19160930    19.1
19161001 19161031    42.2
19161101 19161130     9.7
19161201 19161231     1.3
19170101 19170131    17.8
19170201 19170228    10.9
19170301 19170331   157.4
19170401 19170430    25.4
19170501 19170531    25.2
19170601 19170630    40.9
19170701 19170731    15.3
19170801 19170831    21.7
19170901 19170930    20.7
19171001 19171031    20.1
19171101 19171130    34.3
19171201 19171231    92.3
19180101 19180131     6.1
19180201 19180228    18.8
19180301 19180331    17.6
19180401 19180430    48.8
19180501 19180531    53.4
19180601 19180630    19.6
19180701 19180731    20.1
19180801 19180831    14.3
19180901 19180930     1.0
19181001 19181031    12.2
19181101 19181130    27.7
19181201 19181231     8.9
19190101 19190131    19.8
19190201 19190228     5.1
19190301 19190331    25.2
19190401 19190430    16.0
19190501 19190531    34.4
19190601 19190630    15.0
19190701 19190731    16.0
19190801 19190831    54.0
19190901 19190930     7.6
19191001 19191031    12.2
19191101 19191130    77.5
19191201 19191231    49.1
19200101 19200131    14.5
19200201 19200229    27.9
19200301 19200331    12.0
19200401 19200430    16.7
19200501 19200531    11.2
19200601 19200630    19.6
19200701 19200731    12.3
19200801 19200831    28.7
19200901 19200930    57.2
19201001 19201031    24.6
19201101 19201130    31.5
19201201 19201231     6.0
19210101 19210131     6.1
19210201 19210228     4.8
19210301 19210331     3.3
19210401 19210430     2.8
19210501 19210531   109.3
19210601 19210630    29.1
19210701 19210731     5.3
19210801 19210831    46.1
19210901 19210930    19.3
19211001 19211031    16.1
19211101 19211130     1.8
19211201 19211231    39.4
19220101 19220131     1.5
19220201 19220228     2.6
19220301 19220331    14.2
19220401 19220430    56.7
19220501 19220531    16.1
19220601 19220630    18.8
19220701 19220731    20.0
19220801 19220831    36.8
19220901 19220930    11.5
19221001 19221031     1.3
19221101 19221130     3.0
19221201 19221231    24.9
19230101 19230131    26.7
19230201 19230228     0.0
19230301 19230331    17.8
19230401 19230430    35.9
19230501 19230531     8.1
19230601 19230630    39.5
19230701 19230731     9.2
19230801 19230831     9.1
19230901 19230930    13.5
19231001 19231031    10.9
19231101 19231130     0.0
19231201 19231231    54.0
19240101 19240131     0.0
19240201 19240229     4.1
19240301 19240331    12.0
19240401 19240430    11.7
19240501 19240531    17.5
19240601 19240630     5.5
19240701 19240731     5.4
19240801 19240831     7.1
19240901 19240930    21.5
19241001 19241031    79.7
19241101 19241130    14.2
19241201 19241231     0.0
19250101 19250131     9.1
19250201 19250228    40.9
19250301 19250331    14.1
19250401 19250430    71.0
19250501 19250531    19.3
19250601 19250630     6.5
19250701 19250731    16.8
19250801 19250831     8.8
19250901 19250930    12.9
19251001 19251031    17.3
19251101 19251130    12.7
19251201 19251231    13.5
19260101 19260131     0.0
19260201 19260228    14.0
19260301 19260331    32.8
19260401 19260430    14.8
19260501 19260531     8.9
19260601 19260630    14.1
19260701 19260731    19.8
19260801 19260831    14.6
19260901 19260930     4.3
19261001 19261031     6.6
19261101 19261130     7.4
19261201 19261231     1.8
19270101 19270131    73.2
19270201 19270228    17.5
19270301 19270331   113.2
19270401 19270430     1.0
19270501 19270531     5.6
19270601 19270630    35.3
19270701 19270731    31.5
19270801 19270831    12.2
19270901 19270930    21.9
19271001 19271031    29.5
19271101 19271130     8.4
19271201 19271231    15.0
19280101 19280131    15.8
19280201 19280229    15.8
19280301 19280331    18.6
19280401 19280430     2.0
19280501 19280531    10.4
19280601 19280630     0.0
19280701 19280731    20.2
19280801 19280831    24.1
19280901 19280930     7.4
19281001 19281031    50.0
19281101 19281130     2.8
19281201 19281231    27.0
19290101 19290131    10.9
19290201 19290228     4.8
19290301 19290331    33.2
19290401 19290430     0.0
19290501 19290531    66.5
19290601 19290630    27.5
19290701 19290731     6.9
19290801 19290831     9.6
19290901 19290930     4.4
19291001 19291031     5.5
19291101 19291130    39.1
19291201 19291231     9.7
19300101 19300131     0.0
19300201 19300228     2.8
19300301 19300331    10.4
19300401 19300430    36.4
19300501 19300531    17.0
19300601 19300630    22.3
19300701 19300731    10.5
19300801 19300831    43.1
19300901 19300930     9.3
19301001 19301031     1.0
19301101 19301130     1.3
19301201 19301231    40.7
19310101 19310131    15.7
19310201 19310228    30.0
19310301 19310331    18.1
19310401 19310430    27.2
19310501 19310531    56.5
19310601 19310630    19.8
19310701 19310731    21.6
19310801 19310831    61.4
19310901 19310930    12.4
19311001 19311031     7.9
19311101 19311130    53.3
19311201 19311231    19.6
19320101 19320131    14.5
19320201 19320229     2.0
19320301 19320331    19.8
19320401 19320430    23.4
19320501 19320531    25.1
19320601 19320630    13.3
19320701 19320731     7.1
19320801 19320831    48.0
19320901 19320930    13.3
19321001 19321031    37.4
19321101 19321130     0.8
19321201 19321231     4.4
19330101 19330131    12.5
19330201 19330228     0.0
19330301 19330331     3.6
19330401 19330430     4.4
19330501 19330531    23.1
19330601 19330630     7.9
19330701 19330731     8.3
19330801 19330831    42.6
19330901 19330930    14.7
19331001 19331031    11.7
19331101 19331130    27.1
19331201 19331231    15.2
19340101 19340131    17.6
19340201 19340228     0.5
19340301 19340331    36.5
19340401 19340430    37.3
19340501 19340531     4.5
19340601 19340630    27.4
19340701 19340731    30.6
19340801 19340831    15.2
19340901 19340930     9.4
19341001 19341031     2.3
19341101 19341130    25.0
19341201 19341231     9.4
19350101 19350131     4.8
19350201 19350228    60.5
19350301 19350331     6.1
19350401 19350430    21.6
19350501 19350531     3.0
19350601 19350630    29.3
19350701 19350731    24.4
19350801 19350831    57.4
19350901 19350930     5.7
19351001 19351031    38.6
19351101 19351130     9.9
19351201 19351231     2.5
19360101 19360131    16.2
19360201 19360229     2.3
19360301 19360331     2.8
19360401 19360430    16.3
19360501 19360531    33.3
19360601 19360630    25.1
19360701 19360731    66.4
19360801 19360831     8.5
19360901 19360930     1.0
19361001 19361031     1.3
19361101 19361130    28.7
19361201 19361231    56.4
19370101 19370131    14.3
19370201 19370228     5.6
19370301 19370331    53.8
19370401 19370430     2.1
19370501 19370531    20.5
19370601 19370630    14.4
19370701 19370731     7.1
19370801 19370831    17.2
19370901 19370930     6.1
19371001 19371031     4.5
19371101 19371130    21.1
19371201 19371231     4.6
19380101 19380131     3.3
19380201 19380228     0.0
19380301 19380331     5.9
19380401 19380430    11.4
19380501 19380531    32.3
19380601 19380630    23.7
19380701 19380731    41.1
19380801 19380831     9.7
19380901 19380930    17.3
19381001 19381031    15.2
19381101 19381130    15.0
19381201 19381231     7.2
19390101 19390131    93.8
19390201 19390228     3.6
19390301 19390331    24.4
19390401 19390430     6.1
19390501 19390531     1.5
19390601 19390630    11.7
19390701 19390731    23.7
19390801 19390831    31.7
19390901 19390930     6.1
19391001 19391031    61.1
19391101 19391130    77.7
19391201 19391231     1.3
19400101 19400131     2.3
19400201 19400229     0.0
19400301 19400331     2.8
19400401 19400430     1.3
19400501 19400531    15.5
19400601 19400630     6.9
19400701 19400731    10.2
19400801 19400831    11.2
19400901 19400930     9.1
19401001 19401031    45.6
19401101 19401130     8.4
19401201 19401231     9.4
19410101 19410131     2.6
19410201 19410228     4.8
19410301 19410331    14.2
19410401 19410430    36.1
19410501 19410531    21.0
19410601 19410630     7.7
19410701 19410731    23.0
19410801 19410831    30.6
19410901 19410930    23.6
19411001 19411031    82.2
19411101 19411130    15.6
19411201 19411231    11.4
19420101 19420131    41.8
19420201 19420228    18.3
19420301 19420331    75.0
19420401 19420430    39.9
19420501 19420531    25.9
19420601 19420630    38.4
19420701 19420731    24.5
19420801 19420831    21.8
19420901 19420930    10.7
19421001 19421031    32.0
19421101 19421130     2.3
19421201 19421231    32.3
19430101 19430131     4.6
19430201 19430228    50.3
19430301 19430331    76.3
19430401 19430430    10.4
19430501 19430531     2.3
19430601 19430630     9.8
19430701 19430731    24.1
19430801 19430831    11.6
19430901 19430930    15.6
19431001 19431031     8.8
19431101 19431130     7.9
19431201 19431231    79.7
19440101 19440131     0.0
19440201 19440229     0.0
19440301 19440331     0.0
19440401 19440430    13.5
19440501 19440531    42.5
19440601 19440630     9.9
19440701 19440731    27.8
19440801 19440831    37.4
19440901 19440930     3.3
19441001 19441031     3.8
19441101 19441130    37.3
19441201 19441231    16.5
19450101 19450131     0.5
19450201 19450228     2.3
19450301 19450331     0.0
19450401 19450430     0.5
19450501 19450531     6.3
19450601 19450630    22.0
19450701 19450731     8.4
19450801 19450831    14.4
19450901 19450930    17.6
19451001 19451031     0.8
19451101 19451130     1.5
19451201 19451231    16.3
19460101 19460131    12.0
19460201 19460228    33.3
19460301 19460331     0.0
19460401 19460430    13.2
19460501 19460531    21.8
19460601 19460630    15.3
19460701 19460731    19.3
19460801 19460831     8.6
19460901 19460930    43.9
19461001 19461031    11.2
19461101 19461130    39.3
19461201 19461231    12.0
19470101 19470131     8.9
19470201 19470228    39.9
19470301 19470331    18.3
19470401 19470430    21.4
19470501 19470531    18.0
19470601 19470630     8.2
19470701 19470731    18.7
19470801 19470831    38.4
19470901 19470930    58.4
19471001 19471031    37.9
19471101 19471130    34.0
19471201 19471231    11.0
19480101 19480131     0.0
19480201 19480229   147.8
19480301 19480331     4.8
19480401 19480430    15.1
19480501 19480531     2.0
19480601 19480630    20.1
19480701 19480731    23.1
19480801 19480831    12.1
19480901 19480930     3.3
19481001 19481031    23.4
19481101 19481130    10.5
19481201 19481231     7.1
19490101 19490131     2.5
19490201 19490228    15.0
19490301 19490331     0.0
19490401 19490430     0.0
19490501 19490531    15.0
19490601 19490630    15.8
19490701 19490731    26.2
19490801 19490831    17.2
19490901 19490930    20.3
19491001 19491031    34.1
19491101 19491130    62.7
19491201 19491231    12.8
19500101 19500131     3.6
19500201 19500228     0.0
19500301 19500331     0.0
19500401 19500430     0.0
19500501 19500531    58.3
19500601 19500630     4.3
19500701 19500731     7.7
19500801 19500831    11.5
19500901 19500930    13.5
19501001 19501031    22.0
19501101 19501130    10.2
19501201 19501231     0.0
19510101 19510131    41.5
19510201 19510228    20.0
19510301 19510331    13.4
19510401 19510430    12.4
19510501 19510531    22.4
19510601 19510630    68.3
19510701 19510731    15.7
19510801 19510831    13.9
19510901 19510930    21.6
19511001 19511031     8.8
19511101 19511130     5.4
19511201 19511231    18.8
19520101 19520131    83.5
19520201 19520229    51.9
19520301 19520331    21.1
19520401 19520430    15.0
19520501 19520531     5.6
19520601 19520630     2.6
19520701 19520731     9.9
19520801 19520831     7.4
19520901 19520930    25.0
19521001 19521031    34.9
19521101 19521130     5.1
19521201 19521231    14.0
19530101 19530131     6.9
19530201 19530228     1.0
19530301 19530331    25.9
19530401 19530430    19.3
19530501 19530531    31.8
19530601 19530630    30.7
19530701 19530731    19.5
19530801 19530831    22.0
19530901 19530930     9.2
19531001 19531031    22.4
19531101 19531130     5.1
19531201 19531231    12.7
19540101 19540131     4.6
19540201 19540228     1.5
19540301 19540331     0.0
19540401 19540430     9.0
19540501 19540531    20.0
19540601 19540630    10.9
19540701 19540731     3.3
19540801 19540831    25.5
19540901 19540930    12.5
19541001 19541031     8.4
19541101 19541130     7.1
19541201 19541231    11.4
19550101 19550131    71.8
19550201 19550228    60.5
19550301 19550331    30.7
19550401 19550430    19.5
19550501 19550531    21.1
19550601 19550630    42.3
19550701 19550731    35.2
19550801 19550831    16.8
19550901 19550930    70.0
19551001 19551031    16.8
19551101 19551130    16.0
19551201 19551231     6.6
19560101 19560131     0.0
19560201 19560229     4.1
19560301 19560331     0.0
19560401 19560430     3.3
19560501 19560531    27.0
19560601 19560630    18.1
19560701 19560731    72.3
19560801 19560831     1.8
19560901 19560930     4.6
19561001 19561031     7.4
19561101 19561130    16.7
19561201 19561231    20.1
19570101 19570131     0.8
19570201 19570228    24.7
19570301 19570331     3.3
19570401 19570430     1.3
19570501 19570531     4.1
19570601 19570630    40.4
19570701 19570731     3.5
19570801 19570831    25.7
19570901 19570930     4.1
19571001 19571031     0.0
19571101 19571130     0.0
19571201 19571231     7.1
19580101 19580131     6.1
19580201 19580228     3.6
19580301 19580331    19.2
19580401 19580430     1.3
19580501 19580531    15.2
19580601 19580630     9.6
19580701 19580731    31.9
19580801 19580831    23.7
19580901 19580930    35.9
19581001 19581031    20.4
19581101 19581130    40.1
19581201 19581231    81.0
19590101 19590131    19.7
19590201 19590228    50.3
19590301 19590331     2.1
19590401 19590430    13.5
19590501 19590531     7.5
19590601 19590630    39.0
19590701 19590731     6.3
19590801 19590831    18.9
19590901 19590930    31.2
19591001 19591031    16.8
19591101 19591130    46.5
19591201 19591231    32.8
19600101 19600131    34.3
19600201 19600229    22.5
19600301 19600331    26.3
19600401 19600430    15.3
19600501 19600531    17.6
19600601 19600630    21.4
19600701 19600731    61.7
19600801 19600831     7.8
19600901 19600930    54.3
19601001 19601031     0.3
19601101 19601130     5.4
19601201 19601231    49.8
19610101 19610131    66.0
19610201 19610228    32.3
19610301 19610331     3.1
19610401 19610430    59.4
19610501 19610531    11.6
19610601 19610630    12.2
19610701 19610731     8.3
19610801 19610831     9.6
19610901 19610930    25.2
19611001 19611031     0.0
19611101 19611130     0.0
19611201 19611231     5.6
19620101 19620131     0.8
19620201 19620228    28.0
19620301 19620331    56.4
19620401 19620430    10.0
19620501 19620531    36.5
19620601 19620630    24.6
19620701 19620731    26.3
19620801 19620831     7.7
19620901 19620930    19.8
19621001 19621031    13.1
19621101 19621130     2.3
19621201 19621231    14.9
19630101 19630131    20.3
19630201 19630228    96.2
19630301 19630331    76.3
19630401 19630430    17.0
19630501 19630531    79.8
19630601 19630630    24.0
19630701 19630731    37.3
19630801 19630831    33.4
19630901 19630930     3.6
19631001 19631031     1.0
19631101 19631130     9.7
19631201 19631231     7.9
19640101 19640131    16.0
19640201 19640229     0.3
19640301 19640331     1.5
19640401 19640430    60.9
19640501 19640531     1.3
19640601 19640630    20.0
19640701 19640731    62.0
19640801 19640831     6.8
19640901 19640930    75.7
19641001 19641031    19.3
19641101 19641130    10.7
19641201 19641231     0.0
19650101 19650131     0.5
19650201 19650228    11.0
19650301 19650331     6.6
19650401 19650430     0.0
19650501 19650531    21.0
19650601 19650630    56.4
19650701 19650731    17.2
19650801 19650831    26.2
19650901 19650930     6.8
19651001 19651031    15.5
19651101 19651130    31.7
19651201 19651231    10.0
19660101 19660131     9.4
19660201 19660228     2.3
19660301 19660331    10.1
19660401 19660430    18.6
19660501 19660531     4.1
19660601 19660630    36.7
19660701 19660731    11.0
19660801 19660831    11.2
19660901 19660930    27.0
19661001 19661031    17.6
19661101 19661130     1.5
19661201 19661231    18.6
19670101 19670131   118.7
19670201 19670228    11.2
19670301 19670331    35.6
19670401 19670430    21.9
19670501 19670531    33.2
19670601 19670630    16.4
19670701 19670731    38.5
19670801 19670831     7.7
19670901 19670930    10.9
19671001 19671031    22.6
19671101 19671130    13.7
19671201 19671231     4.3
19680101 19680131    21.4
19680201 19680229     8.9
19680301 19680331    61.7
19680401 19680430    12.2
19680501 19680531    34.7
19680601 19680630    77.6
19680701 19680731    15.3
19680801 19680831    15.0
19680901 19680930    23.9
19681001 19681031     5.8
19681101 19681130     8.1
19681201 19681231    92.5
19690101 19690131     0.0
19690201 19690228     1.8
19690301 19690331    53.3
19690401 19690430    22.4
19690501 19690531    38.6
19690601 19690630     8.5
19690701 19690731     2.5
19690801 19690831     6.1
19690901 19690930    42.7
19691001 19691031    45.9
19691101 19691130     0.0
19691201 19691231     3.8
19700101 19700131     4.1
19700201 19700228    19.6
19700301 19700331     2.8
19700401 19700430    22.0
19700501 19700531    17.0
19700601 19700630     2.8
19700701 19700731     7.4
19700801 19700831    10.7
19700901 19700930   106.0
19701001 19701031     0.0
19701101 19701130    13.4
19701201 19701231     1.5
19710101 19710131     7.9
19710201 19710228     6.1
19710301 19710331    44.9
19710401 19710430     1.1
19710501 19710531    11.7
19710601 19710630    26.1
19710701 19710731     9.0
19710801 19710831     6.4
19710901 19710930     1.7
19711001 19711031    24.1
19711101 19711130     8.6
19711201 19711231     7.8
19720101 19720131    24.3
19720201 19720229     3.5
19720301 19720331    59.9
19720401 19720430     1.1
19720501 19720531     1.5
19720601 19720630    23.5
19720701 19720731    15.5
19720801 19720831    14.9
19720901 19720930     0.8
19721001 19721031     7.5
19721101 19721130     9.5
19721201 19721231     1.7
19730101 19730131    31.3
19730201 19730228     4.3
19730301 19730331     6.6
19730401 19730430    35.4
19730501 19730531    48.2
19730601 19730630    50.7
19730701 19730731    24.3
19730801 19730831    66.2
19730901 19730930    18.2
19731001 19731031    17.0
19731101 19731130    37.1
19731201 19731231    15.3
19740101 19740131     1.1
19740201 19740228    44.4
19740301 19740331    15.3
19740401 19740430   108.1
19740501 19740531    37.0
19740601 19740630    37.7
19740701 19740731    77.1
19740801 19740831    11.1
19740901 19740930    82.8
19741001 19741031     6.3
19741101 19741130    92.9
19741201 19741231    14.1
19750101 19750131     2.9
19750201 19750228    62.0
19750301 19750331    27.3
19750401 19750430    40.7
19750501 19750531    23.0
19750601 19750630     3.8
19750701 19750731    18.0
19750801 19750831     9.0
19750901 19750930    16.6
19751001 19751031    70.6
19751101 19751130     0.7
19751201 19751231    36.3
19760101 19760131    10.6
19760201 19760229     7.4
19760301 19760331     0.0
19760401 19760430     1.3
19760501 19760531     0.0
19760601 19760630     7.9
19760701 19760731     4.8
19760801 19760831     4.2
19760901 19760930    37.0
19761001 19761031    41.9
19761101 19761130    18.5
19761201 19761231    23.3
19770101 19770131     8.0
19770201 19770228    13.1
19770301 19770331     2.9
19770401 19770430    15.4
19770501 19770531    33.6
19770601 19770630     5.8
19770701 19770731     6.0
19770801 19770831    15.4
19770901 19770930    10.6
19771001 19771031    40.2
19771101 19771130    12.6
19771201 19771231    18.5
19780101 19780131    24.4
19780201 19780228    41.6
19780301 19780331     1.2
19780401 19780430     3.2
19780501 19780531    11.8
19780601 19780630    50.2
19780701 19780731    44.2
19780801 19780831     0.0
19780901 19780930    51.7
19781001 19781031    14.2
19781101 19781130    23.4
19781201 19781231    21.1
19790101 19790131    10.3
19790201 19790228    44.8
19790301 19790331    15.0
19790401 19790430    19.3
19790501 19790531    20.2
19790601 19790630    16.0
19790701 19790731    11.5
19790801 19790831    28.7
19790901 19790930    18.4
19791001 19791031     0.0
19791101 19791130    37.9
19791201 19791231    15.8
19800101 19800131    13.4
19800201 19800229    31.2
19800301 19800331     0.3
19800401 19800430    37.3
19800501 19800531    19.1
19800601 19800630    23.2
19800701 19800731    44.4
19800801 19800831    12.3
19800901 19800930     1.6
19801001 19801031     4.8
19801101 19801130    22.5
19801201 19801231     7.5
19810101 19810131     2.1
19810201 19810228   108.0
19810301 19810331    30.8
19810401 19810430     1.1
19810501 19810531    25.5
19810601 19810630    11.3
19810701 19810731     9.4
19810801 19810831    18.2
19810901 19810930     1.9
19811001 19811031     2.4
19811101 19811130    48.5
19811201 19811231    27.1
19820101 19820131    29.5
19820201 19820228    24.1
19820301 19820331    82.0
19820401 19820430     2.1
19820501 19820531    19.6
19820601 19820630    39.1
19820701 19820731     5.4
19820801 19820831     3.2
19820901 19820930    76.6
19821001 19821031    26.0
19821101 19821130     4.3
19821201 19821231    33.2
19830101 19830131     8.0
19830201 19830228    10.0
19830301 19830331   100.0
19830401 19830430    32.0
19830501 19830531     0.0
19830601 19830630    13.9
19830701 19830731     5.9
19830801 19830831    17.4
19830901 19830930    14.7
19831001 19831031    19.6
19831101 19831130    27.6
19831201 19831231    85.8
19840101 19840131     0.3
19840201 19840229     0.5
19840301 19840331    54.7
19840401 19840430    23.7
19840501 19840531    38.0
19840601 19840630     5.2
19840701 19840731    35.1
19840801 19840831    32.0
19840901 19840930    54.0
19841001 19841031    31.5
19841101 19841130    16.5
19841201 19841231    15.0
19850101 19850131     0.0
19850201 19850228    41.5
19850301 19850331    81.0
19850401 19850430     2.0
19850501 19850531    23.7
19850601 19850630    11.0
19850701 19850731    36.3
19850801 19850831    19.0
19850901 19850930    11.5
19851001 19851031    10.5
19851101 19851130    40.5
19851201 19851231     3.5
19860101 19860131     2.5
19860201 19860228     8.0
19860301 19860331    46.5
19860401 19860430    11.0
19860501 19860531    93.0
19860601 19860630    58.2
19860701 19860731    33.5
19860801 19860831    16.3
19860901 19860930    42.5
19861001 19861031    10.5
19861101 19861130    38.0
19861201 19861231    46.0
19870101 19870131   123.2
19870201 19870228     0.0
19870301 19870331    11.0
19870401 19870430    25.5
19870501 19870531    26.7
19870601 19870630    36.0
19870701 19870731     6.2
19870801 19870831    12.7
19870901 19870930    13.0
19871001 19871031     9.3
19871101 19871130    16.0
19871201 19871231    10.0
19880101 19880131     8.5
19880201 19880229    17.0
19880301 19880331    18.0
19880401 19880430    72.0
19880501 19880531    70.5
19880601 19880630    14.5
19880701 19880731     9.5
19880801 19880831    16.0
19880901 19880930     0.0
19881001 19881031     7.3
19881101 19881130     3.0
19881201 19881231    81.0
19890101 19890131    16.5
19890201 19890228     6.9
19890301 19890331     0.4
19890401 19890430    23.5
19890501 19890531    43.0
19890601 19890630    37.0
19890701 19890731    10.5
19890801 19890831     4.0
19890901 19890930     3.0
19891001 19891031    14.6
19891101 19891130    11.6
19891201 19891231     5.5
19900101 19900131    46.5
19900201 19900228     4.8
19900301 19900331    24.2
19900401 19900430    16.6
19900501 19900531    33.0
19900601 19900630    36.8
19900701 19900731    22.7
19900801 19900831    14.4
19900901 19900930    10.4
19901001 19901031    43.1
19901101 19901130     0.4
19901201 19901231     9.6
19910101 19910131     3.0
19910201 19910228     0.0
19910301 19910331     0.4
19910401 19910430    13.4
19910501 19910531    14.4
19910601 19910630    38.4
19910701 19910731    19.4
19910801 19910831    13.6
19910901 19910930     7.6
19911001 19911031    25.5
19911101 19911130    22.8
19911201 19911231    82.4
19920101 19920131    19.6
19920201 19920229    89.2
19920301 19920331   108.1
19920401 19920430    43.6
19920501 19920531    75.2
19920601 19920630    53.7
19920701 19920731     8.6
19920801 19920831    50.1
19920901 19920930    50.8
19921001 19921031    23.2
19921101 19921130    22.8
19921201 19921231    22.5
19930101 19930131     7.0
19930201 19930228    84.6
19930301 19930331    34.8
19930401 19930430    14.4
19930501 19930531    53.6
19930601 19930630    28.3
19930701 19930731    16.5
19930801 19930831    41.6
19930901 19930930    22.0
19931001 19931031    17.7
19931101 19931130   125.8
19931201 19931231    19.0
19940101 19940131     2.8
19940201 19940228    27.6
19940301 19940331    17.2
19940401 19940430     0.0
19940501 19940531    11.8
19940601 19940630    19.0
19940701 19940731     2.0
19940801 19940831    17.6
19940901 19940930    12.2
19941001 19941031    24.0
19941101 19941130     2.1
19941201 19941231    42.6
19950101 19950131    35.4
19950201 19950228   157.9
19950301 19950331     4.5
19950401 19950430    26.3
19950501 19950531    23.5
19950601 19950630    40.9
19950701 19950731    48.6
19950801 19950831     2.5
19950901 19950930    12.1
19951001 19951031    16.7
19951101 19951130    14.6
19951201 19951231    34.4
19960101 19960131     0.0
19960201 19960229     6.8
19960301 19960331    48.2
19960401 19960430    46.0
19960501 19960531     9.2
19960601 19960630    52.7
19960701 19960731    47.6
19960801 19960831    20.9
19960901 19960930    23.9
19961001 19961031    23.1
19961101 19961130     6.0
19961201 19961231     2.0
19970101 19970131    40.4
19970201 19970228    51.5
19970301 19970331    11.1
19970401 19970430     2.8
19970501 19970531    47.2
19970601 19970630    12.7
19970701 19970731    23.2
19970801 19970831    28.0
19970901 19970930    39.8
19971001 19971031     8.5
19971101 19971130    26.0
19971201 19971231    15.2
19980101 19980131     0.8
19980201 19980228     1.0
19980301 19980331     5.6
19980401 19980430    61.0
19980501 19980531    32.8
19980601 19980630    49.3
19980701 19980731    46.6
19980801 19980831    29.4
19980901 19980930    23.2
19981001 19981031     9.7
19981101 19981130    42.0
19981201 19981231     7.4
19990101 19990131    32.2
19990201 19990228     6.2
19990301 19990331   140.2
19990401 19990430    10.8
19990501 19990531    22.6
19990601 19990630     7.5
19990701 19990731    19.8
19990801 19990831 99999.9
19990901 19990930 99999.9
19991001 19991031 99999.9
19991101 19991130 99999.9
19991201 19991231 99999.9
20000101 20000131 99999.9
20000201 20000229 99999.9
20000301 20000331 99999.9
20000401 20000430 99999.9
20000501 20000531 99999.9
20000601 20000630 99999.9
20000701 20000731 99999.9
20000801 20000831 99999.9
20000901 20000930 99999.9
20001001 20001031 99999.9
20001101 20001130 99999.9
20001201 20001231 99999.9
20010101 20010131    22.8
20010201 20010228   229.8
20010301 20010331    13.8
20010401 20010430     0.0
20010501 20010531    18.2
20010601 20010630    25.4
20010701 20010731    16.7
20010801 20010831    11.2
20010901 20010930    23.2
20011001 20011031     7.5
20011101 20011130     9.6
20011201 20011231    29.2
20020101 20020131    16.0
20020201 20020228    11.2
20020301 20020331    12.0
20020401 20020430    17.5
20020501 20020531    15.2
20020601 20020630    12.4
20020701 20020731    10.6
20020801 20020831    15.4
20020901 20020930     5.0
20021001 20021031     0.0
20021101 20021130     7.6
20021201 20021231    52.4
20030101 20030131     5.3
20030201 20030228    19.4
20030301 20030331     6.4
20030401 20030430     1.6
20030501 20030531    59.8
20030601 20030630     6.4
20030701 20030731    15.8
20030801 20030831    20.2
20030901 20030930    55.9
20031001 20031031     0.0
20031101 20031130    60.6
20031201 20031231     5.8
20040101 20040131    40.0
20040201 20040229    37.8
20040301 20040331    57.7
20040401 20040430    42.8
20040501 20040531     0.6
20040601 20040630    10.8
20040701 20040731    19.3
20040801 20040831    24.7
20040901 20040930     6.0
20041001 20041031     0.0
20041101 20041130    19.0
20041201 20041231     3.3
20050101 20050131     4.6
20050201 20050228     0.0
20050301 20050331    19.2
20050401 20050430    30.2
20050501 20050531    11.0
20050601 20050630    14.2
20050701 20050731     2.2
20050801 20050831    27.2
20050901 20050930     0.0
20051001 20051031    48.5
20051101 20051130 99999.9
20051201 20051231 99999.9
20060101 20060131 99999.9
20060201 20060228 99999.9
20060301 20060331 99999.9
20060401 20060430 99999.9
20060501 20060531 99999.9
20060601 20060630 99999.9
20060701 20060731 99999.9
20060801 20060831 99999.9
20060901 20060930 99999.9
20061001 20061031 99999.9
20061101 20061130 99999.9
20061201 20061231 99999.9
20070101 20070131   129.0
20070201 20070228     5.8
20070301 20070331    14.2
20070401 20070430    19.8
20070501 20070531    14.6
20070601 20070630    35.8
20070701 20070731     5.6
20070801 20070831     5.0
20070901 20070930 99999.9
20071001 20071031    11.0
20071101 20071130 99999.9
20071201 20071231    15.8
20080101 20080131     1.2
20080201 20080229    28.2
20080301 20080331     2.4
20080401 20080430    10.4
20080501 20080531     7.8
20080601 20080630     2.3
20080701 20080731    40.6
20080801 20080831 99999.9
20080901 20080930    14.2
20081001 20081031    50.4
20081101 20081130    63.8
20081201 20081231 99999.9
20090101 20090131 99999.9
20090201 20090228    52.6
20090301 20090331     3.8
20090401 20090430    40.4
20090501 20090531     3.0
20090601 20090630 99999.9
20090701 20090731 99999.9
20090801 20090831    15.6
20090901 20090930    11.2
20091001 20091031    21.2
20091101 20091130    24.0
20091201 20091231     7.8
20100101 20100131     1.8
20100201 20100228 99999.9
20100301 20100331 99999.9
20100401 20100430 99999.9
20100501 20100531    25.6
20100601 20100630     8.5
20100701 20100731    16.4
20100801 20100831 99999.9
20100901 20100930 99999.9
20101001 20101031 99999.9
20101101 20101130     0.0
20101201 20101231 99999.9
20110101 20110131 99999.9
20110201 20110228    30.0
20110301 20110331    34.6
20110401 20110430 99999.9
20110501 20110531 99999.9
20110601 20110630    23.4
20110701 20110731 99999.9
20110801 20110831    11.2
20110901 20110930    18.2
20111001 20111031 99999.9
20111101 20111130    10.6
20111201 20111231    17.6
20120101 20120131     8.4
20120201 20120229    10.0
20120301 20120331    31.0
20120401 20120430     2.6
20120501 20120531     6.0
20120601 20120630 99999.9
20120701 20120731    21.0
20120801 20120831     4.4
20120901 20120930 99999.9
20121001 20121031     0.0
20121101 20121130    84.0
20121201 20121231    12.4
20130101 20130131    16.0
20130201 20130228     1.2
20130301 20130331 99999.9
20130401 20130430     1.4
20130501 20130531 99999.9
20130601 20130630     8.6
20130701 20130731    20.2
20130801 20130831 99999.9
20130901 20130930    12.6
20131001 20131031    28.4
20131101 20131130    28.4
20131201 20131231    40.5
20140101 20140131 99999.9
20140201 20140228    15.6
20140301 20140331 99999.9
20140401 20140430    25.6
20140501 20140531    10.0
20140601 20140630    15.4
20140701 20140731 99999.9
20140801 20140831     7.8
20140901 20140930    31.4
20141001 20141031    27.2
20141101 20141130 99999.9
20141201 20141231    28.2
20150101 20150131     0.0
20150201 20150228    39.0
20150301 20150331     0.0
20150401 20150430 99999.9
20150501 20150531     0.0
