PRCP       049023 18770201 20161231 missing_value=99999.9 EUSTON ( BENINGTON)                       
18770201 18770228    21.9
18770301 18770331    23.7
18770401 18770430     3.5
18770501 18770531    57.9
18770601 18770630    16.5
18770701 18770731     7.8
18770801 18770831     0.0
18770901 18770930    69.0
18771001 18771031    34.5
18771101 18771130    13.7
18771201 18771231     6.5
18780101 18780131     0.0
18780201 18780228    14.7
18780301 18780331   186.9
18780401 18780430    26.3
18780501 18780531    13.3
18780601 18780630    18.4
18780701 18780731    49.5
18780801 18780831     8.4
18780901 18780930     5.4
18781001 18781031    14.0
18781101 18781130    18.2
18781201 18781231    12.1
18790101 18790131     0.0
18790201 18790228     5.4
18790301 18790331    15.8
18790401 18790430    31.5
18790501 18790531    34.8
18790601 18790630    20.2
18790701 18790731    39.8
18790801 18790831    32.9
18790901 18790930    30.3
18791001 18791031    79.0
18791101 18791130    35.5
18791201 18791231    24.6
18800101 18800131    23.7
18800201 18800229   129.8
18800301 18800331    33.2
18800401 18800430    44.0
18800501 18800531    13.6
18800601 18800630    25.5
18800701 18800731    10.8
18800801 18800831    16.2
18800901 18800930    23.5
18801001 18801031    13.8
18801101 18801130    10.2
18801201 18801231    11.6
18810101 18810131   113.6
18810201 18810228     6.5
18810301 18810331    53.7
18810401 18810430    15.9
18810501 18810531    59.2
18810601 18810630    47.6
18810701 18810731    21.2
18810801 18810831    30.5
18810901 18810930    59.9
18811001 18811031    15.7
18811101 18811130    17.3
18811201 18811231    11.9
18820101 18820131     0.0
18820201 18820228     0.0
18820301 18820331     0.0
18820401 18820430    36.7
18820501 18820531    33.2
18820601 18820630    14.9
18820701 18820731    23.7
18820801 18820831    30.6
18820901 18820930     6.2
18821001 18821031    29.9
18821101 18821130    73.9
18821201 18821231     7.9
18830101 18830131     0.0
18830201 18830228    10.3
18830301 18830331    23.4
18830401 18830430    23.8
18830501 18830531    41.8
18830601 18830630    26.0
18830701 18830731    10.7
18830801 18830831    33.5
18830901 18830930    31.1
18831001 18831031    36.9
18831101 18831130    33.7
18831201 18831231     5.4
18840101 18840131     1.1
18840201 18840229     2.7
18840301 18840331    46.0
18840401 18840430     7.8
18840501 18840531    29.9
18840601 18840630    42.1
18840701 18840731     0.0
18840801 18840831    19.0
18840901 18840930    46.9
18841001 18841031    15.0
18841101 18841130     8.4
18841201 18841231    13.7
18850101 18850131     7.5
18850201 18850228    28.0
18850301 18850331    46.9
18850401 18850430     1.1
18850501 18850531    13.5
18850601 18850630    24.4
18850701 18850731    13.5
18850801 18850831    25.4
18850901 18850930    58.8
18851001 18851031    17.3
18851101 18851130     3.0
18851201 18851231    56.2
18860101 18860131    58.6
18860201 18860228     0.0
18860301 18860331     2.1
18860401 18860430     1.9
18860501 18860531    12.1
18860601 18860630    12.4
18860701 18860731    59.2
18860801 18860831    63.4
18860901 18860930    44.0
18861001 18861031     8.3
18861101 18861130     4.6
18861201 18861231    60.2
18870101 18870131    37.8
18870201 18870228    29.9
18870301 18870331    11.4
18870401 18870430    83.3
18870501 18870531     7.9
18870601 18870630    47.4
18870701 18870731    50.1
18870801 18870831    27.1
18870901 18870930    26.2
18871001 18871031    45.7
18871101 18871130    80.3
18871201 18871231    79.7
18880101 18880131    15.4
18880201 18880229    10.5
18880301 18880331    15.6
18880401 18880430     0.5
18880501 18880531    31.0
18880601 18880630    11.7
18880701 18880731    10.0
18880801 18880831     8.7
18880901 18880930    44.9
18881001 18881031     7.3
18881101 18881130     0.8
18881201 18881231     5.6
18890101 18890131    51.8
18890201 18890228    31.4
18890301 18890331     0.0
18890401 18890430    89.2
18890501 18890531    77.2
18890601 18890630    63.3
18890701 18890731     1.9
18890801 18890831    82.6
18890901 18890930    33.8
18891001 18891031    39.8
18891101 18891130    88.3
18891201 18891231     9.5
18900101 18900131     4.0
18900201 18900228     0.0
18900301 18900331    34.3
18900401 18900430    17.3
18900501 18900531    99.0
18900601 18900630    41.5
18900701 18900731    49.8
18900801 18900831    33.2
18900901 18900930    12.7
18901001 18901031    69.3
18901101 18901130    40.6
18901201 18901231     6.8
18910101 18910131    46.3
18910201 18910228     0.0
18910301 18910331    34.0
18910401 18910430    82.6
18910501 18910531     5.9
18910601 18910630    45.3
18910701 18910731    19.0
18910801 18910831    37.2
18910901 18910930     5.0
18911001 18911031    46.5
18911101 18911130    15.7
18911201 18911231     5.9
18920101 18920131    11.6
18920201 18920229     5.7
18920301 18920331     1.1
18920401 18920430    13.4
18920501 18920531    38.0
18920601 18920630    30.6
18920701 18920731    45.6
18920801 18920831    32.7
18920901 18920930    40.6
18921001 18921031    62.3
18921101 18921130    36.1
18921201 18921231    10.2
18930101 18930131     0.0
18930201 18930228     0.0
18930301 18930331    12.6
18930401 18930430    18.6
18930501 18930531    51.8
18930601 18930630    50.6
18930701 18930731    18.7
18930801 18930831    29.5
18930901 18930930    33.5
18931001 18931031    17.2
18931101 18931130    51.0
18931201 18931231     2.1
18940101 18940131     5.4
18940201 18940228     2.1
18940301 18940331    37.0
18940401 18940430     7.9
18940501 18940531     4.2
18940601 18940630   102.4
18940701 18940731    21.9
18940801 18940831    68.9
18940901 18940930    36.0
18941001 18941031   130.2
18941101 18941130    25.4
18941201 18941231   178.6
18950101 18950131    27.0
18950201 18950228     0.0
18950301 18950331     5.9
18950401 18950430    38.9
18950501 18950531     1.1
18950601 18950630    41.1
18950701 18950731    19.6
18950801 18950831    40.4
18950901 18950930    16.4
18951001 18951031     6.2
18951101 18951130     0.0
18951201 18951231    15.9
18960101 18960131     8.4
18960201 18960229    25.6
18960301 18960331    14.0
18960401 18960430    17.5
18960501 18960531    21.9
18960601 18960630    27.1
18960701 18960731    14.0
18960801 18960831    21.3
18960901 18960930    10.4
18961001 18961031     0.8
18961101 18961130     5.4
18961201 18961231     6.8
18970101 18970131    73.4
18970201 18970228     4.6
18970301 18970331     4.6
18970401 18970430     2.2
18970501 18970531    14.0
18970601 18970630    27.6
18970701 18970731    17.0
18970801 18970831    21.7
18970901 18970930    19.1
18971001 18971031     7.9
18971101 18971130     0.8
18971201 18971231     2.1
18980101 18980131     0.0
18980201 18980228    35.7
18980301 18980331     0.0
18980401 18980430    17.0
18980501 18980531    16.4
18980601 18980630    91.0
18980701 18980731    17.9
18980801 18980831    57.1
18980901 18980930    17.0
18981001 18981031    21.2
18981101 18981130     3.5
18981201 18981231    50.4
18990101 18990131    16.5
18990201 18990228    28.0
18990301 18990331    26.9
18990401 18990430    35.8
18990501 18990531    11.2
18990601 18990630    75.8
18990701 18990731    21.3
18990801 18990831    18.2
18990901 18990930     5.9
18991001 18991031    11.6
18991101 18991130    33.5
18991201 18991231     0.0
19000101 19000131     9.8
19000201 19000228     0.0
19000301 19000331    32.0
19000401 19000430    68.6
19000501 19000531    70.1
19000601 19000630    42.5
19000701 19000731    17.1
19000801 19000831    34.4
19000901 19000930    32.2
19001001 19001031    11.5
19001101 19001130    18.2
19001201 19001231     1.1
19010101 19010131     5.9
19010201 19010228    41.8
19010301 19010331     0.0
19010401 19010430    20.2
19010501 19010531     0.5
19010601 19010630    23.3
19010701 19010731    30.6
19010801 19010831    64.0
19010901 19010930    20.3
19011001 19011031    27.8
19011101 19011130     4.2
19011201 19011231     8.1
19020101 19020131     1.9
19020201 19020228     0.0
19020301 19020331    12.1
19020401 19020430     1.6
19020501 19020531     4.9
19020601 19020630    43.1
19020701 19020731     7.8
19020801 19020831     8.8
19020901 19020930    19.8
19021001 19021031    22.1
19021101 19021130     5.6
19021201 19021231    99.6
19030101 19030131     1.4
19030201 19030228    12.2
19030301 19030331    16.6
19030401 19030430    35.6
19030501 19030531    16.7
19030601 19030630    26.9
19030701 19030731    26.8
19030801 19030831    12.2
19030901 19030930    88.4
19031001 19031031    36.9
19031101 19031130    23.9
19031201 19031231    70.7
19040101 19040131    50.4
19040201 19040229     3.0
19040301 19040331     0.0
19040401 19040430    22.4
19040501 19040531    12.5
19040601 19040630    22.6
19040701 19040731    39.6
19040801 19040831    19.1
19040901 19040930    11.6
19041001 19041031    33.6
19041101 19041130    16.5
19041201 19041231    12.6
19050101 19050131    40.2
19050201 19050228    18.8
19050301 19050331     1.1
19050401 19050430   111.4
19050501 19050531    46.4
19050601 19050630    31.3
19050701 19050731    32.8
19050801 19050831     5.1
19050901 19050930    18.4
19051001 19051031    34.6
19051101 19051130     0.5
19051201 19051231     0.0
19060101 19060131     6.2
19060201 19060228    69.7
19060301 19060331    59.4
19060401 19060430     0.0
19060501 19060531    72.6
19060601 19060630    60.2
19060701 19060731    18.8
19060801 19060831    37.3
19060901 19060930    46.4
19061001 19061031    18.7
19061101 19061130    27.9
19061201 19061231    35.4
19070101 19070131     5.9
19070201 19070228     1.7
19070301 19070331     6.8
19070401 19070430    23.6
19070501 19070531    15.2
19070601 19070630    43.2
19070701 19070731    24.6
19070801 19070831    38.1
19070901 19070930     9.2
19071001 19071031     5.4
19071101 19071130    26.2
19071201 19071231    54.8
19080101 19080131    13.7
19080201 19080229     9.7
19080301 19080331    10.0
19080401 19080430     4.6
19080501 19080531    26.6
19080601 19080630    39.4
19080701 19080731    17.8
19080801 19080831    51.3
19080901 19080930    51.6
19081001 19081031    36.0
19081101 19081130     5.9
19081201 19081231     8.9
19090101 19090131     3.2
19090201 19090228    16.5
19090301 19090331    22.9
19090401 19090430    10.5
19090501 19090531    80.0
19090601 19090630    97.6
19090701 19090731    19.8
19090801 19090831    75.8
19090901 19090930    26.0
19091001 19091031     8.8
19091101 19091130    47.3
19091201 19091231     3.5
19100101 19100131    40.1
19100201 19100228    41.5
19100301 19100331    63.7
19100401 19100430     0.3
19100501 19100531    43.3
19100601 19100630    75.9
19100701 19100731    33.8
19100801 19100831    22.9
19100901 19100930    51.0
19101001 19101031    29.7
19101101 19101130    45.9
19101201 19101231    19.0
19110101 19110131    58.3
19110201 19110228   133.6
19110301 19110331    22.8
19110401 19110430     0.8
19110501 19110531    39.9
19110601 19110630    23.0
19110701 19110731    24.9
19110801 19110831    20.5
19110901 19110930    37.1
19111001 19111031     8.4
19111101 19111130     1.9
19111201 19111231    33.8
19120101 19120131     2.1
19120201 19120229    36.6
19120301 19120331     1.1
19120401 19120430     0.0
19120501 19120531     0.0
19120601 19120630    78.7
19120701 19120731    16.5
19120801 19120831    38.0
19120901 19120930    27.1
19121001 19121031     3.0
19121101 19121130    45.3
19121201 19121231    20.3
19130101 19130131     0.0
19130201 19130228     7.0
19130301 19130331    64.5
19130401 19130430    17.3
19130501 19130531    36.1
19130601 19130630     0.0
19130701 19130731     5.2
19130801 19130831    11.0
19130901 19130930    40.1
19131001 19131031    66.1
19131101 19131130     3.8
19131201 19131231     8.1
19140101 19140131     2.7
19140201 19140228     1.9
19140301 19140331    47.5
19140401 19140430    64.5
19140501 19140531    10.1
19140601 19140630     4.9
19140701 19140731     6.3
19140801 19140831     0.0
19140901 19140930     0.3
19141001 19141031     2.1
19141101 19141130    23.3
19141201 19141231    33.2
19150101 19150131    14.0
19150201 19150228     0.0
19150301 19150331     0.3
19150401 19150430    13.7
19150501 19150531    46.0
19150601 19150630    49.3
19150701 19150731    41.5
19150801 19150831    30.8
19150901 19150930    54.8
19151001 19151031    15.1
19151101 19151130     2.4
19151201 19151231     0.0
19160101 19160131    18.7
19160201 19160229     2.4
19160301 19160331     1.1
19160401 19160430     5.9
19160501 19160531    21.0
19160601 19160630    69.0
19160701 19160731    41.6
19160801 19160831    72.5
19160901 19160930    70.4
19161001 19161031    42.2
19161101 19161130    69.0
19161201 19161231    17.8
19170101 19170131    30.8
19170201 19170228    66.1
19170301 19170331    15.6
19170401 19170430     2.4
19170501 19170531    43.9
19170601 19170630    49.4
19170701 19170731    53.5
19170801 19170831    82.6
19170901 19170930    74.4
19171001 19171031    67.6
19171101 19171130    70.6
19171201 19171231     0.0
19180101 19180131    22.1
19180201 19180228    14.9
19180301 19180331    73.6
19180401 19180430    44.2
19180501 19180531    81.8
19180601 19180630    31.3
19180701 19180731    11.5
19180801 19180831    49.6
19180901 19180930     6.9
19181001 19181031    25.4
19181101 19181130     3.5
19181201 19181231     9.2
19190101 19190131     4.4
19190201 19190228    41.5
19190301 19190331     5.9
19190401 19190430    21.6
19190501 19190531    53.6
19190601 19190630    30.9
19190701 19190731    11.4
19190801 19190831    10.8
19190901 19190930    24.3
19191001 19191031    11.4
19191101 19191130     3.5
19191201 19191231    18.9
19200101 19200131     7.0
19200201 19200229     0.0
19200301 19200331     5.9
19200401 19200430     8.6
19200501 19200531    18.7
19200601 19200630    24.0
19200701 19200731    23.0
19200801 19200831    76.7
19200901 19200930    70.3
19201001 19201031    77.4
19201101 19201130    52.1
19201201 19201231    39.5
19210101 19210131    28.0
19210201 19210228    46.7
19210301 19210331    31.9
19210401 19210430     1.9
19210501 19210531    41.0
19210601 19210630    53.2
19210701 19210731    14.0
19210801 19210831    40.0
19210901 19210930    57.2
19211001 19211031    25.8
19211101 19211130    11.0
19211201 19211231    20.7
19220101 19220131     0.0
19220201 19220228     6.7
19220301 19220331     0.5
19220401 19220430    32.1
19220501 19220531    41.5
19220601 19220630    20.5
19220701 19220731    50.7
19220801 19220831    25.8
19220901 19220930    23.6
19221001 19221031    34.8
19221101 19221130     0.0
19221201 19221231    30.1
19230101 19230131     3.3
19230201 19230228     0.0
19230301 19230331     0.0
19230401 19230430     2.1
19230501 19230531    29.8
19230601 19230630   128.8
19230701 19230731    84.1
19230801 19230831    33.3
19230901 19230930    41.7
19231001 19231031    21.0
19231101 19231130    10.8
19231201 19231231    68.5
19240101 19240131    18.2
19240201 19240229    18.4
19240301 19240331    28.0
19240401 19240430    20.5
19240501 19240531     8.9
19240601 19240630    36.5
19240701 19240731     9.5
19240801 19240831    39.8
19240901 19240930    36.3
19241001 19241031    40.2
19241101 19241130    80.7
19241201 19241231    54.2
19250101 19250131    37.2
19250201 19250228    12.1
19250301 19250331    13.5
19250401 19250430     2.7
19250501 19250531    70.4
19250601 19250630    17.7
19250701 19250731    32.8
19250801 19250831    31.6
19250901 19250930    38.0
19251001 19251031     4.8
19251101 19251130    21.6
19251201 19251231     0.0
19260101 19260131     0.0
19260201 19260228     0.0
19260301 19260331    31.9
19260401 19260430    33.8
19260501 19260531    64.7
19260601 19260630    54.9
19260701 19260731    29.4
19260801 19260831    53.7
19260901 19260930    20.6
19261001 19261031    28.1
19261101 19261130     1.4
19261201 19261231    12.6
19270101 19270131    12.1
19270201 19270228     3.8
19270301 19270331    11.0
19270401 19270430     1.6
19270501 19270531     8.7
19270601 19270630    21.0
19270701 19270731    35.4
19270801 19270831    18.3
19270901 19270930    15.1
19271001 19271031    35.7
19271101 19271130    25.1
19271201 19271231     4.2
19280101 19280131    26.7
19280201 19280229    56.9
19280301 19280331    44.5
19280401 19280430    14.0
19280501 19280531     9.7
19280601 19280630    32.2
19280701 19280731    23.7
19280801 19280831     2.4
19280901 19280930    33.1
19281001 19281031    29.4
19281101 19281130     1.9
19281201 19281231     3.3
19290101 19290131     5.1
19290201 19290228    10.0
19290301 19290331    21.7
19290401 19290430    37.5
19290501 19290531     5.7
19290601 19290630     8.1
19290701 19290731     4.6
19290801 19290831    23.3
19290901 19290930    10.4
19291001 19291031     0.8
19291101 19291130    28.7
19291201 19291231    58.5
19300101 19300131     0.0
19300201 19300228     2.4
19300301 19300331    23.3
19300401 19300430     8.6
19300501 19300531    39.7
19300601 19300630     1.6
19300701 19300731    21.1
19300801 19300831    54.5
19300901 19300930    34.2
19301001 19301031    82.6
19301101 19301130    27.8
19301201 19301231    50.7
19310101 19310131     5.4
19310201 19310228     0.8
19310301 19310331    53.4
19310401 19310430    81.8
19310501 19310531    45.5
19310601 19310630    82.4
19310701 19310731    44.8
19310801 19310831     9.6
19310901 19310930    52.9
19311001 19311031    22.6
19311101 19311130     5.9
19311201 19311231     0.0
19320101 19320131     2.2
19320201 19320229   149.7
19320301 19320331    37.0
19320401 19320430    70.9
19320501 19320531    34.8
19320601 19320630    57.6
19320701 19320731    37.0
19320801 19320831    49.0
19320901 19320930    18.2
19321001 19321031     7.3
19321101 19321130     3.1
19321201 19321231    34.7
19330101 19330131    35.6
19330201 19330228     0.0
19330301 19330331     9.7
19330401 19330430     3.8
19330501 19330531    25.9
19330601 19330630    17.7
19330701 19330731    52.4
19330801 19330831    23.2
19330901 19330930    43.9
19331001 19331031    10.5
19331101 19331130    98.2
19331201 19331231    42.9
19340101 19340131    20.5
19340201 19340228    47.5
19340301 19340331    10.2
19340401 19340430     8.6
19340501 19340531     0.0
19340601 19340630    19.5
19340701 19340731    25.2
19340801 19340831    24.5
19340901 19340930    20.6
19341001 19341031    60.2
19341101 19341130    41.5
19341201 19341231    10.3
19350101 19350131    10.2
19350201 19350228     3.2
19350301 19350331    29.1
19350401 19350430    33.5
19350501 19350531     7.8
19350601 19350630    15.3
19350701 19350731    32.8
19350801 19350831    18.3
19350901 19350930    30.5
19351001 19351031    29.0
19351101 19351130     0.5
19351201 19351231     7.7
19360101 19360131   122.1
19360201 19360229     1.0
19360301 19360331     3.0
19360401 19360430    20.9
19360501 19360531    38.7
19360601 19360630    29.3
19360701 19360731    77.9
19360801 19360831    17.3
19360901 19360930     6.9
19361001 19361031    16.3
19361101 19361130     3.8
19361201 19361231    54.4
19370101 19370131    67.6
19370201 19370228    14.2
19370301 19370331     9.2
19370401 19370430     4.1
19370501 19370531    18.4
19370601 19370630    76.4
19370701 19370731    12.6
19370801 19370831    32.8
19370901 19370930     8.7
19371001 19371031    88.9
19371101 19371130     0.5
19371201 19371231    33.0
19380101 19380131    19.2
19380201 19380228    10.2
19380301 19380331     1.0
19380401 19380430     6.4
19380501 19380531    11.4
19380601 19380630    23.9
19380701 19380731    32.7
19380801 19380831    15.3
19380901 19380930     2.5
19381001 19381031    26.2
19381101 19381130     3.1
19381201 19381231     0.0
19390101 19390131     4.1
19390201 19390228   123.7
19390301 19390331     3.3
19390401 19390430    15.0
19390501 19390531    54.4
19390601 19390630    28.2
19390701 19390731    16.2
19390801 19390831    26.8
19390901 19390930    20.3
19391001 19391031    33.5
19391101 19391130    60.5
19391201 19391231     2.5
19400101 19400131    12.2
19400201 19400229     2.0
19400301 19400331     0.3
19400401 19400430    33.1
19400501 19400531     4.1
19400601 19400630     3.8
19400701 19400731    20.6
19400801 19400831     8.8
19400901 19400930    62.8
19401001 19401031     3.5
19401101 19401130     3.3
19401201 19401231    15.4
19410101 19410131   117.3
19410201 19410228     8.6
19410301 19410331     4.7
19410401 19410430     0.8
19410501 19410531     4.9
19410601 19410630    15.1
19410701 19410731    30.7
19410801 19410831     7.7
19410901 19410930    30.2
19411001 19411031    20.5
19411101 19411130    58.9
19411201 19411231     8.6
19420101 19420131     8.4
19420201 19420228    22.3
19420301 19420331     3.0
19420401 19420430    27.2
19420501 19420531    61.2
19420601 19420630    54.8
19420701 19420731    32.0
19420801 19420831    58.7
19420901 19420930    17.1
19421001 19421031    65.1
19421101 19421130    17.8
19421201 19421231     4.1
19430101 19430131    14.0
19430201 19430228     8.2
19430301 19430331     6.1
19430401 19430430    20.3
19430501 19430531     5.6
19430601 19430630    14.8
19430701 19430731    22.1
19430801 19430831    33.1
19430901 19430930    29.2
19431001 19431031    10.9
19431101 19431130    24.4
19431201 19431231     1.3
19440101 19440131     8.4
19440201 19440229     1.0
19440301 19440331     6.0
19440401 19440430    28.8
19440501 19440531    28.6
19440601 19440630     1.5
19440701 19440731    19.0
19440801 19440831    16.4
19440901 19440930     4.9
19441001 19441031    20.4
19441101 19441130    12.2
19441201 19441231    29.2
19450101 19450131     1.8
19450201 19450228    14.5
19450301 19450331     1.0
19450401 19450430     0.0
19450501 19450531     5.6
19450601 19450630    35.7
19450701 19450731    25.4
19450801 19450831    28.0
19450901 19450930     6.6
19451001 19451031    58.5
19451101 19451130    20.5
19451201 19451231    14.5
19460101 19460131   127.2
19460201 19460228    74.0
19460301 19460331    26.5
19460401 19460430     5.9
19460501 19460531    21.2
19460601 19460630    33.9
19460701 19460731    46.4
19460801 19460831    12.7
19460901 19460930     7.8
19461001 19461031    15.0
19461101 19461130    35.9
19461201 19461231    21.3
19470101 19470131     1.8
19470201 19470228    83.1
19470301 19470331    62.5
19470401 19470430    15.7
19470501 19470531     6.1
19470601 19470630    27.3
19470701 19470731    30.7
19470801 19470831    22.1
19470901 19470930    23.1
19471001 19471031    45.2
19471101 19471130    39.1
19471201 19471231    59.1
19480101 19480131     1.6
19480201 19480229     5.0
19480301 19480331     0.8
19480401 19480430    26.5
19480501 19480531    18.9
19480601 19480630    28.7
19480701 19480731    11.2
19480801 19480831    14.3
19480901 19480930    28.4
19481001 19481031    50.9
19481101 19481130    13.0
19481201 19481231    20.2
19490101 19490131     2.3
19490201 19490228    18.9
19490301 19490331    66.9
19490401 19490430     7.7
19490501 19490531    94.5
19490601 19490630    11.0
19490701 19490731    27.4
19490801 19490831     6.9
19490901 19490930    29.1
19491001 19491031    46.6
19491101 19491130    17.1
19491201 19491231     6.6
19500101 19500131     0.5
19500201 19500228   100.7
19500301 19500331    72.2
19500401 19500430     7.7
19500501 19500531    36.4
19500601 19500630    14.1
19500701 19500731    31.9
19500801 19500831    12.6
19500901 19500930    16.1
19501001 19501031    54.7
19501101 19501130    19.1
19501201 19501231    15.8
19510101 19510131    17.3
19510201 19510228    20.9
19510301 19510331     0.5
19510401 19510430    16.7
19510501 19510531    39.5
19510601 19510630    68.2
19510701 19510731    25.7
19510801 19510831    38.1
19510901 19510930    30.5
19511001 19511031    22.6
19511101 19511130     1.8
19511201 19511231     5.6
19520101 19520131    22.8
19520201 19520229     2.0
19520301 19520331    48.6
19520401 19520430    35.8
19520501 19520531    80.4
19520601 19520630    25.7
19520701 19520731    18.9
19520801 19520831    21.9
19520901 19520930    15.0
19521001 19521031    55.9
19521101 19521130    33.1
19521201 19521231     2.8
19530101 19530131     5.4
19530201 19530228     9.7
19530301 19530331     2.8
19530401 19530430    10.4
19530501 19530531    13.2
19530601 19530630    28.1
19530701 19530731    24.0
19530801 19530831    39.7
19530901 19530930    78.0
19531001 19531031    35.9
19531101 19531130    17.0
19531201 19531231     4.1
19540101 19540131    32.1
19540201 19540228     5.1
19540301 19540331     1.3
19540401 19540430    55.9
19540501 19540531     8.9
19540601 19540630    15.3
19540701 19540731    10.2
19540801 19540831    43.9
19540901 19540930    11.9
19541001 19541031    29.4
19541101 19541130    59.7
19541201 19541231    71.3
19550101 19550131     1.8
19550201 19550228    35.8
19550301 19550331    62.7
19550401 19550430     8.9
19550501 19550531    58.3
19550601 19550630    63.4
19550701 19550731    38.8
19550801 19550831    42.7
19550901 19550930    62.5
19551001 19551031    45.3
19551101 19551130    24.1
19551201 19551231     9.2
19560101 19560131    36.5
19560201 19560229     0.0
19560301 19560331   114.3
19560401 19560430    26.6
19560501 19560531    94.2
19560601 19560630    55.8
19560701 19560731    68.9
19560801 19560831    36.3
19560901 19560930    28.6
19561001 19561031    56.2
19561101 19561130    13.9
19561201 19561231     3.3
19570101 19570131     0.0
19570201 19570228    72.4
19570301 19570331    25.9
19570401 19570430    11.4
19570501 19570531     8.1
19570601 19570630    38.5
19570701 19570731    30.7
19570801 19570831    14.7
19570901 19570930     7.8
19571001 19571031     9.1
19571101 19571130     7.7
19571201 19571231    42.0
19580101 19580131    36.8
19580201 19580228     8.9
19580301 19580331     4.1
19580401 19580430     7.9
19580501 19580531    25.4
19580601 19580630     0.8
19580701 19580731    32.4
19580801 19580831    89.2
19580901 19580930    27.4
19581001 19581031    72.1
19581101 19581130    90.7
19581201 19581231    10.6
19590101 19590131    22.3
19590201 19590228    15.5
19590301 19590331    11.4
19590401 19590430    44.2
19590501 19590531    15.7
19590601 19590630     6.8
19590701 19590731     8.4
19590801 19590831    13.4
19590901 19590930    21.5
19591001 19591031    65.3
19591101 19591130     3.8
19591201 19591231    22.8
19600101 19600131   134.9
19600201 19600229    34.3
19600301 19600331     2.5
19600401 19600430    18.3
19600501 19600531    67.0
19600601 19600630    18.8
19600701 19600731    45.3
19600801 19600831    41.1
19600901 19600930    47.0
19601001 19601031    10.7
19601101 19601130    58.8
19601201 19601231    20.4
19610101 19610131     2.0
19610201 19610228     8.9
19610301 19610331    24.3
19610401 19610430    49.8
19610501 19610531     9.4
19610601 19610630    19.4
19610701 19610731    32.6
19610801 19610831    29.1
19610901 19610930    32.5
19611001 19611031    10.7
19611101 19611130   167.7
19611201 19611231    20.1
19620101 19620131    77.4
19620201 19620228     1.8
19620301 19620331     8.4
19620401 19620430     0.0
19620501 19620531    68.7
19620601 19620630     5.1
19620701 19620731     7.9
19620801 19620831    36.5
19620901 19620930     6.1
19621001 19621031    15.5
19621101 19621130     0.5
19621201 19621231    45.9
19630101 19630131    38.2
19630201 19630228     7.6
19630301 19630331    54.8
19630401 19630430    67.3
19630501 19630531    67.4
19630601 19630630    78.3
19630701 19630731    21.8
19630801 19630831    29.8
19630901 19630930    31.7
19631001 19631031    37.0
19631101 19631130    11.1
19631201 19631231    26.7
19640101 19640131    20.8
19640201 19640229     5.1
19640301 19640331     1.5
19640401 19640430    35.2
19640501 19640531    22.9
19640601 19640630    20.5
19640701 19640731    24.5
19640801 19640831     7.2
19640901 19640930    94.1
19641001 19641031    51.4
19641101 19641130    26.7
19641201 19641231    17.8
19650101 19650131     1.5
19650201 19650228     1.0
19650301 19650331     1.0
19650401 19650430     9.8
19650501 19650531    23.5
19650601 19650630    29.2
19650701 19650731    40.4
19650801 19650831    58.8
19650901 19650930    43.8
19651001 19651031    21.8
19651101 19651130    27.2
19651201 19651231     6.1
19660101 19660131    13.2
19660201 19660228    13.0
19660301 19660331    32.3
19660401 19660430     3.5
19660501 19660531    33.1
19660601 19660630    13.7
19660701 19660731    25.7
19660801 19660831    12.0
19660901 19660930    38.4
19661001 19661031    38.2
19661101 19661130    35.2
19661201 19661231    52.7
19670101 19670131     6.1
19670201 19670228     7.9
19670301 19670331     2.8
19670401 19670430     2.0
19670501 19670531    18.5
19670601 19670630     3.4
19670701 19670731    18.1
19670801 19670831    20.9
19670901 19670930    18.1
19671001 19671031    11.2
19671101 19671130     0.0
19671201 19671231     0.0
19680101 19680131    22.8
19680201 19680229     1.3
19680301 19680331     6.3
19680401 19680430    37.2
19680501 19680531    66.7
19680601 19680630    28.9
19680701 19680731    25.9
19680801 19680831    33.3
19680901 19680930     5.3
19681001 19681031    20.5
19681101 19681130    10.4
19681201 19681231    13.4
19690101 19690131     0.0
19690201 19690228    71.9
19690301 19690331   127.7
19690401 19690430    12.2
19690501 19690531    29.0
19690601 19690630     7.6
19690701 19690731    36.1
19690801 19690831    14.8
19690901 19690930    33.3
19691001 19691031     9.4
19691101 19691130    12.6
19691201 19691231     1.8
19700101 19700131    48.2
19700201 19700228     0.0
19700301 19700331    25.7
19700401 19700430    42.2
19700501 19700531     9.2
19700601 19700630    16.5
19700701 19700731     4.5
19700801 19700831    55.8
19700901 19700930    84.8
19701001 19701031     7.1
19701101 19701130    28.0
19701201 19701231    23.3
19710101 19710131    35.6
19710201 19710228    25.4
19710301 19710331    53.3
19710401 19710430    62.2
19710501 19710531     7.6
19710601 19710630    17.3
19710701 19710731    20.4
19710801 19710831    12.6
19710901 19710930    20.0
19711001 19711031     1.0
19711101 19711130    76.7
19711201 19711231    16.5
19720101 19720131    37.1
19720201 19720229    23.9
19720301 19720331     2.3
19720401 19720430    21.6
19720501 19720531    44.5
19720601 19720630     8.5
19720701 19720731     9.2
19720801 19720831    52.6
19720901 19720930     8.2
19721001 19721031    14.5
19721101 19721130    14.2
19721201 19721231     5.3
19730101 19730131    13.5
19730201 19730228   101.0
19730301 19730331    42.2
19730401 19730430    49.3
19730501 19730531    23.6
19730601 19730630    54.2
19730701 19730731    44.9
19730801 19730831    77.2
19730901 19730930    37.1
19731001 19731031   111.6
19731101 19731130    26.8
19731201 19731231    31.8
19740101 19740131   105.0
19740201 19740228    47.0
19740301 19740331    42.2
19740401 19740430    85.6
19740501 19740531    66.5
19740601 19740630    12.0
19740701 19740731    42.0
19740801 19740831    34.0
19740901 19740930    54.0
19741001 19741031    51.0
19741101 19741130    28.0
19741201 19741231     2.5
19750101 19750131    10.0
19750201 19750228     6.0
19750301 19750331    50.0
19750401 19750430     5.0
19750501 19750531    25.0
19750601 19750630    11.0
19750701 19750731    33.0
19750801 19750831    42.0
19750901 19750930    51.5
19751001 19751031   126.0
19751101 19751130    15.0
19751201 19751231   117.5
19760101 19760131    39.0
19760201 19760229    16.0
19760301 19760331     6.5
19760401 19760430    12.0
19760501 19760531     9.0
19760601 19760630     9.0
19760701 19760731    28.0
19760801 19760831    14.0
19760901 19760930    20.0
19761001 19761031   115.0
19761101 19761130    54.0
19761201 19761231    10.0
19770101 19770131     3.0
19770201 19770228    82.0
19770301 19770331     4.0
19770401 19770430    22.0
19770501 19770531    36.0
19770601 19770630    28.0
19770701 19770731     8.0
19770801 19770831     4.0
19770901 19770930    23.0
19771001 19771031     4.0
19771101 19771130    22.0
19771201 19771231     2.0
19780101 19780131    19.0
19780201 19780228     0.0
19780301 19780331    31.0
19780401 19780430     6.0
19780501 19780531    75.0
19780601 19780630    52.0
19780701 19780731    57.0
19780801 19780831    50.0
19780901 19780930    54.0
19781001 19781031    20.0
19781101 19781130    51.0
19781201 19781231     8.0
19790101 19790131    41.0
19790201 19790228    51.0
19790301 19790331     9.0
19790401 19790430    47.0
19790501 19790531    81.0
19790601 19790630    14.0
19790701 19790731     3.0
19790801 19790831    48.4
19790901 19790930    48.0
19791001 19791031    32.4
19791101 19791130    18.0
19791201 19791231     2.0
19800101 19800131     0.0
19800201 19800229     4.0
19800301 19800331    14.0
19800401 19800430   107.0
19800501 19800531    22.0
19800601 19800630    33.0
19800701 19800731    27.0
19800801 19800831    10.0
19800901 19800930     7.0
19801001 19801031    34.0
19801101 19801130    12.0
19801201 19801231    13.0
19810101 19810131    47.0
19810201 19810228    73.0
19810301 19810331    21.0
19810401 19810430     0.0
19810501 19810531    45.0
19810601 19810630    41.2
19810701 19810731    50.2
19810801 19810831    32.0
19810901 19810930    34.0
19811001 19811031    27.0
19811101 19811130    18.0
19811201 19811231     2.0
19820101 19820131    19.0
19820201 19820228    20.0
19820301 19820331     5.0
19820401 19820430     2.0
19820501 19820531     0.0
19820601 19820630    20.8
19820701 19820731     1.2
19820801 19820831     1.0
19820901 19820930    28.0
19821001 19821031     1.0
19821101 19821130     1.0
19821201 19821231    23.0
19830101 19830131     0.0
19830201 19830228     0.0
19830301 19830331    81.0
19830401 19830430    13.0
19830501 19830531    27.0
19830601 19830630     9.6
19830701 19830731    48.0
19830801 19830831    39.4
19830901 19830930    38.0
19831001 19831031    24.0
19831101 19831130    28.0
19831201 19831231    48.0
19840101 19840131   127.0
19840201 19840229     6.0
19840301 19840331    27.0
19840401 19840430    17.0
19840501 19840531     0.0
19840601 19840630     0.0
19840701 19840731    59.0
19840801 19840831    52.0
19840901 19840930    26.0
19841001 19841031     7.5
19841101 19841130     9.0
19841201 19841231     0.0
19850101 19850131     5.0
19850201 19850228     0.0
19850301 19850331     6.0
19850401 19850430     4.0
19850501 19850531    31.0
19850601 19850630     7.0
19850701 19850731     5.0
19850801 19850831    47.5
19850901 19850930     7.5
19851001 19851031    43.0
19851101 19851130    28.0
19851201 19851231    48.0
19860101 19860131     0.0
19860201 19860228    10.0
19860301 19860331     0.0
19860401 19860430     9.0
19860501 19860531    35.5
19860601 19860630     7.5
19860701 19860731    48.0
19860801 19860831    34.0
19860901 19860930    35.0
19861001 19861031    69.0
19861101 19861130    21.0
19861201 19861231    53.5
19870101 19870131     9.0
19870201 19870228     6.0
19870301 19870331    16.0
19870401 19870430    13.0
19870501 19870531    21.0
19870601 19870630    39.0
19870701 19870731    26.0
19870801 19870831    59.5
19870901 19870930    15.0
19871001 19871031    29.0
19871101 19871130     8.0
19871201 19871231    43.0
19880101 19880131    36.0
19880201 19880229     2.0
19880301 19880331     8.5
19880401 19880430    14.0
19880501 19880531    51.5
19880601 19880630    25.5
19880701 19880731    29.0
19880801 19880831    14.0
19880901 19880930    49.0
19881001 19881031     5.0
19881101 19881130    62.0
19881201 19881231    61.0
19890101 19890131    11.0
19890201 19890228     0.0
19890301 19890331    63.0
19890401 19890430    33.0
19890501 19890531   108.0
19890601 19890630    37.0
19890701 19890731    32.0
19890801 19890831    36.5
19890901 19890930    14.0
19891001 19891031     7.0
19891101 19891130     7.5
19891201 19891231     0.0
19900101 19900131    10.0
19900201 19900228    11.0
19900301 19900331     0.0
19900401 19900430    82.0
19900501 19900531    69.0
19900601 19900630    20.0
19900701 19900731    40.0
19900801 19900831    41.0
19900901 19900930    11.0
19901001 19901031     2.0
19901101 19901130    12.0
19901201 19901231     6.0
19910101 19910131    65.0
19910201 19910228     0.0
19910301 19910331     0.0
19910401 19910430    20.0
19910501 19910531     0.0
19910601 19910630    38.0
19910701 19910731    38.0
19910801 19910831    23.0
19910901 19910930    40.0
19911001 19911031     0.0
19911101 19911130    18.0
19911201 19911231     9.0
19920101 19920131     0.0
19920201 19920229    13.0
19920301 19920331     4.0
19920401 19920430     6.0
19920501 19920531    64.0
19920601 19920630    11.0
19920701 19920731     6.0
19920801 19920831    62.0
19920901 19920930    63.0
19921001 19921031    39.0
19921101 19921130    32.0
19921201 19921231   137.0
19930101 19930131    94.0
19930201 19930228    19.0
19930301 19930331    27.0
19930401 19930430     0.0
19930501 19930531     3.0
19930601 19930630    14.0
19930701 19930731    34.0
19930801 19930831     4.0
19930901 19930930    53.0
19931001 19931031    50.0
19931101 19931130    25.0
19931201 19931231    49.0
19940101 19940131     0.0
19940201 19940228   100.0
19940301 19940331     0.0
19940401 19940430     0.0
19940501 19940531     0.0
19940601 19940630    31.0
19940701 19940731    10.0
19940801 19940831     0.0
19940901 19940930    15.0
19941001 19941031     8.0
19941101 19941130     6.0
19941201 19941231    19.0
19950101 19950131    91.0
19950201 19950228     0.0
19950301 19950331    13.0
19950401 19950430    11.0
19950501 19950531    68.0
19950601 19950630    19.0
19950701 19950731    47.0
19950801 19950831     2.0
19950901 19950930    26.0
19951001 19951031    46.0
19951101 19951130    11.0
19951201 19951231     0.0
19960101 19960131     0.0
19960201 19960229    39.0
19960301 19960331    10.0
19960401 19960430     7.0
19960501 19960531     3.0
19960601 19960630    44.0
19960701 19960731    55.0
19960801 19960831    30.2
19960901 19960930    27.0
19961001 19961031    17.0
19961101 19961130    12.0
19961201 19961231     0.0
19970101 19970131    18.2
19970201 19970228    15.4
19970301 19970331     0.0
19970401 19970430     0.0
19970501 19970531    33.4
19970601 19970630     7.0
19970701 19970731    12.0
19970801 19970831    55.0
19970901 19970930    48.0
19971001 19971031    19.0
19971101 19971130    16.0
19971201 19971231     5.0
19980101 19980131    28.0
19980201 19980228    18.0
19980301 19980331     0.0
19980401 19980430    44.0
19980501 19980531    11.0
19980601 19980630     8.0
19980701 19980731    41.0
19980801 19980831     0.0
19980901 19980930    43.0
19981001 19981031    17.0
19981101 19981130    62.0
19981201 19981231     6.0
19990101 19990131    31.0
19990201 19990228    35.0
19990301 19990331     9.0
19990401 19990430     0.0
19990501 19990531    24.0
19990601 19990630    22.0
19990701 19990731     9.0
19990801 19990831    50.0
19990901 19990930    17.0
19991001 19991031    25.0
19991101 19991130    91.0
19991201 19991231    13.0
20000101 20000131     0.0
20000201 20000229    75.0
20000301 20000331     6.0
20000401 20000430    48.0
20000501 20000531    33.0
20000601 20000630    17.0
20000701 20000731    53.0
20000801 20000831    30.0
20000901 20000930    40.0
20001001 20001031    85.0
20001101 20001130    20.0
20001201 20001231     5.0
20010101 20010131    21.0
20010201 20010228    22.0
20010301 20010331    26.0
20010401 20010430     3.0
20010501 20010531    11.0
20010601 20010630    20.0
20010701 20010731    25.0
20010801 20010831    25.0
20010901 20010930    36.0
20011001 20011031    23.0
20011101 20011130     2.0
20011201 20011231     0.0
20020101 20020131     6.0
20020201 20020228    13.0
20020301 20020331    37.0
20020401 20020430     6.5
20020501 20020531    16.0
20020601 20020630    14.5
20020701 20020731     5.0
20020801 20020831     9.5
20020901 20020930    10.0
20021001 20021031     3.0
20021101 20021130     0.0
20021201 20021231    30.5
20030101 20030131     0.0
20030201 20030228    61.0
20030301 20030331     0.0
20030401 20030430     0.0
20030501 20030531    16.0
20030601 20030630    23.0
20030701 20030731    51.0
20030801 20030831    39.0
20030901 20030930     7.0
20031001 20031031    22.0
20031101 20031130    28.0
20031201 20031231    59.0
20040101 20040131     0.0
20040201 20040229     0.0
20040301 20040331     0.0
20040401 20040430     0.0
20040501 20040531    10.0
20040601 20040630    39.5
20040701 20040731    19.5
20040801 20040831    16.0
20040901 20040930    16.0
20041001 20041031     0.0
20041101 20041130    49.0
20041201 20041231    22.0
20050101 20050131    23.0
20050201 20050228    28.0
20050301 20050331     0.0
20050401 20050430     2.0
20050501 20050531     2.5
20050601 20050630    50.0
20050701 20050731    50.5
20050801 20050831    29.0
20050901 20050930    57.0
20051001 20051031    67.0
20051101 20051130    32.0
20051201 20051231     9.0
20060101 20060131    36.0
20060201 20060228     0.0
20060301 20060331    23.0
20060401 20060430    18.0
20060501 20060531     5.0
20060601 20060630    21.0
20060701 20060731    24.0
20060801 20060831     4.0
20060901 20060930    28.0
20061001 20061031     0.0
20061101 20061130    20.5
20061201 20061231     6.5
20070101 20070131    48.0
20070201 20070228     0.0
20070301 20070331    14.0
20070401 20070430    46.0
20070501 20070531    28.0
20070601 20070630     6.0
20070701 20070731    19.5
20070801 20070831     0.5
20070901 20070930     0.0
20071001 20071031     0.0
20071101 20071130    26.0
20071201 20071231    40.0
20080101 20080131    28.0
20080201 20080229     0.0
20080301 20080331     0.0
20080401 20080430     7.0
20080501 20080531    13.0
20080601 20080630     8.0
20080701 20080731    25.0
20080801 20080831    27.0
20080901 20080930    20.0
20081001 20081031     6.0
20081101 20081130    46.0
20081201 20081231    41.0
20090101 20090131     0.0
20090201 20090228     0.0
20090301 20090331    21.5
20090401 20090430    26.0
20090501 20090531     7.5
20090601 20090630    67.0
20090701 20090731     9.5
20090801 20090831     9.5
20090901 20090930    46.0
20091001 20091031    10.0
20091101 20091130    97.0
20091201 20091231     9.0
20100101 20100131    24.0
20100201 20100228    32.0
20100301 20100331    67.0
20100401 20100430    31.0
20100501 20100531    44.0
20100601 20100630    14.5
20100701 20100731    27.5
20100801 20100831    31.0
20100901 20100930    24.0
20101001 20101031    88.0
20101101 20101130    69.0
20101201 20101231    42.0
20110101 20110131   179.0
20110201 20110228   147.5
20110301 20110331    48.5
20110401 20110430    24.0
20110501 20110531    10.0
20110601 20110630     8.0
20110701 20110731    10.5
20110801 20110831    28.0
20110901 20110930    24.0
20111001 20111031    27.0
20111101 20111130    48.5
20111201 20111231    52.0
20120101 20120131    19.0
20120201 20120229    23.0
20120301 20120331    46.5
20120401 20120430     0.0
20120501 20120531     2.0
20120601 20120630     8.0
20120701 20120731    68.0
20120801 20120831     7.0
20120901 20120930    18.0
20121001 20121031    10.5
20121101 20121130     3.0
20121201 20121231    10.0
20130101 20130131     0.0
20130201 20130228    54.5
20130301 20130331    11.5
20130401 20130430    19.0
20130501 20130531    28.0
20130601 20130630    59.0
20130701 20130731    19.0
20130801 20130831    18.0
20130901 20130930    19.0
20131001 20131031     7.5
20131101 20131130     1.5
20131201 20131231    63.0
20140101 20140131     0.0
20140201 20140228    65.0
20140301 20140331    26.5
20140401 20140430    54.0
20140501 20140531    38.5
20140601 20140630    10.0
20140701 20140731    14.0
20140801 20140831     8.0
20140901 20140930    18.0
20141001 20141031     2.0
20141101 20141130    10.5
20141201 20141231     4.5
20150101 20150131    57.5
20150201 20150228     2.0
20150301 20150331     0.0
20150401 20150430    85.0
20150501 20150531     7.5
20150601 20150630    33.0
20150701 20150731    17.0
20150801 20150831    13.0
20150901 20150930    11.5
20151001 20151031     7.0
20151101 20151130    14.5
20151201 20151231     0.0
20160101 20160131    42.0
20160201 20160229     0.0
20160301 20160331    11.0
20160401 20160430    14.5
20160501 20160531    40.0
20160601 20160630 99999.9
20160701 20160731    29.0
20160801 20160831    35.5
20160901 20160930   110.0
20161001 20161031    21.0
20161101 20161130    41.0
20161201 20161231     8.5
