PRCP       061000 18940601 20130531 missing_value=99999.9 ABERDEEN (MAIN RD)                        
18940601 18940630    23.9
18940701 18940731    23.0
18940801 18940831    11.4
18940901 18940930    37.6
18941001 18941031    38.3
18941101 18941130    17.5
18941201 18941231    88.9
18950101 18950131   166.2
18950201 18950228    38.1
18950301 18950331     9.1
18950401 18950430    12.7
18950501 18950531    22.4
18950601 18950630    27.0
18950701 18950731    10.9
18950801 18950831    20.1
18950901 18950930    41.9
18951001 18951031    11.5
18951101 18951130    82.9
18951201 18951231   117.6
18960101 18960131    47.2
18960201 18960229   141.1
18960301 18960331    49.8
18960401 18960430    13.3
18960501 18960531    61.9
18960601 18960630    51.4
18960701 18960731    33.4
18960801 18960831    54.2
18960901 18960930     4.1
18961001 18961031    36.8
18961101 18961130    49.2
18961201 18961231    27.8
18970101 18970131    13.7
18970201 18970228     8.4
18970301 18970331     3.8
18970401 18970430    43.9
18970501 18970531    30.4
18970601 18970630    64.1
18970701 18970731    98.1
18970801 18970831    25.5
18970901 18970930    23.6
18971001 18971031    51.6
18971101 18971130     3.0
18971201 18971231   121.7
18980101 18980131   163.6
18980201 18980228   115.8
18980301 18980331     0.0
18980401 18980430     8.4
18980501 18980531    57.3
18980601 18980630    54.3
18980701 18980731    31.0
18980801 18980831    28.5
18980901 18980930    54.0
18981001 18981031    40.6
18981101 18981130    13.0
18981201 18981231    32.7
18990101 18990131    78.5
18990201 18990228     1.0
18990301 18990331    15.5
18990401 18990430    73.7
18990501 18990531    15.8
18990601 18990630    51.6
18990701 18990731    38.5
18990801 18990831   178.9
18990901 18990930    20.9
18991001 18991031    32.9
18991101 18991130    17.7
18991201 18991231    20.9
19000101 19000131    22.4
19000201 19000228    11.0
19000301 19000331    50.1
19000401 19000430    28.2
19000501 19000531    57.8
19000601 19000630   125.5
19000701 19000731    75.4
19000801 19000831    18.8
19000901 19000930    23.0
19001001 19001031     4.6
19001101 19001130    26.8
19001201 19001231    62.1
19010101 19010131    68.3
19010201 19010228     8.4
19010301 19010331    68.6
19010401 19010430    39.8
19010501 19010531    23.1
19010601 19010630    26.2
19010701 19010731    15.5
19010801 19010831    56.3
19010901 19010930     3.1
19011001 19011031    29.3
19011101 19011130    28.1
19011201 19011231     1.3
19020101 19020131    36.8
19020201 19020228    14.8
19020301 19020331    15.5
19020401 19020430     4.1
19020501 19020531     1.5
19020601 19020630    16.9
19020701 19020731    19.6
19020801 19020831    31.4
19020901 19020930    36.8
19021001 19021031   123.5
19021101 19021130    13.0
19021201 19021231   111.7
19030101 19030131     1.5
19030201 19030228     1.1
19030301 19030331    43.2
19030401 19030430    37.8
19030501 19030531    31.0
19030601 19030630    45.4
19030701 19030731    38.3
19030801 19030831    92.9
19030901 19030930   162.3
19031001 19031031    98.5
19031101 19031130   109.0
19031201 19031231   105.5
19040101 19040131    15.4
19040201 19040229   216.2
19040301 19040331   130.4
19040401 19040430    68.6
19040501 19040531     6.3
19040601 19040630    10.2
19040701 19040731   198.7
19040801 19040831    30.0
19040901 19040930     7.6
19041001 19041031    45.5
19041101 19041130    13.4
19041201 19041231    73.2
19050101 19050131    12.2
19050201 19050228    13.3
19050301 19050331    58.5
19050401 19050430    94.4
19050501 19050531    21.6
19050601 19050630    35.5
19050701 19050731    13.7
19050801 19050831    34.3
19050901 19050930     8.2
19051001 19051031    20.2
19051101 19051130    24.1
19051201 19051231    28.7
19060101 19060131    19.0
19060201 19060228    22.6
19060301 19060331    63.5
19060401 19060430    27.2
19060501 19060531    25.1
19060601 19060630    20.1
19060701 19060731    11.4
19060801 19060831    70.6
19060901 19060930    44.8
19061001 19061031    66.3
19061101 19061130    73.8
19061201 19061231    13.5
19070101 19070131    56.9
19070201 19070228     7.6
19070301 19070331   102.9
19070401 19070430    52.6
19070501 19070531    46.0
19070601 19070630    62.1
19070701 19070731     2.0
19070801 19070831    13.7
19070901 19070930    16.8
19071001 19071031    16.5
19071101 19071130   108.0
19071201 19071231    85.8
19080101 19080131    39.4
19080201 19080229   178.7
19080301 19080331    95.5
19080401 19080430    29.5
19080501 19080531    20.4
19080601 19080630    23.7
19080701 19080731    28.6
19080801 19080831    55.7
19080901 19080930    52.6
19081001 19081031    29.5
19081101 19081130    58.1
19081201 19081231    20.7
19090101 19090131    17.1
19090201 19090228   109.3
19090301 19090331    13.2
19090401 19090430    39.1
19090501 19090531    43.5
19090601 19090630    73.6
19090701 19090731    11.5
19090801 19090831    78.8
19090901 19090930    63.8
19091001 19091031    49.4
19091101 19091130    59.5
19091201 19091231   175.0
19100101 19100131   202.3
19100201 19100228     9.4
19100301 19100331    76.3
19100401 19100430    27.5
19100501 19100531    19.0
19100601 19100630    96.4
19100701 19100731    40.5
19100801 19100831    12.7
19100901 19100930    20.1
19101001 19101031    45.0
19101101 19101130     6.6
19101201 19101231    73.1
19110101 19110131   146.6
19110201 19110228    59.2
19110301 19110331    69.6
19110401 19110430    25.4
19110501 19110531    31.3
19110601 19110630    10.6
19110701 19110731    59.5
19110801 19110831    97.5
19110901 19110930    63.9
19111001 19111031    22.6
19111101 19111130    56.7
19111201 19111231    51.1
19120101 19120131    53.8
19120201 19120229    84.4
19120301 19120331    12.6
19120401 19120430    40.4
19120501 19120531    66.3
19120601 19120630    45.2
19120701 19120731   120.7
19120801 19120831    31.0
19120901 19120930     9.2
19121001 19121031    24.9
19121101 19121130     7.8
19121201 19121231    39.0
19130101 19130131    50.3
19130201 19130228    34.3
19130301 19130331    50.0
19130401 19130430    75.9
19130501 19130531   227.6
19130601 19130630    96.2
19130701 19130731    25.1
19130801 19130831    20.1
19130901 19130930    61.9
19131001 19131031    41.3
19131101 19131130    26.1
19131201 19131231    21.3
19140101 19140131    87.9
19140201 19140228    32.5
19140301 19140331   110.2
19140401 19140430    45.2
19140501 19140531    38.1
19140601 19140630    68.4
19140701 19140731    39.3
19140801 19140831     5.1
19140901 19140930    45.2
19141001 19141031    57.5
19141101 19141130   169.0
19141201 19141231   141.4
19150101 19150131    42.9
19150201 19150228    27.7
19150301 19150331     8.3
19150401 19150430    23.6
19150501 19150531    84.7
19150601 19150630    13.1
19150701 19150731    37.2
19150801 19150831    19.1
19150901 19150930    25.2
19151001 19151031    23.6
19151101 19151130     6.1
19151201 19151231   126.9
19160101 19160131    48.0
19160201 19160229    79.4
19160301 19160331    45.4
19160401 19160430    73.8
19160501 19160531    13.7
19160601 19160630    72.2
19160701 19160731    41.4
19160801 19160831    39.4
19160901 19160930    29.2
19161001 19161031    64.3
19161101 19161130    95.9
19161201 19161231   132.3
19170101 19170131    99.8
19170201 19170228    28.0
19170301 19170331    18.4
19170401 19170430    17.0
19170501 19170531     5.3
19170601 19170630    34.4
19170701 19170731    11.5
19170801 19170831    33.2
19170901 19170930   126.9
19171001 19171031    52.9
19171101 19171130    95.0
19171201 19171231    64.3
19180101 19180131    73.7
19180201 19180228    22.7
19180301 19180331    16.2
19180401 19180430    22.3
19180501 19180531     4.3
19180601 19180630     5.1
19180701 19180731    48.2
19180801 19180831    62.2
19180901 19180930    26.1
19181001 19181031    15.7
19181101 19181130    14.0
19181201 19181231     0.0
19190101 19190131    58.1
19190201 19190228    52.9
19190301 19190331    17.2
19190401 19190430    30.9
19190501 19190531    36.3
19190601 19190630     2.5
19190701 19190731    14.5
19190801 19190831     5.6
19190901 19190930    32.5
19191001 19191031    23.4
19191101 19191130    30.3
19191201 19191231    33.5
19200101 19200131    47.0
19200201 19200229    68.8
19200301 19200331    13.5
19200401 19200430     4.3
19200501 19200531    24.9
19200601 19200630   152.7
19200701 19200731   119.9
19200801 19200831    30.5
19200901 19200930    13.4
19201001 19201031    18.8
19201101 19201130    28.8
19201201 19201231   179.6
19210101 19210131    38.9
19210201 19210228     3.0
19210301 19210331   129.8
19210401 19210430   138.2
19210501 19210531    76.3
19210601 19210630    82.9
19210701 19210731   183.3
19210801 19210831    11.7
19210901 19210930    27.2
19211001 19211031    65.0
19211101 19211130    55.4
19211201 19211231    72.6
19220101 19220131    70.6
19220201 19220228    12.2
19220301 19220331     3.0
19220401 19220430     4.4
19220501 19220531     7.6
19220601 19220630     5.1
19220701 19220731   121.7
19220801 19220831    38.3
19220901 19220930    33.8
19221001 19221031   103.3
19221101 19221130     4.1
19221201 19221231    57.4
19230101 19230131    34.9
19230201 19230228    10.9
19230301 19230331     7.6
19230401 19230430     5.0
19230501 19230531     0.0
19230601 19230630    95.4
19230701 19230731    40.4
19230801 19230831    24.3
19230901 19230930    53.9
19231001 19231031    12.2
19231101 19231130    27.2
19231201 19231231    40.9
19240101 19240131    79.8
19240201 19240229    76.3
19240301 19240331    33.0
19240401 19240430    59.5
19240501 19240531    12.4
19240601 19240630    16.5
19240701 19240731    43.7
19240801 19240831    25.5
19240901 19240930    66.7
19241001 19241031    21.6
19241101 19241130   171.4
19241201 19241231    80.1
19250101 19250131    47.4
19250201 19250228    11.9
19250301 19250331    63.2
19250401 19250430     0.0
19250501 19250531    26.4
19250601 19250630    23.7
19250701 19250731    12.7
19250801 19250831    21.5
19250901 19250930     5.9
19251001 19251031    44.4
19251101 19251130    57.7
19251201 19251231    65.6
19260101 19260131    40.2
19260201 19260228     5.1
19260301 19260331   172.0
19260401 19260430    95.2
19260501 19260531    94.0
19260601 19260630    16.2
19260701 19260731    40.8
19260801 19260831     9.2
19260901 19260930    35.1
19261001 19261031     8.7
19261101 19261130     4.6
19261201 19261231   200.7
19270101 19270131    84.8
19270201 19270228     2.8
19270301 19270331     4.6
19270401 19270430   144.9
19270501 19270531     0.0
19270601 19270630    10.7
19270701 19270731     0.3
19270801 19270831     7.6
19270901 19270930    13.7
19271001 19271031    17.8
19271101 19271130   150.5
19271201 19271231    65.6
19280101 19280131    92.2
19280201 19280229    67.3
19280301 19280331   160.5
19280401 19280430    24.1
19280501 19280531     5.1
19280601 19280630    69.0
19280701 19280731   108.6
19280801 19280831     7.6
19280901 19280930    11.4
19281001 19281031    27.6
19281101 19281130    13.4
19281201 19281231    15.0
19290101 19290131    10.9
19290201 19290228    80.5
19290301 19290331     3.8
19290401 19290430    40.7
19290501 19290531     0.0
19290601 19290630    31.3
19290701 19290731    39.8
19290801 19290831    49.1
19290901 19290930   134.4
19291001 19291031    66.3
19291101 19291130    42.1
19291201 19291231    34.0
19300101 19300131    63.5
19300201 19300228     8.6
19300301 19300331    52.6
19300401 19300430     8.1
19300501 19300531    10.7
19300601 19300630   179.3
19300701 19300731    58.1
19300801 19300831    22.1
19300901 19300930    14.7
19301001 19301031    91.2
19301101 19301130    36.3
19301201 19301231    17.0
19310101 19310131    90.7
19310201 19310228    12.7
19310301 19310331   113.1
19310401 19310430   129.2
19310501 19310531   111.2
19310601 19310630    62.8
19310701 19310731   120.4
19310801 19310831    12.9
19310901 19310930    20.3
19311001 19311031    23.6
19311101 19311130    75.5
19311201 19311231    83.0
19320101 19320131    11.5
19320201 19320229   122.4
19320301 19320331   113.9
19320401 19320430    27.2
19320501 19320531    10.9
19320601 19320630    18.6
19320701 19320731    40.1
19320801 19320831    34.4
19320901 19320930   117.9
19321001 19321031    34.0
19321101 19321130    83.8
19321201 19321231    38.1
19330101 19330131    48.9
19330201 19330228     7.1
19330301 19330331    21.3
19330401 19330430    53.0
19330501 19330531    43.7
19330601 19330630    27.4
19330701 19330731    51.4
19330801 19330831     5.9
19330901 19330930    49.7
19331001 19331031    97.0
19331101 19331130    76.9
19331201 19331231    94.3
19340101 19340131    29.2
19340201 19340228   103.2
19340301 19340331     2.3
19340401 19340430    46.2
19340501 19340531     4.8
19340601 19340630    21.3
19340701 19340731    75.1
19340801 19340831    67.3
19340901 19340930    93.9
19341001 19341031    41.6
19341101 19341130    70.4
19341201 19341231    76.1
19350101 19350131    71.9
19350201 19350228    39.7
19350301 19350331    10.9
19350401 19350430    34.8
19350501 19350531    36.4
19350601 19350630     4.1
19350701 19350731    45.7
19350801 19350831    10.6
19350901 19350930    39.8
19351001 19351031    48.0
19351101 19351130     8.3
19351201 19351231    36.4
19360101 19360131    27.9
19360201 19360229   102.8
19360301 19360331    95.2
19360401 19360430    27.0
19360501 19360531    26.1
19360601 19360630    28.9
19360701 19360731    58.4
19360801 19360831    29.7
19360901 19360930    26.1
19361001 19361031    14.5
19361101 19361130     1.3
19361201 19361231    64.2
19370101 19370131    80.0
19370201 19370228    26.6
19370301 19370331    57.1
19370401 19370430    17.5
19370501 19370531    19.3
19370601 19370630    45.9
19370701 19370731    23.1
19370801 19370831    50.3
19370901 19370930    17.1
19371001 19371031    28.6
19371101 19371130    69.7
19371201 19371231    63.1
19380101 19380131    45.9
19380201 19380228    29.4
19380301 19380331     5.3
19380401 19380430    75.2
19380501 19380531    43.7
19380601 19380630    16.0
19380701 19380731    18.0
19380801 19380831    35.1
19380901 19380930    11.7
19381001 19381031    30.7
19381101 19381130    69.6
19381201 19381231    22.4
19390101 19390131    64.6
19390201 19390228     1.5
19390301 19390331    95.4
19390401 19390430    41.7
19390501 19390531     2.3
19390601 19390630    11.7
19390701 19390731    19.0
19390801 19390831    25.8
19390901 19390930    31.6
19391001 19391031    35.1
19391101 19391130    35.0
19391201 19391231    15.8
19400101 19400131    43.2
19400201 19400229     1.0
19400301 19400331    24.4
19400401 19400430    66.6
19400501 19400531     3.0
19400601 19400630     7.1
19400701 19400731     0.8
19400801 19400831    26.1
19400901 19400930    20.1
19401001 19401031    19.6
19401101 19401130    51.6
19401201 19401231    97.9
19410101 19410131    88.8
19410201 19410228    29.8
19410301 19410331    57.2
19410401 19410430     6.1
19410501 19410531    16.8
19410601 19410630    45.7
19410701 19410731     8.1
19410801 19410831    23.1
19410901 19410930    21.1
19411001 19411031    69.7
19411101 19411130    25.9
19411201 19411231    12.7
19420101 19420131     5.8
19420201 19420228    33.5
19420301 19420331   119.9
19420401 19420430     1.8
19420501 19420531    19.0
19420601 19420630    38.2
19420701 19420731   115.6
19420801 19420831    22.3
19420901 19420930    28.3
19421001 19421031   120.2
19421101 19421130    83.5
19421201 19421231    17.1
19430101 19430131   116.5
19430201 19430228    43.0
19430301 19430331     9.1
19430401 19430430    27.9
19430501 19430531    85.4
19430601 19430630    28.2
19430701 19430731    16.0
19430801 19430831    36.5
19430901 19430930    73.4
19431001 19431031    57.0
19431101 19431130    79.0
19431201 19431231    56.1
19440101 19440131    40.4
19440201 19440229    41.1
19440301 19440331    12.0
19440401 19440430    33.5
19440501 19440531    98.0
19440601 19440630     9.4
19440701 19440731    39.3
19440801 19440831    76.4
19440901 19440930    24.9
19441001 19441031     4.3
19441101 19441130    24.1
19441201 19441231    22.1
19450101 19450131    67.8
19450201 19450228    96.1
19450301 19450331    31.7
19450401 19450430    60.2
19450501 19450531    86.5
19450601 19450630   127.1
19450701 19450731    52.9
19450801 19450831    63.4
19450901 19450930     1.3
19451001 19451031    56.5
19451101 19451130    32.5
19451201 19451231    52.1
19460101 19460131    56.7
19460201 19460228    18.1
19460301 19460331    44.3
19460401 19460430   127.5
19460501 19460531    14.4
19460601 19460630    53.6
19460701 19460731     0.0
19460801 19460831     0.0
19460901 19460930    19.0
19461001 19461031     8.6
19461101 19461130    31.8
19461201 19461231    55.0
19470101 19470131    70.3
19470201 19470228    68.2
19470301 19470331    17.5
19470401 19470430    28.8
19470501 19470531    20.2
19470601 19470630    16.3
19470701 19470731    28.6
19470801 19470831    23.6
19470901 19470930    57.6
19471001 19471031    62.4
19471101 19471130    61.6
19471201 19471231   159.8
19480101 19480131    90.8
19480201 19480229    67.9
19480301 19480331    94.1
19480401 19480430    25.6
19480501 19480531    28.2
19480601 19480630    83.0
19480701 19480731     3.3
19480801 19480831     7.9
19480901 19480930    92.7
19481001 19481031     7.6
19481101 19481130    26.2
19481201 19481231   149.4
19490101 19490131    62.5
19490201 19490228   153.2
19490301 19490331    55.2
19490401 19490430    62.9
19490501 19490531    16.7
19490601 19490630    95.9
19490701 19490731    53.1
19490801 19490831    45.1
19490901 19490930   123.8
19491001 19491031    70.9
19491101 19491130    81.6
19491201 19491231    45.4
19500101 19500131   100.3
19500201 19500228   147.1
19500301 19500331    22.9
19500401 19500430   113.3
19500501 19500531    70.2
19500601 19500630   224.5
19500701 19500731   109.2
19500801 19500831    50.2
19500901 19500930    48.8
19501001 19501031   144.5
19501101 19501130   127.7
19501201 19501231    29.2
19510101 19510131   180.6
19510201 19510228     9.7
19510301 19510331    58.0
19510401 19510430    25.1
19510501 19510531    17.0
19510601 19510630   149.0
19510701 19510731    46.6
19510801 19510831    40.9
19510901 19510930    35.8
19511001 19511031    14.8
19511101 19511130    16.5
19511201 19511231    24.2
19520101 19520131    27.7
19520201 19520229    49.9
19520301 19520331    55.9
19520401 19520430    61.6
19520501 19520531    27.1
19520601 19520630    40.7
19520701 19520731    52.5
19520801 19520831   160.6
19520901 19520930    10.3
19521001 19521031    72.8
19521101 19521130    26.2
19521201 19521231    61.2
19530101 19530131    68.6
19530201 19530228    88.7
19530301 19530331    22.1
19530401 19530430    23.6
19530501 19530531   198.8
19530601 19530630     1.8
19530701 19530731    25.6
19530801 19530831    62.5
19530901 19530930    23.0
19531001 19531031    34.4
19531101 19531130    53.9
19531201 19531231    34.8
19540101 19540131   141.6
19540201 19540228   253.3
19540301 19540331    14.0
19540401 19540430     8.7
19540501 19540531    11.2
19540601 19540630    52.1
19540701 19540731    13.3
19540801 19540831    21.7
19540901 19540930    30.6
19541001 19541031    87.8
19541101 19541130    52.7
19541201 19541231    65.2
19550101 19550131    95.7
19550201 19550228   432.5
19550301 19550331    16.3
19550401 19550430    59.6
19550501 19550531    53.8
19550601 19550630    21.8
19550701 19550731     7.6
19550801 19550831    56.3
19550901 19550930    18.3
19551001 19551031    75.9
19551101 19551130   112.5
19551201 19551231    67.4
19560101 19560131   120.9
19560201 19560229   161.3
19560301 19560331    90.4
19560401 19560430    42.7
19560501 19560531    91.4
19560601 19560630    78.5
19560701 19560731    49.8
19560801 19560831    14.9
19560901 19560930    14.0
19561001 19561031    57.6
19561101 19561130    12.7
19561201 19561231    37.6
19570101 19570131    58.6
19570201 19570228   101.5
19570301 19570331    15.5
19570401 19570430    32.8
19570501 19570531     0.0
19570601 19570630    20.8
19570701 19570731    31.1
19570801 19570831    44.4
19570901 19570930     4.3
19571001 19571031     3.1
19571101 19571130    15.2
19571201 19571231    73.8
19580101 19580131   123.2
19580201 19580228    29.7
19580301 19580331    13.9
19580401 19580430    36.3
19580501 19580531    44.0
19580601 19580630    34.6
19580701 19580731     6.6
19580801 19580831    32.3
19580901 19580930    79.3
19581001 19581031    63.5
19581101 19581130    22.3
19581201 19581231    57.1
19590101 19590131    84.6
19590201 19590228    97.0
19590301 19590331    81.1
19590401 19590430    28.2
19590501 19590531    15.0
19590601 19590630    50.6
19590701 19590731    29.8
19590801 19590831    22.1
19590901 19590930    21.3
19591001 19591031    99.6
19591101 19591130    56.4
19591201 19591231    55.0
19600101 19600131    52.8
19600201 19600229    63.3
19600301 19600331    23.3
19600401 19600430    30.7
19600501 19600531    18.2
19600601 19600630    20.8
19600701 19600731    54.5
19600801 19600831    27.0
19600901 19600930    61.7
19601001 19601031    70.9
19601101 19601130    55.2
19601201 19601231   116.3
19610101 19610131    60.0
19610201 19610228    74.2
19610301 19610331   116.3
19610401 19610430    22.6
19610501 19610531     6.1
19610601 19610630    38.0
19610701 19610731    32.0
19610801 19610831    92.3
19610901 19610930     4.1
19611001 19611031    59.7
19611101 19611130   147.4
19611201 19611231   133.9
19620101 19620131   116.7
19620201 19620228    86.0
19620301 19620331     7.6
19620401 19620430    63.3
19620501 19620531   183.4
19620601 19620630     0.8
19620701 19620731    27.8
19620801 19620831    45.1
19620901 19620930    43.3
19621001 19621031   100.5
19621101 19621130    11.2
19621201 19621231   110.1
19630101 19630131   214.8
19630201 19630228    71.4
19630301 19630331    98.0
19630401 19630430    41.6
19630501 19630531   142.2
19630601 19630630    64.1
19630701 19630731    23.1
19630801 19630831    68.5
19630901 19630930    75.3
19631001 19631031    26.4
19631101 19631130    40.2
19631201 19631231    77.0
19640101 19640131    97.2
19640201 19640229    25.2
19640301 19640331    39.8
19640401 19640430   174.8
19640501 19640531    54.4
19640601 19640630   111.2
19640701 19640731    23.4
19640801 19640831    10.6
19640901 19640930    37.4
19641001 19641031    87.7
19641101 19641130     2.3
19641201 19641231    29.2
19650101 19650131    18.8
19650201 19650228     4.1
19650301 19650331     5.1
19650401 19650430    27.1
19650501 19650531     6.1
19650601 19650630     9.5
19650701 19650731    54.8
19650801 19650831    19.5
19650901 19650930    22.1
19651001 19651031    57.6
19651101 19651130    13.9
19651201 19651231   129.1
19660101 19660131     5.3
19660201 19660228    43.4
19660301 19660331    37.4
19660401 19660430     7.4
19660501 19660531    12.2
19660601 19660630    32.3
19660701 19660731     5.3
19660801 19660831    47.3
19660901 19660930    25.7
19661001 19661031    97.6
19661101 19661130    79.3
19661201 19661231    29.3
19670101 19670131    22.0
19670201 19670228    42.4
19670301 19670331    90.7
19670401 19670430    32.1
19670501 19670531    27.3
19670601 19670630    70.8
19670701 19670731    11.8
19670801 19670831    58.5
19670901 19670930    50.1
19671001 19671031   111.3
19671101 19671130    10.1
19671201 19671231    30.0
19680101 19680131   226.5
19680201 19680229    29.2
19680301 19680331    35.3
19680401 19680430     2.5
19680501 19680531   129.7
19680601 19680630     9.7
19680701 19680731    14.5
19680801 19680831    84.7
19680901 19680930    44.7
19681001 19681031    21.3
19681101 19681130    25.2
19681201 19681231    76.0
19690101 19690131    29.9
19690201 19690228   109.3
19690301 19690331    82.8
19690401 19690430    59.7
19690501 19690531    37.4
19690601 19690630    64.7
19690701 19690731    52.6
19690801 19690831    50.4
19690901 19690930    41.3
19691001 19691031    69.4
19691101 19691130    62.3
19691201 19691231    15.7
19700101 19700131   129.9
19700201 19700228    40.3
19700301 19700331    29.5
19700401 19700430    24.2
19700501 19700531     5.6
19700601 19700630    15.5
19700701 19700731     0.0
19700801 19700831    17.1
19700901 19700930    80.6
19701001 19701031    41.9
19701101 19701130    98.0
19701201 19701231   153.0
19710101 19710131   152.3
19710201 19710228   187.5
19710301 19710331    11.6
19710401 19710430    16.8
19710501 19710531    27.7
19710601 19710630     4.9
19710701 19710731    24.7
19710801 19710831    50.0
19710901 19710930    33.6
19711001 19711031     2.0
19711101 19711130    31.8
19711201 19711231   102.9
19720101 19720131   147.8
19720201 19720229    12.4
19720301 19720331    86.4
19720401 19720430    43.1
19720501 19720531    21.2
19720601 19720630    20.9
19720701 19720731     0.0
19720801 19720831    23.4
19720901 19720930    20.1
19721001 19721031   120.8
19721101 19721130    76.7
19721201 19721231    37.0
19730101 19730131    51.3
19730201 19730228   116.1
19730301 19730331     7.1
19730401 19730430     8.6
19730501 19730531    18.0
19730601 19730630    33.6
19730701 19730731    28.0
19730801 19730831    53.8
19730901 19730930    36.3
19731001 19731031    83.5
19731101 19731130   114.1
19731201 19731231    49.2
19740101 19740131   161.3
19740201 19740228    28.0
19740301 19740331     5.3
19740401 19740430    90.6
19740501 19740531    64.4
19740601 19740630    29.6
19740701 19740731    17.8
19740801 19740831    23.7
19740901 19740930     8.6
19741001 19741031    61.0
19741101 19741130    44.4
19741201 19741231    36.0
19750101 19750131    42.9
19750201 19750228   123.7
19750301 19750331    30.8
19750401 19750430    21.8
19750501 19750531     3.8
19750601 19750630    67.6
19750701 19750731    13.0
19750801 19750831    24.8
19750901 19750930    31.2
19751001 19751031    54.8
19751101 19751130    57.6
19751201 19751231    39.0
19760101 19760131   232.0
19760201 19760229   105.6
19760301 19760331   106.6
19760401 19760430    29.1
19760501 19760531    12.2
19760601 19760630    66.8
19760701 19760731    60.6
19760801 19760831     3.4
19760901 19760930    22.6
19761001 19761031    87.8
19761101 19761130    38.4
19761201 19761231    27.8
19770101 19770131    64.6
19770201 19770228    83.6
19770301 19770331   135.2
19770401 19770430    34.0
19770501 19770531   109.8
19770601 19770630    25.0
19770701 19770731     3.7
19770801 19770831    20.0
19770901 19770930    39.0
19771001 19771031    11.8
19771101 19771130    33.7
19771201 19771231    28.0
19780101 19780131   153.1
19780201 19780228    28.2
19780301 19780331   198.0
19780401 19780430    22.6
19780501 19780531    66.9
19780601 19780630    86.3
19780701 19780731    23.6
19780801 19780831     7.6
19780901 19780930    51.0
19781001 19781031    16.6
19781101 19781130    63.3
19781201 19781231    58.2
19790101 19790131    37.0
19790201 19790228     4.0
19790301 19790331   107.6
19790401 19790430    33.6
19790501 19790531   136.1
19790601 19790630    58.4
19790701 19790731    11.3
19790801 19790831    10.4
19790901 19790930    48.0
19791001 19791031    26.4
19791101 19791130    31.2
19791201 19791231     7.4
19800101 19800131    40.0
19800201 19800229    34.6
19800301 19800331    31.8
19800401 19800430     0.0
19800501 19800531    44.2
19800601 19800630    45.6
19800701 19800731    15.2
19800801 19800831    18.4
19800901 19800930     0.0
19801001 19801031    33.4
19801101 19801130     5.6
19801201 19801231    52.6
19810101 19810131    18.0
19810201 19810228   121.3
19810301 19810331     2.2
19810401 19810430    23.0
19810501 19810531    78.3
19810601 19810630    48.0
19810701 19810731    51.7
19810801 19810831     8.8
19810901 19810930    14.6
19811001 19811031    77.2
19811101 19811130    66.7
19811201 19811231    59.0
19820101 19820131    46.0
19820201 19820228    50.0
19820301 19820331   142.7
19820401 19820430     3.4
19820501 19820531     3.2
19820601 19820630     9.0
19820701 19820731    10.4
19820801 19820831     0.0
19820901 19820930    31.8
19821001 19821031    24.4
19821101 19821130    19.8
19821201 19821231    21.1
19830101 19830131    56.8
19830201 19830228    12.4
19830301 19830331    55.8
19830401 19830430    60.3
19830501 19830531    67.8
19830601 19830630    17.5
19830701 19830731    39.8
19830801 19830831    16.0
19830901 19830930    40.6
19831001 19831031    89.8
19831101 19831130    49.8
19831201 19831231    78.4
19840101 19840131   215.2
19840201 19840229    45.2
19840301 19840331    34.4
19840401 19840430    49.8
19840501 19840531    27.2
19840601 19840630    22.5
19840701 19840731    81.4
19840801 19840831    15.2
19840901 19840930    30.0
19841001 19841031    53.6
19841101 19841130   136.6
19841201 19841231    48.4
19850101 19850131     1.4
19850201 19850228    47.2
19850301 19850331    42.2
19850401 19850430    50.2
19850501 19850531    29.8
19850601 19850630    37.6
19850701 19850731    28.0
19850801 19850831    49.2
19850901 19850930    50.8
19851001 19851031   159.7
19851101 19851130    45.0
19851201 19851231    86.3
19860101 19860131    68.2
19860201 19860228    16.8
19860301 19860331     0.0
19860401 19860430     2.0
19860501 19860531    18.4
19860601 19860630     7.2
19860701 19860731    58.9
19860801 19860831    63.4
19860901 19860930    61.2
19861001 19861031    66.4
19861101 19861130    69.8
19861201 19861231    19.2
19870101 19870131    90.6
19870201 19870228     5.0
19870301 19870331    98.0
19870401 19870430     3.4
19870501 19870531    68.0
19870601 19870630    33.2
19870701 19870731    12.4
19870801 19870831   110.6
19870901 19870930    12.2
19871001 19871031    43.6
19871101 19871130    59.0
19871201 19871231   100.0
19880101 19880131   123.6
19880201 19880229   103.0
19880301 19880331     7.0
19880401 19880430    95.0
19880501 19880531    68.7
19880601 19880630    35.0
19880701 19880731    51.4
19880801 19880831    59.0
19880901 19880930    78.0
19881001 19881031     3.0
19881101 19881130    85.8
19881201 19881231    66.2
19890101 19890131    60.8
19890201 19890228    15.0
19890301 19890331    98.2
19890401 19890430   124.2
19890501 19890531    69.4
19890601 19890630    97.0
19890701 19890731    36.8
19890801 19890831     7.6
19890901 19890930     1.5
19891001 19891031    21.4
19891101 19891130    37.6
19891201 19891231    52.3
19900101 19900131    78.2
19900201 19900228   200.4
19900301 19900331    65.7
19900401 19900430    90.2
19900501 19900531    52.0
19900601 19900630    25.8
19900701 19900731    70.6
19900801 19900831    62.6
19900901 19900930    56.3
19901001 19901031    37.3
19901101 19901130     5.6
19901201 19901231   129.0
19910101 19910131   140.0
19910201 19910228     0.0
19910301 19910331    10.2
19910401 19910430     1.8
19910501 19910531    52.4
19910601 19910630    37.6
19910701 19910731    46.4
19910801 19910831     9.4
19910901 19910930    18.4
19911001 19911031    16.6
19911101 19911130    29.9
19911201 19911231   103.4
19920101 19920131    44.6
19920201 19920229   202.5
19920301 19920331    22.3
19920401 19920430    27.2
19920501 19920531    10.6
19920601 19920630    20.7
19920701 19920731     6.8
19920801 19920831    38.2
19920901 19920930    30.1
19921001 19921031    38.7
19921101 19921130    38.7
19921201 19921231   126.1
19930101 19930131    90.4
19930201 19930228    48.4
19930301 19930331    46.2
19930401 19930430     8.0
19930501 19930531    32.0
19930601 19930630    98.6
19930701 19930731    74.4
19930801 19930831    32.6
19930901 19930930    57.4
19931001 19931031    77.8
19931101 19931130    83.6
19931201 19931231    43.2
19940101 19940131    15.7
19940201 19940228    95.4
19940301 19940331    39.5
19940401 19940430    58.0
19940501 19940531     0.0
19940601 19940630    21.5
19940701 19940731    23.0
19940801 19940831     8.0
19940901 19940930     8.0
19941001 19941031    11.5
19941101 19941130    64.5
19941201 19941231    72.5
19950101 19950131    75.5
19950201 19950228    13.0
19950301 19950331    29.0
19950401 19950430     0.0
19950501 19950531    91.5
19950601 19950630    22.5
19950701 19950731    13.0
19950801 19950831     1.0
19950901 19950930    83.6
19951001 19951031    46.5
19951101 19951130    61.0
19951201 19951231   173.5
19960101 19960131   120.0
19960201 19960229    26.5
19960301 19960331    19.0
19960401 19960430     3.5
19960501 19960531    43.5
19960601 19960630    40.5
19960701 19960731    44.2
19960801 19960831    66.0
19960901 19960930    58.5
19961001 19961031    38.0
19961101 19961130    47.0
19961201 19961231    60.5
19970101 19970131    74.3
19970201 19970228   141.5
19970301 19970331     8.0
19970401 19970430     0.0
19970501 19970531    34.0
19970601 19970630    28.0
19970701 19970731    16.0
19970801 19970831     2.5
19970901 19970930    57.0
19971001 19971031     6.0
19971101 19971130     7.5
19971201 19971231    18.0
19980101 19980131    68.4
19980201 19980228    33.4
19980301 19980331     3.3
19980401 19980430    72.2
19980501 19980531   117.6
19980601 19980630    39.4
19980701 19980731   134.1
19980801 19980831    89.2
19980901 19980930    67.8
19981001 19981031    75.3
19981101 19981130    49.9
19981201 19981231    39.4
19990101 19990131    22.0
19990201 19990228    26.0
19990301 19990331   167.4
19990401 19990430    60.4
19990501 19990531    12.0
19990601 19990630    36.6
19990701 19990731    58.6
19990801 19990831    33.2
19990901 19990930    50.9
19991001 19991031   127.4
19991101 19991130    82.8
19991201 19991231    18.5
20000101 20000131    26.0
20000201 20000229    11.0
20000301 20000331   173.3
20000401 20000430    91.7
20000501 20000531    41.6
20000601 20000630    14.0
20000701 20000731    36.0
20000801 20000831    44.8
20000901 20000930    11.8
20001001 20001031    58.0
20001101 20001130   142.0
20001201 20001231    77.4
20010101 20010131    40.6
20010201 20010228    71.8
20010301 20010331    63.2
20010401 20010430    21.0
20010501 20010531    59.2
20010601 20010630    21.0
20010701 20010731    23.2
20010801 20010831    12.4
20010901 20010930     6.0
20011001 20011031     2.6
20011101 20011130     7.0
20011201 20011231     6.1
20020101 20020131     4.0
20020201 20020228   118.6
20020301 20020331    34.1
20020401 20020430     4.2
20020501 20020531    24.6
20020601 20020630    38.2
20020701 20020731     3.4
20020801 20020831    13.8
20020901 20020930    34.6
20021001 20021031     0.0
20021101 20021130    15.4
20021201 20021231   152.0
20030101 20030131    10.8
20030201 20030228    84.9
20030301 20030331     1.8
20030401 20030430    21.3
20030501 20030531     8.4
20030601 20030630     2.2
20030701 20030731    11.0
20030801 20030831    87.8
20030901 20030930     7.0
20031001 20031031    44.6
20031101 20031130   131.4
20031201 20031231    37.4
20040101 20040131    67.5
20040201 20040229    78.5
20040301 20040331    43.9
20040401 20040430     3.5
20040501 20040531    27.5
20040601 20040630     6.0
20040701 20040731    13.0
20040801 20040831    37.5
20040901 20040930    29.2
20041001 20041031    34.1
20041101 20041130    26.5
20041201 20041231   105.1
20050101 20050131    89.4
20050201 20050228    69.9
20050301 20050331    49.0
20050401 20050430     1.0
20050501 20050531     9.3
20050601 20050630    71.8
20050701 20050731    31.0
20050801 20050831    10.0
20050901 20050930    58.0
20051001 20051031    68.8
20051101 20051130    74.9
20051201 20051231    30.9
20060101 20060131    41.5
20060201 20060228    32.0
20060301 20060331     5.0
20060401 20060430    36.5
20060501 20060531     2.0
20060601 20060630    29.0
20060701 20060731    25.5
20060801 20060831    14.5
20060901 20060930    44.3
20061001 20061031     8.0
20061101 20061130    51.2
20061201 20061231    42.0
20070101 20070131    70.3
20070201 20070228    31.3
20070301 20070331 99999.9
20070401 20070430 99999.9
20070501 20070531 99999.9
20070601 20070630 99999.9
20070701 20070731 99999.9
20070801 20070831 99999.9
20070901 20070930 99999.9
20071001 20071031 99999.9
20071101 20071130 99999.9
20071201 20071231 99999.9
20080101 20080131 99999.9
20080201 20080229 99999.9
20080301 20080331 99999.9
20080401 20080430 99999.9
20080501 20080531 99999.9
20080601 20080630 99999.9
20080701 20080731 99999.9
20080801 20080831 99999.9
20080901 20080930 99999.9
20081001 20081031 99999.9
20081101 20081130 99999.9
20081201 20081231 99999.9
20090101 20090131 99999.9
20090201 20090228 99999.9
20090301 20090331 99999.9
20090401 20090430 99999.9
20090501 20090531 99999.9
20090601 20090630 99999.9
20090701 20090731 99999.9
20090801 20090831 99999.9
20090901 20090930 99999.9
20091001 20091031 99999.9
20091101 20091130 99999.9
20091201 20091231 99999.9
20100101 20100131 99999.9
20100201 20100228 99999.9
20100301 20100331 99999.9
20100401 20100430 99999.9
20100501 20100531 99999.9
20100601 20100630 99999.9
20100701 20100731 99999.9
20100801 20100831 99999.9
20100901 20100930 99999.9
20101001 20101031 99999.9
20101101 20101130 99999.9
20101201 20101231 99999.9
20110101 20110131 99999.9
20110201 20110228 99999.9
20110301 20110331 99999.9
20110401 20110430 99999.9
20110501 20110531 99999.9
20110601 20110630 99999.9
20110701 20110731 99999.9
20110801 20110831 99999.9
20110901 20110930 99999.9
20111001 20111031 99999.9
20111101 20111130 99999.9
20111201 20111231 99999.9
20120101 20120131 99999.9
20120201 20120229 99999.9
20120301 20120331 99999.9
20120401 20120430 99999.9
20120501 20120531 99999.9
20120601 20120630 99999.9
20120701 20120731 99999.9
20120801 20120831 99999.9
20120901 20120930 99999.9
20121001 20121031 99999.9
20121101 20121130 99999.9
20121201 20121231 99999.9
20130101 20130131   153.6
20130201 20130228    81.3
20130301 20130331    86.2
20130401 20130430     2.0
20130501 20130531    21.8
