PRCP       013017 19560901 20180131 missing_value=99999.9 GILES METEOROLOGICAL OFFICE               
19560901 19560930     1.0
19561001 19561031     4.8
19561101 19561130    31.2
19561201 19561231    11.4
19570101 19570131    35.3
19570201 19570228    22.9
19570301 19570331     3.3
19570401 19570430     9.4
19570501 19570531     8.4
19570601 19570630    16.0
19570701 19570731    19.6
19570801 19570831     0.5
19570901 19570930     2.5
19571001 19571031     3.0
19571101 19571130     0.0
19571201 19571231   116.8
19580101 19580131     1.3
19580201 19580228     2.0
19580301 19580331    35.1
19580401 19580430     0.0
19580501 19580531    42.7
19580601 19580630    17.5
19580701 19580731    40.4
19580801 19580831    62.5
19580901 19580930     2.0
19581001 19581031     1.3
19581101 19581130    21.6
19581201 19581231    17.8
19590101 19590131    24.9
19590201 19590228    15.0
19590301 19590331     4.8
19590401 19590430     0.5
19590501 19590531    23.6
19590601 19590630     1.0
19590701 19590731    26.4
19590801 19590831     0.0
19590901 19590930     0.0
19591001 19591031     5.6
19591101 19591130     2.5
19591201 19591231    21.1
19600101 19600131    37.9
19600201 19600229   117.6
19600301 19600331     1.8
19600401 19600430    37.5
19600501 19600531    28.5
19600601 19600630     2.3
19600701 19600731     0.8
19600801 19600831     0.0
19600901 19600930     1.1
19601001 19601031    29.7
19601101 19601130     0.0
19601201 19601231    50.5
19610101 19610131     2.3
19610201 19610228    15.8
19610301 19610331     1.3
19610401 19610430    10.4
19610501 19610531     0.0
19610601 19610630     0.0
19610701 19610731     0.0
19610801 19610831     0.0
19610901 19610930     2.8
19611001 19611031     2.6
19611101 19611130     2.0
19611201 19611231     0.8
19620101 19620131    41.0
19620201 19620228     8.1
19620301 19620331    13.0
19620401 19620430    17.8
19620501 19620531    17.1
19620601 19620630     0.0
19620701 19620731    34.3
19620801 19620831    36.7
19620901 19620930     0.8
19621001 19621031    16.9
19621101 19621130     0.5
19621201 19621231    13.5
19630101 19630131    18.5
19630201 19630228     0.0
19630301 19630331     0.0
19630401 19630430     0.0
19630501 19630531    37.7
19630601 19630630    43.1
19630701 19630731     1.0
19630801 19630831     0.0
19630901 19630930     0.0
19631001 19631031     1.8
19631101 19631130     3.3
19631201 19631231    43.7
19640101 19640131     5.6
19640201 19640229     5.6
19640301 19640331     0.0
19640401 19640430    31.5
19640501 19640531    14.5
19640601 19640630     0.0
19640701 19640731     0.0
19640801 19640831    44.0
19640901 19640930    18.1
19641001 19641031     0.0
19641101 19641130    12.7
19641201 19641231     9.2
19650101 19650131     0.0
19650201 19650228     0.0
19650301 19650331    16.7
19650401 19650430     0.0
19650501 19650531     0.8
19650601 19650630    10.1
19650701 19650731    11.2
19650801 19650831    20.8
19650901 19650930     0.0
19651001 19651031     1.3
19651101 19651130    61.3
19651201 19651231     5.1
19660101 19660131     0.3
19660201 19660228     0.0
19660301 19660331    18.8
19660401 19660430    35.3
19660501 19660531    55.1
19660601 19660630    66.3
19660701 19660731     0.0
19660801 19660831     0.5
19660901 19660930     0.0
19661001 19661031     6.7
19661101 19661130    38.7
19661201 19661231    28.6
19670101 19670131    59.6
19670201 19670228   163.0
19670301 19670331    25.7
19670401 19670430     0.0
19670501 19670531    39.2
19670601 19670630     0.0
19670701 19670731     0.0
19670801 19670831     0.0
19670901 19670930     0.6
19671001 19671031     0.3
19671101 19671130    28.5
19671201 19671231     3.7
19680101 19680131    42.7
19680201 19680229    16.6
19680301 19680331    24.4
19680401 19680430    25.4
19680501 19680531    40.5
19680601 19680630   113.9
19680701 19680731    24.4
19680801 19680831    20.0
19680901 19680930     2.3
19681001 19681031     1.8
19681101 19681130     6.6
19681201 19681231    23.9
19690101 19690131    17.4
19690201 19690228   171.6
19690301 19690331    29.4
19690401 19690430     0.0
19690501 19690531     0.5
19690601 19690630    24.4
19690701 19690731     0.5
19690801 19690831     0.0
19690901 19690930     0.3
19691001 19691031    30.8
19691101 19691130     0.0
19691201 19691231    46.8
19700101 19700131     0.3
19700201 19700228     0.0
19700301 19700331     0.3
19700401 19700430    27.4
19700501 19700531    18.9
19700601 19700630     0.8
19700701 19700731     0.0
19700801 19700831     0.0
19700901 19700930    35.6
19701001 19701031     0.0
19701101 19701130    32.2
19701201 19701231    28.2
19710101 19710131    14.4
19710201 19710228    11.2
19710301 19710331    14.7
19710401 19710430     5.7
19710501 19710531     0.0
19710601 19710630    41.2
19710701 19710731     0.0
19710801 19710831     9.8
19710901 19710930     1.0
19711001 19711031     0.0
19711101 19711130    48.4
19711201 19711231   100.0
19720101 19720131     1.5
19720201 19720229     0.8
19720301 19720331    72.2
19720401 19720430     0.0
19720501 19720531     0.0
19720601 19720630     6.9
19720701 19720731     7.4
19720801 19720831    16.3
19720901 19720930     2.3
19721001 19721031     5.6
19721101 19721130     0.3
19721201 19721231     3.5
19730101 19730131   122.0
19730201 19730228   168.9
19730301 19730331    33.8
19730401 19730430     4.1
19730501 19730531    16.3
19730601 19730630    40.1
19730701 19730731    41.8
19730801 19730831    37.1
19730901 19730930    17.6
19731001 19731031    27.1
19731101 19731130     9.5
19731201 19731231    29.3
19740101 19740131   121.2
19740201 19740228   312.2
19740301 19740331    52.6
19740401 19740430   100.2
19740501 19740531     2.6
19740601 19740630     0.0
19740701 19740731     0.8
19740801 19740831    17.6
19740901 19740930    38.4
19741001 19741031    75.0
19741101 19741130    56.0
19741201 19741231     5.8
19750101 19750131    23.8
19750201 19750228    37.0
19750301 19750331     6.4
19750401 19750430     0.6
19750501 19750531     0.8
19750601 19750630     0.4
19750701 19750731     6.6
19750801 19750831    20.6
19750901 19750930    28.0
19751001 19751031    98.4
19751101 19751130    63.4
19751201 19751231    18.2
19760101 19760131     5.8
19760201 19760229    42.6
19760301 19760331     4.4
19760401 19760430     3.0
19760501 19760531     0.0
19760601 19760630     0.0
19760701 19760731     0.0
19760801 19760831     1.2
19760901 19760930    39.6
19761001 19761031    56.4
19761101 19761130     1.6
19761201 19761231     4.0
19770101 19770131     3.4
19770201 19770228     7.2
19770301 19770331    74.4
19770401 19770430     0.0
19770501 19770531     2.8
19770601 19770630     1.6
19770701 19770731     0.0
19770801 19770831     5.8
19770901 19770930    27.9
19771001 19771031     2.2
19771101 19771130    12.6
19771201 19771231    51.9
19780101 19780131    20.2
19780201 19780228    26.2
19780301 19780331     0.4
19780401 19780430     0.8
19780501 19780531    51.8
19780601 19780630    62.0
19780701 19780731     5.2
19780801 19780831    40.1
19780901 19780930    25.2
19781001 19781031     5.2
19781101 19781130     5.4
19781201 19781231    30.8
19790101 19790131     6.0
19790201 19790228    33.6
19790301 19790331    27.6
19790401 19790430    18.8
19790501 19790531    41.2
19790601 19790630     5.8
19790701 19790731     1.2
19790801 19790831     8.6
19790901 19790930    31.2
19791001 19791031     0.0
19791101 19791130    42.0
19791201 19791231    29.0
19800101 19800131    15.4
19800201 19800229    36.0
19800301 19800331     1.2
19800401 19800430   119.4
19800501 19800531     7.6
19800601 19800630    22.4
19800701 19800731    17.6
19800801 19800831     0.4
19800901 19800930     0.0
19801001 19801031     8.4
19801101 19801130    31.8
19801201 19801231    16.8
19810101 19810131    42.4
19810201 19810228    46.2
19810301 19810331    17.0
19810401 19810430     0.2
19810501 19810531     9.2
19810601 19810630     5.2
19810701 19810731     2.6
19810801 19810831     0.8
19810901 19810930     1.0
19811001 19811031     0.0
19811101 19811130    97.8
19811201 19811231    27.2
19820101 19820131     7.4
19820201 19820228   131.4
19820301 19820331   159.0
19820401 19820430     1.2
19820501 19820531     1.0
19820601 19820630     8.2
19820701 19820731     0.6
19820801 19820831     0.0
19820901 19820930    28.2
19821001 19821031     0.0
19821101 19821130     3.4
19821201 19821231    60.8
19830101 19830131   118.2
19830201 19830228     2.4
19830301 19830331   150.6
19830401 19830430    37.6
19830501 19830531     1.2
19830601 19830630     0.0
19830701 19830731     0.4
19830801 19830831     0.6
19830901 19830930     0.4
19831001 19831031     4.8
19831101 19831130    28.0
19831201 19831231    81.0
19840101 19840131    58.8
19840201 19840229    12.0
19840301 19840331    32.8
19840401 19840430     0.6
19840501 19840531     4.8
19840601 19840630     0.0
19840701 19840731     7.2
19840801 19840831     1.6
19840901 19840930    31.6
19841001 19841031    28.2
19841101 19841130     3.2
19841201 19841231    36.2
19850101 19850131    20.6
19850201 19850228    13.8
19850301 19850331     9.0
19850401 19850430     0.0
19850501 19850531     1.2
19850601 19850630     1.2
19850701 19850731     6.6
19850801 19850831     0.0
19850901 19850930     0.0
19851001 19851031    18.6
19851101 19851130     1.0
19851201 19851231    11.6
19860101 19860131    37.2
19860201 19860228    20.2
19860301 19860331     8.2
19860401 19860430     0.0
19860501 19860531     2.2
19860601 19860630    30.4
19860701 19860731    55.2
19860801 19860831     7.0
19860901 19860930     1.0
19861001 19861031     5.6
19861101 19861130    11.4
19861201 19861231    23.0
19870101 19870131    79.2
19870201 19870228    37.4
19870301 19870331     2.0
19870401 19870430     9.2
19870501 19870531     1.8
19870601 19870630    14.4
19870701 19870731     0.2
19870801 19870831     0.0
19870901 19870930     3.2
19871001 19871031     3.8
19871101 19871130    36.8
19871201 19871231    73.0
19880101 19880131     9.0
19880201 19880229     2.8
19880301 19880331    97.8
19880401 19880430     2.0
19880501 19880531    93.4
19880601 19880630     0.4
19880701 19880731     0.0
19880801 19880831     0.0
19880901 19880930     0.0
19881001 19881031     6.0
19881101 19881130    12.4
19881201 19881231    10.8
19890101 19890131    11.6
19890201 19890228     1.0
19890301 19890331   330.6
19890401 19890430     8.8
19890501 19890531     1.4
19890601 19890630     5.6
19890701 19890731     0.0
19890801 19890831     1.6
19890901 19890930     0.0
19891001 19891031     0.4
19891101 19891130    10.0
19891201 19891231    53.2
19900101 19900131    28.4
19900201 19900228     7.2
19900301 19900331     0.0
19900401 19900430    13.4
19900501 19900531    71.0
19900601 19900630     1.0
19900701 19900731     4.6
19900801 19900831    14.4
19900901 19900930     1.4
19901001 19901031     0.8
19901101 19901130     9.0
19901201 19901231     7.0
19910101 19910131    15.6
19910201 19910228     8.0
19910301 19910331     8.4
19910401 19910430     5.8
19910501 19910531     0.0
19910601 19910630     9.2
19910701 19910731    21.2
19910801 19910831     0.0
19910901 19910930    13.8
19911001 19911031     1.6
19911101 19911130   136.4
19911201 19911231    18.0
19920101 19920131    11.8
19920201 19920229    38.8
19920301 19920331     4.6
19920401 19920430    33.0
19920501 19920531    73.2
19920601 19920630    43.0
19920701 19920731     0.0
19920801 19920831    38.2
19920901 19920930    22.6
19921001 19921031    10.4
19921101 19921130    10.6
19921201 19921231    12.2
19930101 19930131    57.8
19930201 19930228    37.8
19930301 19930331     1.4
19930401 19930430     9.2
19930501 19930531    68.6
19930601 19930630    15.6
19930701 19930731     3.8
19930801 19930831    10.2
19930901 19930930    29.4
19931001 19931031     6.4
19931101 19931130     4.8
19931201 19931231    52.0
19940101 19940131    20.0
19940201 19940228    70.2
19940301 19940331     0.0
19940401 19940430     5.0
19940501 19940531     1.2
19940601 19940630     1.2
19940701 19940731     0.0
19940801 19940831     0.0
19940901 19940930     0.0
19941001 19941031     3.2
19941101 19941130    40.0
19941201 19941231    42.4
19950101 19950131    35.8
19950201 19950228    28.2
19950301 19950331    14.2
19950401 19950430    20.4
19950501 19950531     0.2
19950601 19950630    54.4
19950701 19950731    18.0
19950801 19950831     0.0
19950901 19950930    21.0
19951001 19951031     1.4
19951101 19951130    20.2
19951201 19951231    40.8
19960101 19960131     2.8
19960201 19960229    22.6
19960301 19960331     0.0
19960401 19960430    11.6
19960501 19960531    14.0
19960601 19960630    23.6
19960701 19960731    45.4
19960801 19960831     1.0
19960901 19960930     4.6
19961001 19961031     2.4
19961101 19961130     3.2
19961201 19961231    52.6
19970101 19970131    27.2
19970201 19970228    38.0
19970301 19970331     0.0
19970401 19970430     0.6
19970501 19970531    89.6
19970601 19970630    13.4
19970701 19970731    13.6
19970801 19970831     9.6
19970901 19970930    18.0
19971001 19971031    14.8
19971101 19971130     6.8
19971201 19971231    53.4
19980101 19980131     5.6
19980201 19980228    18.6
19980301 19980331    62.6
19980401 19980430    61.4
19980501 19980531     2.6
19980601 19980630    24.2
19980701 19980731    39.2
19980801 19980831     3.4
19980901 19980930    14.6
19981001 19981031     6.4
19981101 19981130    76.8
19981201 19981231    60.0
19990101 19990131    62.4
19990201 19990228   100.4
19990301 19990331    65.4
19990401 19990430     2.6
19990501 19990531     0.6
19990601 19990630    32.2
19990701 19990731     1.8
19990801 19990831    14.8
19990901 19990930     2.6
19991001 19991031    77.0
19991101 19991130    75.6
19991201 19991231    99.6
20000101 20000131    37.6
20000201 20000229   297.2
20000301 20000331    59.2
20000401 20000430   123.8
20000501 20000531     4.0
20000601 20000630     0.0
20000701 20000731     2.8
20000801 20000831     4.4
20000901 20000930     0.0
20001001 20001031    35.6
20001101 20001130    44.8
20001201 20001231     7.6
20010101 20010131    32.2
20010201 20010228    20.6
20010301 20010331   204.2
20010401 20010430     6.6
20010501 20010531    23.6
20010601 20010630    80.6
20010701 20010731    43.0
20010801 20010831     0.0
20010901 20010930    14.2
20011001 20011031    64.6
20011101 20011130    26.4
20011201 20011231   327.4
20020101 20020131    28.4
20020201 20020228    91.6
20020301 20020331     0.4
20020401 20020430     6.4
20020501 20020531     3.8
20020601 20020630     0.0
20020701 20020731     0.0
20020801 20020831     0.0
20020901 20020930     0.4
20021001 20021031     3.6
20021101 20021130    17.4
20021201 20021231     4.0
20030101 20030131    26.8
20030201 20030228    21.0
20030301 20030331     5.0
20030401 20030430    16.6
20030501 20030531     1.8
20030601 20030630    14.2
20030701 20030731     0.0
20030801 20030831    11.6
20030901 20030930    61.4
20031001 20031031     1.2
20031101 20031130   113.0
20031201 20031231   188.0
20040101 20040131    11.2
20040201 20040229    25.8
20040301 20040331    28.8
20040401 20040430     9.2
20040501 20040531    81.4
20040601 20040630    27.8
20040701 20040731     0.4
20040801 20040831     0.0
20040901 20040930     9.4
20041001 20041031     9.4
20041101 20041130     6.4
20041201 20041231    20.6
20050101 20050131     8.0
20050201 20050228     0.0
20050301 20050331     3.6
20050401 20050430     0.0
20050501 20050531     0.0
20050601 20050630    18.2
20050701 20050731    40.4
20050801 20050831    77.6
20050901 20050930     1.6
20051001 20051031    20.0
20051101 20051130    71.4
20051201 20051231    74.8
20060101 20060131    54.8
20060201 20060228    35.8
20060301 20060331    45.2
20060401 20060430    22.2
20060501 20060531     0.0
20060601 20060630     0.0
20060701 20060731    52.8
20060801 20060831     0.0
20060901 20060930     0.0
20061001 20061031    28.2
20061101 20061130     4.0
20061201 20061231    14.0
20070101 20070131    21.8
20070201 20070228     8.2
20070301 20070331    89.0
20070401 20070430     3.0
20070501 20070531    24.4
20070601 20070630     0.0
20070701 20070731     0.2
20070801 20070831     0.0
20070901 20070930     0.0
20071001 20071031     6.8
20071101 20071130    29.8
20071201 20071231    96.4
20080101 20080131    11.2
20080201 20080229    34.2
20080301 20080331     7.8
20080401 20080430     1.6
20080501 20080531     0.0
20080601 20080630     1.2
20080701 20080731     0.2
20080801 20080831    16.2
20080901 20080930     2.0
20081001 20081031     3.8
20081101 20081130    74.8
20081201 20081231    84.6
20090101 20090131    15.8
20090201 20090228     6.4
20090301 20090331     4.2
20090401 20090430    15.8
20090501 20090531    22.6
20090601 20090630    41.0
20090701 20090731     7.4
20090801 20090831     6.6
20090901 20090930     5.8
20091001 20091031     1.8
20091101 20091130     2.8
20091201 20091231    37.0
20100101 20100131    66.0
20100201 20100228     5.6
20100301 20100331    33.4
20100401 20100430     2.2
20100501 20100531    17.6
20100601 20100630     0.0
20100701 20100731    25.8
20100801 20100831    19.0
20100901 20100930    63.2
20101001 20101031    53.4
20101101 20101130    24.8
20101201 20101231    26.6
20110101 20110131    17.0
20110201 20110228   120.2
20110301 20110331   112.4
20110401 20110430     0.0
20110501 20110531     3.6
20110601 20110630    24.2
20110701 20110731    19.8
20110801 20110831     0.2
20110901 20110930     1.6
20111001 20111031    79.2
20111101 20111130    50.4
20111201 20111231   126.0
20120101 20120131   106.8
20120201 20120229    59.4
20120301 20120331     2.2
20120401 20120430     8.4
20120501 20120531     0.0
20120601 20120630     1.6
20120701 20120731     0.0
20120801 20120831     0.0
20120901 20120930     0.6
20121001 20121031    10.8
20121101 20121130     2.6
20121201 20121231    40.8
20130101 20130131     2.8
20130201 20130228    20.0
20130301 20130331    73.4
20130401 20130430     0.0
20130501 20130531    59.6
20130601 20130630    41.8
20130701 20130731     2.0
20130801 20130831     0.0
20130901 20130930     2.4
20131001 20131031     0.0
20131101 20131130    55.0
20131201 20131231    43.6
20140101 20140131    24.8
20140201 20140228    41.2
20140301 20140331     0.0
20140401 20140430   124.8
20140501 20140531    49.6
20140601 20140630     0.0
20140701 20140731     1.2
20140801 20140831     0.0
20140901 20140930     0.0
20141001 20141031     0.2
20141101 20141130    19.6
20141201 20141231    81.8
20150101 20150131    10.6
20150201 20150228     6.0
20150301 20150331     1.8
20150401 20150430     4.8
20150501 20150531    65.8
20150601 20150630     0.8
20150701 20150731     0.8
20150801 20150831     8.8
20150901 20150930     0.2
20151001 20151031    29.2
20151101 20151130    67.8
20151201 20151231    53.4
20160101 20160131    84.8
20160201 20160229     8.4
20160301 20160331    92.4
20160401 20160430     0.6
20160501 20160531    45.6
20160601 20160630   118.0
20160701 20160731    16.2
20160801 20160831     6.6
20160901 20160930     2.6
20161001 20161031     0.8
20161101 20161130    31.4
20161201 20161231   110.4
20170101 20170131   103.2
20170201 20170228    22.4
20170301 20170331    16.2
20170401 20170430    87.6
20170501 20170531     0.0
20170601 20170630    10.2
20170701 20170731     2.6
20170801 20170831     0.0
20170901 20170930     3.6
20171001 20171031    52.0
20171101 20171130    26.2
20171201 20171231    51.4
20180101 20180131    55.8
