PRCP       018069 18820101 20180131 missing_value=99999.9 ELLISTON                                  
18820101 18820131    25.4
18820201 18820228     0.0
18820301 18820331     2.0
18820401 18820430    69.3
18820501 18820531    50.0
18820601 18820630    38.9
18820701 18820731    57.4
18820801 18820831    71.6
18820901 18820930     7.6
18821001 18821031    13.2
18821101 18821130    26.2
18821201 18821231     2.5
18830101 18830131     1.3
18830201 18830228     5.6
18830301 18830331     6.6
18830401 18830430    51.6
18830501 18830531    82.8
18830601 18830630    87.6
18830701 18830731    50.3
18830801 18830831    69.1
18830901 18830930    45.2
18831001 18831031     7.6
18831101 18831130    21.1
18831201 18831231    10.2
18840101 18840131    25.6
18840201 18840229     0.0
18840301 18840331     4.4
18840401 18840430    27.7
18840501 18840531    67.7
18840601 18840630   108.9
18840701 18840731    23.6
18840801 18840831    11.7
18840901 18840930    47.3
18841001 18841031    12.5
18841101 18841130     5.2
18841201 18841231     3.5
18850101 18850131     3.1
18850201 18850228    45.5
18850301 18850331    33.5
18850401 18850430    45.0
18850501 18850531    45.9
18850601 18850630    99.6
18850701 18850731    38.4
18850801 18850831    41.9
18850901 18850930    24.4
18851001 18851031    18.2
18851101 18851130     1.1
18851201 18851231     1.6
18860101 18860131    16.8
18860201 18860228     0.5
18860301 18860331     1.1
18860401 18860430    30.8
18860501 18860531    23.4
18860601 18860630    14.5
18860701 18860731    62.5
18860801 18860831    98.1
18860901 18860930    15.5
18861001 18861031    45.2
18861101 18861130     3.6
18861201 18861231     2.6
18870101 18870131     3.3
18870201 18870228     7.2
18870301 18870331     0.8
18870401 18870430    26.9
18870501 18870531    74.7
18870601 18870630    90.7
18870701 18870731    53.1
18870801 18870831    47.1
18870901 18870930    32.5
18871001 18871031    41.2
18871101 18871130    34.3
18871201 18871231     9.1
18880101 18880131    15.0
18880201 18880229    10.7
18880301 18880331     5.0
18880401 18880430     1.7
18880501 18880531    37.8
18880601 18880630   117.9
18880701 18880731    77.7
18880801 18880831    38.2
18880901 18880930    19.6
18881001 18881031     4.9
18881101 18881130    19.4
18881201 18881231     5.0
18890101 18890131    22.4
18890201 18890228     0.8
18890301 18890331    28.8
18890401 18890430    24.2
18890501 18890531    80.5
18890601 18890630   152.4
18890701 18890731    70.0
18890801 18890831    75.5
18890901 18890930    43.0
18891001 18891031    33.5
18891101 18891130    20.9
18891201 18891231    18.4
18900101 18900131     1.5
18900201 18900228    19.3
18900301 18900331     0.0
18900401 18900430    19.0
18900501 18900531    26.4
18900601 18900630   161.2
18900701 18900731   155.7
18900801 18900831    66.3
18900901 18900930    19.1
18901001 18901031    41.7
18901101 18901130    18.7
18901201 18901231    10.2
18910101 18910131     7.1
18910201 18910228     0.0
18910301 18910331     2.0
18910401 18910430     2.8
18910501 18910531    63.0
18910601 18910630    47.6
18910701 18910731    73.6
18910801 18910831    34.0
18910901 18910930    31.1
18911001 18911031    20.1
18911101 18911130    14.9
18911201 18911231    13.1
18920101 18920131    10.5
18920201 18920229     0.0
18920301 18920331    29.8
18920401 18920430    13.4
18920501 18920531    54.0
18920601 18920630    72.3
18920701 18920731    37.2
18920801 18920831    64.9
18920901 18920930    73.5
18921001 18921031    76.8
18921101 18921130     6.8
18921201 18921231    30.1
18930101 18930131     5.6
18930201 18930228     0.0
18930301 18930331     3.8
18930401 18930430    39.1
18930501 18930531    87.4
18930601 18930630   111.3
18930701 18930731    51.0
18930801 18930831    47.1
18930901 18930930    62.9
18931001 18931031    25.5
18931101 18931130     8.7
18931201 18931231    14.2
18940101 18940131     3.3
18940201 18940228     1.5
18940301 18940331     5.2
18940401 18940430    40.5
18940501 18940531    35.0
18940601 18940630    83.0
18940701 18940731    54.3
18940801 18940831   106.0
18940901 18940930    28.5
18941001 18941031    68.4
18941101 18941130     0.3
18941201 18941231     7.4
18950101 18950131    14.5
18950201 18950228     5.9
18950301 18950331    20.4
18950401 18950430    42.6
18950501 18950531    17.1
18950601 18950630    50.8
18950701 18950731   102.0
18950801 18950831    56.8
18950901 18950930    39.0
18951001 18951031    10.5
18951101 18951130     1.6
18951201 18951231     4.6
18960101 18960131    62.0
18960201 18960229    37.1
18960301 18960331     4.6
18960401 18960430    38.8
18960501 18960531    52.0
18960601 18960630    79.2
18960701 18960731    94.8
18960801 18960831    43.7
18960901 18960930    28.9
18961001 18961031     7.3
18961101 18961130     9.2
18961201 18961231    39.7
18970101 18970131     2.5
18970201 18970228    12.7
18970301 18970331    13.4
18970401 18970430    10.1
18970501 18970531    19.2
18970601 18970630    69.4
18970701 18970731    37.4
18970801 18970831    59.7
18970901 18970930    22.6
18971001 18971031    18.6
18971101 18971130     0.6
18971201 18971231     0.0
18980101 18980131     0.0
18980201 18980228    19.3
18980301 18980331     6.9
18980401 18980430    50.8
18980501 18980531    40.1
18980601 18980630    88.5
18980701 18980731    47.3
18980801 18980831    21.1
18980901 18980930     8.2
18981001 18981031    23.7
18981101 18981130     9.9
18981201 18981231     2.1
18990101 18990131    12.8
18990201 18990228    22.2
18990301 18990331     7.4
18990401 18990430    27.9
18990501 18990531    71.0
18990601 18990630   103.2
18990701 18990731    21.8
18990801 18990831    29.0
18990901 18990930    37.7
18991001 18991031    16.0
18991101 18991130    16.0
18991201 18991231    11.2
19000101 19000131     6.4
19000201 19000228     0.0
19000301 19000331    35.7
19000401 19000430    42.6
19000501 19000531    79.2
19000601 19000630   125.0
19000701 19000731    55.8
19000801 19000831    72.2
19000901 19000930    48.6
19001001 19001031     3.9
19001101 19001130    10.7
19001201 19001231     1.8
19010101 19010131     2.6
19010201 19010228    77.5
19010301 19010331     8.6
19010401 19010430    32.8
19010501 19010531    46.0
19010601 19010630    70.2
19010701 19010731    85.0
19010801 19010831    59.8
19010901 19010930    39.6
19011001 19011031    34.5
19011101 19011130    17.6
19011201 19011231     8.4
19020101 19020131     9.5
19020201 19020228     9.7
19020301 19020331     5.1
19020401 19020430     3.6
19020501 19020531    18.6
19020601 19020630    69.0
19020701 19020731    48.4
19020801 19020831    23.8
19020901 19020930    40.0
19021001 19021031    43.5
19021101 19021130    13.5
19021201 19021231    41.5
19030101 19030131    15.7
19030201 19030228    11.4
19030301 19030331    13.7
19030401 19030430    39.8
19030501 19030531    70.2
19030601 19030630   100.7
19030701 19030731   104.3
19030801 19030831    52.6
19030901 19030930    28.6
19031001 19031031    15.1
19031101 19031130    16.4
19031201 19031231     4.3
19040101 19040131    14.1
19040201 19040229    17.1
19040301 19040331    20.9
19040401 19040430    29.8
19040501 19040531    21.4
19040601 19040630   119.5
19040701 19040731    66.5
19040801 19040831    39.6
19040901 19040930    13.6
19041001 19041031    22.0
19041101 19041130     3.2
19041201 19041231     1.5
19050101 19050131    15.8
19050201 19050228     2.3
19050301 19050331    12.4
19050401 19050430    53.2
19050501 19050531    64.0
19050601 19050630    56.0
19050701 19050731    64.4
19050801 19050831    44.5
19050901 19050930    61.1
19051001 19051031    53.6
19051101 19051130     1.3
19051201 19051231     1.8
19060101 19060131     3.3
19060201 19060228     6.1
19060301 19060331    12.5
19060401 19060430    12.9
19060501 19060531    22.5
19060601 19060630    42.4
19060701 19060731   101.6
19060801 19060831    59.1
19060901 19060930    35.2
19061001 19061031    14.3
19061101 19061130   127.2
19061201 19061231     3.0
19070101 19070131     3.8
19070201 19070228     1.0
19070301 19070331     7.9
19070401 19070430    46.5
19070501 19070531    21.9
19070601 19070630    57.8
19070701 19070731    43.0
19070801 19070831    71.6
19070901 19070930    24.9
19071001 19071031    15.0
19071101 19071130    36.4
19071201 19071231     7.9
19080101 19080131     4.1
19080201 19080229     3.1
19080301 19080331    37.2
19080401 19080430     9.2
19080501 19080531    86.1
19080601 19080630   161.2
19080701 19080731    21.5
19080801 19080831    44.3
19080901 19080930    56.4
19081001 19081031    17.9
19081101 19081130     7.6
19081201 19081231    10.9
19090101 19090131     5.1
19090201 19090228    10.5
19090301 19090331    12.5
19090401 19090430    51.7
19090501 19090531    47.8
19090601 19090630    62.4
19090701 19090731    87.4
19090801 19090831   117.2
19090901 19090930    19.8
19091001 19091031    29.0
19091101 19091130    19.3
19091201 19091231     1.5
19100101 19100131     1.3
19100201 19100228     0.8
19100301 19100331     4.5
19100401 19100430     1.8
19100501 19100531    98.6
19100601 19100630    49.9
19100701 19100731   179.5
19100801 19100831    27.6
19100901 19100930    70.4
19101001 19101031    56.4
19101101 19101130    39.1
19101201 19101231     2.3
19110101 19110131     0.0
19110201 19110228    41.7
19110301 19110331     9.8
19110401 19110430     2.6
19110501 19110531    69.5
19110601 19110630   116.2
19110701 19110731    68.5
19110801 19110831    51.4
19110901 19110930    65.3
19111001 19111031    21.3
19111101 19111130     4.3
19111201 19111231    52.1
19120101 19120131     0.0
19120201 19120229     6.9
19120301 19120331    45.5
19120401 19120430     5.0
19120501 19120531     9.5
19120601 19120630    78.5
19120701 19120731    94.7
19120801 19120831    64.7
19120901 19120930    42.1
19121001 19121031    86.4
19121101 19121130    40.9
19121201 19121231     1.3
19130101 19130131     2.0
19130201 19130228     8.4
19130301 19130331    23.3
19130401 19130430     9.1
19130501 19130531    28.4
19130601 19130630    14.5
19130701 19130731    28.7
19130801 19130831    39.2
19130901 19130930    24.4
19131001 19131031    47.0
19131101 19131130     8.9
19131201 19131231    40.2
19140101 19140131     0.0
19140201 19140228     1.0
19140301 19140331    37.6
19140401 19140430    45.0
19140501 19140531    41.3
19140601 19140630    33.5
19140701 19140731    31.0
19140801 19140831    14.0
19140901 19140930    15.3
19141001 19141031    12.3
19141101 19141130    18.4
19141201 19141231    27.4
19150101 19150131     7.1
19150201 19150228     0.0
19150301 19150331     4.4
19150401 19150430    51.5
19150501 19150531    35.2
19150601 19150630    56.5
19150701 19150731    78.1
19150801 19150831   137.7
19150901 19150930    45.6
19151001 19151031     7.6
19151101 19151130     1.0
19151201 19151231     6.4
19160101 19160131    23.6
19160201 19160229     0.0
19160301 19160331     8.6
19160401 19160430    17.2
19160501 19160531    62.4
19160601 19160630   133.7
19160701 19160731    79.1
19160801 19160831    73.5
19160901 19160930    14.7
19161001 19161031    23.3
19161101 19161130    33.8
19161201 19161231    12.0
19170101 19170131    16.3
19170201 19170228    24.7
19170301 19170331    40.2
19170401 19170430     8.4
19170501 19170531   120.9
19170601 19170630   104.5
19170701 19170731    97.2
19170801 19170831    81.7
19170901 19170930    63.1
19171001 19171031    20.1
19171101 19171130     9.8
19171201 19171231    12.7
19180101 19180131     0.0
19180201 19180228     2.1
19180301 19180331    18.0
19180401 19180430    13.2
19180501 19180531    46.0
19180601 19180630    45.6
19180701 19180731    45.5
19180801 19180831    94.8
19180901 19180930    14.8
19181001 19181031    38.5
19181101 19181130     0.0
19181201 19181231    19.7
19190101 19190131    13.5
19190201 19190228    25.8
19190301 19190331     3.0
19190401 19190430     5.6
19190501 19190531    40.7
19190601 19190630    40.5
19190701 19190731    33.7
19190801 19190831    53.6
19190901 19190930    47.9
19191001 19191031    32.5
19191101 19191130     2.1
19191201 19191231    14.0
19200101 19200131     2.0
19200201 19200229     0.0
19200301 19200331     7.3
19200401 19200430    25.8
19200501 19200531    67.1
19200601 19200630   190.7
19200701 19200731   140.0
19200801 19200831    87.6
19200901 19200930    61.2
19201001 19201031    45.2
19201101 19201130    23.5
19201201 19201231    23.6
19210101 19210131     6.1
19210201 19210228    14.0
19210301 19210331    11.9
19210401 19210430    33.3
19210501 19210531    37.2
19210601 19210630    68.6
19210701 19210731    59.7
19210801 19210831    56.8
19210901 19210930    46.7
19211001 19211031    37.4
19211101 19211130    60.2
19211201 19211231     8.4
19220101 19220131    18.7
19220201 19220228     0.0
19220301 19220331     5.1
19220401 19220430    31.9
19220501 19220531    63.9
19220601 19220630    88.6
19220701 19220731    81.2
19220801 19220831    70.3
19220901 19220930    18.8
19221001 19221031     9.2
19221101 19221130     2.6
19221201 19221231    47.7
19230101 19230131     6.6
19230201 19230228     3.8
19230301 19230331     1.3
19230401 19230430     1.0
19230501 19230531    85.2
19230601 19230630   143.2
19230701 19230731    72.2
19230801 19230831    57.7
19230901 19230930    62.6
19231001 19231031    35.1
19231101 19231130     3.5
19231201 19231231    51.5
19240101 19240131     6.6
19240201 19240229    17.7
19240301 19240331    22.4
19240401 19240430    18.0
19240501 19240531    73.4
19240601 19240630    50.7
19240701 19240731    11.1
19240801 19240831    46.1
19240901 19240930    42.8
19241001 19241031    81.6
19241101 19241130     7.9
19241201 19241231    10.2
19250101 19250131     5.1
19250201 19250228     9.3
19250301 19250331     0.0
19250401 19250430    27.9
19250501 19250531   104.6
19250601 19250630    59.4
19250701 19250731    89.2
19250801 19250831    45.3
19250901 19250930    38.6
19251001 19251031    22.1
19251101 19251130    17.1
19251201 19251231     0.0
19260101 19260131     0.0
19260201 19260228     4.3
19260301 19260331     9.1
19260401 19260430    35.7
19260501 19260531    80.9
19260601 19260630    89.8
19260701 19260731    62.0
19260801 19260831    98.1
19260901 19260930    35.5
19261001 19261031    25.4
19261101 19261130     1.3
19261201 19261231    18.8
19270101 19270131     8.9
19270201 19270228    32.1
19270301 19270331    24.1
19270401 19270430     5.9
19270501 19270531    54.8
19270601 19270630    56.4
19270701 19270731    81.1
19270801 19270831    60.6
19270901 19270930    26.9
19271001 19271031     3.2
19271101 19271130    15.7
19271201 19271231    11.7
19280101 19280131    20.5
19280201 19280229    20.8
19280301 19280331    12.1
19280401 19280430     4.6
19280501 19280531    22.5
19280601 19280630    81.9
19280701 19280731    70.4
19280801 19280831    16.5
19280901 19280930    19.3
19281001 19281031    38.5
19281101 19281130     0.5
19281201 19281231     2.6
19290101 19290131     7.6
19290201 19290228     0.5
19290301 19290331     8.3
19290401 19290430     9.9
19290501 19290531    14.7
19290601 19290630    69.2
19290701 19290731    44.8
19290801 19290831    55.9
19290901 19290930    27.2
19291001 19291031    25.2
19291101 19291130    69.2
19291201 19291231     8.9
19300101 19300131     0.5
19300201 19300228     7.1
19300301 19300331     1.0
19300401 19300430     8.1
19300501 19300531    25.0
19300601 19300630     3.8
19300701 19300731    53.3
19300801 19300831    68.9
19300901 19300930    21.9
19301001 19301031    54.8
19301101 19301130     9.9
19301201 19301231     6.6
19310101 19310131    14.9
19310201 19310228     0.0
19310301 19310331    27.9
19310401 19310430    53.8
19310501 19310531    56.9
19310601 19310630   102.9
19310701 19310731    71.1
19310801 19310831    38.5
19310901 19310930    51.7
19311001 19311031    15.7
19311101 19311130    40.8
19311201 19311231     0.0
19320101 19320131     1.5
19320201 19320229    43.7
19320301 19320331     9.2
19320401 19320430    50.9
19320501 19320531    25.7
19320601 19320630   129.4
19320701 19320731    68.2
19320801 19320831    86.9
19320901 19320930   101.6
19321001 19321031    37.9
19321101 19321130     5.6
19321201 19321231     6.5
19330101 19330131     4.1
19330201 19330228     0.8
19330301 19330331    23.6
19330401 19330430    18.3
19330501 19330531   115.1
19330601 19330630    46.8
19330701 19330731    88.1
19330801 19330831   113.7
19330901 19330930    29.9
19331001 19331031    14.3
19331101 19331130    11.4
19331201 19331231     3.3
19340101 19340131     1.0
19340201 19340228    12.2
19340301 19340331    11.4
19340401 19340430    69.2
19340501 19340531     9.9
19340601 19340630    64.3
19340701 19340731    34.3
19340801 19340831    62.4
19340901 19340930    28.4
19341001 19341031    34.5
19341101 19341130    49.3
19341201 19341231     0.8
19350101 19350131    15.1
19350201 19350228     1.0
19350301 19350331    63.6
19350401 19350430    30.7
19350501 19350531    63.2
19350601 19350630    72.4
19350701 19350731    48.6
19350801 19350831    49.6
19350901 19350930    41.0
19351001 19351031    39.8
19351101 19351130    13.8
19351201 19351231     8.9
19360101 19360131     1.8
19360201 19360229     2.3
19360301 19360331     0.0
19360401 19360430     9.3
19360501 19360531    41.4
19360601 19360630    39.8
19360701 19360731    77.3
19360801 19360831    38.3
19360901 19360930    12.4
19361001 19361031    50.8
19361101 19361130    15.0
19361201 19361231    12.5
19370101 19370131    11.6
19370201 19370228    42.7
19370301 19370331     7.1
19370401 19370430    19.6
19370501 19370531    49.2
19370601 19370630    52.6
19370701 19370731    50.4
19370801 19370831    89.6
19370901 19370930    53.4
19371001 19371031    18.3
19371101 19371130    25.9
19371201 19371231    23.8
19380101 19380131     8.4
19380201 19380228   123.6
19380301 19380331     1.0
19380401 19380430    48.3
19380501 19380531    42.8
19380601 19380630    72.7
19380701 19380731    43.6
19380801 19380831    78.4
19380901 19380930     8.6
19381001 19381031     2.6
19381101 19381130     0.5
19381201 19381231    17.3
19390101 19390131    27.5
19390201 19390228     9.0
19390301 19390331    61.8
19390401 19390430    24.2
19390501 19390531    26.3
19390601 19390630   130.1
19390701 19390731    89.6
19390801 19390831   110.7
19390901 19390930    11.0
19391001 19391031    34.1
19391101 19391130    66.3
19391201 19391231     7.2
19400101 19400131    27.9
19400201 19400229     9.2
19400301 19400331    16.8
19400401 19400430    93.1
19400501 19400531    42.4
19400601 19400630    23.6
19400701 19400731   103.2
19400801 19400831    17.3
19400901 19400930    39.8
19401001 19401031    30.2
19401101 19401130    31.1
19401201 19401231     1.0
19410101 19410131    40.9
19410201 19410228     3.1
19410301 19410331    56.2
19410401 19410430    14.3
19410501 19410531    12.0
19410601 19410630    33.6
19410701 19410731    93.6
19410801 19410831    37.0
19410901 19410930    78.2
19411001 19411031    38.4
19411101 19411130    25.7
19411201 19411231     0.0
19420101 19420131    15.7
19420201 19420228     7.9
19420301 19420331     6.6
19420401 19420430     4.6
19420501 19420531    53.3
19420601 19420630   136.9
19420701 19420731    79.7
19420801 19420831    61.2
19420901 19420930    59.8
19421001 19421031    17.0
19421101 19421130    41.7
19421201 19421231    19.3
19430101 19430131     5.6
19430201 19430228    33.0
19430301 19430331     0.0
19430401 19430430    43.9
19430501 19430531    18.1
19430601 19430630    88.5
19430701 19430731   119.1
19430801 19430831    97.2
19430901 19430930    29.8
19431001 19431031    43.9
19431101 19431130     4.6
19431201 19431231    13.5
19440101 19440131     0.0
19440201 19440229     6.1
19440301 19440331     2.8
19440401 19440430    34.3
19440501 19440531    96.3
19440601 19440630    17.8
19440701 19440731    86.2
19440801 19440831    23.3
19440901 19440930    20.6
19441001 19441031    31.4
19441101 19441130    25.8
19441201 19441231     7.2
19450101 19450131    11.2
19450201 19450228     4.5
19450301 19450331     0.0
19450401 19450430     5.4
19450501 19450531    25.6
19450601 19450630    57.2
19450701 19450731    20.9
19450801 19450831    50.5
19450901 19450930    48.0
19451001 19451031    31.5
19451101 19451130    48.8
19451201 19451231    39.1
19460101 19460131    17.5
19460201 19460228    50.1
19460301 19460331    14.9
19460401 19460430    29.7
19460501 19460531    41.9
19460601 19460630    77.0
19460701 19460731    86.6
19460801 19460831    32.1
19460901 19460930    10.6
19461001 19461031    13.2
19461101 19461130    30.7
19461201 19461231    59.1
19470101 19470131     1.8
19470201 19470228    19.3
19470301 19470331    15.7
19470401 19470430    19.3
19470501 19470531    43.4
19470601 19470630    62.9
19470701 19470731   127.1
19470801 19470831    51.8
19470901 19470930    54.9
19471001 19471031    79.1
19471101 19471130    22.0
19471201 19471231    18.1
19480101 19480131     2.8
19480201 19480229     5.6
19480301 19480331     2.6
19480401 19480430    21.1
19480501 19480531    90.4
19480601 19480630    60.8
19480701 19480731    54.5
19480801 19480831    43.2
19480901 19480930    16.5
19481001 19481031    28.2
19481101 19481130    53.8
19481201 19481231    14.4
19490101 19490131     4.1
19490201 19490228    23.3
19490301 19490331     2.3
19490401 19490430    10.7
19490501 19490531    45.3
19490601 19490630    29.0
19490701 19490731    85.6
19490801 19490831    26.4
19490901 19490930    58.2
19491001 19491031    71.4
19491101 19491130    45.0
19491201 19491231     8.4
19500101 19500131     3.8
19500201 19500228     3.5
19500301 19500331     0.0
19500401 19500430     7.3
19500501 19500531    35.5
19500601 19500630    62.1
19500701 19500731    94.3
19500801 19500831   105.3
19500901 19500930    25.3
19501001 19501031    73.5
19501101 19501130    11.2
19501201 19501231    22.1
19510101 19510131     0.5
19510201 19510228     0.0
19510301 19510331    16.2
19510401 19510430    42.8
19510501 19510531   102.6
19510601 19510630    71.2
19510701 19510731   159.0
19510801 19510831    89.1
19510901 19510930    30.9
19511001 19511031    44.5
19511101 19511130     1.8
19511201 19511231    16.3
19520101 19520131     3.1
19520201 19520229     5.9
19520301 19520331     0.8
19520401 19520430    58.6
19520501 19520531   148.7
19520601 19520630    30.2
19520701 19520731    55.6
19520801 19520831    48.0
19520901 19520930    36.5
19521001 19521031    22.9
19521101 19521130    46.3
19521201 19521231    22.4
19530101 19530131     3.0
19530201 19530228    11.7
19530301 19530331     8.9
19530401 19530430    21.4
19530501 19530531    22.1
19530601 19530630   111.9
19530701 19530731    64.3
19530801 19530831    76.8
19530901 19530930    40.1
19531001 19531031    27.0
19531101 19531130    19.3
19531201 19531231    52.2
19540101 19540131    14.7
19540201 19540228     0.0
19540301 19540331     1.5
19540401 19540430    66.6
19540501 19540531    30.6
19540601 19540630    66.5
19540701 19540731    55.7
19540801 19540831    19.3
19540901 19540930    23.0
19541001 19541031    24.8
19541101 19541130    18.6
19541201 19541231    39.9
19550101 19550131     1.3
19550201 19550228     8.4
19550301 19550331    12.2
19550401 19550430    23.2
19550501 19550531    38.0
19550601 19550630   129.4
19550701 19550731    44.6
19550801 19550831    98.3
19550901 19550930    28.6
19551001 19551031    30.7
19551101 19551130    34.8
19551201 19551231     9.5
19560101 19560131     7.7
19560201 19560229     4.8
19560301 19560331    10.1
19560401 19560430    47.1
19560501 19560531   103.7
19560601 19560630   193.5
19560701 19560731   102.6
19560801 19560831    53.3
19560901 19560930    46.3
19561001 19561031    40.7
19561101 19561130    10.0
19561201 19561231    22.6
19570101 19570131     0.0
19570201 19570228     0.8
19570301 19570331     8.7
19570401 19570430     9.9
19570501 19570531    20.9
19570601 19570630    46.7
19570701 19570731   110.0
19570801 19570831    40.4
19570901 19570930    21.7
19571001 19571031     4.1
19571101 19571130    13.9
19571201 19571231    22.8
19580101 19580131     1.8
19580201 19580228     1.8
19580301 19580331    26.4
19580401 19580430     7.6
19580501 19580531    54.9
19580601 19580630    14.7
19580701 19580731   106.7
19580801 19580831    59.7
19580901 19580930    81.7
19581001 19581031    31.4
19581101 19581130     9.7
19581201 19581231    22.4
19590101 19590131     0.0
19590201 19590228    12.3
19590301 19590331     3.6
19590401 19590430     1.8
19590501 19590531    18.3
19590601 19590630    15.3
19590701 19590731    33.8
19590801 19590831    17.7
19590901 19590930    35.6
19591001 19591031    10.9
19591101 19591130    18.5
19591201 19591231    16.0
19600101 19600131    16.3
19600201 19600229    52.4
19600301 19600331     6.9
19600401 19600430    59.8
19600501 19600531    78.5
19600601 19600630    45.0
19600701 19600731    63.1
19600801 19600831    51.3
19600901 19600930    64.6
19601001 19601031     9.2
19601101 19601130    17.3
19601201 19601231     8.9
19610101 19610131     0.0
19610201 19610228     4.3
19610301 19610331     4.6
19610401 19610430    83.5
19610501 19610531    13.5
19610601 19610630    46.4
19610701 19610731    52.2
19610801 19610831    62.0
19610901 19610930    25.2
19611001 19611031    10.4
19611101 19611130    13.6
19611201 19611231     0.8
19620101 19620131     1.1
19620201 19620228     6.6
19620301 19620331    38.4
19620401 19620430     9.7
19620501 19620531   116.4
19620601 19620630    67.1
19620701 19620731    42.6
19620801 19620831    57.1
19620901 19620930    27.7
19621001 19621031    51.4
19621101 19621130     7.3
19621201 19621231    16.2
19630101 19630131    16.0
19630201 19630228    26.7
19630301 19630331     9.1
19630401 19630430    30.4
19630501 19630531    78.0
19630601 19630630    91.1
19630701 19630731   133.8
19630801 19630831    62.3
19630901 19630930    26.3
19631001 19631031     3.3
19631101 19631130     2.1
19631201 19631231     2.6
19640101 19640131     6.7
19640201 19640229    17.0
19640301 19640331     0.5
19640401 19640430    35.8
19640501 19640531    60.9
19640601 19640630    82.4
19640701 19640731   102.7
19640801 19640831    28.9
19640901 19640930    63.8
19641001 19641031    45.3
19641101 19641130    60.1
19641201 19641231     8.0
19650101 19650131     0.8
19650201 19650228     0.8
19650301 19650331     3.9
19650401 19650430     6.7
19650501 19650531    66.7
19650601 19650630    65.5
19650701 19650731    78.6
19650801 19650831    73.8
19650901 19650930    26.6
19651001 19651031     8.2
19651101 19651130    21.6
19651201 19651231    12.3
19660101 19660131     9.4
19660201 19660228    10.7
19660301 19660331    50.2
19660401 19660430     8.6
19660501 19660531    49.6
19660601 19660630    65.6
19660701 19660731    71.5
19660801 19660831    35.4
19660901 19660930    93.2
19661001 19661031    36.4
19661101 19661130     9.4
19661201 19661231    53.4
19670101 19670131    19.7
19670201 19670228    28.4
19670301 19670331     0.6
19670401 19670430     4.6
19670501 19670531    23.0
19670601 19670630    29.8
19670701 19670731   111.4
19670801 19670831    59.4
19670901 19670930    38.2
19671001 19671031    24.5
19671101 19671130     3.6
19671201 19671231     6.3
19680101 19680131    34.6
19680201 19680229     7.2
19680301 19680331    60.8
19680401 19680430    44.9
19680501 19680531    96.0
19680601 19680630    99.6
19680701 19680731   101.2
19680801 19680831    76.9
19680901 19680930    32.6
19681001 19681031    39.0
19681101 19681130    21.1
19681201 19681231    32.0
19690101 19690131     7.1
19690201 19690228    26.1
19690301 19690331     6.4
19690401 19690430    35.3
19690501 19690531    65.4
19690601 19690630    54.2
19690701 19690731    47.8
19690801 19690831    15.3
19690901 19690930    38.7
19691001 19691031     3.8
19691101 19691130    19.6
19691201 19691231     4.0
19700101 19700131     9.5
19700201 19700228     1.3
19700301 19700331     5.9
19700401 19700430    19.9
19700501 19700531    44.3
19700601 19700630    48.2
19700701 19700731    41.7
19700801 19700831    97.0
19700901 19700930    81.2
19701001 19701031     8.7
19701101 19701130    14.5
19701201 19701231    10.2
19710101 19710131     1.0
19710201 19710228     4.4
19710301 19710331    40.5
19710401 19710430    86.2
19710501 19710531   145.9
19710601 19710630    53.1
19710701 19710731    49.5
19710801 19710831   100.0
19710901 19710930    45.9
19711001 19711031    11.2
19711101 19711130    34.6
19711201 19711231    47.0
19720101 19720131    16.5
19720201 19720229    11.9
19720301 19720331     0.0
19720401 19720430    26.4
19720501 19720531    13.3
19720601 19720630    38.4
19720701 19720731    90.7
19720801 19720831   100.6
19720901 19720930    22.9
19721001 19721031    19.2
19721101 19721130     5.9
19721201 19721231     0.5
19730101 19730131     6.2
19730201 19730228     4.6
19730301 19730331    52.3
19730401 19730430    32.8
19730501 19730531    48.1
19730601 19730630    86.3
19730701 19730731    53.1
19730801 19730831    86.5
19730901 19730930    39.1
19731001 19731031    46.0
19731101 19731130    11.2
19731201 19731231    14.3
19740101 19740131    25.8
19740201 19740228     1.8
19740301 19740331     2.2
19740401 19740430    25.4
19740501 19740531    82.6
19740601 19740630    52.6
19740701 19740731   125.2
19740801 19740831    51.2
19740901 19740930    53.6
19741001 19741031    96.9
19741101 19741130    10.8
19741201 19741231     2.6
19750101 19750131     6.4
19750201 19750228     3.6
19750301 19750331    28.4
19750401 19750430    13.8
19750501 19750531    78.4
19750601 19750630    54.0
19750701 19750731    77.4
19750801 19750831    84.2
19750901 19750930    55.2
19751001 19751031    68.8
19751101 19751130    29.6
19751201 19751231    10.0
19760101 19760131     2.8
19760201 19760229    99.8
19760301 19760331     1.0
19760401 19760430    16.4
19760501 19760531    46.2
19760601 19760630   104.8
19760701 19760731    27.0
19760801 19760831    77.5
19760901 19760930    42.2
19761001 19761031    31.2
19761101 19761130    24.2
19761201 19761231     3.2
19770101 19770131    30.6
19770201 19770228    18.0
19770301 19770331     7.4
19770401 19770430    12.4
19770501 19770531    74.6
19770601 19770630    33.4
19770701 19770731    32.6
19770801 19770831    31.7
19770901 19770930    48.7
19771001 19771031    12.6
19771101 19771130    25.6
19771201 19771231    13.4
19780101 19780131    16.2
19780201 19780228     1.2
19780301 19780331     8.4
19780401 19780430    23.6
19780501 19780531    40.5
19780601 19780630    95.8
19780701 19780731   122.5
19780801 19780831   116.4
19780901 19780930   105.4
19781001 19781031    14.6
19781101 19781130    17.8
19781201 19781231    27.8
19790101 19790131     5.6
19790201 19790228     6.4
19790301 19790331     3.4
19790401 19790430    40.8
19790501 19790531   115.6
19790601 19790630    46.0
19790701 19790731    51.8
19790801 19790831    80.2
19790901 19790930   126.0
19791001 19791031    32.2
19791101 19791130    40.6
19791201 19791231    14.0
19800101 19800131     4.2
19800201 19800229     0.2
19800301 19800331     1.8
19800401 19800430    59.4
19800501 19800531    67.0
19800601 19800630    66.8
19800701 19800731    65.6
19800801 19800831    45.6
19800901 19800930    11.4
19801001 19801031    42.4
19801101 19801130    25.7
19801201 19801231    16.2
19810101 19810131     2.8
19810201 19810228    34.0
19810301 19810331    26.2
19810401 19810430     3.6
19810501 19810531    85.4
19810601 19810630   150.0
19810701 19810731    72.2
19810801 19810831    74.2
19810901 19810930     6.2
19811001 19811031    22.0
19811101 19811130    25.0
19811201 19811231     1.8
19820101 19820131     7.4
19820201 19820228    18.0
19820301 19820331    56.4
19820401 19820430    25.4
19820501 19820531    47.8
19820601 19820630    75.0
19820701 19820731    31.0
19820801 19820831    12.8
19820901 19820930    23.0
19821001 19821031     6.8
19821101 19821130     0.0
19821201 19821231     8.2
19830101 19830131     1.4
19830201 19830228    18.2
19830301 19830331    55.8
19830401 19830430   132.5
19830501 19830531    38.2
19830601 19830630    27.1
19830701 19830731   112.4
19830801 19830831    43.8
19830901 19830930    44.0
19831001 19831031    17.3
19831101 19831130     2.8
19831201 19831231    32.2
19840101 19840131     4.7
19840201 19840229     2.0
19840301 19840331    22.6
19840401 19840430    20.9
19840501 19840531    33.6
19840601 19840630    39.2
19840701 19840731   108.7
19840801 19840831   100.4
19840901 19840930    57.2
19841001 19841031    34.4
19841101 19841130    18.5
19841201 19841231    17.7
19850101 19850131     2.2
19850201 19850228     1.0
19850301 19850331    15.8
19850401 19850430    38.6
19850501 19850531    15.9
19850601 19850630    56.2
19850701 19850731    33.5
19850801 19850831   105.3
19850901 19850930    29.1
19851001 19851031    52.6
19851101 19851130    19.5
19851201 19851231    26.4
19860101 19860131     6.2
19860201 19860228     3.8
19860301 19860331     2.0
19860401 19860430    33.3
19860501 19860531    29.1
19860601 19860630    47.4
19860701 19860731   111.2
19860801 19860831   103.2
19860901 19860930    34.8
19861001 19861031    40.5
19861101 19861130    19.2
19861201 19861231    21.2
19870101 19870131    14.6
19870201 19870228    20.6
19870301 19870331     5.8
19870401 19870430    26.0
19870501 19870531    51.6
19870601 19870630    56.4
19870701 19870731    72.8
19870801 19870831    37.4
19870901 19870930     6.2
19871001 19871031    15.0
19871101 19871130     6.2
19871201 19871231    23.8
19880101 19880131    21.8
19880201 19880229    12.0
19880301 19880331     4.6
19880401 19880430     1.4
19880501 19880531    39.0
19880601 19880630    53.2
19880701 19880731    61.2
19880801 19880831    19.6
19880901 19880930    25.6
19881001 19881031     4.6
19881101 19881130    48.1
19881201 19881231    22.6
19890101 19890131     6.6
19890201 19890228     0.0
19890301 19890331    17.4
19890401 19890430    21.0
19890501 19890531    63.6
19890601 19890630   116.2
19890701 19890731    98.0
19890801 19890831    79.8
19890901 19890930    29.1
19891001 19891031     7.8
19891101 19891130     9.4
19891201 19891231    22.4
19900101 19900131     6.0
19900201 19900228    19.2
19900301 19900331     0.4
19900401 19900430    13.8
19900501 19900531    19.2
19900601 19900630    67.8
19900701 19900731    85.6
19900801 19900831    59.0
19900901 19900930    38.6
19901001 19901031    24.4
19901101 19901130     0.0
19901201 19901231    65.8
19910101 19910131     5.6
19910201 19910228     0.0
19910301 19910331     7.0
19910401 19910430    22.0
19910501 19910531    16.8
19910601 19910630    40.6
19910701 19910731    85.8
19910801 19910831    54.4
19910901 19910930    44.4
19911001 19911031     3.4
19911101 19911130     7.8
19911201 19911231     2.8
19920101 19920131     2.4
19920201 19920229     2.6
19920301 19920331    47.2
19920401 19920430    59.8
19920501 19920531    44.2
19920601 19920630    56.2
19920701 19920731    34.2
19920801 19920831    77.4
19920901 19920930   124.2
19921001 19921031    67.8
19921101 19921130    47.2
19921201 19921231    78.6
19930101 19930131    33.6
19930201 19930228     8.4
19930301 19930331     5.2
19930401 19930430     2.0
19930501 19930531    18.4
19930601 19930630    34.0
19930701 19930731    34.0
19930801 19930831    71.8
19930901 19930930    70.8
19931001 19931031    58.8
19931101 19931130    22.4
19931201 19931231    26.8
19940101 19940131     3.2
19940201 19940228     8.4
19940301 19940331     0.0
19940401 19940430 99999.9
19940501 19940531    33.0
19940601 19940630    69.0
19940701 19940731    27.8
19940801 19940831    20.6
19940901 19940930    13.8
19941001 19941031    25.4
19941101 19941130    14.6
19941201 19941231     9.8
19950101 19950131    45.6
19950201 19950228     9.6
19950301 19950331    13.4
19950401 19950430    21.2
19950501 19950531    68.4
19950601 19950630    97.4
19950701 19950731    92.0
19950801 19950831    22.8
19950901 19950930    28.6
19951001 19951031    19.6
19951101 19951130    14.4
19951201 19951231     5.6
19960101 19960131     0.6
19960201 19960229    12.4
19960301 19960331    11.4
19960401 19960430    17.4
19960501 19960531    17.8
19960601 19960630    92.4
19960701 19960731   106.4
19960801 19960831    80.4
19960901 19960930    44.8
19961001 19961031    16.8
19961101 19961130     0.2
19961201 19961231    14.6
19970101 19970131    23.0
19970201 19970228    21.4
19970301 19970331     3.6
19970401 19970430     2.6
19970501 19970531    69.8
19970601 19970630    46.6
19970701 19970731    21.2
19970801 19970831    67.6
19970901 19970930    54.6
19971001 19971031    66.4
19971101 19971130     9.4
19971201 19971231    61.4
19980101 19980131     5.4
19980201 19980228     3.4
19980301 19980331     4.2
19980401 19980430    39.4
19980501 19980531    25.0
19980601 19980630    68.8
19980701 19980731    86.2
19980801 19980831    18.6
19980901 19980930    21.1
19981001 19981031    17.5
19981101 19981130     9.8
19981201 19981231    13.6
19990101 19990131     4.8
19990201 19990228     7.6
19990301 19990331    16.4
19990401 19990430     0.4
19990501 19990531    31.8
19990601 19990630    46.3
19990701 19990731    37.3
19990801 19990831    37.1
19990901 19990930    66.0
19991001 19991031    41.8
19991101 19991130    16.2
19991201 19991231    16.4
20000101 20000131    12.4
20000201 20000229    36.4
20000301 20000331    17.8
20000401 20000430    21.8
20000501 20000531    67.4
20000601 20000630    65.6
20000701 20000731    81.0
20000801 20000831    73.3
20000901 20000930    26.2
20001001 20001031    56.0
20001101 20001130     9.8
20001201 20001231     1.0
20010101 20010131     5.1
20010201 20010228    15.2
20010301 20010331    16.4
20010401 20010430     1.4
20010501 20010531    87.2
20010601 20010630    41.2
20010701 20010731    50.6
20010801 20010831    49.2
20010901 20010930    74.6
20011001 20011031    48.8
20011101 20011130    23.6
20011201 20011231    23.4
20020101 20020131    12.4
20020201 20020228     0.0
20020301 20020331     3.4
20020401 20020430    13.4
20020501 20020531    61.6
20020601 20020630    54.8
20020701 20020731    54.4
20020801 20020831    24.6
20020901 20020930    24.8
20021001 20021031    22.2
20021101 20021130    26.0
20021201 20021231     8.8
20030101 20030131    18.0
20030201 20030228    44.6
20030301 20030331     2.1
20030401 20030430     8.9
20030501 20030531    43.8
20030601 20030630    85.9
20030701 20030731    51.8
20030801 20030831   112.8
20030901 20030930    22.9
20031001 20031031    44.7
20031101 20031130    30.3
20031201 20031231    11.7
20040101 20040131     9.9
20040201 20040229     9.1
20040301 20040331    14.7
20040401 20040430    31.5
20040501 20040531    42.2
20040601 20040630    53.5
20040701 20040731    83.4
20040801 20040831    53.5
20040901 20040930    36.2
20041001 20041031     2.9
20041101 20041130    31.5
20041201 20041231    11.5
20050101 20050131    12.0
20050201 20050228    10.4
20050301 20050331     9.9
20050401 20050430     5.9
20050501 20050531    14.9
20050601 20050630   136.6
20050701 20050731    44.8
20050801 20050831    46.0
20050901 20050930    60.0
20051001 20051031    59.3
20051101 20051130    24.4
20051201 20051231    29.3
20060101 20060131    50.4
20060201 20060228    41.3
20060301 20060331    48.5
20060401 20060430    33.7
20060501 20060531    23.6
20060601 20060630    40.4
20060701 20060731    39.7
20060801 20060831    14.7
20060901 20060930     3.1
20061001 20061031     2.2
20061101 20061130     9.3
20061201 20061231    15.2
20070101 20070131    11.9
20070201 20070228     0.5
20070301 20070331    23.7
20070401 20070430    39.4
20070501 20070531    82.9
20070601 20070630    28.6
20070701 20070731    45.7
20070801 20070831    31.3
20070901 20070930    16.7
20071001 20071031    38.6
20071101 20071130    24.8
20071201 20071231    21.3
20080101 20080131     2.1
20080201 20080229     3.3
20080301 20080331     6.8
20080401 20080430    26.8
20080501 20080531    30.4
20080601 20080630    25.9
20080701 20080731    91.2
20080801 20080831    75.7
20080901 20080930    11.1
20081001 20081031     4.0
20081101 20081130    27.1
20081201 20081231    57.5
20090101 20090131     0.0
20090201 20090228     0.1
20090301 20090331    45.9
20090401 20090430    43.8
20090501 20090531    16.2
20090601 20090630   136.5
20090701 20090731   116.3
20090801 20090831    35.9
20090901 20090930    69.5
20091001 20091031    20.2
20091101 20091130    10.5
20091201 20091231     7.5
20100101 20100131    32.8
20100201 20100228    13.4
20100301 20100331    38.3
20100401 20100430    32.5
20100501 20100531    40.3
20100601 20100630    71.8
20100701 20100731    53.1
20100801 20100831    69.7
20100901 20100930    68.0
20101001 20101031    64.0
20101101 20101130    27.9
20101201 20101231    39.8
20110101 20110131    15.3
20110201 20110228    48.4
20110301 20110331    38.6
20110401 20110430    13.0
20110501 20110531    46.6
20110601 20110630    32.4
20110701 20110731    68.9
20110801 20110831    57.4
20110901 20110930    50.1
20111001 20111031    43.4
20111101 20111130    16.3
20111201 20111231    21.4
20120101 20120131    10.1
20120201 20120229    24.6
20120301 20120331     9.7
20120401 20120430    20.8
20120501 20120531    74.7
20120601 20120630   105.6
20120701 20120731    57.0
20120801 20120831    32.2
20120901 20120930    23.0
20121001 20121031     7.4
20121101 20121130     7.8
20121201 20121231     5.4
20130101 20130131     8.0
20130201 20130228     5.6
20130301 20130331    16.0
20130401 20130430    42.1
20130501 20130531    32.3
20130601 20130630   145.2
20130701 20130731   111.7
20130801 20130831    56.6
20130901 20130930    27.5
20131001 20131031    10.4
20131101 20131130    13.5
20131201 20131231    14.9
20140101 20140131    14.4
20140201 20140228    25.6
20140301 20140331    10.6
20140401 20140430    22.0
20140501 20140531    79.6
20140601 20140630    85.1
20140701 20140731    89.6
20140801 20140831    14.9
20140901 20140930    12.3
20141001 20141031     1.0
20141101 20141130     9.8
20141201 20141231    12.8
20150101 20150131     8.2
20150201 20150228     0.6
20150301 20150331     6.8
20150401 20150430    34.4
20150501 20150531    36.6
20150601 20150630    16.0
20150701 20150731    36.6
20150801 20150831    82.0
20150901 20150930    41.4
20151001 20151031     3.6
20151101 20151130    29.8
20151201 20151231     4.8
20160101 20160131     4.2
20160201 20160229    56.8
20160301 20160331    31.7
20160401 20160430    39.0
20160501 20160531    64.6
20160601 20160630    68.6
20160701 20160731    85.2
20160801 20160831    47.4
20160901 20160930    86.6
20161001 20161031    28.4
20161101 20161130     6.0
20161201 20161231    25.4
20170101 20170131    97.2
20170201 20170228     9.8
20170301 20170331     6.6
20170401 20170430     2.6
20170501 20170531    16.2
20170601 20170630    13.0
20170701 20170731   102.0
20170801 20170831    88.8
20170901 20170930    36.4
20171001 20171031    24.0
20171101 20171130    20.0
20171201 20171231    34.2
20180101 20180131     4.4
