PRCP       089005 18821001 20180131 missing_value=99999.9 BEAUFORT                                  
18821001 18821031    79.3
18821101 18821130    58.5
18821201 18821231    41.9
18830101 18830131     8.9
18830201 18830228    79.8
18830301 18830331    55.6
18830401 18830430    42.3
18830501 18830531    91.1
18830601 18830630    78.6
18830701 18830731    75.1
18830801 18830831    73.6
18830901 18830930    68.3
18831001 18831031    69.1
18831101 18831130    53.0
18831201 18831231    35.6
18840101 18840131    93.9
18840201 18840229    26.0
18840301 18840331    47.0
18840401 18840430    44.7
18840501 18840531    93.2
18840601 18840630    50.3
18840701 18840731    22.6
18840801 18840831    63.2
18840901 18840930    68.6
18841001 18841031    52.3
18841101 18841130    31.5
18841201 18841231    68.9
18850101 18850131    30.0
18850201 18850228    51.8
18850301 18850331    54.6
18850401 18850430    46.7
18850501 18850531    41.2
18850601 18850630    80.5
18850701 18850731    56.6
18850801 18850831    66.2
18850901 18850930   102.8
18851001 18851031    19.8
18851101 18851130    27.6
18851201 18851231    35.6
18860101 18860131   113.2
18860201 18860228    30.7
18860301 18860331    35.3
18860401 18860430    13.2
18860501 18860531    38.5
18860601 18860630    39.6
18860701 18860731    53.2
18860801 18860831    89.8
18860901 18860930    55.5
18861001 18861031   102.6
18861101 18861130    48.6
18861201 18861231    51.2
18870101 18870131    23.7
18870201 18870228    34.4
18870301 18870331     7.6
18870401 18870430    42.7
18870501 18870531    40.1
18870601 18870630   103.5
18870701 18870731    82.4
18870801 18870831    79.2
18870901 18870930    82.7
18871001 18871031    80.0
18871101 18871130   124.3
18871201 18871231    78.0
18880101 18880131    42.9
18880201 18880229    17.6
18880301 18880331    86.0
18880401 18880430    56.4
18880501 18880531    61.0
18880601 18880630    89.0
18880701 18880731    81.1
18880801 18880831    47.1
18880901 18880930    37.6
18881001 18881031    33.1
18881101 18881130     7.6
18881201 18881231    28.4
18890101 18890131    42.9
18890201 18890228    37.2
18890301 18890331     4.6
18890401 18890430   137.3
18890501 18890531    76.3
18890601 18890630   179.2
18890701 18890731    58.7
18890801 18890831    84.7
18890901 18890930    52.4
18891001 18891031    89.1
18891101 18891130    62.0
18891201 18891231    10.1
18900101 18900131    22.1
18900201 18900228     6.6
18900301 18900331    37.8
18900401 18900430    30.7
18900501 18900531    52.7
18900601 18900630    78.6
18900701 18900731    73.7
18900801 18900831   115.8
18900901 18900930    66.2
18901001 18901031    87.9
18901101 18901130   104.1
18901201 18901231    38.3
18910101 18910131    14.7
18910201 18910228     3.5
18910301 18910331    26.5
18910401 18910430    34.0
18910501 18910531    49.7
18910601 18910630    95.1
18910701 18910731    52.6
18910801 18910831    32.6
18910901 18910930    72.8
18911001 18911031    82.6
18911101 18911130    53.0
18911201 18911231    50.7
18920101 18920131     9.4
18920201 18920229     4.5
18920301 18920331    29.3
18920401 18920430   125.9
18920501 18920531    79.7
18920601 18920630    78.4
18920701 18920731    67.6
18920801 18920831    51.6
18920901 18920930    47.5
18921001 18921031    45.0
18921101 18921130    85.7
18921201 18921231    59.2
18930101 18930131    14.0
18930201 18930228     3.3
18930301 18930331    25.4
18930401 18930430   115.2
18930501 18930531   146.9
18930601 18930630   101.5
18930701 18930731    43.0
18930801 18930831    60.8
18930901 18930930    76.5
18931001 18931031    99.2
18931101 18931130    72.0
18931201 18931231    19.3
18940101 18940131    20.5
18940201 18940228     7.6
18940301 18940331    49.6
18940401 18940430    74.9
18940501 18940531    62.3
18940601 18940630    66.8
18940701 18940731    93.5
18940801 18940831    75.4
18940901 18940930   126.3
18941001 18941031   159.1
18941101 18941130    14.9
18941201 18941231    54.4
18950101 18950131    53.1
18950201 18950228     5.1
18950301 18950331    37.6
18950401 18950430    77.3
18950501 18950531    23.4
18950601 18950630    39.9
18950701 18950731    59.1
18950801 18950831    76.8
18950901 18950930    66.2
18951001 18951031    12.9
18951101 18951130     1.8
18951201 18951231    62.3
18960101 18960131    55.6
18960201 18960229    52.6
18960301 18960331    40.6
18960401 18960430    58.3
18960501 18960531    50.3
18960601 18960630    36.1
18960701 18960731    65.5
18960801 18960831    60.6
18960901 18960930    52.7
18961001 18961031     0.0
18961101 18961130    38.8
18961201 18961231    20.6
18970101 18970131    99.1
18970201 18970228    38.3
18970301 18970331    26.2
18970401 18970430    39.9
18970501 18970531    45.2
18970601 18970630    52.6
18970701 18970731    52.1
18970801 18970831    79.0
18970901 18970930    88.7
18971001 18971031    58.0
18971101 18971130    34.0
18971201 18971231     8.1
18980101 18980131     0.0
18980201 18980228    41.6
18980301 18980331    10.0
18980401 18980430    30.3
18980501 18980531    48.3
18980601 18980630   120.8
18980701 18980731    48.5
18980801 18980831    32.2
18980901 18980930    56.9
18981001 18981031    55.4
18981101 18981130    17.5
18981201 18981231    36.1
18990101 18990131    46.1
18990201 18990228    52.8
18990301 18990331    80.5
18990401 18990430    53.5
18990501 18990531    53.5
18990601 18990630   115.8
18990701 18990731    19.6
18990801 18990831    70.1
18990901 18990930    32.1
18991001 18991031    71.5
18991101 18991130    62.9
18991201 18991231    16.6
19000101 19000131    28.8
19000201 19000228     6.9
19000301 19000331   101.6
19000401 19000430    76.9
19000501 19000531   104.0
19000601 19000630   101.1
19000701 19000731    26.3
19000801 19000831    97.8
19000901 19000930    50.8
19001001 19001031    32.9
19001101 19001130    26.7
19001201 19001231    25.7
19010101 19010131    58.9
19010201 19010228     5.9
19010301 19010331    34.8
19010401 19010430   109.2
19010501 19010531    20.1
19010601 19010630   197.6
19010701 19010731    39.4
19010801 19010831    61.4
19010901 19010930   111.7
19011001 19011031    56.9
19011101 19011130     2.5
19011201 19011231    22.7
19020101 19020131    15.3
19020201 19020228    19.8
19020301 19020331    31.9
19020401 19020430     2.5
19020501 19020531    34.6
19020601 19020630    89.8
19020701 19020731    22.6
19020801 19020831    58.5
19020901 19020930    54.1
19021001 19021031    26.6
19021101 19021130    19.9
19021201 19021231   149.3
19030101 19030131    26.7
19030201 19030228    47.8
19030301 19030331    41.7
19030401 19030430    94.8
19030501 19030531    44.7
19030601 19030630    68.2
19030701 19030731   130.2
19030801 19030831    23.8
19030901 19030930    83.5
19031001 19031031    81.1
19031101 19031130    96.7
19031201 19031231   100.2
19040101 19040131   184.1
19040201 19040229    74.5
19040301 19040331    19.3
19040401 19040430    21.4
19040501 19040531    85.0
19040601 19040630    84.5
19040701 19040731    59.9
19040801 19040831    84.4
19040901 19040930    32.8
19041001 19041031    82.1
19041101 19041130    51.6
19041201 19041231     3.8
19050101 19050131    27.4
19050201 19050228    31.8
19050301 19050331    27.9
19050401 19050430    35.0
19050501 19050531    76.2
19050601 19050630    67.1
19050701 19050731    94.5
19050801 19050831    33.3
19050901 19050930    78.9
19051001 19051031    67.3
19051101 19051130    21.8
19051201 19051231    47.5
19060101 19060131     0.0
19060201 19060228    20.3
19060301 19060331    97.2
19060401 19060430    19.3
19060501 19060531   100.3
19060601 19060630    90.1
19060701 19060731    57.0
19060801 19060831    46.6
19060901 19060930   102.1
19061001 19061031   106.6
19061101 19061130   102.9
19061201 19061231     9.7
19070101 19070131    21.6
19070201 19070228    21.1
19070301 19070331    16.3
19070401 19070430    90.5
19070501 19070531    60.7
19070601 19070630    37.2
19070701 19070731    79.1
19070801 19070831    63.3
19070901 19070930    21.4
19071001 19071031    25.0
19071101 19071130    41.5
19071201 19071231   116.3
19080101 19080131    16.8
19080201 19080229     8.6
19080301 19080331    41.6
19080401 19080430     4.5
19080501 19080531    81.4
19080601 19080630    79.5
19080701 19080731    32.0
19080801 19080831    51.5
19080901 19080930    92.1
19081001 19081031    79.6
19081101 19081130    37.9
19081201 19081231    15.2
19090101 19090131    55.8
19090201 19090228    20.3
19090301 19090331    47.0
19090401 19090430    67.1
19090501 19090531   106.8
19090601 19090630    60.3
19090701 19090731    49.0
19090801 19090831   151.7
19090901 19090930    41.4
19091001 19091031    32.5
19091101 19091130    45.0
19091201 19091231    21.6
19100101 19100131    30.0
19100201 19100228     8.4
19100301 19100331   134.5
19100401 19100430    19.4
19100501 19100531    68.5
19100601 19100630    84.6
19100701 19100731    82.1
19100801 19100831    53.1
19100901 19100930   116.5
19101001 19101031    65.6
19101101 19101130    36.9
19101201 19101231    48.4
19110101 19110131    10.3
19110201 19110228   175.1
19110301 19110331   133.8
19110401 19110430    23.1
19110501 19110531    97.2
19110601 19110630    72.9
19110701 19110731    46.9
19110801 19110831    37.9
19110901 19110930   137.1
19111001 19111031    45.4
19111101 19111130    10.2
19111201 19111231    96.7
19120101 19120131     4.3
19120201 19120229     9.4
19120301 19120331    65.0
19120401 19120430    53.1
19120501 19120531    35.5
19120601 19120630    48.3
19120701 19120731    38.0
19120801 19120831    39.0
19120901 19120930   142.3
19121001 19121031    26.6
19121101 19121130    57.9
19121201 19121231    57.7
19130101 19130131    11.6
19130201 19130228    43.0
19130301 19130331    73.8
19130401 19130430    40.7
19130501 19130531    43.7
19130601 19130630    38.1
19130701 19130731    33.7
19130801 19130831    64.9
19130901 19130930    74.9
19131001 19131031    21.6
19131101 19131130    63.3
19131201 19131231    25.4
19140101 19140131    18.8
19140201 19140228     1.3
19140301 19140331    20.1
19140401 19140430    41.1
19140501 19140531    25.9
19140601 19140630    18.5
19140701 19140731    41.8
19140801 19140831     8.1
19140901 19140930    17.1
19141001 19141031    11.2
19141101 19141130    32.8
19141201 19141231    93.9
19150101 19150131    20.8
19150201 19150228     8.6
19150301 19150331    10.5
19150401 19150430    48.3
19150501 19150531    49.6
19150601 19150630    62.1
19150701 19150731    40.7
19150801 19150831    60.7
19150901 19150930   132.2
19151001 19151031    45.5
19151101 19151130    30.9
19151201 19151231     3.1
19160101 19160131    55.8
19160201 19160229    23.5
19160301 19160331     2.0
19160401 19160430    46.6
19160501 19160531    17.2
19160601 19160630    71.2
19160701 19160731    63.4
19160801 19160831    80.7
19160901 19160930   128.3
19161001 19161031   108.5
19161101 19161130    85.6
19161201 19161231    76.4
19170101 19170131    19.5
19170201 19170228    59.2
19170301 19170331    32.8
19170401 19170430    33.4
19170501 19170531    82.5
19170601 19170630    49.4
19170701 19170731    63.0
19170801 19170831    94.3
19170901 19170930    78.2
19171001 19171031    87.4
19171101 19171130    45.4
19171201 19171231    28.3
19180101 19180131    20.8
19180201 19180228    18.0
19180301 19180331   101.4
19180401 19180430    54.3
19180501 19180531   100.4
19180601 19180630    78.9
19180701 19180731    71.2
19180801 19180831    61.2
19180901 19180930    58.7
19181001 19181031    52.3
19181101 19181130    17.6
19181201 19181231    37.3
19190101 19190131     6.2
19190201 19190228    90.6
19190301 19190331    52.6
19190401 19190430     6.5
19190501 19190531    62.1
19190601 19190630    49.6
19190701 19190731    45.2
19190801 19190831    40.7
19190901 19190930    62.4
19191001 19191031    29.3
19191101 19191130    16.5
19191201 19191231    61.1
19200101 19200131     9.0
19200201 19200229     6.6
19200301 19200331    28.9
19200401 19200430    21.0
19200501 19200531    55.2
19200601 19200630    85.2
19200701 19200731    63.6
19200801 19200831   129.9
19200901 19200930    75.3
19201001 19201031    38.5
19201101 19201130    88.4
19201201 19201231    22.2
19210101 19210131    79.9
19210201 19210228    38.8
19210301 19210331    25.5
19210401 19210430    17.4
19210501 19210531    59.0
19210601 19210630    54.8
19210701 19210731    75.7
19210801 19210831    88.7
19210901 19210930    63.6
19211001 19211031    52.7
19211101 19211130    58.7
19211201 19211231    15.3
19220101 19220131    11.1
19220201 19220228    25.5
19220301 19220331     8.0
19220401 19220430    33.1
19220501 19220531    82.1
19220601 19220630    63.8
19220701 19220731    52.7
19220801 19220831    55.4
19220901 19220930    40.6
19221001 19221031    72.8
19221101 19221130    20.5
19221201 19221231    62.2
19230101 19230131    28.0
19230201 19230228     6.6
19230301 19230331     2.3
19230401 19230430     0.3
19230501 19230531    98.1
19230601 19230630   142.1
19230701 19230731   193.6
19230801 19230831    65.6
19230901 19230930    67.6
19231001 19231031    91.0
19231101 19231130    58.3
19231201 19231231    77.1
19240101 19240131    46.8
19240201 19240229   137.7
19240301 19240331   112.9
19240401 19240430    53.4
19240501 19240531    49.6
19240601 19240630    70.3
19240701 19240731    29.8
19240801 19240831   114.4
19240901 19240930    96.7
19241001 19241031    82.4
19241101 19241130   165.1
19241201 19241231    28.9
19250101 19250131    39.7
19250201 19250228    43.1
19250301 19250331    20.7
19250401 19250430    32.6
19250501 19250531    88.2
19250601 19250630    35.9
19250701 19250731    68.9
19250801 19250831    50.0
19250901 19250930   104.1
19251001 19251031    32.9
19251101 19251130    42.1
19251201 19251231     7.9
19260101 19260131    18.3
19260201 19260228     5.3
19260301 19260331    14.3
19260401 19260430    66.8
19260501 19260531    83.5
19260601 19260630   100.9
19260701 19260731    86.1
19260801 19260831    58.2
19260901 19260930    47.1
19261001 19261031    90.4
19261101 19261130    51.0
19261201 19261231    36.3
19270101 19270131     6.3
19270201 19270228    24.6
19270301 19270331    25.1
19270401 19270430    23.7
19270501 19270531    97.9
19270601 19270630    31.3
19270701 19270731    92.3
19270801 19270831    78.0
19270901 19270930    43.3
19271001 19271031    43.0
19271101 19271130    29.6
19271201 19271231    42.4
19280101 19280131   131.5
19280201 19280229   127.4
19280301 19280331    39.6
19280401 19280430    57.7
19280501 19280531    58.5
19280601 19280630    75.1
19280701 19280731    45.8
19280801 19280831    20.8
19280901 19280930    79.2
19281001 19281031   127.5
19281101 19281130    21.2
19281201 19281231    22.5
19290101 19290131    35.4
19290201 19290228   102.2
19290301 19290331    39.2
19290401 19290430    81.1
19290501 19290531    51.2
19290601 19290630   106.4
19290701 19290731    71.9
19290801 19290831    47.9
19290901 19290930    52.2
19291001 19291031    68.7
19291101 19291130    52.9
19291201 19291231    87.3
19300101 19300131     5.7
19300201 19300228    74.1
19300301 19300331     8.6
19300401 19300430    54.5
19300501 19300531    67.9
19300601 19300630    37.5
19300701 19300731    68.9
19300801 19300831   114.2
19300901 19300930    68.6
19301001 19301031   139.5
19301101 19301130    41.3
19301201 19301231   156.2
19310101 19310131    23.1
19310201 19310228    13.9
19310301 19310331   131.9
19310401 19310430    74.1
19310501 19310531    96.8
19310601 19310630   125.4
19310701 19310731    60.9
19310801 19310831    80.5
19310901 19310930    73.0
19311001 19311031    26.0
19311101 19311130    81.8
19311201 19311231    16.9
19320101 19320131     3.4
19320201 19320229    81.8
19320301 19320331   119.4
19320401 19320430   119.5
19320501 19320531    25.2
19320601 19320630    84.7
19320701 19320731    67.6
19320801 19320831    94.5
19320901 19320930    40.9
19321001 19321031    68.0
19321101 19321130    25.9
19321201 19321231    63.8
19330101 19330131    59.0
19330201 19330228     2.1
19330301 19330331    32.9
19330401 19330430    33.7
19330501 19330531    65.4
19330601 19330630    38.5
19330701 19330731    41.3
19330801 19330831    62.8
19330901 19330930    89.6
19331001 19331031    52.8
19331101 19331130    84.4
19331201 19331231   143.4
19340101 19340131    34.8
19340201 19340228    55.4
19340301 19340331     8.4
19340401 19340430    85.7
19340501 19340531     2.9
19340601 19340630    29.7
19340701 19340731    69.8
19340801 19340831    72.7
19340901 19340930    74.6
19341001 19341031   119.9
19341101 19341130   143.5
19341201 19341231    56.5
19350101 19350131    31.7
19350201 19350228    57.2
19350301 19350331    47.9
19350401 19350430   125.8
19350501 19350531    47.6
19350601 19350630    56.8
19350701 19350731   103.9
19350801 19350831    98.4
19350901 19350930    66.6
19351001 19351031    56.3
19351101 19351130    37.4
19351201 19351231    19.1
19360101 19360131    45.5
19360201 19360229     0.0
19360301 19360331    27.2
19360401 19360430    37.6
19360501 19360531    57.1
19360601 19360630    69.0
19360701 19360731   141.4
19360801 19360831    95.9
19360901 19360930    39.4
19361001 19361031    62.1
19361101 19361130    30.4
19361201 19361231    94.3
19370101 19370131    74.3
19370201 19370228    26.6
19370301 19370331    28.8
19370401 19370430    25.3
19370501 19370531    37.2
19370601 19370630    21.9
19370701 19370731    50.3
19370801 19370831    71.4
19370901 19370930    72.4
19371001 19371031   105.4
19371101 19371130    17.0
19371201 19371231   101.3
19380101 19380131    62.9
19380201 19380228    47.1
19380301 19380331    17.1
19380401 19380430    67.9
19380501 19380531    22.1
19380601 19380630    83.7
19380701 19380731    47.4
19380801 19380831    35.3
19380901 19380930    27.4
19381001 19381031    10.2
19381101 19381130    22.4
19381201 19381231    12.1
19390101 19390131    13.8
19390201 19390228    57.2
19390301 19390331     7.5
19390401 19390430   152.4
19390501 19390531    54.2
19390601 19390630    78.4
19390701 19390731    45.8
19390801 19390831   136.5
19390901 19390930    73.5
19391001 19391031    55.4
19391101 19391130   117.1
19391201 19391231    25.7
19400101 19400131    36.4
19400201 19400229     7.4
19400301 19400331    13.8
19400401 19400430    71.5
19400501 19400531    40.4
19400601 19400630    41.8
19400701 19400731    44.9
19400801 19400831    34.3
19400901 19400930    52.2
19401001 19401031    23.9
19401101 19401130    77.8
19401201 19401231    41.5
19410101 19410131   125.2
19410201 19410228    14.0
19410301 19410331    67.1
19410401 19410430    55.2
19410501 19410531    24.1
19410601 19410630    77.8
19410701 19410731    60.0
19410801 19410831    86.6
19410901 19410930    93.1
19411001 19411031    56.8
19411101 19411130    50.8
19411201 19411231    41.2
19420101 19420131    35.0
19420201 19420228    28.0
19420301 19420331    28.7
19420401 19420430    40.3
19420501 19420531   119.0
19420601 19420630    70.5
19420701 19420731    42.4
19420801 19420831   105.9
19420901 19420930    92.4
19421001 19421031   102.3
19421101 19421130    80.2
19421201 19421231    17.5
19430101 19430131    35.8
19430201 19430228    39.6
19430301 19430331     7.8
19430401 19430430    56.9
19430501 19430531    41.9
19430601 19430630    64.8
19430701 19430731    67.3
19430801 19430831    56.3
19430901 19430930    74.6
19431001 19431031    44.1
19431101 19431130    35.0
19431201 19431231    17.4
19440101 19440131    34.2
19440201 19440229    19.4
19440301 19440331    17.2
19440401 19440430    54.6
19440501 19440531    97.9
19440601 19440630    18.5
19440701 19440731    63.5
19440801 19440831    23.8
19440901 19440930    28.7
19441001 19441031    64.7
19441101 19441130    35.1
19441201 19441231    68.6
19450101 19450131    23.8
19450201 19450228    56.4
19450301 19450331     2.6
19450401 19450430    16.2
19450501 19450531    45.9
19450601 19450630    52.1
19450701 19450731    48.3
19450801 19450831   100.4
19450901 19450930    40.0
19451001 19451031    56.5
19451101 19451130    64.6
19451201 19451231    16.6
19460101 19460131   105.2
19460201 19460228   121.2
19460301 19460331   165.2
19460401 19460430    57.0
19460501 19460531    34.6
19460601 19460630    54.6
19460701 19460731   104.4
19460801 19460831    76.7
19460901 19460930    61.5
19461001 19461031    50.2
19461101 19461130    24.4
19461201 19461231    91.3
19470101 19470131     6.4
19470201 19470228    46.8
19470301 19470331   118.8
19470401 19470430    29.0
19470501 19470531    15.4
19470601 19470630    85.1
19470701 19470731   103.6
19470801 19470831    52.5
19470901 19470930    51.1
19471001 19471031   107.1
19471101 19471130    58.2
19471201 19471231    65.9
19480101 19480131    43.4
19480201 19480229    13.1
19480301 19480331     9.4
19480401 19480430    94.3
19480501 19480531    74.1
19480601 19480630    52.9
19480701 19480731    50.6
19480801 19480831    44.0
19480901 19480930    79.8
19481001 19481031   115.7
19481101 19481130    43.7
19481201 19481231    32.1
19490101 19490131    18.8
19490201 19490228    84.9
19490301 19490331    46.5
19490401 19490430    17.1
19490501 19490531    39.7
19490601 19490630    42.6
19490701 19490731    39.0
19490801 19490831    34.0
19490901 19490930    71.5
19491001 19491031   104.3
19491101 19491130   104.5
19491201 19491231    17.3
19500101 19500131    18.5
19500201 19500228    67.3
19500301 19500331    57.2
19500401 19500430    31.1
19500501 19500531    72.5
19500601 19500630    37.8
19500701 19500731    66.6
19500801 19500831    64.4
19500901 19500930    90.5
19501001 19501031    75.5
19501101 19501130    53.9
19501201 19501231    37.8
19510101 19510131    11.4
19510201 19510228   141.5
19510301 19510331     2.8
19510401 19510430   115.7
19510501 19510531    76.0
19510601 19510630    51.7
19510701 19510731    87.1
19510801 19510831   107.7
19510901 19510930    23.8
19511001 19511031   112.3
19511101 19511130    46.7
19511201 19511231    27.0
19520101 19520131    15.3
19520201 19520229    46.5
19520301 19520331    15.5
19520401 19520430    65.1
19520501 19520531    79.3
19520601 19520630   112.4
19520701 19520731    58.2
19520801 19520831    77.5
19520901 19520930    83.5
19521001 19521031   113.2
19521101 19521130   127.8
19521201 19521231    49.6
19530101 19530131    14.5
19530201 19530228     6.4
19530301 19530331    10.4
19530401 19530430    42.9
19530501 19530531    66.0
19530601 19530630    83.9
19530701 19530731    87.6
19530801 19530831   115.7
19530901 19530930   116.8
19531001 19531031    66.9
19531101 19531130   130.0
19531201 19531231    37.3
19540101 19540131    38.0
19540201 19540228    14.3
19540301 19540331    15.5
19540401 19540430    84.4
19540501 19540531    35.1
19540601 19540630    53.6
19540701 19540731    39.4
19540801 19540831    55.9
19540901 19540930    39.9
19541001 19541031    66.2
19541101 19541130    87.9
19541201 19541231    92.0
19550101 19550131     3.8
19550201 19550228   101.0
19550301 19550331    41.9
19550401 19550430    37.6
19550501 19550531    67.7
19550601 19550630    79.0
19550701 19550731    63.3
19550801 19550831   139.6
19550901 19550930    78.5
19551001 19551031    86.3
19551101 19551130    34.1
19551201 19551231    56.0
19560101 19560131    35.6
19560201 19560229     0.8
19560301 19560331    84.2
19560401 19560430    93.9
19560501 19560531   165.4
19560601 19560630   104.1
19560701 19560731    74.2
19560801 19560831    81.1
19560901 19560930    77.5
19561001 19561031    90.4
19561101 19561130    48.5
19561201 19561231    27.0
19570101 19570131     4.1
19570201 19570228   101.3
19570301 19570331    36.1
19570401 19570430    36.1
19570501 19570531    53.1
19570601 19570630    47.3
19570701 19570731    38.3
19570801 19570831    57.2
19570901 19570930    64.3
19571001 19571031    94.3
19571101 19571130    53.2
19571201 19571231    26.2
19580101 19580131    21.7
19580201 19580228    31.4
19580301 19580331    15.8
19580401 19580430    13.5
19580501 19580531    89.1
19580601 19580630    14.2
19580701 19580731    59.5
19580801 19580831   140.7
19580901 19580930    62.7
19581001 19581031    99.6
19581101 19581130    48.4
19581201 19581231    24.2
19590101 19590131    19.8
19590201 19590228    60.9
19590301 19590331    59.0
19590401 19590430    41.6
19590501 19590531    18.9
19590601 19590630    55.4
19590701 19590731    44.4
19590801 19590831    71.3
19590901 19590930    57.4
19591001 19591031    47.3
19591101 19591130    30.7
19591201 19591231    97.5
19600101 19600131    42.6
19600201 19600229    60.7
19600301 19600331    25.9
19600401 19600430   129.1
19600501 19600531   146.7
19600601 19600630    54.1
19600701 19600731   114.9
19600801 19600831    78.9
19600901 19600930   118.7
19601001 19601031    36.7
19601101 19601130   106.9
19601201 19601231    31.6
19610101 19610131     9.4
19610201 19610228    28.5
19610301 19610331    27.7
19610401 19610430    75.1
19610501 19610531    44.4
19610601 19610630    60.4
19610701 19610731    90.1
19610801 19610831    68.5
19610901 19610930    25.1
19611001 19611031    50.9
19611101 19611130    40.3
19611201 19611231    60.0
19620101 19620131    34.5
19620201 19620228    19.3
19620301 19620331    42.8
19620401 19620430    17.8
19620501 19620531    58.9
19620601 19620630    89.5
19620701 19620731    40.4
19620801 19620831    59.6
19620901 19620930    90.3
19621001 19621031   101.5
19621101 19621130    27.4
19621201 19621231    32.8
19630101 19630131   233.7
19630201 19630228    41.8
19630301 19630331    26.7
19630401 19630430     9.4
19630501 19630531   118.7
19630601 19630630    47.7
19630701 19630731    88.9
19630801 19630831    68.2
19630901 19630930    77.2
19631001 19631031    50.2
19631101 19631130    16.6
19631201 19631231    16.1
19640101 19640131     8.4
19640201 19640229    70.1
19640301 19640331    21.3
19640401 19640430   117.7
19640501 19640531    60.4
19640601 19640630    53.2
19640701 19640731   114.3
19640801 19640831    89.2
19640901 19640930   140.7
19641001 19641031   101.2
19641101 19641130    83.9
19641201 19641231    93.5
19650101 19650131    17.1
19650201 19650228     3.3
19650301 19650331    22.1
19650401 19650430    64.0
19650501 19650531    56.4
19650601 19650630    43.6
19650701 19650731    95.7
19650801 19650831   102.5
19650901 19650930    27.7
19651001 19651031    17.3
19651101 19651130    72.0
19651201 19651231    55.6
19660101 19660131    25.4
19660201 19660228    72.9
19660301 19660331    77.9
19660401 19660430    30.2
19660501 19660531    26.4
19660601 19660630    30.5
19660701 19660731    83.9
19660801 19660831    93.6
19660901 19660930    73.5
19661001 19661031    63.7
19661101 19661130    36.2
19661201 19661231    83.9
19670101 19670131    12.0
19670201 19670228     9.7
19670301 19670331    13.3
19670401 19670430    10.7
19670501 19670531    28.1
19670601 19670630    18.2
19670701 19670731    43.6
19670801 19670831    67.8
19670901 19670930    40.0
19671001 19671031    17.4
19671101 19671130    29.3
19671201 19671231    43.7
19680101 19680131    17.6
19680201 19680229     9.8
19680301 19680331    24.3
19680401 19680430    79.9
19680501 19680531   112.2
19680601 19680630    55.2
19680701 19680731    77.0
19680801 19680831    74.0
19680901 19680930    32.8
19681001 19681031    75.2
19681101 19681130    57.2
19681201 19681231    39.1
19690101 19690131    27.9
19690201 19690228    65.0
19690301 19690331    37.7
19690401 19690430    26.8
19690501 19690531    93.3
19690601 19690630    13.4
19690701 19690731    65.7
19690801 19690831    84.9
19690901 19690930    83.8
19691001 19691031    22.3
19691101 19691130    71.4
19691201 19691231    38.7
19700101 19700131     2.5
19700201 19700228     2.5
19700301 19700331    78.8
19700401 19700430    85.9
19700501 19700531    51.3
19700601 19700630    58.3
19700701 19700731    37.3
19700801 19700831    85.0
19700901 19700930    63.7
19701001 19701031    49.5
19701101 19701130    65.7
19701201 19701231    54.4
19710101 19710131    45.8
19710201 19710228    66.6
19710301 19710331    20.9
19710401 19710430   107.8
19710501 19710531    71.1
19710601 19710630    62.2
19710701 19710731    46.3
19710801 19710831    42.4
19710901 19710930    68.7
19711001 19711031    86.4
19711101 19711130    87.3
19711201 19711231    33.3
19720101 19720131    38.5
19720201 19720229   103.0
19720301 19720331    37.1
19720401 19720430    75.2
19720501 19720531    58.5
19720601 19720630    30.1
19720701 19720731    54.5
19720801 19720831    71.6
19720901 19720930    18.3
19721001 19721031    47.3
19721101 19721130    49.8
19721201 19721231     0.8
19730101 19730131    40.9
19730201 19730228   183.1
19730301 19730331    40.9
19730401 19730430    40.7
19730501 19730531    76.6
19730601 19730630    65.1
19730701 19730731    47.5
19730801 19730831    79.2
19730901 19730930    57.4
19731001 19731031   125.0
19731101 19731130    72.1
19731201 19731231    22.1
19740101 19740131   114.0
19740201 19740228    32.2
19740301 19740331    32.6
19740401 19740430   108.0
19740501 19740531    91.2
19740601 19740630    55.4
19740701 19740731    73.6
19740801 19740831    88.4
19740901 19740930    81.6
19741001 19741031    84.6
19741101 19741130    20.4
19741201 19741231    16.2
19750101 19750131    29.8
19750201 19750228     0.0
19750301 19750331    70.7
19750401 19750430    16.7
19750501 19750531    49.8
19750601 19750630    27.4
19750701 19750731    55.4
19750801 19750831    96.0
19750901 19750930   119.2
19751001 19751031   200.2
19751101 19751130    42.4
19751201 19751231    22.6
19760101 19760131     8.6
19760201 19760229    22.2
19760301 19760331    24.2
19760401 19760430    19.8
19760501 19760531    20.6
19760601 19760630    82.6
19760701 19760731    35.8
19760801 19760831    66.8
19760901 19760930    79.6
19761001 19761031    68.8
19761101 19761130    64.4
19761201 19761231    61.0
19770101 19770131    23.8
19770201 19770228    35.8
19770301 19770331    37.2
19770401 19770430    15.4
19770501 19770531    79.6
19770601 19770630   124.4
19770701 19770731    62.0
19770801 19770831    32.8
19770901 19770930    26.4
19771001 19771031    26.0
19771101 19771130    51.6
19771201 19771231    17.8
19780101 19780131    27.6
19780201 19780228    25.8
19780301 19780331    32.4
19780401 19780430    60.0
19780501 19780531    82.0
19780601 19780630    37.6
19780701 19780731    95.0
19780801 19780831    78.4
19780901 19780930    98.2
19781001 19781031    52.4
19781101 19781130   106.6
19781201 19781231   137.2
19790101 19790131   114.8
19790201 19790228    30.2
19790301 19790331    18.8
19790401 19790430    29.2
19790501 19790531    74.2
19790601 19790630    30.0
19790701 19790731    39.0
19790801 19790831    75.6
19790901 19790930    89.8
19791001 19791031    67.6
19791101 19791130    31.2
19791201 19791231    14.0
19800101 19800131    35.2
19800201 19800229     3.0
19800301 19800331     7.2
19800401 19800430    71.8
19800501 19800531    44.2
19800601 19800630    74.2
19800701 19800731    65.2
19800801 19800831    91.0
19800901 19800930    53.4
19801001 19801031    97.6
19801101 19801130    34.2
19801201 19801231    40.8
19810101 19810131    46.0
19810201 19810228    16.2
19810301 19810331    19.8
19810401 19810430    30.0
19810501 19810531    71.2
19810601 19810630   113.0
19810701 19810731    95.5
19810801 19810831   137.0
19810901 19810930    34.6
19811001 19811031    87.9
19811101 19811130    37.8
19811201 19811231    15.8
19820101 19820131    32.6
19820201 19820228     3.4
19820301 19820331    48.8
19820401 19820430    30.0
19820501 19820531    48.4
19820601 19820630    31.2
19820701 19820731    24.7
19820801 19820831    23.4
19820901 19820930    40.2
19821001 19821031    41.8
19821101 19821130    28.6
19821201 19821231    26.6
19830101 19830131    12.0
19830201 19830228     0.2
19830301 19830331   106.7
19830401 19830430    65.2
19830501 19830531   130.6
19830601 19830630    60.3
19830701 19830731    95.0
19830801 19830831    94.4
19830901 19830930    91.6
19831001 19831031    94.6
19831101 19831130    93.1
19831201 19831231     5.2
19840101 19840131    48.8
19840201 19840229     9.4
19840301 19840331   110.2
19840401 19840430    40.8
19840501 19840531    29.0
19840601 19840630    24.0
19840701 19840731    75.8
19840801 19840831    94.2
19840901 19840930   125.6
19841001 19841031    43.6
19841101 19841130    57.4
19841201 19841231    27.4
19850101 19850131    19.0
19850201 19850228     4.0
19850301 19850331    30.8
19850401 19850430    55.0
19850501 19850531    39.6
19850601 19850630    59.6
19850701 19850731    49.6
19850801 19850831   100.4
19850901 19850930    48.2
19851001 19851031    74.4
19851101 19851130    31.0
19851201 19851231   122.8
19860101 19860131    17.6
19860201 19860228     9.0
19860301 19860331     7.0
19860401 19860430    74.2
19860501 19860531    97.8
19860601 19860630    46.4
19860701 19860731   103.4
19860801 19860831    52.2
19860901 19860930    78.4
19861001 19861031   128.5
19861101 19861130    23.0
19861201 19861231    87.2
19870101 19870131    92.4
19870201 19870228    44.2
19870301 19870331    40.8
19870401 19870430    25.6
19870501 19870531   115.6
19870601 19870630    76.6
19870701 19870731    42.8
19870801 19870831    41.0
19870901 19870930    36.6
19871001 19871031    79.2
19871101 19871130    51.6
19871201 19871231    76.8
19880101 19880131    52.8
19880201 19880229    14.2
19880301 19880331    24.0
19880401 19880430     7.4
19880501 19880531    97.4
19880601 19880630    63.4
19880701 19880731    62.6
19880801 19880831    73.2
19880901 19880930    93.2
19881001 19881031    34.8
19881101 19881130    69.6
19881201 19881231    38.6
19890101 19890131    60.8
19890201 19890228     9.2
19890301 19890331    55.8
19890401 19890430   112.4
19890501 19890531    90.2
19890601 19890630    79.0
19890701 19890731    68.8
19890801 19890831    87.2
19890901 19890930    62.8
19891001 19891031    92.2
19891101 19891130    25.4
19891201 19891231    13.6
19900101 19900131     4.8
19900201 19900228   102.5
19900301 19900331    28.4
19900401 19900430    59.0
19900501 19900531    15.2
19900601 19900630    55.7
19900701 19900731    84.0
19900801 19900831    78.2
19900901 19900930    53.0
19901001 19901031 99999.9
19901101 19901130    52.8
19901201 19901231    16.2
19910101 19910131    47.8
19910201 19910228     2.0
19910301 19910331    18.8
19910401 19910430    29.6
19910501 19910531    15.4
19910601 19910630   117.8
19910701 19910731    61.0
19910801 19910831    95.0
19910901 19910930    87.0
19911001 19911031    18.0
19911101 19911130    39.4
19911201 19911231    74.4
19920101 19920131    26.4
19920201 19920229    10.6
19920301 19920331    32.2
19920401 19920430    75.9
19920501 19920531    80.3
19920601 19920630    60.6
19920701 19920731    45.0
19920801 19920831    87.5
19920901 19920930   102.8
19921001 19921031    62.9
19921101 19921130 99999.9
19921201 19921231   141.2
19930101 19930131   107.8
19930201 19930228    39.8
19930301 19930331    43.4
19930401 19930430     9.0
19930501 19930531    49.7
19930601 19930630    41.0
19930701 19930731   109.2
19930801 19930831    80.9
19930901 19930930   116.8
19931001 19931031    73.2
19931101 19931130    41.8
19931201 19931231   105.6
19940101 19940131    27.2
19940201 19940228    46.6
19940301 19940331    18.2
19940401 19940430    35.7
19940501 19940531    39.4
19940601 19940630    78.7
19940701 19940731    33.0
19940801 19940831    40.0
19940901 19940930    61.8
19941001 19941031    52.4
19941101 19941130    48.2
19941201 19941231     5.6
19950101 19950131    41.6
19950201 19950228    29.2
19950301 19950331    29.2
19950401 19950430    67.4
19950501 19950531    82.2
19950601 19950630    74.2
19950701 19950731    92.4
19950801 19950831    56.2
19950901 19950930    42.8
19951001 19951031    70.3
19951101 19951130    41.0
19951201 19951231    28.8
19960101 19960131    68.2
19960201 19960229    76.4
19960301 19960331    42.6
19960401 19960430    52.0
19960501 19960531    15.4
19960601 19960630    80.2
19960701 19960731   105.0
19960801 19960831    84.8
19960901 19960930   132.2
19961001 19961031    39.2
19961101 19961130    26.6
19961201 19961231    34.4
19970101 19970131    47.8
19970201 19970228    14.4
19970301 19970331    19.6
19970401 19970430    16.6
19970501 19970531    62.2
19970601 19970630    44.4
19970701 19970731    30.0
19970801 19970831    78.2
19970901 19970930   118.2
19971001 19971031    47.6
19971101 19971130    54.8
19971201 19971231     7.4
19980101 19980131    47.0
19980201 19980228    38.2
19980301 19980331     8.2
19980401 19980430    70.8
19980501 19980531    35.2
19980601 19980630    68.2
19980701 19980731    86.0
19980801 19980831    27.8
19980901 19980930    61.4
19981001 19981031    67.8
19981101 19981130   108.8
19981201 19981231    32.8
19990101 19990131    24.2
19990201 19990228    60.6
19990301 19990331    39.6
19990401 19990430     7.4
19990501 19990531    60.8
19990601 19990630    69.7
19990701 19990731    36.8
19990801 19990831   104.8
19990901 19990930    41.2
19991001 19991031    46.0
19991101 19991130    55.7
19991201 19991231    66.0
20000101 20000131    48.2
20000201 20000229    30.2
20000301 20000331    10.0
20000401 20000430    93.2
20000501 20000531    91.0
20000601 20000630    53.2
20000701 20000731    68.2
20000801 20000831    42.2
20000901 20000930   103.4
20001001 20001031   102.2
20001101 20001130    61.6
20001201 20001231    31.4
20010101 20010131    43.6
20010201 20010228    19.0
20010301 20010331    67.0
20010401 20010430    60.4
20010501 20010531    18.8
20010601 20010630    76.2
20010701 20010731    33.2
20010801 20010831   109.6
20010901 20010930    52.8
20011001 20011031   122.4
20011101 20011130    65.6
20011201 20011231    34.7
20020101 20020131    20.8
20020201 20020228   125.8
20020301 20020331     8.8
20020401 20020430    31.8
20020501 20020531    47.4
20020601 20020630    59.2
20020701 20020731 99999.9
20020801 20020831    53.8
20020901 20020930    57.8
20021001 20021031    56.4
20021101 20021130    37.8
20021201 20021231    45.6
20030101 20030131    27.0
20030201 20030228    24.4
20030301 20030331    27.4
20030401 20030430    32.0
20030501 20030531    28.4
20030601 20030630    56.8
20030701 20030731    71.8
20030801 20030831    98.2
20030901 20030930    55.6
20031001 20031031   154.9
20031101 20031130    26.6
20031201 20031231    25.0
20040101 20040131    42.2
20040201 20040229    13.4
20040301 20040331    36.2
20040401 20040430    21.6
20040501 20040531    46.6
20040601 20040630   119.8
20040701 20040731    70.4
20040801 20040831    84.6
20040901 20040930    83.0
20041001 20041031    28.8
20041101 20041130   103.6
20041201 20041231    95.6
20050101 20050131    34.2
20050201 20050228   111.0
20050301 20050331     9.2
20050401 20050430    19.6
20050501 20050531    25.2
20050601 20050630    75.4
20050701 20050731    41.8
20050801 20050831   100.6
20050901 20050930    57.8
20051001 20051031    95.6
20051101 20051130    52.4
20051201 20051231    54.0
20060101 20060131    51.2
20060201 20060228    34.8
20060301 20060331    10.0
20060401 20060430    72.6
20060501 20060531    57.6
20060601 20060630    18.2
20060701 20060731    63.0
20060801 20060831    43.8
20060901 20060930    40.0
20061001 20061031    12.8
20061101 20061130    28.2
20061201 20061231    15.8
20070101 20070131    71.6
20070201 20070228    22.8
20070301 20070331    27.0
20070401 20070430    42.6
20070501 20070531    86.0
20070601 20070630    34.4
20070701 20070731   122.6
20070801 20070831    51.1
20070901 20070930    48.6
20071001 20071031    28.0
20071101 20071130   103.6
20071201 20071231    57.6
20080101 20080131    18.4
20080201 20080229    23.2
20080301 20080331    27.2
20080401 20080430    24.4
20080501 20080531    51.4
20080601 20080630    51.6
20080701 20080731 99999.9
20080801 20080831 99999.9
20080901 20080930    41.0
20081001 20081031    13.2
20081101 20081130    55.8
20081201 20081231    71.7
20090101 20090131     3.0
20090201 20090228     2.4
20090301 20090331    50.6
20090401 20090430    37.2
20090501 20090531    34.6
20090601 20090630    75.0
20090701 20090731 99999.9
20090801 20090831    94.8
20090901 20090930   111.4
20091001 20091031    38.0
20091101 20091130   102.6
20091201 20091231    48.4
20100101 20100131    25.2
20100201 20100228    39.4
20100301 20100331    82.4
20100401 20100430    53.0
20100501 20100531    55.8
20100601 20100630    62.0
20100701 20100731    71.0
20100801 20100831   184.4
20100901 20100930   115.4
20101001 20101031   122.2
20101101 20101130   101.2
20101201 20101231   150.4
20110101 20110131   231.2
20110201 20110228    87.2
20110301 20110331    31.2
20110401 20110430    49.2
20110501 20110531    77.6
20110601 20110630    48.2
20110701 20110731    72.8
20110801 20110831    65.4
20110901 20110930    37.4
20111001 20111031    84.2
20111101 20111130    58.8
20111201 20111231    30.4
20120101 20120131    19.2
20120201 20120229    48.1
20120301 20120331    59.8
20120401 20120430    54.4
20120501 20120531    60.0
20120601 20120630    74.4
20120701 20120731   100.8
20120801 20120831    84.6
20120901 20120930    48.0
20121001 20121031    46.8
20121101 20121130    43.4
20121201 20121231    50.2
20130101 20130131     3.8
20130201 20130228    29.8
20130301 20130331    12.2
20130401 20130430    10.8
20130501 20130531    42.4
20130601 20130630    81.6
20130701 20130731   105.0
20130801 20130831    87.4
20130901 20130930    67.2
20131001 20131031   108.6
20131101 20131130    58.0
20131201 20131231    11.8
20140101 20140131    24.8
20140201 20140228    14.8
20140301 20140331    20.8
20140401 20140430    72.8
20140501 20140531    30.2
20140601 20140630   102.6
20140701 20140731    70.8
20140801 20140831    49.6
20140901 20140930    31.6
20141001 20141031    31.3
20141101 20141130    45.0
20141201 20141231    25.6
20150101 20150131    62.0
20150201 20150228    19.6
20150301 20150331    34.4
20150401 20150430    36.8
20150501 20150531    73.6
20150601 20150630    39.4
20150701 20150731    59.6
20150801 20150831    49.6
20150901 20150930    51.2
20151001 20151031     7.6
20151101 20151130    56.6
20151201 20151231    28.2
20160101 20160131    43.0
20160201 20160229    10.4
20160301 20160331    41.0
20160401 20160430    19.2
20160501 20160531    88.4
20160601 20160630    84.4
20160701 20160731    94.0
20160801 20160831    66.4
20160901 20160930   191.2
20161001 20161031    90.0
20161101 20161130    41.8
20161201 20161231    33.4
20170101 20170131    67.0
20170201 20170228    33.8
20170301 20170331    37.4
20170401 20170430    88.2
20170501 20170531    45.8
20170601 20170630    18.2
20170701 20170731    72.0
20170801 20170831   105.0
20170901 20170930    51.0
20171001 20171031    64.2
20171101 20171130    51.4
20171201 20171231    38.4
20180101 20180131    21.2
