PRCP       045022 19300901 20170630 missing_value=99999.9 WHYNOT STATION                            
19300901 19300930     3.3
19301001 19301031    61.2
19301101 19301130     3.8
19301201 19301231    34.7
19310101 19310131     6.6
19310201 19310228     0.0
19310301 19310331    31.5
19310401 19310430    39.9
19310501 19310531   108.0
19310601 19310630    66.8
19310701 19310731    11.7
19310801 19310831     0.0
19310901 19310930     6.3
19311001 19311031    10.7
19311101 19311130    65.7
19311201 19311231    68.6
19320101 19320131     8.7
19320201 19320229    30.2
19320301 19320331     3.6
19320401 19320430    31.0
19320501 19320531    41.2
19320601 19320630    63.5
19320701 19320731    11.2
19320801 19320831     0.0
19320901 19320930     0.0
19321001 19321031     1.8
19321101 19321130     0.0
19321201 19321231     0.0
19330101 19330131     6.6
19330201 19330228   135.6
19330301 19330331     8.6
19330401 19330430     0.0
19330501 19330531    13.7
19330601 19330630    14.5
19330701 19330731     8.1
19330801 19330831     8.6
19330901 19330930    58.4
19331001 19331031    29.0
19331101 19331130    54.1
19331201 19331231    53.3
19340101 19340131    45.0
19340201 19340228    32.8
19340301 19340331     0.0
19340401 19340430   119.9
19340501 19340531     5.1
19340601 19340630    48.8
19340701 19340731    27.4
19340801 19340831    36.8
19340901 19340930     6.1
19341001 19341031    29.2
19341101 19341130    27.7
19341201 19341231     0.0
19350101 19350131     0.0
19350201 19350228     0.0
19350301 19350331     0.5
19350401 19350430    33.8
19350501 19350531     0.0
19350601 19350630    83.6
19350701 19350731    16.5
19350801 19350831    36.1
19350901 19350930    27.4
19351001 19351031    17.8
19351101 19351130     5.8
19351201 19351231    30.7
19360101 19360131    22.9
19360201 19360229   114.6
19360301 19360331    73.4
19360401 19360430     0.0
19360501 19360531    11.4
19360601 19360630    22.1
19360701 19360731    14.0
19360801 19360831    15.0
19360901 19360930     4.1
19361001 19361031     0.0
19361101 19361130     0.0
19361201 19361231    22.1
19370101 19370131     6.1
19370201 19370228    20.1
19370301 19370331    71.1
19370401 19370430     0.0
19370501 19370531     0.0
19370601 19370630     7.9
19370701 19370731     0.0
19370801 19370831    12.2
19370901 19370930     5.3
19371001 19371031     4.1
19371101 19371130     0.0
19371201 19371231     2.0
19380101 19380131    43.7
19380201 19380228    40.1
19380301 19380331     0.0
19380401 19380430     0.0
19380501 19380531    10.7
19380601 19380630    17.8
19380701 19380731     5.6
19380801 19380831     0.0
19380901 19380930    13.7
19381001 19381031     5.6
19381101 19381130    15.3
19381201 19381231     0.0
19390101 19390131   108.9
19390201 19390228    75.5
19390301 19390331    17.0
19390401 19390430    23.6
19390501 19390531     8.9
19390601 19390630    32.0
19390701 19390731    34.1
19390801 19390831    19.6
19390901 19390930     0.0
19391001 19391031    36.3
19391101 19391130    47.0
19391201 19391231    31.3
19400101 19400131    39.9
19400201 19400229    51.7
19400301 19400331     0.0
19400401 19400430    10.7
19400501 19400531    21.4
19400601 19400630     0.0
19400701 19400731     0.0
19400801 19400831     8.9
19400901 19400930     0.0
19401001 19401031     0.0
19401101 19401130     0.0
19401201 19401231    21.6
19410101 19410131   239.9
19410201 19410228     0.0
19410301 19410331   110.4
19410401 19410430     0.0
19410501 19410531    16.1
19410601 19410630    21.4
19410701 19410731     0.0
19410801 19410831     0.0
19410901 19410930     2.5
19411001 19411031    16.0
19411101 19411130    22.0
19411201 19411231    13.2
19420101 19420131    11.7
19420201 19420228    44.9
19420301 19420331     0.0
19420401 19420430    19.3
19420501 19420531    43.1
19420601 19420630    17.3
19420701 19420731     0.0
19420801 19420831     0.0
19420901 19420930    12.7
19421001 19421031    33.1
19421101 19421130    32.5
19421201 19421231   287.8
19430101 19430131    25.6
19430201 19430228    69.0
19430301 19430331     0.0
19430401 19430430    19.6
19430501 19430531     0.0
19430601 19430630     0.0
19430701 19430731     6.4
19430801 19430831    40.6
19430901 19430930    51.8
19431001 19431031    25.4
19431101 19431130    11.4
19431201 19431231     6.6
19440101 19440131    23.6
19440201 19440229    73.7
19440301 19440331     0.0
19440401 19440430    26.9
19440501 19440531    23.6
19440601 19440630     0.0
19440701 19440731    16.8
19440801 19440831    11.4
19440901 19440930     0.0
19441001 19441031     0.0
19441101 19441130     6.9
19441201 19441231    45.0
19450101 19450131     8.9
19450201 19450228    30.0
19450301 19450331     3.0
19450401 19450430    22.9
19450501 19450531    25.9
19450601 19450630     5.1
19450701 19450731    59.4
19450801 19450831     6.6
19450901 19450930     0.0
19451001 19451031    33.8
19451101 19451130     0.0
19451201 19451231     9.7
19460101 19460131   111.5
19460201 19460228    20.8
19460301 19460331     0.0
19460401 19460430     0.0
19460501 19460531     0.0
19460601 19460630     3.0
19460701 19460731     0.0
19460801 19460831     0.0
19460901 19460930     9.7
19461001 19461031     0.0
19461101 19461130    11.4
19461201 19461231    22.9
19470101 19470131    15.2
19470201 19470228   154.7
19470301 19470331    51.1
19470401 19470430     0.0
19470501 19470531    33.3
19470601 19470630    44.5
19470701 19470731     4.8
19470801 19470831    86.9
19470901 19470930    63.0
19471001 19471031    23.6
19471101 19471130    13.5
19471201 19471231    35.1
19480101 19480131    34.8
19480201 19480229    82.6
19480301 19480331    67.6
19480401 19480430     0.0
19480501 19480531     6.6
19480601 19480630    23.6
19480701 19480731     0.0
19480801 19480831     0.0
19480901 19480930     5.1
19481001 19481031    13.7
19481101 19481130     0.0
19481201 19481231   113.8
19490101 19490131   100.3
19490201 19490228   124.7
19490301 19490331   222.5
19490401 19490430     3.6
19490501 19490531     0.0
19490601 19490630     7.1
19490701 19490731     0.0
19490801 19490831     0.0
19490901 19490930    55.6
19491001 19491031   145.7
19491101 19491130    24.8
19491201 19491231     6.6
19500101 19500131    62.0
19500201 19500228    15.5
19500301 19500331   314.1
19500401 19500430    41.8
19500501 19500531    32.0
19500601 19500630    64.9
19500701 19500731    47.3
19500801 19500831     0.0
19500901 19500930    39.2
19501001 19501031    88.4
19501101 19501130    89.3
19501201 19501231    74.2
19510101 19510131    40.9
19510201 19510228    17.8
19510301 19510331    25.7
19510401 19510430    16.3
19510501 19510531     2.5
19510601 19510630    33.5
19510701 19510731     0.0
19510801 19510831     0.0
19510901 19510930    17.3
19511001 19511031    21.9
19511101 19511130     0.0
19511201 19511231    45.2
19520101 19520131    18.8
19520201 19520229    53.8
19520301 19520331    10.9
19520401 19520430    31.0
19520501 19520531    43.2
19520601 19520630     3.8
19520701 19520731    33.3
19520801 19520831    16.7
19520901 19520930     0.0
19521001 19521031    57.9
19521101 19521130     0.0
19521201 19521231     0.0
19530101 19530131    79.4
19530201 19530228   111.9
19530301 19530331     6.1
19530401 19530430    33.3
19530501 19530531    29.5
19530601 19530630     0.0
19530701 19530731     4.6
19530801 19530831    11.7
19530901 19530930     3.8
19531001 19531031     6.8
19531101 19531130    55.7
19531201 19531231     0.0
19540101 19540131   144.9
19540201 19540228   107.7
19540301 19540331     0.0
19540401 19540430    21.0
19540501 19540531     0.0
19540601 19540630    51.3
19540701 19540731    16.5
19540801 19540831    19.3
19540901 19540930    11.4
19541001 19541031   145.2
19541101 19541130     4.8
19541201 19541231    61.7
19550101 19550131   178.7
19550201 19550228    65.8
19550301 19550331    82.3
19550401 19550430    19.3
19550501 19550531   107.9
19550601 19550630    12.7
19550701 19550731    51.5
19550801 19550831    26.4
19550901 19550930     0.0
19551001 19551031    37.1
19551101 19551130    30.9
19551201 19551231     0.0
19560101 19560131    40.1
19560201 19560229   123.0
19560301 19560331   292.1
19560401 19560430     8.9
19560501 19560531    25.5
19560601 19560630    22.4
19560701 19560731    75.4
19560801 19560831     0.0
19560901 19560930     0.0
19561001 19561031    22.3
19561101 19561130     0.0
19561201 19561231    86.3
19570101 19570131    29.5
19570201 19570228    62.8
19570301 19570331    44.2
19570401 19570430    18.5
19570501 19570531     7.6
19570601 19570630    52.8
19570701 19570731     1.3
19570801 19570831     0.0
19570901 19570930     0.0
19571001 19571031     0.0
19571101 19571130     0.0
19571201 19571231    10.9
19580101 19580131    15.7
19580201 19580228     2.0
19580301 19580331     0.0
19580401 19580430    25.4
19580501 19580531    11.5
19580601 19580630    14.2
19580701 19580731     0.0
19580801 19580831     0.0
19580901 19580930     0.0
19581001 19581031    13.2
19581101 19581130    75.7
19581201 19581231    23.3
19590101 19590131   101.4
19590201 19590228     2.5
19590301 19590331    33.8
19590401 19590430    34.6
19590501 19590531    21.6
19590601 19590630     0.0
19590701 19590731     1.5
19590801 19590831    27.9
19590901 19590930     4.0
19591001 19591031    29.1
19591101 19591130     0.0
19591201 19591231     2.8
19600101 19600131    38.6
19600201 19600229    83.3
19600301 19600331     0.0
19600401 19600430     2.8
19600501 19600531    54.1
19600601 19600630     1.3
19600701 19600731    28.7
19600801 19600831     8.4
19600901 19600930    13.0
19601001 19601031     0.0
19601101 19601130    10.1
19601201 19601231    14.5
19610101 19610131     6.6
19610201 19610228    25.1
19610301 19610331    66.0
19610401 19610430    27.7
19610501 19610531     0.0
19610601 19610630     5.1
19610701 19610731    24.4
19610801 19610831     0.0
19610901 19610930     0.0
19611001 19611031    12.2
19611101 19611130    10.2
19611201 19611231    25.2
19620101 19620131   114.6
19620201 19620228     0.0
19620301 19620331    47.6
19620401 19620430    14.0
19620501 19620531     6.1
19620601 19620630    40.7
19620701 19620731    13.0
19620801 19620831    14.3
19620901 19620930     1.3
19621001 19621031    18.7
19621101 19621130    11.9
19621201 19621231    44.1
19630101 19630131   144.0
19630201 19630228    49.5
19630301 19630331   167.5
19630401 19630430    12.2
19630501 19630531     0.0
19630601 19630630    20.3
19630701 19630731     0.0
19630801 19630831     1.3
19630901 19630930     1.0
19631001 19631031     7.9
19631101 19631130    34.6
19631201 19631231     0.0
19640101 19640131   122.4
19640201 19640229    20.6
19640301 19640331     0.0
19640401 19640430    14.2
19640501 19640531     4.6
19640601 19640630     5.1
19640701 19640731    11.9
19640801 19640831     0.0
19640901 19640930    62.8
19641001 19641031    27.7
19641101 19641130     2.3
19641201 19641231     0.0
19650101 19650131    10.9
19650201 19650228     0.0
19650301 19650331     0.0
19650401 19650430     0.0
19650501 19650531     0.0
19650601 19650630     0.0
19650701 19650731     2.3
19650801 19650831    19.6
19650901 19650930    13.5
19651001 19651031     3.6
19651101 19651130     0.0
19651201 19651231    49.7
19660101 19660131    84.9
19660201 19660228    31.5
19660301 19660331     0.0
19660401 19660430     0.0
19660501 19660531    26.9
19660601 19660630     1.5
19660701 19660731    16.5
19660801 19660831    32.0
19660901 19660930    17.8
19661001 19661031    13.7
19661101 19661130    14.7
19661201 19661231    16.8
19670101 19670131    13.5
19670201 19670228     1.3
19670301 19670331   117.6
19670401 19670430     0.0
19670501 19670531    20.0
19670601 19670630    68.2
19670701 19670731     0.0
19670801 19670831     4.1
19670901 19670930     0.0
19671001 19671031     0.0
19671101 19671130     0.0
19671201 19671231     6.4
19680101 19680131    33.5
19680201 19680229    23.1
19680301 19680331    11.1
19680401 19680430    57.4
19680501 19680531   103.4
19680601 19680630    10.6
19680701 19680731    18.6
19680801 19680831    14.5
19680901 19680930     0.0
19681001 19681031     1.3
19681101 19681130     0.0
19681201 19681231     6.9
19690101 19690131     1.3
19690201 19690228     1.0
19690301 19690331   102.3
19690401 19690430     0.0
19690501 19690531    17.2
19690601 19690630     0.0
19690701 19690731    19.1
19690801 19690831     3.6
19690901 19690930    16.3
19691001 19691031     0.0
19691101 19691130     0.0
19691201 19691231     8.6
19700101 19700131     0.0
19700201 19700228     4.6
19700301 19700331    70.8
19700401 19700430    71.2
19700501 19700531    25.7
19700601 19700630     0.3
19700701 19700731     0.4
19700801 19700831     0.5
19700901 19700930    29.4
19701001 19701031     0.5
19701101 19701130    25.4
19701201 19701231    13.9
19710101 19710131    40.6
19710201 19710228     4.3
19710301 19710331   114.0
19710401 19710430    29.9
19710501 19710531    22.6
19710601 19710630     6.6
19710701 19710731    11.8
19710801 19710831    18.0
19710901 19710930    23.9
19711001 19711031     7.7
19711101 19711130     3.3
19711201 19711231     5.3
19720101 19720131    59.9
19720201 19720229     0.0
19720301 19720331     0.0
19720401 19720430     1.0
19720501 19720531    36.1
19720601 19720630     0.0
19720701 19720731     0.0
19720801 19720831     2.8
19720901 19720930     0.0
19721001 19721031    83.3
19721101 19721130     3.0
19721201 19721231    10.4
19730101 19730131    11.7
19730201 19730228   303.7
19730301 19730331    12.2
19730401 19730430    10.6
19730501 19730531     1.3
19730601 19730630    23.4
19730701 19730731    43.5
19730801 19730831    26.6
19730901 19730930    18.3
19731001 19731031    47.0
19731101 19731130    95.4
19731201 19731231    58.1
19740101 19740131   456.0
19740201 19740228    42.0
19740301 19740331    12.0
19740401 19740430    51.0
19740501 19740531    17.0
19740601 19740630     0.0
19740701 19740731     0.0
19740801 19740831    22.0
19740901 19740930    20.0
19741001 19741031    23.0
19741101 19741130    11.1
19741201 19741231     9.4
19750101 19750131    62.4
19750201 19750228    63.4
19750301 19750331    93.0
19750401 19750430     0.0
19750501 19750531     0.0
19750601 19750630    55.8
19750701 19750731    33.0
19750801 19750831    29.2
19750901 19750930    17.4
19751001 19751031    25.4
19751101 19751130     6.0
19751201 19751231   248.6
19760101 19760131   163.4
19760201 19760229   187.2
19760301 19760331    50.6
19760401 19760430     0.0
19760501 19760531     8.2
19760601 19760630     3.0
19760701 19760731    16.6
19760801 19760831     0.0
19760901 19760930     2.8
19761001 19761031    70.2
19761101 19761130    23.0
19761201 19761231    63.2
19770101 19770131    58.8
19770201 19770228   102.8
19770301 19770331    43.2
19770401 19770430    39.4
19770501 19770531    54.6
19770601 19770630     4.6
19770701 19770731     0.0
19770801 19770831     0.0
19770901 19770930     2.0
19771001 19771031     4.2
19771101 19771130     0.0
19771201 19771231    13.2
19780101 19780131   119.8
19780201 19780228     0.0
19780301 19780331    29.0
19780401 19780430     4.2
19780501 19780531    77.2
19780601 19780630    11.6
19780701 19780731    51.8
19780801 19780831    71.4
19780901 19780930    35.0
19781001 19781031    41.2
19781101 19781130    22.6
19781201 19781231    16.6
19790101 19790131     7.6
19790201 19790228    50.8
19790301 19790331    14.6
19790401 19790430     0.0
19790501 19790531    42.4
19790601 19790630    27.0
19790701 19790731     0.0
19790801 19790831    20.6
19790901 19790930    16.8
19791001 19791031    41.0
19791101 19791130     7.0
19791201 19791231    24.2
19800101 19800131    14.8
19800201 19800229     1.0
19800301 19800331    38.6
19800401 19800430     3.4
19800501 19800531    33.0
19800601 19800630     5.6
19800701 19800731    12.2
19800801 19800831     7.8
19800901 19800930     0.0
19801001 19801031    20.6
19801101 19801130     3.0
19801201 19801231    16.8
19810101 19810131    23.4
19810201 19810228    12.8
19810301 19810331    50.0
19810401 19810430    16.4
19810501 19810531    80.2
19810601 19810630    24.8
19810701 19810731    55.4
19810801 19810831     0.0
19810901 19810930     4.0
19811001 19811031    12.0
19811101 19811130    46.8
19811201 19811231    28.4
19820101 19820131    16.4
19820201 19820228     0.0
19820301 19820331    91.8
19820401 19820430     0.0
19820501 19820531     7.0
19820601 19820630     0.0
19820701 19820731     0.0
19820801 19820831     1.4
19820901 19820930     9.4
19821001 19821031     0.0
19821101 19821130     0.0
19821201 19821231     0.0
19830101 19830131     6.6
19830201 19830228    12.4
19830301 19830331    56.4
19830401 19830430    61.2
19830501 19830531   160.6
19830601 19830630    19.4
19830701 19830731     0.4
19830801 19830831    27.6
19830901 19830930     1.4
19831001 19831031     3.0
19831101 19831130    69.4
19831201 19831231    24.0
19840101 19840131   147.8
19840201 19840229     2.6
19840301 19840331     6.0
19840401 19840430    10.2
19840501 19840531     0.0
19840601 19840630    33.0
19840701 19840731    66.6
19840801 19840831     0.0
19840901 19840930     8.4
19841001 19841031    21.2
19841101 19841130     4.2
19841201 19841231     3.6
19850101 19850131     0.0
19850201 19850228    67.8
19850301 19850331     0.0
19850401 19850430     0.0
19850501 19850531     0.0
19850601 19850630    10.0
19850701 19850731     3.4
19850801 19850831    27.6
19850901 19850930     6.6
19851001 19851031     9.0
19851101 19851130   159.6
19851201 19851231    28.0
19860101 19860131     7.8
19860201 19860228     3.4
19860301 19860331     0.0
19860401 19860430     0.0
19860501 19860531    18.0
19860601 19860630    13.0
19860701 19860731    42.0
19860801 19860831    11.4
19860901 19860930     0.0
19861001 19861031     6.0
19861101 19861130     0.0
19861201 19861231     0.0
19870101 19870131    51.6
19870201 19870228    65.6
19870301 19870331    21.2
19870401 19870430     0.0
19870501 19870531     6.4
19870601 19870630    52.6
19870701 19870731     0.0
19870801 19870831    11.2
19870901 19870930     0.0
19871001 19871031     1.0
19871101 19871130    11.6
19871201 19871231    60.0
19880101 19880131     1.0
19880201 19880229     4.0
19880301 19880331    32.0
19880401 19880430    14.0
19880501 19880531     7.0
19880601 19880630     0.0
19880701 19880731     8.6
19880801 19880831    28.0
19880901 19880930    19.0
19881001 19881031     0.0
19881101 19881130     0.0
19881201 19881231    46.0
19890101 19890131     0.0
19890201 19890228    13.6
19890301 19890331    73.0
19890401 19890430   192.0
19890501 19890531   161.6
19890601 19890630     9.4
19890701 19890731     6.6
19890801 19890831     0.0
19890901 19890930     0.0
19891001 19891031    15.0
19891101 19891130     5.0
19891201 19891231    20.0
19900101 19900131    27.4
19900201 19900228    54.0
19900301 19900331    19.0
19900401 19900430   250.4
19900501 19900531    61.8
19900601 19900630    23.0
19900701 19900731    23.0
19900801 19900831     0.0
19900901 19900930     0.0
19901001 19901031     6.0
19901101 19901130     0.0
19901201 19901231     7.0
19910101 19910131    79.6
19910201 19910228    89.0
19910301 19910331     0.0
19910401 19910430     0.0
19910501 19910531    21.0
19910601 19910630    11.0
19910701 19910731     4.6
19910801 19910831     0.0
19910901 19910930     0.0
19911001 19911031     4.0
19911101 19911130    31.0
19911201 19911231    70.0
19920101 19920131    25.0
19920201 19920229    54.0
19920301 19920331     0.0
19920401 19920430     3.0
19920501 19920531     9.0
19920601 19920630     0.0
19920701 19920731    11.0
19920801 19920831    11.0
19920901 19920930     6.0
19921001 19921031    49.0
19921101 19921130    35.0
19921201 19921231    49.0
19930101 19930131    39.0
19930201 19930228    19.0
19930301 19930331    13.0
19930401 19930430     0.0
19930501 19930531     4.0
19930601 19930630    24.0
19930701 19930731    15.0
19930801 19930831    30.0
19930901 19930930    19.0
19931001 19931031    26.0
19931101 19931130     4.0
19931201 19931231    33.0
19940101 19940131    23.0
19940201 19940228   139.0
19940301 19940331    40.0
19940401 19940430     0.0
19940501 19940531     0.0
19940601 19940630    16.0
19940701 19940731     0.0
19940801 19940831     0.0
19940901 19940930     0.0
19941001 19941031     3.0
19941101 19941130    38.0
19941201 19941231     8.0
19950101 19950131   121.0
19950201 19950228    25.0
19950301 19950331     2.0
19950401 19950430     0.0
19950501 19950531    75.0
19950601 19950630    23.0
19950701 19950731     0.0
19950801 19950831     0.0
19950901 19950930    30.0
19951001 19951031    23.0
19951101 19951130    43.0
19951201 19951231     4.0
19960101 19960131    73.0
19960201 19960229    12.0
19960301 19960331    25.0
19960401 19960430    10.0
19960501 19960531     0.0
19960601 19960630    13.0
19960701 19960731    42.0
19960801 19960831    39.0
19960901 19960930    16.0
19961001 19961031    59.0
19961101 19961130    21.0
19961201 19961231    29.0
19970101 19970131    40.0
19970201 19970228    67.0
19970301 19970331    97.0
19970401 19970430     0.0
19970501 19970531    29.0
19970601 19970630    14.0
19970701 19970731     2.0
19970801 19970831     0.0
19970901 19970930    18.0
19971001 19971031     0.0
19971101 19971130    11.0
19971201 19971231    21.0
19980101 19980131   118.0
19980201 19980228    17.0
19980301 19980331     0.0
19980401 19980430    84.0
19980501 19980531     3.0
19980601 19980630    38.0
19980701 19980731    65.0
19980801 19980831    14.0
19980901 19980930    18.0
19981001 19981031     0.0
19981101 19981130    48.0
19981201 19981231     2.0
19990101 19990131    41.0
19990201 19990228    50.0
19990301 19990331    11.0
19990401 19990430    25.0
19990501 19990531    33.0
19990601 19990630    17.0
19990701 19990731     0.0
19990801 19990831     0.0
19990901 19990930     0.0
19991001 19991031    25.0
19991101 19991130   168.0
19991201 19991231   111.0
20000101 20000131    15.0
20000201 20000229   133.0
20000301 20000331    55.0
20000401 20000430   157.0
20000501 20000531    17.0
20000601 20000630     0.0
20000701 20000731     0.0
20000801 20000831    28.0
20000901 20000930     0.0
20001001 20001031    75.0
20001101 20001130   111.0
20001201 20001231    25.0
20010101 20010131     8.0
20010201 20010228    18.0
20010301 20010331    28.0
20010401 20010430     0.0
20010501 20010531     0.0
20010601 20010630    26.0
20010701 20010731     0.0
20010801 20010831     2.0
20010901 20010930     0.0
20011001 20011031    44.0
20011101 20011130    69.0
20011201 20011231     2.0
20020101 20020131    34.0
20020201 20020228   115.0
20020301 20020331     2.0
20020401 20020430     0.0
20020501 20020531     0.0
20020601 20020630     0.0
20020701 20020731     0.0
20020801 20020831     0.0
20020901 20020930     9.0
20021001 20021031     0.0
20021101 20021130     0.0
20021201 20021231     7.0
20030101 20030131     1.0
20030201 20030228    39.0
20030301 20030331    13.0
20030401 20030430    12.0
20030501 20030531    44.0
20030601 20030630    24.0
20030701 20030731    27.0
20030801 20030831    29.0
20030901 20030930     0.0
20031001 20031031    13.0
20031101 20031130    18.0
20031201 20031231    14.0
20040101 20040131   135.0
20040201 20040229    11.0
20040301 20040331    18.0
20040401 20040430    12.0
20040501 20040531    53.0
20040601 20040630     5.0
20040701 20040731     0.0
20040801 20040831    15.0
20040901 20040930    11.0
20041001 20041031     0.0
20041101 20041130    24.0
20041201 20041231     9.0
20050101 20050131     3.0
20050201 20050228    10.0
20050301 20050331     0.0
20050401 20050430     0.0
20050501 20050531     8.0
20050601 20050630    69.0
20050701 20050731     0.0
20050801 20050831    26.0
20050901 20050930     9.0
20051001 20051031    13.0
20051101 20051130    10.0
20051201 20051231     6.0
20060101 20060131    11.0
20060201 20060228    18.0
20060301 20060331     0.0
20060401 20060430     5.0
20060501 20060531     0.0
20060601 20060630    23.0
20060701 20060731    54.0
20060801 20060831     0.0
20060901 20060930     0.0
20061001 20061031     0.0
20061101 20061130     3.0
20061201 20061231    51.0
20070101 20070131    83.0
20070201 20070228     2.0
20070301 20070331    27.0
20070401 20070430     2.0
20070501 20070531    20.0
20070601 20070630     5.0
20070701 20070731     0.0
20070801 20070831     0.0
20070901 20070930     0.0
20071001 20071031    21.0
20071101 20071130    16.0
20071201 20071231    72.0
20080101 20080131    18.0
20080201 20080229    50.0
20080301 20080331     0.0
20080401 20080430     0.0
20080501 20080531     0.0
20080601 20080630    33.0
20080701 20080731     0.0
20080801 20080831    20.0
20080901 20080930    21.0
20081001 20081031     3.0
20081101 20081130    37.0
20081201 20081231    15.0
20090101 20090131    86.0
20090201 20090228     0.0
20090301 20090331     0.0
20090401 20090430    30.0
20090501 20090531    20.0
20090601 20090630     8.0
20090701 20090731     0.0
20090801 20090831     0.0
20090901 20090930     1.0
20091001 20091031    39.0
20091101 20091130    19.0
20091201 20091231    10.0
20100101 20100131    22.0
20100201 20100228   184.0
20100301 20100331   170.0
20100401 20100430     7.0
20100501 20100531    18.0
20100601 20100630     0.0
20100701 20100731    68.0
20100801 20100831    45.0
20100901 20100930    40.0
20101001 20101031    74.0
20101101 20101130   141.0
20101201 20101231   153.0
20110101 20110131   129.0
20110201 20110228    75.0
20110301 20110331   140.0
20110401 20110430     2.0
20110501 20110531     2.0
20110601 20110630     0.0
20110701 20110731    36.0
20110801 20110831     0.0
20110901 20110930    18.0
20111001 20111031     6.0
20111101 20111130    85.0
20111201 20111231    99.0
20120101 20120131    80.0
20120201 20120229    23.0
20120301 20120331   137.0
20120401 20120430     3.0
20120501 20120531    46.0
20120601 20120630     9.0
20120701 20120731 99999.9
20120801 20120831     0.0
20120901 20120930     0.0
20121001 20121031     0.0
20121101 20121130     9.0
20121201 20121231     5.0
20130101 20130131     7.0
20130201 20130228    59.0
20130301 20130331    56.0
20130401 20130430     0.0
20130501 20130531    28.0
20130601 20130630     0.0
20130701 20130731    11.0
20130801 20130831     0.0
20130901 20130930     0.0
20131001 20131031     0.0
20131101 20131130     0.0
20131201 20131231     0.0
20140101 20140131     7.0
20140201 20140228   118.0
20140301 20140331    17.0
20140401 20140430     0.0
20140501 20140531     0.0
20140601 20140630 99999.9
20140701 20140731 99999.9
20140801 20140831    31.0
20140901 20140930     0.0
20141001 20141031     0.0
20141101 20141130     9.5
20141201 20141231    35.0
20150101 20150131    63.5
20150201 20150228    15.0
20150301 20150331     2.5
20150401 20150430     0.0
20150501 20150531    14.0
20150601 20150630    65.0
20150701 20150731     0.0
20150801 20150831     0.0
20150901 20150930     0.0
20151001 20151031     0.0
20151101 20151130    18.0
20151201 20151231    20.0
20160101 20160131   147.0
20160201 20160229    18.0
20160301 20160331     8.0
20160401 20160430     0.0
20160501 20160531    22.0
20160601 20160630    60.0
20160701 20160731    23.0
20160801 20160831    37.0
20160901 20160930    86.0
20161001 20161031     5.0
20161101 20161130    10.0
20161201 20161231    55.0
20170101 20170131    95.0
20170201 20170228     0.0
20170301 20170331     0.0
20170401 20170430     3.0
20170501 20170531    28.0
20170601 20170630     1.0
