PRCP       037001 18850101 20171231 missing_value=99999.9 AYRSHIRE DOWNS                            
18850101 18850131    96.8
18850201 18850228     4.3
18850301 18850331    67.1
18850401 18850430     5.3
18850501 18850531     0.0
18850601 18850630    18.3
18850701 18850731     0.0
18850801 18850831     0.0
18850901 18850930     0.5
18851001 18851031     0.0
18851101 18851130     1.8
18851201 18851231    65.3
18860101 18860131    26.9
18860201 18860228    22.1
18860301 18860331    14.7
18860401 18860430    22.1
18860501 18860531    10.7
18860601 18860630    42.2
18860701 18860731    47.8
18860801 18860831    59.2
18860901 18860930    26.7
18861001 18861031    38.6
18861101 18861130    28.4
18861201 18861231   214.1
18870101 18870131    22.1
18870201 18870228    41.4
18870301 18870331   168.9
18870401 18870430     6.4
18870501 18870531    19.1
18870601 18870630    26.3
18870701 18870731    26.1
18870801 18870831     9.8
18870901 18870930     0.0
18871001 18871031     3.8
18871101 18871130    89.2
18871201 18871231    54.3
18880101 18880131    58.1
18880201 18880229   165.7
18880301 18880331     2.0
18880401 18880430     0.0
18880501 18880531    39.4
18880601 18880630     0.0
18880701 18880731     0.0
18880801 18880831     2.0
18880901 18880930     0.0
18881001 18881031     0.0
18881101 18881130    14.0
18881201 18881231    34.3
18890101 18890131    47.3
18890201 18890228    23.7
18890301 18890331    76.5
18890401 18890430    56.1
18890501 18890531    40.7
18890601 18890630    11.2
18890701 18890731    11.7
18890801 18890831     1.3
18890901 18890930     8.2
18891001 18891031     0.0
18891101 18891130    46.7
18891201 18891231    28.5
18900101 18900131   217.6
18900201 18900228    47.3
18900301 18900331    76.5
18900401 18900430    23.0
18900501 18900531    72.9
18900601 18900630     5.9
18900701 18900731    12.0
18900801 18900831     0.0
18900901 18900930    58.7
18901001 18901031    79.2
18901101 18901130    19.1
18901201 18901231    51.5
18910101 18910131   421.1
18910201 18910228   131.7
18910301 18910331    78.7
18910401 18910430   133.9
18910501 18910531    43.2
18910601 18910630    38.6
18910701 18910731     2.5
18910801 18910831     1.8
18910901 18910930     0.8
18911001 18911031     0.5
18911101 18911130    24.7
18911201 18911231    33.7
18920101 18920131   207.0
18920201 18920229     2.0
18920301 18920331     4.6
18920401 18920430     0.0
18920501 18920531    14.3
18920601 18920630     0.0
18920701 18920731     4.6
18920801 18920831     0.0
18920901 18920930     0.0
18921001 18921031    45.0
18921101 18921130    17.8
18921201 18921231     5.1
18930101 18930131    33.8
18930201 18930228   107.1
18930301 18930331    46.9
18930401 18930430     0.0
18930501 18930531    45.2
18930601 18930630     6.1
18930701 18930731    67.6
18930801 18930831    31.5
18930901 18930930     1.0
18931001 18931031     1.8
18931101 18931130    26.9
18931201 18931231    86.6
18940101 18940131    91.7
18940201 18940228   218.9
18940301 18940331   174.0
18940401 18940430    77.2
18940501 18940531     1.3
18940601 18940630    75.3
18940701 18940731     0.0
18940801 18940831     2.1
18940901 18940930    25.1
18941001 18941031    43.9
18941101 18941130    21.9
18941201 18941231    52.4
18950101 18950131   157.5
18950201 18950228   317.6
18950301 18950331    53.8
18950401 18950430    26.2
18950501 18950531    38.8
18950601 18950630     0.5
18950701 18950731    71.1
18950801 18950831     0.0
18950901 18950930     0.8
18951001 18951031     2.8
18951101 18951130    35.8
18951201 18951231     7.9
18960101 18960131    30.6
18960201 18960229   155.2
18960301 18960331     0.0
18960401 18960430     6.6
18960501 18960531     0.0
18960601 18960630     0.0
18960701 18960731    54.9
18960801 18960831     0.0
18960901 18960930     3.8
18961001 18961031     1.3
18961101 18961130    21.9
18961201 18961231    62.3
18970101 18970131   183.5
18970201 18970228     1.5
18970301 18970331     3.0
18970401 18970430     0.0
18970501 18970531     0.0
18970601 18970630    12.5
18970701 18970731     0.0
18970801 18970831     0.0
18970901 18970930    18.0
18971001 18971031    67.7
18971101 18971130     0.8
18971201 18971231    15.3
18980101 18980131    78.7
18980201 18980228   327.1
18980301 18980331    12.9
18980401 18980430     0.0
18980501 18980531     6.6
18980601 18980630    19.9
18980701 18980731     0.0
18980801 18980831     9.7
18980901 18980930    25.1
18981001 18981031     2.5
18981101 18981130     1.5
18981201 18981231     7.9
18990101 18990131    71.9
18990201 18990228    35.8
18990301 18990331    48.1
18990401 18990430     4.8
18990501 18990531     0.0
18990601 18990630     0.5
18990701 18990731    23.6
18990801 18990831     6.6
18990901 18990930     2.5
18991001 18991031     8.4
18991101 18991130     3.3
18991201 18991231     1.0
19000101 19000131    19.8
19000201 19000228    31.9
19000301 19000331    11.4
19000401 19000430     0.0
19000501 19000531     7.4
19000601 19000630     2.3
19000701 19000731    64.8
19000801 19000831     0.0
19000901 19000930    10.4
19001001 19001031     0.0
19001101 19001130    55.1
19001201 19001231    19.1
19010101 19010131     7.9
19010201 19010228    27.9
19010301 19010331   144.2
19010401 19010430     4.3
19010501 19010531    53.1
19010601 19010630     8.6
19010701 19010731     0.0
19010801 19010831    14.2
19010901 19010930    11.7
19011001 19011031     0.0
19011101 19011130     0.0
19011201 19011231     4.3
19020101 19020131    40.4
19020201 19020228    52.9
19020301 19020331     7.1
19020401 19020430     0.0
19020501 19020531     0.0
19020601 19020630     0.0
19020701 19020731     0.0
19020801 19020831     0.0
19020901 19020930     1.5
19021001 19021031     0.0
19021101 19021130    10.0
19021201 19021231    27.9
19030101 19030131    59.4
19030201 19030228    75.4
19030301 19030331   141.2
19030401 19030430    32.5
19030501 19030531    15.0
19030601 19030630     0.0
19030701 19030731     0.0
19030801 19030831     0.0
19030901 19030930    11.7
19031001 19031031    24.6
19031101 19031130     7.1
19031201 19031231   189.5
19040101 19040131    81.3
19040201 19040229    30.8
19040301 19040331    12.8
19040401 19040430     5.0
19040501 19040531    81.3
19040601 19040630     2.3
19040701 19040731     0.0
19040801 19040831     0.0
19040901 19040930     0.0
19041001 19041031    57.7
19041101 19041130     4.1
19041201 19041231    21.9
19050101 19050131    50.9
19050201 19050228    67.0
19050301 19050331     4.1
19050401 19050430     1.3
19050501 19050531     3.6
19050601 19050630     0.0
19050701 19050731     0.0
19050801 19050831     0.0
19050901 19050930     0.0
19051001 19051031     2.8
19051101 19051130     0.0
19051201 19051231    37.1
19060101 19060131   134.6
19060201 19060228    83.4
19060301 19060331   212.7
19060401 19060430     0.0
19060501 19060531     0.0
19060601 19060630     0.0
19060701 19060731     6.4
19060801 19060831     0.0
19060901 19060930    76.4
19061001 19061031    26.2
19061101 19061130    29.8
19061201 19061231    97.8
19070101 19070131     8.4
19070201 19070228    30.2
19070301 19070331    20.2
19070401 19070430     5.3
19070501 19070531    29.7
19070601 19070630    22.2
19070701 19070731     4.4
19070801 19070831     0.0
19070901 19070930     0.0
19071001 19071031    32.6
19071101 19071130    32.7
19071201 19071231   154.2
19080101 19080131    34.0
19080201 19080229   171.7
19080301 19080331    95.9
19080401 19080430    34.3
19080501 19080531    11.4
19080601 19080630     1.0
19080701 19080731     6.9
19080801 19080831     2.5
19080901 19080930     0.0
19081001 19081031    27.2
19081101 19081130    24.9
19081201 19081231    21.1
19090101 19090131    72.7
19090201 19090228    43.9
19090301 19090331    86.3
19090401 19090430     7.6
19090501 19090531     0.0
19090601 19090630    40.7
19090701 19090731     0.0
19090801 19090831     9.5
19090901 19090930     0.0
19091001 19091031    28.5
19091101 19091130     0.0
19091201 19091231    52.2
19100101 19100131    69.9
19100201 19100228   144.3
19100301 19100331    12.9
19100401 19100430     9.1
19100501 19100531     0.0
19100601 19100630    37.3
19100701 19100731    32.2
19100801 19100831     0.0
19100901 19100930    27.6
19101001 19101031     2.3
19101101 19101130    97.2
19101201 19101231    11.9
19110101 19110131   128.0
19110201 19110228    69.8
19110301 19110331     6.4
19110401 19110430    84.3
19110501 19110531     1.5
19110601 19110630     0.0
19110701 19110731     4.5
19110801 19110831     1.3
19110901 19110930     0.0
19111001 19111031     2.0
19111101 19111130    56.6
19111201 19111231    37.5
19120101 19120131    24.2
19120201 19120229    50.6
19120301 19120331    20.8
19120401 19120430     0.0
19120501 19120531     0.0
19120601 19120630   140.8
19120701 19120731    22.9
19120801 19120831     0.0
19120901 19120930     3.8
19121001 19121031     0.0
19121101 19121130    11.9
19121201 19121231    50.0
19130101 19130131    54.5
19130201 19130228   185.5
19130301 19130331    16.8
19130401 19130430    20.8
19130501 19130531     0.0
19130601 19130630    16.7
19130701 19130731     0.0
19130801 19130831     0.0
19130901 19130930     0.8
19131001 19131031     0.0
19131101 19131130    19.3
19131201 19131231    15.6
19140101 19140131   120.0
19140201 19140228   103.4
19140301 19140331    10.2
19140401 19140430     9.9
19140501 19140531     1.5
19140601 19140630    42.2
19140701 19140731     0.0
19140801 19140831     0.0
19140901 19140930     0.5
19141001 19141031    32.3
19141101 19141130    34.2
19141201 19141231    32.0
19150101 19150131    22.0
19150201 19150228     0.0
19150301 19150331     3.3
19150401 19150430     0.0
19150501 19150531    31.8
19150601 19150630     0.0
19150701 19150731     0.0
19150801 19150831    11.9
19150901 19150930    40.8
19151001 19151031     3.8
19151101 19151130     4.1
19151201 19151231   117.9
19160101 19160131   207.6
19160201 19160229    63.2
19160301 19160331     5.3
19160401 19160430     0.0
19160501 19160531     0.0
19160601 19160630     7.4
19160701 19160731    63.3
19160801 19160831     3.0
19160901 19160930     5.1
19161001 19161031    17.3
19161101 19161130    53.9
19161201 19161231   212.9
19170101 19170131   128.0
19170201 19170228   144.6
19170301 19170331   120.7
19170401 19170430     0.0
19170501 19170531     0.0
19170601 19170630     2.0
19170701 19170731     1.3
19170801 19170831    11.6
19170901 19170930    29.1
19171001 19171031    17.3
19171101 19171130   176.6
19171201 19171231    47.5
19180101 19180131   280.3
19180201 19180228    52.9
19180301 19180331    95.5
19180401 19180430     4.3
19180501 19180531     0.0
19180601 19180630     0.0
19180701 19180731     0.0
19180801 19180831     1.5
19180901 19180930     4.8
19181001 19181031     0.0
19181101 19181130     0.0
19181201 19181231    30.5
19190101 19190131   137.0
19190201 19190228   102.6
19190301 19190331     7.6
19190401 19190430    36.9
19190501 19190531    11.4
19190601 19190630     0.0
19190701 19190731     0.0
19190801 19190831     5.1
19190901 19190930     0.0
19191001 19191031     0.0
19191101 19191130     0.0
19191201 19191231    48.2
19200101 19200131   287.6
19200201 19200229     1.8
19200301 19200331    56.9
19200401 19200430    82.9
19200501 19200531   122.6
19200601 19200630     8.7
19200701 19200731    65.5
19200801 19200831    10.4
19200901 19200930     3.3
19201001 19201031    21.1
19201101 19201130   105.3
19201201 19201231   111.8
19210101 19210131     7.4
19210201 19210228    53.9
19210301 19210331    85.1
19210401 19210430    20.3
19210501 19210531     4.8
19210601 19210630    30.3
19210701 19210731    19.6
19210801 19210831     0.0
19210901 19210930     1.5
19211001 19211031    55.8
19211101 19211130     2.5
19211201 19211231    35.8
19220101 19220131   155.7
19220201 19220228   145.3
19220301 19220331     1.5
19220401 19220430     0.0
19220501 19220531     0.0
19220601 19220630    12.7
19220701 19220731     0.0
19220801 19220831     0.0
19220901 19220930     0.0
19221001 19221031     2.3
19221101 19221130    15.5
19221201 19221231   108.0
19230101 19230131    16.5
19230201 19230228    32.5
19230301 19230331    20.3
19230401 19230430     0.0
19230501 19230531    12.5
19230601 19230630    51.6
19230701 19230731     0.0
19230801 19230831     0.0
19230901 19230930     0.0
19231001 19231031    13.1
19231101 19231130    14.7
19231201 19231231    50.3
19240101 19240131   123.4
19240201 19240229   236.3
19240301 19240331    73.2
19240401 19240430    85.0
19240501 19240531     0.0
19240601 19240630     0.0
19240701 19240731     0.0
19240801 19240831    14.0
19240901 19240930     4.1
19241001 19241031    16.2
19241101 19241130    40.9
19241201 19241231   122.1
19250101 19250131   125.9
19250201 19250228    35.1
19250301 19250331    56.5
19250401 19250430     0.0
19250501 19250531     0.0
19250601 19250630     0.0
19250701 19250731     0.0
19250801 19250831     0.0
19250901 19250930     8.1
19251001 19251031     0.0
19251101 19251130    34.3
19251201 19251231     0.0
19260101 19260131    49.7
19260201 19260228    18.3
19260301 19260331     0.0
19260401 19260430     2.5
19260501 19260531    25.7
19260601 19260630     0.0
19260701 19260731     0.0
19260801 19260831     0.0
19260901 19260930    55.3
19261001 19261031     6.6
19261101 19261130     3.8
19261201 19261231    81.8
19270101 19270131    47.5
19270201 19270228    53.6
19270301 19270331    15.8
19270401 19270430     0.0
19270501 19270531     0.0
19270601 19270630    19.1
19270701 19270731     0.0
19270801 19270831     0.0
19270901 19270930     8.1
19271001 19271031     7.2
19271101 19271130     0.0
19271201 19271231   101.4
19280101 19280131     2.5
19280201 19280229    13.2
19280301 19280331     4.8
19280401 19280430     3.3
19280501 19280531     0.0
19280601 19280630     7.6
19280701 19280731     5.1
19280801 19280831     0.0
19280901 19280930     0.0
19281001 19281031     0.0
19281101 19281130    24.6
19281201 19281231    43.1
19290101 19290131   116.1
19290201 19290228    38.4
19290301 19290331    59.5
19290401 19290430    69.8
19290501 19290531     0.0
19290601 19290630     3.8
19290701 19290731     0.0
19290801 19290831     0.0
19290901 19290930     0.0
19291001 19291031     0.0
19291101 19291130    20.6
19291201 19291231     1.3
19300101 19300131   189.1
19300201 19300228   158.7
19300301 19300331     0.0
19300401 19300430     0.0
19300501 19300531    29.7
19300601 19300630    34.2
19300701 19300731     0.0
19300801 19300831     0.0
19300901 19300930     0.0
19301001 19301031   147.8
19301101 19301130    11.7
19301201 19301231    50.7
19310101 19310131    20.5
19310201 19310228     0.0
19310301 19310331    53.1
19310401 19310430    12.7
19310501 19310531    18.6
19310601 19310630     3.0
19310701 19310731     0.0
19310801 19310831     0.0
19310901 19310930     8.6
19311001 19311031    16.3
19311101 19311130    25.6
19311201 19311231    91.5
19320101 19320131     6.9
19320201 19320229    18.5
19320301 19320331    29.4
19320401 19320430    10.4
19320501 19320531    71.7
19320601 19320630     5.1
19320701 19320731     0.0
19320801 19320831     0.0
19320901 19320930     0.0
19321001 19321031     3.3
19321101 19321130     1.0
19321201 19321231     3.3
19330101 19330131     5.9
19330201 19330228   124.0
19330301 19330331     1.3
19330401 19330430     0.0
19330501 19330531     0.0
19330601 19330630    25.1
19330701 19330731    71.9
19330801 19330831     2.8
19330901 19330930     0.0
19331001 19331031     2.3
19331101 19331130    70.0
19331201 19331231    13.5
19340101 19340131   100.8
19340201 19340228    62.7
19340301 19340331     0.0
19340401 19340430     3.6
19340501 19340531     0.0
19340601 19340630    24.9
19340701 19340731    35.3
19340801 19340831     0.0
19340901 19340930     0.0
19341001 19341031    10.2
19341101 19341130     3.8
19341201 19341231     0.0
19350101 19350131    46.7
19350201 19350228     6.4
19350301 19350331     1.3
19350401 19350430     0.0
19350501 19350531     0.0
19350601 19350630   157.8
19350701 19350731     0.0
19350801 19350831     0.0
19350901 19350930    12.0
19351001 19351031    23.4
19351101 19351130    12.2
19351201 19351231     1.5
19360101 19360131    53.4
19360201 19360229   178.3
19360301 19360331   114.8
19360401 19360430     0.0
19360501 19360531   105.9
19360601 19360630     0.0
19360701 19360731    18.3
19360801 19360831     2.8
19360901 19360930    10.0
19361001 19361031     0.0
19361101 19361130    26.7
19361201 19361231    18.5
19370101 19370131    66.8
19370201 19370228    39.0
19370301 19370331   273.6
19370401 19370430     0.0
19370501 19370531     0.0
19370601 19370630    35.9
19370701 19370731     0.0
19370801 19370831     0.0
19370901 19370930     0.0
19371001 19371031     2.5
19371101 19371130    20.6
19371201 19371231     4.3
19380101 19380131    30.0
19380201 19380228   210.5
19380301 19380331     0.0
19380401 19380430     0.0
19380501 19380531     0.0
19380601 19380630    12.9
19380701 19380731    33.2
19380801 19380831     0.0
19380901 19380930     0.0
19381001 19381031     0.0
19381101 19381130    13.7
19381201 19381231     0.0
19390101 19390131    12.4
19390201 19390228   167.4
19390301 19390331     6.4
19390401 19390430   137.6
19390501 19390531     0.0
19390601 19390630    19.6
19390701 19390731     5.0
19390801 19390831    20.9
19390901 19390930     2.0
19391001 19391031    85.6
19391101 19391130    26.0
19391201 19391231     0.0
19400101 19400131    76.4
19400201 19400229   357.7
19400301 19400331    20.6
19400401 19400430    13.2
19400501 19400531     0.0
19400601 19400630    12.0
19400701 19400731     0.0
19400801 19400831     0.0
19400901 19400930     0.0
19401001 19401031     0.0
19401101 19401130    23.2
19401201 19401231    32.8
19410101 19410131   214.6
19410201 19410228     0.0
19410301 19410331   162.7
19410401 19410430    38.3
19410501 19410531    23.6
19410601 19410630    69.2
19410701 19410731     0.0
19410801 19410831     0.0
19410901 19410930     0.0
19411001 19411031     3.8
19411101 19411130    32.2
19411201 19411231    72.3
19420101 19420131     7.4
19420201 19420228   125.5
19420301 19420331     0.0
19420401 19420430    24.7
19420501 19420531    39.8
19420601 19420630     0.0
19420701 19420731     0.0
19420801 19420831     0.0
19420901 19420930    14.2
19421001 19421031    16.8
19421101 19421130    23.9
19421201 19421231    71.5
19430101 19430131     3.6
19430201 19430228    26.9
19430301 19430331     7.9
19430401 19430430    17.3
19430501 19430531    15.0
19430601 19430630     2.3
19430701 19430731     0.0
19430801 19430831     0.0
19430901 19430930    25.9
19431001 19431031     1.0
19431101 19431130     2.1
19431201 19431231    35.5
19440101 19440131    17.3
19440201 19440229   360.7
19440301 19440331    21.3
19440401 19440430     0.0
19440501 19440531    63.8
19440601 19440630     0.0
19440701 19440731    55.9
19440801 19440831     1.5
19440901 19440930     0.0
19441001 19441031     0.0
19441101 19441130     0.0
19441201 19441231    42.2
19450101 19450131    53.2
19450201 19450228    77.8
19450301 19450331    10.4
19450401 19450430     6.4
19450501 19450531    28.2
19450601 19450630    20.6
19450701 19450731    31.0
19450801 19450831     0.0
19450901 19450930     0.0
19451001 19451031     0.0
19451101 19451130     0.0
19451201 19451231    31.5
19460101 19460131   307.2
19460201 19460228    27.5
19460301 19460331     4.6
19460401 19460430     0.0
19460501 19460531     0.0
19460601 19460630     0.0
19460701 19460731     0.0
19460801 19460831     0.0
19460901 19460930     0.0
19461001 19461031     0.0
19461101 19461130    17.0
19461201 19461231     2.0
19470101 19470131    42.9
19470201 19470228    35.6
19470301 19470331    19.6
19470401 19470430     0.0
19470501 19470531     3.0
19470601 19470630     0.0
19470701 19470731     0.0
19470801 19470831    58.9
19470901 19470930    51.2
19471001 19471031     2.0
19471101 19471130    35.8
19471201 19471231    18.1
19480101 19480131    11.9
19480201 19480229     8.9
19480301 19480331    14.2
19480401 19480430     0.0
19480501 19480531     0.0
19480601 19480630     5.1
19480701 19480731    11.4
19480801 19480831     0.0
19480901 19480930     0.0
19481001 19481031     3.6
19481101 19481130     8.1
19481201 19481231    37.6
19490101 19490131     2.8
19490201 19490228    52.1
19490301 19490331   246.2
19490401 19490430     0.0
19490501 19490531     0.0
19490601 19490630     0.0
19490701 19490731     0.0
19490801 19490831     0.0
19490901 19490930     0.0
19491001 19491031    99.3
19491101 19491130     0.0
19491201 19491231    52.8
19500101 19500131   131.1
19500201 19500228   188.0
19500301 19500331   340.4
19500401 19500430    57.6
19500501 19500531    24.9
19500601 19500630    42.0
19500701 19500731    88.9
19500801 19500831     0.0
19500901 19500930    18.0
19501001 19501031    65.3
19501101 19501130   102.2
19501201 19501231    70.0
19510101 19510131   201.4
19510201 19510228     0.0
19510301 19510331     0.0
19510401 19510430     0.0
19510501 19510531     0.0
19510601 19510630    33.0
19510701 19510731     0.0
19510801 19510831     0.0
19510901 19510930     0.0
19511001 19511031     0.0
19511101 19511130     2.5
19511201 19511231     7.9
19520101 19520131    19.0
19520201 19520229    46.5
19520301 19520331     2.5
19520401 19520430    42.6
19520501 19520531    43.7
19520601 19520630     0.0
19520701 19520731     0.0
19520801 19520831     4.6
19520901 19520930     0.0
19521001 19521031    20.0
19521101 19521130    30.0
19521201 19521231    26.9
19530101 19530131   173.0
19530201 19530228   115.8
19530301 19530331     0.0
19530401 19530430     0.0
19530501 19530531    17.8
19530601 19530630     0.0
19530701 19530731     0.0
19530801 19530831    13.2
19530901 19530930     0.0
19531001 19531031    16.5
19531101 19531130     6.4
19531201 19531231     8.9
19540101 19540131   181.5
19540201 19540228   134.4
19540301 19540331    69.1
19540401 19540430     0.0
19540501 19540531     0.0
19540601 19540630    28.4
19540701 19540731     0.8
19540801 19540831    22.7
19540901 19540930     1.3
19541001 19541031    35.5
19541101 19541130    10.1
19541201 19541231    19.6
19550101 19550131   155.5
19550201 19550228   192.9
19550301 19550331   165.1
19550401 19550430    42.1
19550501 19550531   231.9
19550601 19550630    16.5
19550701 19550731     8.9
19550801 19550831     0.0
19550901 19550930     0.0
19551001 19551031    17.0
19551101 19551130     0.8
19551201 19551231     8.9
19560101 19560131   126.8
19560201 19560229   116.8
19560301 19560331    51.3
19560401 19560430    21.8
19560501 19560531    36.0
19560601 19560630     8.1
19560701 19560731    91.6
19560801 19560831     0.0
19560901 19560930     6.6
19561001 19561031     6.8
19561101 19561130    20.4
19561201 19561231   206.3
19570101 19570131   151.3
19570201 19570228    37.5
19570301 19570331    27.2
19570401 19570430     5.3
19570501 19570531     0.0
19570601 19570630    11.0
19570701 19570731    14.7
19570801 19570831     0.0
19570901 19570930     0.0
19571001 19571031    12.9
19571101 19571130     2.8
19571201 19571231    43.1
19580101 19580131    89.4
19580201 19580228     8.9
19580301 19580331   122.1
19580401 19580430     6.6
19580501 19580531    11.7
19580601 19580630    76.7
19580701 19580731     1.3
19580801 19580831     0.0
19580901 19580930     0.0
19581001 19581031     0.0
19581101 19581130    32.7
19581201 19581231    44.8
19590101 19590131    35.3
19590201 19590228     2.8
19590301 19590331    94.0
19590401 19590430     0.0
19590501 19590531    58.4
19590601 19590630     0.0
19590701 19590731     0.0
19590801 19590831     7.9
19590901 19590930     0.0
19591001 19591031     4.6
19591101 19591130     2.3
19591201 19591231    16.8
19600101 19600131    27.7
19600201 19600229    26.7
19600301 19600331     9.7
19600401 19600430    10.2
19600501 19600531    28.7
19600601 19600630     0.0
19600701 19600731     8.4
19600801 19600831    11.7
19600901 19600930     7.9
19601001 19601031     0.8
19601101 19601130     6.4
19601201 19601231   126.0
19610101 19610131    34.8
19610201 19610228    65.7
19610301 19610331     1.8
19610401 19610430    27.4
19610501 19610531     0.0
19610601 19610630     0.0
19610701 19610731    17.8
19610801 19610831     0.0
19610901 19610930     0.0
19611001 19611031     0.5
19611101 19611130    17.8
19611201 19611231   119.4
19620101 19620131    95.9
19620201 19620228   108.1
19620301 19620331    32.1
19620401 19620430     3.1
19620501 19620531    15.2
19620601 19620630    10.7
19620701 19620731     6.6
19620801 19620831     0.0
19620901 19620930    58.7
19621001 19621031     7.4
19621101 19621130    26.7
19621201 19621231    78.0
19630101 19630131    59.0
19630201 19630228    28.2
19630301 19630331   172.7
19630401 19630430    21.8
19630501 19630531     0.0
19630601 19630630     0.0
19630701 19630731     0.0
19630801 19630831     3.8
19630901 19630930     0.0
19631001 19631031     1.3
19631101 19631130     3.8
19631201 19631231    11.4
19640101 19640131    42.2
19640201 19640229   150.7
19640301 19640331    57.1
19640401 19640430    33.9
19640501 19640531     6.4
19640601 19640630     3.0
19640701 19640731     0.0
19640801 19640831     0.0
19640901 19640930    15.8
19641001 19641031    48.5
19641101 19641130     2.5
19641201 19641231    46.4
19650101 19650131     0.0
19650201 19650228    13.3
19650301 19650331    33.0
19650401 19650430    51.4
19650501 19650531     0.0
19650601 19650630     0.0
19650701 19650731     0.0
19650801 19650831     0.0
19650901 19650930     0.5
19651001 19651031     2.5
19651101 19651130     6.9
19651201 19651231    87.4
19660101 19660131    96.8
19660201 19660228     9.1
19660301 19660331     0.0
19660401 19660430     0.0
19660501 19660531     0.5
19660601 19660630     5.6
19660701 19660731     0.0
19660801 19660831    58.0
19660901 19660930     0.0
19661001 19661031     8.4
19661101 19661130    28.2
19661201 19661231     6.1
19670101 19670131     1.3
19670201 19670228    86.8
19670301 19670331    53.2
19670401 19670430     0.0
19670501 19670531     0.0
19670601 19670630   162.9
19670701 19670731     0.0
19670801 19670831     0.0
19670901 19670930     0.0
19671001 19671031     0.0
19671101 19671130     0.0
19671201 19671231    13.7
19680101 19680131     8.9
19680201 19680229   136.8
19680301 19680331     0.0
19680401 19680430    45.5
19680501 19680531    83.9
19680601 19680630     0.0
19680701 19680731     9.4
19680801 19680831     0.0
19680901 19680930     0.0
19681001 19681031     4.8
19681101 19681130     5.1
19681201 19681231    32.1
19690101 19690131    11.7
19690201 19690228    27.3
19690301 19690331    37.1
19690401 19690430    11.7
19690501 19690531    12.0
19690601 19690630     1.0
19690701 19690731    13.2
19690801 19690831     0.0
19690901 19690930     0.0
19691001 19691031     0.8
19691101 19691130    16.5
19691201 19691231    85.6
19700101 19700131    19.8
19700201 19700228   124.4
19700301 19700331    24.3
19700401 19700430     5.1
19700501 19700531     0.0
19700601 19700630     0.0
19700701 19700731     0.0
19700801 19700831     0.0
19700901 19700930    14.0
19701001 19701031    16.0
19701101 19701130    11.2
19701201 19701231    38.9
19710101 19710131    11.4
19710201 19710228    16.5
19710301 19710331    95.4
19710401 19710430   109.3
19710501 19710531     0.0
19710601 19710630    13.2
19710701 19710731    11.9
19710801 19710831    21.1
19710901 19710930     0.0
19711001 19711031    33.5
19711101 19711130    21.6
19711201 19711231    50.3
19720101 19720131    77.7
19720201 19720229    55.1
19720301 19720331   109.4
19720401 19720430     0.0
19720501 19720531    10.7
19720601 19720630     2.8
19720701 19720731     0.0
19720801 19720831     2.5
19720901 19720930     0.0
19721001 19721031     0.0
19721101 19721130    32.8
19721201 19721231    35.3
19730101 19730131    19.6
19730201 19730228   187.3
19730301 19730331   236.4
19730401 19730430     5.8
19730501 19730531     3.6
19730601 19730630     1.5
19730701 19730731     0.0
19730801 19730831     0.0
19730901 19730930    23.1
19731001 19731031     0.0
19731101 19731130    28.4
19731201 19731231   134.6
19740101 19740131   500.3
19740201 19740228    73.0
19740301 19740331    76.5
19740401 19740430     7.0
19740501 19740531    17.0
19740601 19740630     0.0
19740701 19740731     0.0
19740801 19740831    25.3
19740901 19740930     3.2
19741001 19741031     4.2
19741101 19741130    40.0
19741201 19741231    60.3
19750101 19750131   196.6
19750201 19750228   129.8
19750301 19750331    67.8
19750401 19750430     0.0
19750501 19750531     0.0
19750601 19750630     0.0
19750701 19750731     0.0
19750801 19750831     3.0
19750901 19750930    10.7
19751001 19751031    36.0
19751101 19751130     3.0
19751201 19751231   151.4
19760101 19760131   208.0
19760201 19760229   254.6
19760301 19760331    16.4
19760401 19760430     0.0
19760501 19760531     0.0
19760601 19760630     0.0
19760701 19760731     1.6
19760801 19760831     4.8
19760901 19760930     0.0
19761001 19761031     8.4
19761101 19761130     0.0
19761201 19761231   138.6
19770101 19770131    50.0
19770201 19770228   158.6
19770301 19770331    41.4
19770401 19770430     7.4
19770501 19770531    26.8
19770601 19770630     0.0
19770701 19770731     0.0
19770801 19770831     0.0
19770901 19770930     0.0
19771001 19771031     6.0
19771101 19771130     2.6
19771201 19771231    59.8
19780101 19780131    64.8
19780201 19780228    36.2
19780301 19780331     9.4
19780401 19780430     0.6
19780501 19780531    26.2
19780601 19780630     5.2
19780701 19780731    94.8
19780801 19780831     4.8
19780901 19780930    36.2
19781001 19781031    46.6
19781101 19781130     0.0
19781201 19781231    18.4
19790101 19790131    75.0
19790201 19790228   149.8
19790301 19790331    19.0
19790401 19790430     1.0
19790501 19790531     2.2
19790601 19790630     5.4
19790701 19790731     0.0
19790801 19790831     0.0
19790901 19790930     1.8
19791001 19791031    20.8
19791101 19791130    42.0
19791201 19791231    61.0
19800101 19800131   162.2
19800201 19800229    24.4
19800301 19800331    13.2
19800401 19800430     0.0
19800501 19800531     4.4
19800601 19800630     0.0
19800701 19800731     3.0
19800801 19800831     6.0
19800901 19800930     0.0
19801001 19801031     3.4
19801101 19801130     0.0
19801201 19801231    54.2
19810101 19810131   227.8
19810201 19810228    66.8
19810301 19810331    26.0
19810401 19810430    22.2
19810501 19810531    43.6
19810601 19810630    56.4
19810701 19810731   103.4
19810801 19810831     2.0
19810901 19810930     0.0
19811001 19811031     9.0
19811101 19811130    19.8
19811201 19811231    15.2
19820101 19820131   171.5
19820201 19820228    32.4
19820301 19820331     9.8
19820401 19820430     1.6
19820501 19820531     0.0
19820601 19820630     6.0
19820701 19820731     0.0
19820801 19820831     0.0
19820901 19820930     1.0
19821001 19821031     0.0
19821101 19821130    20.6
19821201 19821231     8.0
19830101 19830131    17.4
19830201 19830228     4.0
19830301 19830331    29.0
19830401 19830430    56.0
19830501 19830531    14.8
19830601 19830630     3.6
19830701 19830731     0.0
19830801 19830831     1.6
19830901 19830930     0.0
19831001 19831031     2.4
19831101 19831130    49.2
19831201 19831231    26.0
19840101 19840131   230.6
19840201 19840229    76.4
19840301 19840331    23.8
19840401 19840430     0.0
19840501 19840531     0.0
19840601 19840630     0.0
19840701 19840731    78.0
19840801 19840831     1.2
19840901 19840930    18.4
19841001 19841031    16.8
19841101 19841130     9.0
19841201 19841231   120.2
19850101 19850131     1.8
19850201 19850228    37.2
19850301 19850331    11.2
19850401 19850430     4.2
19850501 19850531     0.0
19850601 19850630    68.4
19850701 19850731     4.8
19850801 19850831     0.6
19850901 19850930     0.0
19851001 19851031    31.2
19851101 19851130   126.0
19851201 19851231    63.0
19860101 19860131     0.0
19860201 19860228   135.4
19860301 19860331     0.0
19860401 19860430     0.0
19860501 19860531    41.6
19860601 19860630    18.0
19860701 19860731    26.8
19860801 19860831    17.0
19860901 19860930     0.0
19861001 19861031    55.2
19861101 19861130    24.4
19861201 19861231    46.9
19870101 19870131    38.3
19870201 19870228    82.7
19870301 19870331    40.0
19870401 19870430     3.0
19870501 19870531     0.0
19870601 19870630    17.6
19870701 19870731     3.4
19870801 19870831     4.0
19870901 19870930     0.0
19871001 19871031     3.0
19871101 19871130    33.0
19871201 19871231    52.8
19880101 19880131     2.6
19880201 19880229    17.2
19880301 19880331     9.0
19880401 19880430   122.2
19880501 19880531     4.0
19880601 19880630     0.0
19880701 19880731    58.6
19880801 19880831    13.2
19880901 19880930     0.4
19881001 19881031     2.4
19881101 19881130     6.0
19881201 19881231    91.6
19890101 19890131     5.0
19890201 19890228   104.6
19890301 19890331    21.2
19890401 19890430    18.6
19890501 19890531    72.4
19890601 19890630    13.6
19890701 19890731    13.2
19890801 19890831     0.0
19890901 19890930     0.0
19891001 19891031    38.4
19891101 19891130    84.8
19891201 19891231    77.2
19900101 19900131    12.2
19900201 19900228    18.3
19900301 19900331    99.0
19900401 19900430    88.2
19900501 19900531    65.4
19900601 19900630    31.6
19900701 19900731     0.0
19900801 19900831     0.0
19900901 19900930     0.0
19901001 19901031     6.8
19901101 19901130     3.0
19901201 19901231    21.4
19910101 19910131   178.2
19910201 19910228   273.0
19910301 19910331    32.0
19910401 19910430     6.0
19910501 19910531     0.0
19910601 19910630    20.0
19910701 19910731     1.0
19910801 19910831     0.0
19910901 19910930     0.0
19911001 19911031    11.6
19911101 19911130     0.6
19911201 19911231    43.6
19920101 19920131    16.4
19920201 19920229   286.2
19920301 19920331     2.8
19920401 19920430     0.0
19920501 19920531    45.8
19920601 19920630     0.0
19920701 19920731     0.0
19920801 19920831     0.0
19920901 19920930    10.4
19921001 19921031    20.8
19921101 19921130    26.2
19921201 19921231    33.6
19930101 19930131    62.6
19930201 19930228   116.8
19930301 19930331    18.6
19930401 19930430     0.0
19930501 19930531     1.6
19930601 19930630     0.0
19930701 19930731    19.6
19930801 19930831    11.0
19930901 19930930     0.2
19931001 19931031     1.6
19931101 19931130    40.0
19931201 19931231   105.3
19940101 19940131    12.7
19940201 19940228   138.6
19940301 19940331    84.8
19940401 19940430     0.0
19940501 19940531     0.0
19940601 19940630     1.2
19940701 19940731     0.0
19940801 19940831     0.0
19940901 19940930     4.2
19941001 19941031    14.4
19941101 19941130    50.7
19941201 19941231    19.0
19950101 19950131    93.4
19950201 19950228   101.2
19950301 19950331    27.0
19950401 19950430     5.0
19950501 19950531    12.8
19950601 19950630     0.0
19950701 19950731     6.0
19950801 19950831     6.2
19950901 19950930     5.0
19951001 19951031    56.4
19951101 19951130     5.2
19951201 19951231    39.8
19960101 19960131    38.6
19960201 19960229    38.0
19960301 19960331    49.0
19960401 19960430     2.0
19960501 19960531     0.0
19960601 19960630     9.6
19960701 19960731     3.2
19960801 19960831    23.2
19960901 19960930     0.0
19961001 19961031    47.2
19961101 19961130     8.8
19961201 19961231    27.0
19970101 19970131    79.0
19970201 19970228   146.8
19970301 19970331    96.8
19970401 19970430     0.0
19970501 19970531    58.9
19970601 19970630     2.4
19970701 19970731     0.6
19970801 19970831     0.0
19970901 19970930     7.0
19971001 19971031     8.0
19971101 19971130    35.2
19971201 19971231   117.6
19980101 19980131   100.8
19980201 19980228    42.1
19980301 19980331     0.0
19980401 19980430    72.4
19980501 19980531     4.4
19980601 19980630    57.8
19980701 19980731    18.0
19980801 19980831    19.0
19980901 19980930    15.4
19981001 19981031    43.4
19981101 19981130    80.2
19981201 19981231    40.0
19990101 19990131   116.4
19990201 19990228    13.4
19990301 19990331    82.6
19990401 19990430    23.0
19990501 19990531     7.6
19990601 19990630     0.0
19990701 19990731     0.0
19990801 19990831     0.0
19990901 19990930     0.0
19991001 19991031     6.0
19991101 19991130   112.0
19991201 19991231    90.0
20000101 20000131    18.2
20000201 20000229   435.6
20000301 20000331    95.2
20000401 20000430    54.6
20000501 20000531     6.4
20000601 20000630    24.2
20000701 20000731     0.0
20000801 20000831     0.0
20000901 20000930     4.2
20001001 20001031    59.4
20001101 20001130   125.1
20001201 20001231    88.6
20010101 20010131    16.2
20010201 20010228    40.8
20010301 20010331    27.2
20010401 20010430     0.0
20010501 20010531     0.0
20010601 20010630     2.5
20010701 20010731     5.8
20010801 20010831     0.0
20010901 20010930     0.0
20011001 20011031    37.7
20011101 20011130    22.2
20011201 20011231    60.8
20020101 20020131   103.0
20020201 20020228     4.8
20020301 20020331    15.4
20020401 20020430     0.0
20020501 20020531     0.0
20020601 20020630     0.0
20020701 20020731     0.0
20020801 20020831     0.0
20020901 20020930     0.0
20021001 20021031     0.0
20021101 20021130     9.6
20021201 20021231    19.8
20030101 20030131    43.2
20030201 20030228   147.8
20030301 20030331   131.0
20030401 20030430     5.4
20030501 20030531    14.1
20030601 20030630    11.6
20030701 20030731     0.0
20030801 20030831    19.0
20030901 20030930     0.0
20031001 20031031     0.0
20031101 20031130     3.0
20031201 20031231   116.8
20040101 20040131   155.6
20040201 20040229    44.6
20040301 20040331     0.0
20040401 20040430    18.2
20040501 20040531    13.8
20040601 20040630     0.0
20040701 20040731     0.0
20040801 20040831     4.2
20040901 20040930     1.0
20041001 20041031     0.0
20041101 20041130    43.2
20041201 20041231    52.9
20050101 20050131    95.2
20050201 20050228    88.8
20050301 20050331     0.6
20050401 20050430     0.0
20050501 20050531    10.0
20050601 20050630    49.2
20050701 20050731    14.4
20050801 20050831    57.0
20050901 20050930     1.2
20051001 20051031    15.6
20051101 20051130    14.6
20051201 20051231    19.4
20060101 20060131    38.0
20060201 20060228    54.6
20060301 20060331   117.2
20060401 20060430    80.0
20060501 20060531    33.9
20060601 20060630     0.0
20060701 20060731     4.8
20060801 20060831     0.0
20060901 20060930     0.0
20061001 20061031     2.8
20061101 20061130     2.0
20061201 20061231    14.0
20070101 20070131   115.1
20070201 20070228    25.6
20070301 20070331    41.8
20070401 20070430     0.0
20070501 20070531     0.0
20070601 20070630   118.4
20070701 20070731     0.0
20070801 20070831     4.2
20070901 20070930     0.0
20071001 20071031     6.2
20071101 20071130    79.2
20071201 20071231    64.8
20080101 20080131   117.2
20080201 20080229    44.0
20080301 20080331     5.8
20080401 20080430     0.0
20080501 20080531     0.0
20080601 20080630    11.6
20080701 20080731    19.8
20080801 20080831     0.0
20080901 20080930    33.6
20081001 20081031     0.0
20081101 20081130    81.4
20081201 20081231    37.2
20090101 20090131   356.2
20090201 20090228   181.0
20090301 20090331     1.6
20090401 20090430    12.0
20090501 20090531     7.0
20090601 20090630     0.0
20090701 20090731     0.0
20090801 20090831     0.0
20090901 20090930     0.0
20091001 20091031     0.0
20091101 20091130    23.0
20091201 20091231    35.4
20100101 20100131   133.0
20100201 20100228    53.0
20100301 20100331    68.8
20100401 20100430   134.2
20100501 20100531    23.6
20100601 20100630     0.0
20100701 20100731    11.8
20100801 20100831    13.2
20100901 20100930    21.4
20101001 20101031 99999.9
20101101 20101130 99999.9
20101201 20101231 99999.9
20110101 20110131   125.6
20110201 20110228    53.6
20110301 20110331   111.4
20110401 20110430     7.4
20110501 20110531     0.0
20110601 20110630    14.2
20110701 20110731     3.0
20110801 20110831     0.0
20110901 20110930     0.0
20111001 20111031    25.4
20111101 20111130     5.0
20111201 20111231    53.0
20120101 20120131    77.8
20120201 20120229   171.0
20120301 20120331    95.6
20120401 20120430    16.4
20120501 20120531    11.8
20120601 20120630    29.2
20120701 20120731    44.0
20120801 20120831     0.0
20120901 20120930    19.6
20121001 20121031     4.0
20121101 20121130     4.0
20121201 20121231    10.2
20130101 20130131     0.0
20130201 20130228    27.2
20130301 20130331     2.0
20130401 20130430    18.6
20130501 20130531     6.2
20130601 20130630     0.0
20130701 20130731     0.0
20130801 20130831     0.0
20130901 20130930     0.0
20131001 20131031     0.0
20131101 20131130    46.4
20131201 20131231     8.2
20140101 20140131   113.2
20140201 20140228   169.2
20140301 20140331     1.6
20140401 20140430     3.6
20140501 20140531     0.0
20140601 20140630     3.0
20140701 20140731     0.0
20140801 20140831     7.3
20140901 20140930     0.0
20141001 20141031     0.0
20141101 20141130     8.2
20141201 20141231    20.2
20150101 20150131   159.2
20150201 20150228     3.8
20150301 20150331    16.0
20150401 20150430     0.0
20150501 20150531     0.0
20150601 20150630    10.4
20150701 20150731     0.0
20150801 20150831     0.0
20150901 20150930     0.0
20151001 20151031     5.0
20151101 20151130    48.5
20151201 20151231    81.4
20160101 20160131    42.9
20160201 20160229   142.0
20160301 20160331   215.6
20160401 20160430 99999.9
20160501 20160531    26.0
20160601 20160630    27.6
20160701 20160731   180.0
20160801 20160831    27.6
20160901 20160930    57.2
20161001 20161031     5.2
20161101 20161130    28.4
20161201 20161231    32.0
20170101 20170131   106.7
20170201 20170228     0.0
20170301 20170331    10.4
20170401 20170430     0.0
20170501 20170531    20.0
20170601 20170630     0.0
20170701 20170731    13.0
20170801 20170831     0.0
20170901 20170930 99999.9
20171001 20171031    17.0
20171101 20171130    99.4
20171201 20171231    11.8
