PRCP       076063 19121001 20170731 missing_value=99999.9 DANYO                                     
19121001 19121031    19.4
19121101 19121130    44.3
19121201 19121231    28.9
19130101 19130131     1.0
19130201 19130228    49.4
19130301 19130331    74.8
19130401 19130430    22.9
19130501 19130531    25.5
19130601 19130630     3.4
19130701 19130731    19.6
19130801 19130831    18.9
19130901 19130930    64.4
19131001 19131031    64.5
19131101 19131130     8.7
19131201 19131231    19.6
19140101 19140131    26.7
19140201 19140228     3.9
19140301 19140331    19.1
19140401 19140430    34.8
19140501 19140531    15.9
19140601 19140630     6.3
19140701 19140731    12.1
19140801 19140831     2.9
19140901 19140930     3.1
19141001 19141031     0.3
19141101 19141130    44.7
19141201 19141231    29.6
19150101 19150131    12.0
19150201 19150228     0.0
19150301 19150331     0.0
19150401 19150430    17.9
19150501 19150531    41.4
19150601 19150630    36.2
19150701 19150731    33.8
19150801 19150831    50.6
19150901 19150930    83.4
19151001 19151031    19.5
19151101 19151130     4.6
19151201 19151231    19.9
19160101 19160131     4.4
19160201 19160229     0.0
19160301 19160331     0.0
19160401 19160430    14.0
19160501 19160531    14.9
19160601 19160630    55.6
19160701 19160731    49.4
19160801 19160831    92.8
19160901 19160930    88.4
19161001 19161031    37.7
19161101 19161130    96.1
19161201 19161231    17.9
19170101 19170131    17.3
19170201 19170228    59.8
19170301 19170331    19.4
19170401 19170430     6.3
19170501 19170531    65.8
19170601 19170630    44.0
19170701 19170731    53.8
19170801 19170831    54.1
19170901 19170930    54.4
19171001 19171031    60.5
19171101 19171130    61.1
19171201 19171231    14.1
19180101 19180131     4.2
19180201 19180228    21.5
19180301 19180331     9.2
19180401 19180430    33.0
19180501 19180531    41.5
19180601 19180630    42.8
19180701 19180731    21.5
19180801 19180831    40.5
19180901 19180930     6.0
19181001 19181031    28.2
19181101 19181130     5.3
19181201 19181231     1.9
19190101 19190131     3.4
19190201 19190228   115.3
19190301 19190331    12.7
19190401 19190430     6.6
19190501 19190531    58.5
19190601 19190630    19.9
19190701 19190731    12.3
19190801 19190831    15.3
19190901 19190930    17.0
19191001 19191031    14.7
19191101 19191130    11.9
19191201 19191231    71.9
19200101 19200131     0.3
19200201 19200229     0.8
19200301 19200331     8.7
19200401 19200430     4.2
19200501 19200531    21.6
19200601 19200630    56.2
19200701 19200731    38.2
19200801 19200831    78.7
19200901 19200930    70.2
19201001 19201031    66.5
19201101 19201130    18.9
19201201 19201231    50.4
19210101 19210131    38.0
19210201 19210228    61.9
19210301 19210331    82.4
19210401 19210430     6.8
19210501 19210531    79.6
19210601 19210630    43.0
19210701 19210731    33.3
19210801 19210831    36.5
19210901 19210930    47.3
19211001 19211031    14.1
19211101 19211130    27.8
19211201 19211231    31.7
19220101 19220131     7.1
19220201 19220228     6.5
19220301 19220331     0.5
19220401 19220430    24.4
19220501 19220531   106.4
19220601 19220630    37.5
19220701 19220731    34.7
19220801 19220831    22.8
19220901 19220930    37.8
19221001 19221031    25.6
19221101 19221130     1.5
19221201 19221231    37.0
19230101 19230131    18.2
19230201 19230228     8.9
19230301 19230331     0.0
19230401 19230430     0.0
19230501 19230531    57.2
19230601 19230630    99.2
19230701 19230731    98.1
19230801 19230831    50.5
19230901 19230930    42.1
19231001 19231031    23.5
19231101 19231130     6.2
19231201 19231231    41.2
19240101 19240131    23.9
19240201 19240229    52.8
19240301 19240331    23.8
19240401 19240430    14.1
19240501 19240531    21.9
19240601 19240630    64.4
19240701 19240731     8.2
19240801 19240831    35.0
19240901 19240930    47.9
19241001 19241031    47.7
19241101 19241130    97.3
19241201 19241231    10.2
19250101 19250131    13.1
19250201 19250228    16.0
19250301 19250331    26.0
19250401 19250430    15.0
19250501 19250531    73.1
19250601 19250630    17.1
19250701 19250731    33.5
19250801 19250831    11.2
19250901 19250930    51.2
19251001 19251031    11.1
19251101 19251130     6.1
19251201 19251231     1.3
19260101 19260131     0.0
19260201 19260228     3.7
19260301 19260331     8.4
19260401 19260430    72.8
19260501 19260531    63.4
19260601 19260630    32.5
19260701 19260731    35.0
19260801 19260831    42.5
19260901 19260930    45.1
19261001 19261031    24.8
19261101 19261130     3.0
19261201 19261231     8.6
19270101 19270131     7.8
19270201 19270228     7.3
19270301 19270331    13.0
19270401 19270430     0.0
19270501 19270531    27.6
19270601 19270630    12.3
19270701 19270731    41.2
19270801 19270831    35.4
19270901 19270930    23.3
19271001 19271031    14.7
19271101 19271130    22.5
19271201 19271231    14.4
19280101 19280131    26.8
19280201 19280229    53.9
19280301 19280331    21.8
19280401 19280430    31.1
19280501 19280531    21.8
19280601 19280630    36.1
19280701 19280731    25.3
19280801 19280831     6.8
19280901 19280930    30.0
19281001 19281031    57.7
19281101 19281130     0.0
19281201 19281231     6.8
19290101 19290131     4.2
19290201 19290228    19.0
19290301 19290331     9.4
19290401 19290430     3.7
19290501 19290531    18.9
19290601 19290630    25.3
19290701 19290731    13.8
19290801 19290831    26.6
19290901 19290930    13.0
19291001 19291031    12.6
19291101 19291130    15.3
19291201 19291231    41.9
19300101 19300131     0.0
19300201 19300228    12.1
19300301 19300331     5.0
19300401 19300430    19.5
19300501 19300531    46.1
19300601 19300630     3.2
19300701 19300731    47.1
19300801 19300831    48.0
19300901 19300930    20.1
19301001 19301031    97.9
19301101 19301130    19.7
19301201 19301231    66.8
19310101 19310131     3.7
19310201 19310228     0.0
19310301 19310331    18.4
19310401 19310430    37.0
19310501 19310531    49.7
19310601 19310630    78.2
19310701 19310731    25.2
19310801 19310831    35.1
19310901 19310930    39.6
19311001 19311031    12.9
19311101 19311130    22.1
19311201 19311231     6.5
19320101 19320131     5.1
19320201 19320229    95.9
19320301 19320331    34.7
19320401 19320430    39.8
19320501 19320531    25.7
19320601 19320630    52.5
19320701 19320731    43.8
19320801 19320831    55.9
19320901 19320930    18.0
19321001 19321031    25.1
19321101 19321130     4.1
19321201 19321231    25.2
19330101 19330131    41.6
19330201 19330228     0.5
19330301 19330331    11.9
19330401 19330430    12.1
19330501 19330531    58.4
19330601 19330630     7.8
19330701 19330731    33.8
19330801 19330831    38.1
19330901 19330930    30.9
19331001 19331031    19.0
19331101 19331130    59.2
19331201 19331231     7.0
19340101 19340131    14.7
19340201 19340228     7.3
19340301 19340331    11.0
19340401 19340430    31.1
19340501 19340531     0.0
19340601 19340630    11.7
19340701 19340731    37.0
19340801 19340831    32.1
19340901 19340930    30.9
19341001 19341031    84.2
19341101 19341130    34.9
19341201 19341231    11.0
19350101 19350131     6.5
19350201 19350228     0.0
19350301 19350331    16.0
19350401 19350430    22.1
19350501 19350531    24.0
19350601 19350630    21.6
19350701 19350731    38.9
19350801 19350831    34.6
19350901 19350930    28.7
19351001 19351031    48.0
19351101 19351130    10.3
19351201 19351231    13.6
19360101 19360131   187.3
19360201 19360229     4.4
19360301 19360331    17.6
19360401 19360430    26.7
19360501 19360531    26.0
19360601 19360630    29.8
19360701 19360731    93.6
19360801 19360831    25.1
19360901 19360930    11.6
19361001 19361031    42.7
19361101 19361130     9.9
19361201 19361231    52.4
19370101 19370131    35.8
19370201 19370228     9.2
19370301 19370331    24.1
19370401 19370430     3.8
19370501 19370531    14.1
19370601 19370630    33.0
19370701 19370731    25.5
19370801 19370831    53.9
19370901 19370930    18.7
19371001 19371031    48.0
19371101 19371130     9.0
19371201 19371231    63.6
19380101 19380131    30.3
19380201 19380228    31.5
19380301 19380331     0.5
19380401 19380430    53.6
19380501 19380531     4.9
19380601 19380630    24.4
19380701 19380731    50.7
19380801 19380831    16.3
19380901 19380930     2.1
19381001 19381031     1.0
19381101 19381130    15.0
19381201 19381231     1.3
19390101 19390131     6.5
19390201 19390228    47.9
19390301 19390331     1.0
19390401 19390430    15.2
19390501 19390531    28.3
19390601 19390630    32.2
19390701 19390731    16.2
19390801 19390831    48.6
19390901 19390930     9.8
19391001 19391031    10.9
19391101 19391130    53.1
19391201 19391231     1.9
19400101 19400131     8.2
19400201 19400229     2.4
19400301 19400331     3.9
19400401 19400430    93.8
19400501 19400531    10.4
19400601 19400630     7.1
19400701 19400731    24.8
19400801 19400831    11.7
19400901 19400930    39.8
19401001 19401031     6.6
19401101 19401130    13.2
19401201 19401231    22.0
19410101 19410131    37.6
19410201 19410228     2.1
19410301 19410331    30.9
19410401 19410430    18.1
19410501 19410531     6.5
19410601 19410630    72.3
19410701 19410731    46.2
19410801 19410831    17.4
19410901 19410930    60.5
19411001 19411031    60.1
19411101 19411130    17.9
19411201 19411231     6.1
19420101 19420131    19.6
19420201 19420228     2.6
19420301 19420331     2.6
19420401 19420430    44.8
19420501 19420531    53.5
19420601 19420630    40.1
19420701 19420731    43.4
19420801 19420831    51.2
19420901 19420930    33.3
19421001 19421031    23.4
19421101 19421130    17.0
19421201 19421231     8.2
19430101 19430131     3.7
19430201 19430228    26.7
19430301 19430331     3.7
19430401 19430430    23.1
19430501 19430531    11.0
19430601 19430630    30.5
19430701 19430731    23.8
19430801 19430831    41.3
19430901 19430930    26.5
19431001 19431031    43.8
19431101 19431130    27.9
19431201 19431231    13.1
19440101 19440131     6.8
19440201 19440229     2.6
19440301 19440331     3.7
19440401 19440430    17.0
19440501 19440531    28.8
19440601 19440630     3.2
19440701 19440731    20.4
19440801 19440831     2.2
19440901 19440930    11.7
19441001 19441031    27.8
19441101 19441130    19.2
19441201 19441231    26.2
19450101 19450131     4.5
19450201 19450228     8.8
19450301 19450331     1.3
19450401 19450430     0.8
19450501 19450531    33.3
19450601 19450630    46.1
19450701 19450731    23.8
19450801 19450831    26.9
19450901 19450930    27.9
19451001 19451031    38.0
19451101 19451130    24.9
19451201 19451231    23.9
19460101 19460131    26.4
19460201 19460228    85.1
19460301 19460331    30.0
19460401 19460430    10.5
19460501 19460531    16.8
19460601 19460630    29.9
19460701 19460731    32.3
19460801 19460831    26.8
19460901 19460930    10.8
19461001 19461031    11.9
19461101 19461130    26.3
19461201 19461231    35.7
19470101 19470131     0.5
19470201 19470228    63.0
19470301 19470331    47.2
19470401 19470430     9.2
19470501 19470531     3.8
19470601 19470630    21.8
19470701 19470731    35.7
19470801 19470831    55.0
19470901 19470930     3.0
19471001 19471031    47.0
19471101 19471130    22.6
19471201 19471231    31.7
19480101 19480131     0.0
19480201 19480229     3.0
19480301 19480331     0.0
19480401 19480430    45.2
19480501 19480531    13.5
19480601 19480630    34.5
19480701 19480731    23.7
19480801 19480831    20.9
19480901 19480930     5.4
19481001 19481031    74.0
19481101 19481130    21.6
19481201 19481231    12.4
19490101 19490131    10.7
19490201 19490228    16.6
19490301 19490331     4.1
19490401 19490430     0.0
19490501 19490531    37.1
19490601 19490630     4.1
19490701 19490731    13.4
19490801 19490831     4.6
19490901 19490930    39.4
19491001 19491031    60.9
19491101 19491130    34.6
19491201 19491231     0.0
19500101 19500131     0.0
19500201 19500228    81.1
19500301 19500331    66.9
19500401 19500430     5.1
19500501 19500531    43.8
19500601 19500630    16.8
19500701 19500731    18.5
19500801 19500831    35.7
19500901 19500930    32.5
19501001 19501031    23.9
19501101 19501130    15.7
19501201 19501231    12.9
19510101 19510131     0.0
19510201 19510228     1.0
19510301 19510331     0.0
19510401 19510430     4.0
19510501 19510531    31.4
19510601 19510630    68.3
19510701 19510731    39.6
19510801 19510831    50.4
19510901 19510930     8.2
19511001 19511031    39.2
19511101 19511130     0.0
19511201 19511231    18.3
19520101 19520131    84.4
19520201 19520229    10.2
19520301 19520331    23.9
19520401 19520430    11.9
19520501 19520531    43.5
19520601 19520630    43.1
19520701 19520731    17.4
19520801 19520831    23.0
19520901 19520930     8.9
19521001 19521031    19.9
19521101 19521130    45.2
19521201 19521231     6.9
19530101 19530131    15.5
19530201 19530228     0.0
19530301 19530331     0.0
19530401 19530430     7.4
19530501 19530531     6.9
19530601 19530630    40.6
19530701 19530731    31.0
19530801 19530831    31.0
19530901 19530930    18.8
19531001 19531031    36.0
19531101 19531130    32.8
19531201 19531231    14.8
19540101 19540131    21.9
19540201 19540228     0.0
19540301 19540331     1.5
19540401 19540430    88.2
19540501 19540531    21.1
19540601 19540630     9.0
19540701 19540731    20.6
19540801 19540831    35.1
19540901 19540930    12.2
19541001 19541031    39.3
19541101 19541130    39.5
19541201 19541231    43.7
19550101 19550131    28.5
19550201 19550228    80.8
19550301 19550331    50.7
19550401 19550430     0.5
19550501 19550531    51.4
19550601 19550630    77.1
19550701 19550731    16.5
19550801 19550831    36.2
19550901 19550930    46.5
19551001 19551031    21.0
19551101 19551130    27.5
19551201 19551231     9.9
19560101 19560131     0.0
19560201 19560229     2.8
19560301 19560331    55.6
19560401 19560430     9.6
19560501 19560531    94.9
19560601 19560630    32.8
19560701 19560731   100.0
19560801 19560831    22.7
19560901 19560930    32.5
19561001 19561031    64.8
19561101 19561130    31.7
19561201 19561231     0.5
19570101 19570131     0.0
19570201 19570228    26.2
19570301 19570331    13.4
19570401 19570430     4.8
19570501 19570531     6.3
19570601 19570630    35.1
19570701 19570731     1.3
19570801 19570831    24.6
19570901 19570930     3.0
19571001 19571031    15.5
19571101 19571130    10.9
19571201 19571231     1.3
19580101 19580131    21.8
19580201 19580228     0.0
19580301 19580331     6.1
19580401 19580430     7.6
19580501 19580531    24.9
19580601 19580630     3.0
19580701 19580731    35.3
19580801 19580831    45.4
19580901 19580930    19.0
19581001 19581031    38.0
19581101 19581130    46.0
19581201 19581231     0.0
19590101 19590131     3.0
19590201 19590228    36.3
19590301 19590331    26.2
19590401 19590430     2.5
19590501 19590531    23.9
19590601 19590630     1.0
19590701 19590731     6.8
19590801 19590831    16.8
19590901 19590930    20.8
19591001 19591031    41.5
19591101 19591130     9.9
19591201 19591231     4.6
19600101 19600131    26.1
19600201 19600229    28.4
19600301 19600331     0.0
19600401 19600430    39.7
19600501 19600531    54.7
19600601 19600630    24.1
19600701 19600731    49.4
19600801 19600831    22.8
19600901 19600930    48.3
19601001 19601031     6.1
19601101 19601130    44.7
19601201 19601231     2.0
19610101 19610131     0.0
19610201 19610228    13.7
19610301 19610331     7.4
19610401 19610430    92.8
19610501 19610531     4.3
19610601 19610630    22.8
19610701 19610731    47.0
19610801 19610831    21.6
19610901 19610930    37.6
19611001 19611031    12.2
19611101 19611130    57.9
19611201 19611231    26.1
19620101 19620131    22.8
19620201 19620228     0.0
19620301 19620331    11.9
19620401 19620430     3.6
19620501 19620531    32.4
19620601 19620630    22.6
19620701 19620731    13.8
19620801 19620831    34.2
19620901 19620930    31.1
19621001 19621031    26.0
19621101 19621130    11.4
19621201 19621231    73.2
19630101 19630131    43.4
19630201 19630228     2.0
19630301 19630331     5.1
19630401 19630430    18.1
19630501 19630531    69.7
19630601 19630630    46.3
19630701 19630731    48.5
19630801 19630831    39.3
19630901 19630930    44.8
19631001 19631031    18.8
19631101 19631130     9.7
19631201 19631231    29.3
19640101 19640131    13.5
19640201 19640229     2.8
19640301 19640331     0.8
19640401 19640430    30.7
19640501 19640531    17.3
19640601 19640630    10.1
19640701 19640731    35.4
19640801 19640831    15.5
19640901 19640930   104.9
19641001 19641031    46.9
19641101 19641130    17.1
19641201 19641231    34.0
19650101 19650131     0.0
19650201 19650228     0.5
19650301 19650331     4.6
19650401 19650430    17.0
19650501 19650531    30.2
19650601 19650630    19.1
19650701 19650731    43.2
19650801 19650831    51.4
19650901 19650930    22.6
19651001 19651031     1.0
19651101 19651130    40.9
19651201 19651231    12.2
19660101 19660131    34.3
19660201 19660228    31.7
19660301 19660331     2.5
19660401 19660430     3.8
19660501 19660531    28.0
19660601 19660630    12.2
19660701 19660731    64.2
19660801 19660831     7.9
19660901 19660930    24.7
19661001 19661031    48.0
19661101 19661130     9.8
19661201 19661231    95.8
19670101 19670131     2.5
19670201 19670228    30.2
19670301 19670331     0.0
19670401 19670430     0.8
19670501 19670531    17.3
19670601 19670630     7.6
19670701 19670731    18.2
19670801 19670831    24.7
19670901 19670930    19.3
19671001 19671031     6.6
19671101 19671130     0.0
19671201 19671231    10.6
19680101 19680131     5.1
19680201 19680229    13.2
19680301 19680331    36.0
19680401 19680430    24.5
19680501 19680531    53.7
19680601 19680630    36.5
19680701 19680731    34.8
19680801 19680831    49.6
19680901 19680930    14.4
19681001 19681031    40.6
19681101 19681130    18.3
19681201 19681231    21.8
19690101 19690131     0.0
19690201 19690228   117.3
19690301 19690331    51.1
19690401 19690430     4.3
19690501 19690531    50.3
19690601 19690630     7.6
19690701 19690731    41.8
19690801 19690831    16.5
19690901 19690930    17.7
19691001 19691031     5.8
19691101 19691130    35.9
19691201 19691231     9.3
19700101 19700131    16.7
19700201 19700228     3.0
19700301 19700331     5.6
19700401 19700430    84.0
19700501 19700531     8.8
19700601 19700630    26.2
19700701 19700731     1.5
19700801 19700831    39.4
19700901 19700930    40.6
19701001 19701031    10.9
19701101 19701130    61.3
19701201 19701231    10.4
19710101 19710131     1.0
19710201 19710228     8.6
19710301 19710331    32.8
19710401 19710430    77.6
19710501 19710531    36.3
19710601 19710630    28.2
19710701 19710731    14.7
19710801 19710831    29.5
19710901 19710930    37.3
19711001 19711031    10.1
19711101 19711130    40.3
19711201 19711231    11.2
19720101 19720131    21.8
19720201 19720229    22.2
19720301 19720331     0.0
19720401 19720430    19.8
19720501 19720531    12.1
19720601 19720630     4.0
19720701 19720731    13.5
19720801 19720831    35.6
19720901 19720930    11.2
19721001 19721031    11.5
19721101 19721130    27.2
19721201 19721231     9.1
19730101 19730131     5.6
19730201 19730228    89.7
19730301 19730331    24.3
19730401 19730430    45.4
19730501 19730531    29.6
19730601 19730630    43.0
19730701 19730731    40.1
19730801 19730831    51.1
19730901 19730930    31.0
19731001 19731031   108.2
19731101 19731130    28.4
19731201 19731231    39.6
19740101 19740131    90.6
19740201 19740228    23.2
19740301 19740331    38.0
19740401 19740430    89.2
19740501 19740531    27.6
19740601 19740630    13.0
19740701 19740731    33.4
19740801 19740831    23.9
19740901 19740930    56.0
19741001 19741031    58.4
19741101 19741130    15.2
19741201 19741231     7.0
19750101 19750131     0.0
19750201 19750228     0.0
19750301 19750331     9.2
19750401 19750430     7.2
19750501 19750531    14.2
19750601 19750630     4.8
19750701 19750731    27.4
19750801 19750831    13.2
19750901 19750930    75.4
19751001 19751031   113.6
19751101 19751130    12.3
19751201 19751231    24.5
19760101 19760131     6.2
19760201 19760229    19.1
19760301 19760331     1.2
19760401 19760430    22.8
19760501 19760531     8.8
19760601 19760630    15.0
19760701 19760731    47.4
19760801 19760831    15.0
19760901 19760930    34.4
19761001 19761031    51.4
19761101 19761130    27.0
19761201 19761231     8.0
19770101 19770131    19.8
19770201 19770228     2.0
19770301 19770331     8.2
19770401 19770430     0.0
19770501 19770531    30.2
19770601 19770630    31.4
19770701 19770731     5.4
19770801 19770831     3.0
19770901 19770930     5.0
19771001 19771031    16.6
19771101 19771130    28.2
19771201 19771231     8.6
19780101 19780131    20.0
19780201 19780228     4.8
19780301 19780331    31.2
19780401 19780430    10.2
19780501 19780531    23.7
19780601 19780630    47.1
19780701 19780731    86.9
19780801 19780831    58.8
19780901 19780930    32.8
19781001 19781031    38.2
19781101 19781130    52.2
19781201 19781231     1.1
19790101 19790131    71.0
19790201 19790228    44.0
19790301 19790331     9.6
19790401 19790430    25.2
19790501 19790531    63.9
19790601 19790630    11.0
19790701 19790731     4.6
19790801 19790831    27.2
19790901 19790930    56.5
19791001 19791031    40.0
19791101 19791130    31.0
19791201 19791231     2.6
19800101 19800131     0.0
19800201 19800229     0.0
19800301 19800331     0.0
19800401 19800430    39.0
19800501 19800531    15.2
19800601 19800630    46.6
19800701 19800731    32.0
19800801 19800831    13.0
19800901 19800930     4.0
19801001 19801031    48.6
19801101 19801130     6.2
19801201 19801231     2.0
19810101 19810131     4.2
19810201 19810228    34.8
19810301 19810331     0.0
19810401 19810430     0.0
19810501 19810531    32.4
19810601 19810630    64.6
19810701 19810731    59.1
19810801 19810831    49.8
19810901 19810930    13.4
19811001 19811031    36.4
19811101 19811130    33.0
19811201 19811231     4.6
19820101 19820131    12.2
19820201 19820228    18.2
19820301 19820331    16.3
19820401 19820430    12.6
19820501 19820531    11.2
19820601 19820630    22.2
19820701 19820731     0.0
19820801 19820831    11.8
19820901 19820930     5.8
19821001 19821031     5.8
19821101 19821130     0.6
19821201 19821231     1.0
19830101 19830131     0.6
19830201 19830228     5.0
19830301 19830331    91.6
19830401 19830430    24.8
19830501 19830531    29.6
19830601 19830630     9.8
19830701 19830731    33.0
19830801 19830831    39.6
19830901 19830930    38.4
19831001 19831031    21.6
19831101 19831130    30.6
19831201 19831231    45.7
19840101 19840131    55.2
19840201 19840229     3.4
19840301 19840331    30.0
19840401 19840430     1.8
19840501 19840531    14.6
19840601 19840630     3.2
19840701 19840731    23.6
19840801 19840831    52.4
19840901 19840930    13.0
19841001 19841031     6.8
19841101 19841130    40.2
19841201 19841231     3.0
19850101 19850131    10.4
19850201 19850228     0.0
19850301 19850331     7.8
19850401 19850430     9.0
19850501 19850531    24.6
19850601 19850630    15.0
19850701 19850731     4.8
19850801 19850831    53.4
19850901 19850930     8.8
19851001 19851031    56.3
19851101 19851130    15.4
19851201 19851231    30.9
19860101 19860131     0.0
19860201 19860228     0.0
19860301 19860331     0.0
19860401 19860430    16.3
19860501 19860531    16.8
19860601 19860630     9.8
19860701 19860731    48.8
19860801 19860831    67.8
19860901 19860930    36.4
19861001 19861031    46.0
19861101 19861130     0.0
19861201 19861231    33.0
19870101 19870131    21.2
19870201 19870228    59.1
19870301 19870331    19.0
19870401 19870430    17.0
19870501 19870531    27.6
19870601 19870630    55.0
19870701 19870731    24.2
19870801 19870831    22.1
19870901 19870930     0.0
19871001 19871031    39.7
19871101 19871130     0.0
19871201 19871231    63.2
19880101 19880131    23.8
19880201 19880229    10.8
19880301 19880331     4.0
19880401 19880430     6.0
19880501 19880531    59.3
19880601 19880630    28.6
19880701 19880731    18.7
19880801 19880831     8.1
19880901 19880930    35.7
19881001 19881031    16.0
19881101 19881130    62.0
19881201 19881231    11.6
19890101 19890131     3.8
19890201 19890228     2.0
19890301 19890331    32.0
19890401 19890430     5.8
19890501 19890531    37.0
19890601 19890630    36.7
19890701 19890731    37.6
19890801 19890831    30.0
19890901 19890930    17.0
19891001 19891031     2.8
19891101 19891130     4.4
19891201 19891231     1.8
19900101 19900131    11.8
19900201 19900228    31.0
19900301 19900331     6.0
19900401 19900430    15.8
19900501 19900531    13.4
19900601 19900630    24.7
19900701 19900731    32.7
19900801 19900831    40.5
19900901 19900930    22.6
19901001 19901031     3.6
19901101 19901130    14.6
19901201 19901231     6.0
19910101 19910131    26.0
19910201 19910228     0.0
19910301 19910331     4.0
19910401 19910430    15.4
19910501 19910531     0.0
19910601 19910630    56.6
19910701 19910731    62.4
19910801 19910831    43.1
19910901 19910930    25.4
19911001 19911031     0.0
19911101 19911130    16.6
19911201 19911231     0.0
19920101 19920131     5.0
19920201 19920229    21.6
19920301 19920331     0.0
19920401 19920430    32.3
19920501 19920531    72.8
19920601 19920630     9.8
19920701 19920731    12.2
19920801 19920831    57.5
19920901 19920930    81.9
19921001 19921031    57.2
19921101 19921130    37.6
19921201 19921231    65.4
19930101 19930131    43.9
19930201 19930228     6.8
19930301 19930331    20.4
19930401 19930430     0.0
19930501 19930531    14.1
19930601 19930630    10.5
19930701 19930731    47.7
19930801 19930831    12.0
19930901 19930930    77.1
19931001 19931031    31.8
19931101 19931130    41.8
19931201 19931231    26.9
19940101 19940131     5.0
19940201 19940228    18.8
19940301 19940331     0.0
19940401 19940430     0.0
19940501 19940531     4.4
19940601 19940630    57.5
19940701 19940731    21.3
19940801 19940831     5.4
19940901 19940930    16.2
19941001 19941031     5.6
19941101 19941130    13.0
19941201 19941231     0.0
19950101 19950131    23.4
19950201 19950228    33.6
19950301 19950331     0.0
19950401 19950430    15.0
19950501 19950531    57.2
19950601 19950630    48.7
19950701 19950731    71.2
19950801 19950831     8.0
19950901 19950930    17.8
19951001 19951031    48.6
19951101 19951130     2.6
19951201 19951231     8.4
19960101 19960131    23.8
19960201 19960229    18.2
19960301 19960331    49.4
19960401 19960430     6.4
19960501 19960531     6.4
19960601 19960630    44.7
19960701 19960731    50.2
19960801 19960831    41.6
19960901 19960930    37.5
19961001 19961031    13.3
19961101 19961130     0.0
19961201 19961231    16.2
19970101 19970131    38.8
19970201 19970228    15.8
19970301 19970331     0.0
19970401 19970430     0.0
19970501 19970531    23.8
19970601 19970630    12.0
19970701 19970731     8.2
19970801 19970831    25.2
19970901 19970930    51.5
19971001 19971031    27.0
19971101 19971130    14.0
19971201 19971231    14.6
19980101 19980131     4.0
19980201 19980228    48.0
19980301 19980331     5.6
19980401 19980430    39.9
19980501 19980531     6.5
19980601 19980630    18.4
19980701 19980731    34.8
19980801 19980831    10.6
19980901 19980930    32.8
19981001 19981031    26.9
19981101 19981130    84.6
19981201 19981231    12.6
19990101 19990131    11.5
19990201 19990228    14.5
19990301 19990331    26.0
19990401 19990430     0.0
19990501 19990531    38.0
19990601 19990630    30.3
19990701 19990731    42.5
19990801 19990831     0.0
19990901 19990930     8.5
19991001 19991031    25.5
19991101 19991130    36.9
19991201 19991231    42.3
20000101 20000131     2.5
20000201 20000229   117.8
20000301 20000331     8.0
20000401 20000430    61.8
20000501 20000531    17.8
20000601 20000630     1.6
20000701 20000731    39.4
20000801 20000831    32.7
20000901 20000930    38.4
20001001 20001031    37.4
20001101 20001130    55.7
20001201 20001231    27.0
20010101 20010131     0.0
20010201 20010228     7.5
20010301 20010331     8.0
20010401 20010430     5.6
20010501 20010531    16.8
20010601 20010630    32.0
20010701 20010731    23.4
20010801 20010831    22.9
20010901 20010930    35.4
20011001 20011031    41.6
20011101 20011130    13.6
20011201 20011231     0.0
20020101 20020131    13.8
20020201 20020228    17.0
20020301 20020331     2.8
20020401 20020430     9.6
20020501 20020531    24.0
20020601 20020630    28.8
20020701 20020731    14.4
20020801 20020831    14.0
20020901 20020930    16.4
20021001 20021031     5.6
20021101 20021130    20.4
20021201 20021231     8.4
20030101 20030131     0.0
20030201 20030228    45.0
20030301 20030331     5.5
20030401 20030430     5.5
20030501 20030531    43.2
20030601 20030630    28.3
20030701 20030731    34.5
20030801 20030831    32.4
20030901 20030930    22.8
20031001 20031031    30.6
20031101 20031130     9.0
20031201 20031231    53.4
20040101 20040131     3.2
20040201 20040229     0.0
20040301 20040331     3.4
20040401 20040430     1.0
20040501 20040531    14.8
20040601 20040630    25.4
20040701 20040731    25.9
20040801 20040831    38.3
20040901 20040930    22.0
20041001 20041031     5.4
20041101 20041130    26.8
20041201 20041231    74.2
20050101 20050131    32.0
20050201 20050228     5.0
20050301 20050331     8.0
20050401 20050430     7.0
20050501 20050531     1.2
20050601 20050630    51.6
20050701 20050731    29.2
20050801 20050831    29.8
20050901 20050930    32.7
20051001 20051031    74.8
20051101 20051130    19.2
20051201 20051231    13.2
20060101 20060131    10.0
20060201 20060228    13.5
20060301 20060331     7.9
20060401 20060430    52.2
20060501 20060531    16.2
20060601 20060630     3.4
20060701 20060731    23.0
20060801 20060831     2.6
20060901 20060930     1.8
20061001 20061031     0.0
20061101 20061130    19.0
20061201 20061231     0.0
20070101 20070131    68.9
20070201 20070228     0.0
20070301 20070331    14.6
20070401 20070430    68.5
20070501 20070531    34.1
20070601 20070630    10.0
20070701 20070731    38.8
20070801 20070831     1.3
20070901 20070930     3.8
20071001 20071031     2.0
20071101 20071130    35.8
20071201 20071231    16.8
20080101 20080131    26.0
20080201 20080229     0.0
20080301 20080331     0.0
20080401 20080430     9.4
20080501 20080531    27.4
20080601 20080630    19.0
20080701 20080731    30.3
20080801 20080831    21.1
20080901 20080930    13.9
20081001 20081031     9.8
20081101 20081130    21.6
20081201 20081231    46.7
20090101 20090131     0.0
20090201 20090228     0.0
20090301 20090331     4.0
20090401 20090430    32.6
20090501 20090531    27.8
20090601 20090630    40.2
20090701 20090731    30.6
20090801 20090831    23.0
20090901 20090930    57.0
20091001 20091031    16.8
20091101 20091130    74.0
20091201 20091231    33.5
20100101 20100131     9.0
20100201 20100228     9.7
20100301 20100331    45.8
20100401 20100430    25.4
20100501 20100531    29.2
20100601 20100630    13.0
20100701 20100731    20.3
20100801 20100831    45.6
20100901 20100930    38.7
20101001 20101031    38.5
20101101 20101130    37.5
20101201 20101231    90.5
20110101 20110131   108.0
20110201 20110228    34.5
20110301 20110331    45.2
20110401 20110430    15.1
20110501 20110531     9.0
20110601 20110630     6.5
20110701 20110731     9.6
20110801 20110831    29.3
20110901 20110930    12.1
20111001 20111031    30.1
20111101 20111130    47.4
20111201 20111231    27.5
20120101 20120131    15.8
20120201 20120229     3.0
20120301 20120331    45.6
20120401 20120430     6.4
20120501 20120531     4.0
20120601 20120630    18.0
20120701 20120731    35.1
20120801 20120831    17.0
20120901 20120930     5.4
20121001 20121031    10.9
20121101 20121130     3.4
20121201 20121231    11.0
20130101 20130131     4.5
20130201 20130228    28.2
20130301 20130331     0.0
20130401 20130430    15.2
20130501 20130531    24.4
20130601 20130630    39.1
20130701 20130731    38.0
20130801 20130831    18.0
20130901 20130930    19.6
20131001 20131031    19.4
20131101 20131130    10.2
20131201 20131231     6.8
20140101 20140131     4.6
20140201 20140228    50.0
20140301 20140331    13.0
20140401 20140430    83.0
20140501 20140531    17.0
20140601 20140630 99999.9
20140701 20140731    23.1
20140801 20140831     6.0
20140901 20140930    15.4
20141001 20141031     0.4
20141101 20141130    23.3
20141201 20141231    25.8
20150101 20150131    40.3
20150201 20150228     0.0
20150301 20150331     0.0
20150401 20150430    51.9
20150501 20150531    14.4
20150601 20150630    12.9
20150701 20150731    24.4
20150801 20150831    16.3
20150901 20150930    18.6
20151001 20151031    13.4
20151101 20151130    24.8
20151201 20151231     0.0
20160101 20160131    14.2
20160201 20160229     0.0
20160301 20160331     4.4
20160401 20160430     0.0
20160501 20160531    47.1
20160601 20160630    28.6
20160701 20160731    39.2
20160801 20160831    37.1
20160901 20160930   113.8
20161001 20161031    26.9
20161101 20161130    26.2
20161201 20161231 99999.9
20170101 20170131 99999.9
20170201 20170228 99999.9
20170301 20170331 99999.9
20170401 20170430 99999.9
20170501 20170531    34.7
20170601 20170630     7.1
20170701 20170731    21.2
