PRCP       086131 18630101 20180131 missing_value=99999.9 YAN YEAN                                  
18630101 18630131    68.1
18630201 18630228    68.8
18630301 18630331   106.7
18630401 18630430    10.2
18630501 18630531    53.6
18630601 18630630    34.5
18630701 18630731    34.8
18630801 18630831    88.6
18630901 18630930    63.5
18631001 18631031   104.4
18631101 18631130    66.0
18631201 18631231   134.6
18640101 18640131    70.4
18640201 18640229    48.5
18640301 18640331    38.1
18640401 18640430   115.3
18640501 18640531    29.5
18640601 18640630    44.7
18640701 18640731   104.4
18640801 18640831    68.6
18640901 18640930    59.4
18641001 18641031   107.7
18641101 18641130    27.9
18641201 18641231    57.7
18650101 18650131    12.7
18650201 18650228    12.4
18650301 18650331    54.1
18650401 18650430    29.5
18650501 18650531    45.2
18650601 18650630    53.3
18650701 18650731    59.9
18650801 18650831    41.4
18650901 18650930    63.5
18651001 18651031    17.0
18651101 18651130    25.9
18651201 18651231    66.0
18660101 18660131    34.0
18660201 18660228    10.7
18660301 18660331    15.0
18660401 18660430    33.0
18660501 18660531    90.2
18660601 18660630    33.5
18660701 18660731    61.0
18660801 18660831    79.5
18660901 18660930    46.5
18661001 18661031    45.0
18661101 18661130    65.5
18661201 18661231     9.4
18670101 18670131    45.5
18670201 18670228    51.6
18670301 18670331    27.7
18670401 18670430    48.3
18670501 18670531    47.8
18670601 18670630    31.2
18670701 18670731    57.9
18670801 18670831    54.4
18670901 18670930   101.3
18671001 18671031    66.5
18671101 18671130    18.8
18671201 18671231    84.1
18680101 18680131    69.1
18680201 18680229    26.7
18680301 18680331    24.1
18680401 18680430    19.8
18680501 18680531    27.7
18680601 18680630    37.3
18680701 18680731    38.6
18680801 18680831    35.6
18680901 18680930    43.7
18681001 18681031    28.4
18681101 18681130    74.7
18681201 18681231    33.3
18690101 18690131    36.3
18690201 18690228    17.5
18690301 18690331    43.9
18690401 18690430    35.8
18690501 18690531    50.0
18690601 18690630    55.4
18690701 18690731    34.5
18690801 18690831    30.7
18690901 18690930    54.1
18691001 18691031   104.6
18691101 18691130    43.2
18691201 18691231    36.3
18700101 18700131    67.6
18700201 18700228     1.8
18700301 18700331    20.3
18700401 18700430    53.8
18700501 18700531    77.0
18700601 18700630    75.7
18700701 18700731    45.0
18700801 18700831    68.1
18700901 18700930   114.3
18701001 18701031    88.6
18701101 18701130    53.1
18701201 18701231    46.7
18710101 18710131    46.0
18710201 18710228    69.6
18710301 18710331    42.7
18710401 18710430    34.0
18710501 18710531    54.6
18710601 18710630    54.6
18710701 18710731    35.3
18710801 18710831    58.7
18710901 18710930    87.6
18711001 18711031    91.9
18711101 18711130    91.9
18711201 18711231    55.4
18720101 18720131   141.5
18720201 18720229    30.7
18720301 18720331    36.8
18720401 18720430    58.4
18720501 18720531    79.5
18720601 18720630    93.7
18720701 18720731   114.8
18720801 18720831   136.9
18720901 18720930    34.0
18721001 18721031   107.7
18721101 18721130   160.5
18721201 18721231    54.1
18730101 18730131    31.5
18730201 18730228   135.9
18730301 18730331    32.3
18730401 18730430    54.4
18730501 18730531     7.4
18730601 18730630   108.5
18730701 18730731    28.2
18730801 18730831    45.5
18730901 18730930    50.8
18731001 18731031    57.2
18731101 18731130    50.8
18731201 18731231    16.3
18740101 18740131    60.2
18740201 18740228    14.2
18740301 18740331   146.3
18740401 18740430    43.7
18740501 18740531    61.7
18740601 18740630    39.4
18740701 18740731    47.2
18740801 18740831    42.2
18740901 18740930    57.4
18741001 18741031    40.4
18741101 18741130    49.5
18741201 18741231    50.8
18750101 18750131    15.5
18750201 18750228   105.2
18750301 18750331    27.7
18750401 18750430    89.9
18750501 18750531    67.3
18750601 18750630    68.1
18750701 18750731    47.0
18750801 18750831    67.6
18750901 18750930    62.7
18751001 18751031    82.8
18751101 18751130    52.3
18751201 18751231   103.6
18760101 18760131    50.3
18760201 18760229     5.1
18760301 18760331    73.7
18760401 18760430    21.1
18760501 18760531    50.3
18760601 18760630    23.9
18760701 18760731    29.2
18760801 18760831    47.5
18760901 18760930    39.1
18761001 18761031    59.9
18761101 18761130    83.6
18761201 18761231    30.7
18770101 18770131     5.4
18770201 18770228    68.0
18770301 18770331    23.4
18770401 18770430    56.7
18770501 18770531   109.1
18770601 18770630    31.0
18770701 18770731    40.1
18770801 18770831    29.5
18770901 18770930    71.7
18771001 18771031    22.8
18771101 18771130    18.5
18771201 18771231    31.2
18780101 18780131     0.0
18780201 18780228   160.1
18780301 18780331   158.9
18780401 18780430    68.7
18780501 18780531    24.6
18780601 18780630    78.0
18780701 18780731    24.2
18780801 18780831    53.2
18780901 18780930    55.9
18781001 18781031    27.4
18781101 18781130    22.8
18781201 18781231     6.1
18790101 18790131    29.1
18790201 18790228    22.5
18790301 18790331    19.8
18790401 18790430    35.7
18790501 18790531    44.5
18790601 18790630    31.0
18790701 18790731    33.1
18790801 18790831    51.6
18790901 18790930    42.8
18791001 18791031   108.1
18791101 18791130    66.5
18791201 18791231    30.7
18800101 18800131    13.5
18800201 18800229    60.7
18800301 18800331   110.6
18800401 18800430    83.9
18800501 18800531    44.3
18800601 18800630    71.2
18800701 18800731    15.7
18800801 18800831    67.8
18800901 18800930    89.8
18801001 18801031    60.4
18801101 18801130    27.8
18801201 18801231    31.6
18810101 18810131    22.1
18810201 18810228     8.5
18810301 18810331    71.8
18810401 18810430    24.8
18810501 18810531    21.1
18810601 18810630    92.6
18810701 18810731    21.0
18810801 18810831    59.5
18810901 18810930    32.5
18811001 18811031    78.7
18811101 18811130   105.7
18811201 18811231    59.8
18820101 18820131     9.1
18820201 18820228     6.1
18820301 18820331    18.4
18820401 18820430    52.0
18820501 18820531    70.6
18820601 18820630    50.5
18820701 18820731    50.5
18820801 18820831    66.3
18820901 18820930    42.0
18821001 18821031    54.3
18821101 18821130    70.8
18821201 18821231    74.1
18830101 18830131    11.1
18830201 18830228    24.9
18830301 18830331    92.2
18830401 18830430    29.7
18830501 18830531    36.6
18830601 18830630    28.1
18830701 18830731    57.8
18830801 18830831    35.8
18830901 18830930    64.7
18831001 18831031    89.3
18831101 18831130    82.5
18831201 18831231    40.1
18840101 18840131    95.9
18840201 18840229    39.6
18840301 18840331    36.0
18840401 18840430    18.4
18840501 18840531    36.8
18840601 18840630    24.5
18840701 18840731    21.7
18840801 18840831    49.7
18840901 18840930    46.5
18841001 18841031    88.6
18841101 18841130    52.7
18841201 18841231    69.8
18850101 18850131    16.3
18850201 18850228    54.5
18850301 18850331    46.6
18850401 18850430    68.3
18850501 18850531    31.8
18850601 18850630    78.2
18850701 18850731    33.1
18850801 18850831    33.9
18850901 18850930    90.9
18851001 18851031    92.4
18851101 18851130    87.3
18851201 18851231    56.1
18860101 18860131   100.2
18860201 18860228    48.8
18860301 18860331    49.5
18860401 18860430    27.1
18860501 18860531    33.8
18860601 18860630    26.5
18860701 18860731    34.8
18860801 18860831    53.6
18860901 18860930    53.5
18861001 18861031    79.2
18861101 18861130    55.2
18861201 18861231    78.2
18870101 18870131    22.8
18870201 18870228    41.2
18870301 18870331    28.9
18870401 18870430    86.5
18870501 18870531    81.5
18870601 18870630    79.6
18870701 18870731    66.3
18870801 18870831    40.0
18870901 18870930    59.5
18871001 18871031    73.0
18871101 18871130   184.7
18871201 18871231    85.8
18880101 18880131    52.5
18880201 18880229    17.5
18880301 18880331    41.5
18880401 18880430    20.3
18880501 18880531    81.6
18880601 18880630    40.9
18880701 18880731    32.7
18880801 18880831    46.0
18880901 18880930    42.2
18881001 18881031    65.2
18881101 18881130    24.1
18881201 18881231    56.1
18890101 18890131    87.4
18890201 18890228   100.4
18890301 18890331     3.8
18890401 18890430    97.4
18890501 18890531    57.8
18890601 18890630    70.1
18890701 18890731    66.0
18890801 18890831    85.0
18890901 18890930    51.4
18891001 18891031    79.2
18891101 18891130    63.8
18891201 18891231    37.1
18900101 18900131    21.1
18900201 18900228    21.1
18900301 18900331    67.5
18900401 18900430    37.0
18900501 18900531    67.3
18900601 18900630    82.7
18900701 18900731    63.7
18900801 18900831    53.9
18900901 18900930    85.7
18901001 18901031    55.6
18901101 18901130    87.4
18901201 18901231    38.4
18910101 18910131    19.0
18910201 18910228     1.8
18910301 18910331    62.8
18910401 18910430    46.2
18910501 18910531    34.2
18910601 18910630    83.9
18910701 18910731   146.8
18910801 18910831    39.6
18910901 18910930    51.3
18911001 18911031    35.1
18911101 18911130    65.0
18911201 18911231    49.6
18920101 18920131    15.2
18920201 18920229    12.7
18920301 18920331    31.5
18920401 18920430   113.6
18920501 18920531    46.0
18920601 18920630    39.9
18920701 18920731    57.7
18920801 18920831    53.1
18920901 18920930    65.8
18921001 18921031    57.6
18921101 18921130    87.1
18921201 18921231    23.7
18930101 18930131    28.2
18930201 18930228     4.1
18930301 18930331    28.9
18930401 18930430    36.5
18930501 18930531    82.1
18930601 18930630    51.4
18930701 18930731    47.7
18930801 18930831    46.7
18930901 18930930   101.5
18931001 18931031    58.0
18931101 18931130    64.3
18931201 18931231    88.7
18940101 18940131    15.5
18940201 18940228    17.8
18940301 18940331    19.4
18940401 18940430    60.2
18940501 18940531    64.3
18940601 18940630    39.7
18940701 18940731    69.3
18940801 18940831    75.7
18940901 18940930    65.5
18941001 18941031   100.0
18941101 18941130    15.2
18941201 18941231    67.2
18950101 18950131    37.4
18950201 18950228    24.4
18950301 18950331    41.2
18950401 18950430    37.8
18950501 18950531    19.0
18950601 18950630    52.3
18950701 18950731    46.1
18950801 18950831    35.8
18950901 18950930    50.1
18951001 18951031    14.0
18951101 18951130     8.3
18951201 18951231    51.1
18960101 18960131    50.5
18960201 18960229    52.3
18960301 18960331    18.7
18960401 18960430    58.4
18960501 18960531    53.6
18960601 18960630    59.2
18960701 18960731    45.6
18960801 18960831   100.9
18960901 18960930    37.0
18961001 18961031    26.2
18961101 18961130    15.5
18961201 18961231    21.6
18970101 18970131   123.9
18970201 18970228    84.3
18970301 18970331    30.4
18970401 18970430    21.9
18970501 18970531    38.7
18970601 18970630    29.0
18970701 18970731    47.8
18970801 18970831    50.8
18970901 18970930    52.8
18971001 18971031    39.4
18971101 18971130    23.6
18971201 18971231    21.2
18980101 18980131     1.8
18980201 18980228    22.3
18980301 18980331     7.4
18980401 18980430    50.1
18980501 18980531    44.7
18980601 18980630    60.0
18980701 18980731    40.3
18980801 18980831    35.8
18980901 18980930    48.9
18981001 18981031    22.2
18981101 18981130    22.0
18981201 18981231    38.2
18990101 18990131    58.4
18990201 18990228    30.5
18990301 18990331    76.9
18990401 18990430    59.4
18990501 18990531    48.3
18990601 18990630    76.1
18990701 18990731    25.1
18990801 18990831    63.0
18990901 18990930    45.4
18991001 18991031    66.5
18991101 18991130    45.6
18991201 18991231    31.0
19000101 19000131    45.3
19000201 19000228     8.1
19000301 19000331   111.7
19000401 19000430    82.9
19000501 19000531    83.3
19000601 19000630    38.2
19000701 19000731    19.6
19000801 19000831    58.8
19000901 19000930    76.5
19001001 19001031    36.0
19001101 19001130    51.3
19001201 19001231    21.6
19010101 19010131    90.5
19010201 19010228    26.6
19010301 19010331    64.1
19010401 19010430   215.2
19010501 19010531    25.6
19010601 19010630    77.3
19010701 19010731    47.2
19010801 19010831    62.7
19010901 19010930    72.3
19011001 19011031    59.7
19011101 19011130    28.8
19011201 19011231    15.7
19020101 19020131    72.7
19020201 19020228    30.8
19020301 19020331   128.4
19020401 19020430     9.1
19020501 19020531    36.2
19020601 19020630    44.2
19020701 19020731    24.4
19020801 19020831    34.4
19020901 19020930    67.6
19021001 19021031    66.4
19021101 19021130    24.1
19021201 19021231   100.1
19030101 19030131    34.3
19030201 19030228    37.6
19030301 19030331    73.9
19030401 19030430    93.5
19030501 19030531    39.9
19030601 19030630    73.5
19030701 19030731    49.1
19030801 19030831    16.8
19030901 19030930    92.0
19031001 19031031    87.0
19031101 19031130    86.4
19031201 19031231    53.3
19040101 19040131   131.9
19040201 19040229   124.3
19040301 19040331    25.4
19040401 19040430    19.6
19040501 19040531    47.5
19040601 19040630    63.6
19040701 19040731    51.3
19040801 19040831    88.3
19040901 19040930    22.7
19041001 19041031    72.9
19041101 19041130    25.7
19041201 19041231     4.0
19050101 19050131    40.6
19050201 19050228    58.1
19050301 19050331    22.1
19050401 19050430    68.9
19050501 19050531    69.4
19050601 19050630    42.0
19050701 19050731    91.1
19050801 19050831    41.3
19050901 19050930    78.0
19051001 19051031   107.6
19051101 19051130    37.8
19051201 19051231    96.0
19060101 19060131     8.9
19060201 19060228     1.5
19060301 19060331    82.5
19060401 19060430    15.7
19060501 19060531    55.1
19060601 19060630    35.6
19060701 19060731    32.9
19060801 19060831    52.3
19060901 19060930    86.2
19061001 19061031    90.2
19061101 19061130    82.0
19061201 19061231    38.5
19070101 19070131    32.8
19070201 19070228    15.0
19070301 19070331    31.5
19070401 19070430    74.6
19070501 19070531    40.3
19070601 19070630    37.1
19070701 19070731    46.0
19070801 19070831    48.2
19070901 19070930    27.3
19071001 19071031    42.4
19071101 19071130    60.1
19071201 19071231   121.6
19080101 19080131    27.4
19080201 19080229    10.9
19080301 19080331    32.5
19080401 19080430     6.6
19080501 19080531    27.0
19080601 19080630    86.4
19080701 19080731    30.9
19080801 19080831    51.9
19080901 19080930    44.1
19081001 19081031    55.4
19081101 19081130    29.5
19081201 19081231    22.8
19090101 19090131    78.1
19090201 19090228    37.8
19090301 19090331    27.5
19090401 19090430    58.4
19090501 19090531    81.4
19090601 19090630    58.4
19090701 19090731    44.2
19090801 19090831    72.7
19090901 19090930    32.2
19091001 19091031    29.0
19091101 19091130    16.4
19091201 19091231    50.5
19100101 19100131    42.3
19100201 19100228     8.1
19100301 19100331    53.6
19100401 19100430    20.2
19100501 19100531    41.5
19100601 19100630    33.0
19100701 19100731    61.0
19100801 19100831    51.3
19100901 19100930   104.4
19101001 19101031    94.5
19101101 19101130    56.4
19101201 19101231    75.5
19110101 19110131    20.7
19110201 19110228   220.9
19110301 19110331   171.7
19110401 19110430    11.3
19110501 19110531   106.6
19110601 19110630   113.6
19110701 19110731    54.0
19110801 19110831    26.5
19110901 19110930    79.5
19111001 19111031    36.7
19111101 19111130    42.4
19111201 19111231    90.5
19120101 19120131     9.8
19120201 19120229    64.5
19120301 19120331    22.7
19120401 19120430    51.2
19120501 19120531    28.2
19120601 19120630    39.5
19120701 19120731    53.7
19120801 19120831    40.2
19120901 19120930    68.4
19121001 19121031    31.2
19121101 19121130    69.1
19121201 19121231    76.2
19130101 19130131     9.9
19130201 19130228    16.0
19130301 19130331   142.0
19130401 19130430    49.3
19130501 19130531    88.3
19130601 19130630    48.9
19130701 19130731    30.1
19130801 19130831    49.8
19130901 19130930    33.0
19131001 19131031    56.7
19131101 19131130    84.7
19131201 19131231    25.2
19140101 19140131    29.4
19140201 19140228     3.6
19140301 19140331    62.5
19140401 19140430    42.1
19140501 19140531    71.5
19140601 19140630    42.7
19140701 19140731    46.3
19140801 19140831    14.6
19140901 19140930    41.1
19141001 19141031     7.5
19141101 19141130    61.5
19141201 19141231   147.1
19150101 19150131    41.2
19150201 19150228    25.5
19150301 19150331     9.4
19150401 19150430    64.6
19150501 19150531    71.8
19150601 19150630    40.1
19150701 19150731    27.5
19150801 19150831    60.6
19150901 19150930    53.1
19151001 19151031    69.4
19151101 19151130    26.6
19151201 19151231     9.2
19160101 19160131    96.8
19160201 19160229    27.4
19160301 19160331    21.1
19160401 19160430    56.9
19160501 19160531    28.8
19160601 19160630    33.6
19160701 19160731    39.3
19160801 19160831    72.9
19160901 19160930   232.0
19161001 19161031   111.1
19161101 19161130   122.7
19161201 19161231   112.0
19170101 19170131    45.2
19170201 19170228    37.9
19170301 19170331    39.1
19170401 19170430    42.0
19170501 19170531    58.7
19170601 19170630   108.1
19170701 19170731    32.5
19170801 19170831    74.3
19170901 19170930    82.0
19171001 19171031   104.8
19171101 19171130    67.7
19171201 19171231    65.6
19180101 19180131    42.6
19180201 19180228    31.9
19180301 19180331   118.0
19180401 19180430    47.9
19180501 19180531    91.5
19180601 19180630    42.3
19180701 19180731    48.0
19180801 19180831    98.0
19180901 19180930    63.2
19181001 19181031    62.3
19181101 19181130    26.9
19181201 19181231    44.8
19190101 19190131    11.8
19190201 19190228    57.4
19190301 19190331   105.2
19190401 19190430    18.4
19190501 19190531    40.2
19190601 19190630    38.5
19190701 19190731    54.0
19190801 19190831    26.7
19190901 19190930    55.5
19191001 19191031    43.3
19191101 19191130    30.0
19191201 19191231    82.0
19200101 19200131    37.2
19200201 19200229    28.1
19200301 19200331    40.5
19200401 19200430    74.1
19200501 19200531    46.8
19200601 19200630    81.9
19200701 19200731    37.8
19200801 19200831    68.4
19200901 19200930   129.7
19201001 19201031   120.6
19201101 19201130    88.4
19201201 19201231    18.8
19210101 19210131    78.6
19210201 19210228    35.6
19210301 19210331    36.1
19210401 19210430     9.7
19210501 19210531    71.9
19210601 19210630    41.6
19210701 19210731    33.4
19210801 19210831    90.1
19210901 19210930    71.2
19211001 19211031   106.6
19211101 19211130    54.3
19211201 19211231    34.3
19220101 19220131   136.9
19220201 19220228    50.7
19220301 19220331    10.5
19220401 19220430    19.9
19220501 19220531    60.1
19220601 19220630    43.8
19220701 19220731    61.2
19220801 19220831    53.8
19220901 19220930   106.6
19221001 19221031    75.2
19221101 19221130    27.2
19221201 19221231    59.5
19230101 19230131    29.5
19230201 19230228     8.1
19230301 19230331    10.5
19230401 19230430     0.0
19230501 19230531    55.9
19230601 19230630    57.0
19230701 19230731    89.8
19230801 19230831    47.5
19230901 19230930    60.6
19231001 19231031    97.5
19231101 19231130    86.6
19231201 19231231    35.4
19240101 19240131    56.5
19240201 19240229    75.0
19240301 19240331   139.7
19240401 19240430   130.5
19240501 19240531    26.1
19240601 19240630    34.8
19240701 19240731    30.4
19240801 19240831   113.8
19240901 19240930    67.6
19241001 19241031   117.0
19241101 19241130   111.9
19241201 19241231    54.0
19250101 19250131    74.0
19250201 19250228    33.2
19250301 19250331    29.9
19250401 19250430    29.6
19250501 19250531    30.8
19250601 19250630    19.6
19250701 19250731    71.0
19250801 19250831    32.6
19250901 19250930    46.5
19251001 19251031    23.0
19251101 19251130    58.3
19251201 19251231     7.1
19260101 19260131    62.4
19260201 19260228     3.1
19260301 19260331    26.7
19260401 19260430    66.8
19260501 19260531    48.1
19260601 19260630    70.2
19260701 19260731    34.3
19260801 19260831    45.0
19260901 19260930    21.8
19261001 19261031    66.9
19261101 19261130    30.2
19261201 19261231    26.3
19270101 19270131    20.6
19270201 19270228    24.5
19270301 19270331    19.2
19270401 19270430    10.2
19270501 19270531    35.0
19270601 19270630    36.9
19270701 19270731    49.4
19270801 19270831    42.8
19270901 19270930    62.2
19271001 19271031    80.1
19271101 19271130    23.6
19271201 19271231    35.7
19280101 19280131    67.6
19280201 19280229   158.2
19280301 19280331    56.5
19280401 19280430    45.7
19280501 19280531    62.6
19280601 19280630    43.7
19280701 19280731    22.1
19280801 19280831    10.9
19280901 19280930    37.3
19281001 19281031    61.4
19281101 19281130    16.4
19281201 19281231    25.5
19290101 19290131    29.0
19290201 19290228    25.4
19290301 19290331    35.3
19290401 19290430   128.2
19290501 19290531    72.4
19290601 19290630    35.0
19290701 19290731    37.0
19290801 19290831    51.6
19290901 19290930    43.6
19291001 19291031    79.7
19291101 19291130    91.2
19291201 19291231    88.7
19300101 19300131     2.4
19300201 19300228    79.6
19300301 19300331    20.3
19300401 19300430    37.6
19300501 19300531   109.7
19300601 19300630    32.3
19300701 19300731    29.9
19300801 19300831    82.3
19300901 19300930    42.5
19301001 19301031    81.4
19301101 19301130    56.9
19301201 19301231   211.8
19310101 19310131    53.3
19310201 19310228    29.6
19310301 19310331   182.7
19310401 19310430    84.5
19310501 19310531    73.1
19310601 19310630   103.7
19310701 19310731    44.2
19310801 19310831    59.9
19310901 19310930    67.7
19311001 19311031    37.1
19311101 19311130   121.1
19311201 19311231    21.5
19320101 19320131     2.8
19320201 19320229    50.8
19320301 19320331    85.2
19320401 19320430   175.5
19320501 19320531    26.0
19320601 19320630    55.2
19320701 19320731    57.6
19320801 19320831   106.0
19320901 19320930    22.3
19321001 19321031   109.2
19321101 19321130     8.2
19321201 19321231   103.4
19330101 19330131    26.8
19330201 19330228    13.3
19330301 19330331    52.0
19330401 19330430    11.5
19330501 19330531    34.6
19330601 19330630    39.3
19330701 19330731    85.5
19330801 19330831    45.4
19330901 19330930    53.5
19331001 19331031    36.5
19331101 19331130    45.8
19331201 19331231   129.0
19340101 19340131   107.2
19340201 19340228    61.3
19340301 19340331    12.4
19340401 19340430   104.9
19340501 19340531     2.3
19340601 19340630    34.5
19340701 19340731    50.3
19340801 19340831    60.9
19340901 19340930    33.7
19341001 19341031   195.5
19341101 19341130   142.4
19341201 19341231    95.3
19350101 19350131    56.5
19350201 19350228    83.6
19350301 19350331    37.2
19350401 19350430   207.8
19350501 19350531    36.1
19350601 19350630    65.8
19350701 19350731    45.7
19350801 19350831    35.9
19350901 19350930    50.1
19351001 19351031    79.8
19351101 19351130    41.8
19351201 19351231    47.7
19360101 19360131    38.4
19360201 19360229    14.3
19360301 19360331     7.1
19360401 19360430    96.1
19360501 19360531    30.8
19360601 19360630    66.4
19360701 19360731    98.8
19360801 19360831    52.2
19360901 19360930    34.4
19361001 19361031    59.7
19361101 19361130    44.9
19361201 19361231    77.0
19370101 19370131    81.5
19370201 19370228    45.6
19370301 19370331    33.1
19370401 19370430    31.1
19370501 19370531    31.2
19370601 19370630    39.5
19370701 19370731    42.6
19370801 19370831    50.2
19370901 19370930    42.8
19371001 19371031   150.4
19371101 19371130    14.3
19371201 19371231    38.2
19380101 19380131    49.9
19380201 19380228    51.9
19380301 19380331    34.7
19380401 19380430    48.3
19380501 19380531    10.0
19380601 19380630    83.7
19380701 19380731    36.9
19380801 19380831    26.5
19380901 19380930    10.0
19381001 19381031    21.4
19381101 19381130    24.7
19381201 19381231     9.4
19390101 19390131    11.6
19390201 19390228   170.7
19390301 19390331    41.2
19390401 19390430   122.8
19390501 19390531    48.3
19390601 19390630    75.9
19390701 19390731    22.9
19390801 19390831   151.1
19390901 19390930    61.0
19391001 19391031    52.9
19391101 19391130   114.9
19391201 19391231    27.7
19400101 19400131    39.7
19400201 19400229    23.7
19400301 19400331    18.7
19400401 19400430    63.4
19400501 19400531    31.9
19400601 19400630    32.9
19400701 19400731    49.2
19400801 19400831    30.8
19400901 19400930    76.9
19401001 19401031    19.4
19401101 19401130    46.0
19401201 19401231    33.8
19410101 19410131   140.0
19410201 19410228    24.9
19410301 19410331    43.4
19410401 19410430    44.4
19410501 19410531    20.2
19410601 19410630   105.6
19410701 19410731    49.0
19410801 19410831    59.8
19410901 19410930    68.2
19411001 19411031    57.4
19411101 19411130    36.7
19411201 19411231   131.1
19420101 19420131    35.0
19420201 19420228    57.8
19420301 19420331    73.5
19420401 19420430    37.7
19420501 19420531   148.1
19420601 19420630    22.8
19420701 19420731    29.0
19420801 19420831    40.0
19420901 19420930    36.6
19421001 19421031    77.9
19421101 19421130    73.2
19421201 19421231    19.7
19430101 19430131    65.1
19430201 19430228    44.6
19430301 19430331     5.0
19430401 19430430    50.4
19430501 19430531    32.2
19430601 19430630    56.1
19430701 19430731    28.3
19430801 19430831    21.1
19430901 19430930    51.0
19431001 19431031    27.8
19431101 19431130    71.2
19431201 19431231    23.1
19440101 19440131    26.7
19440201 19440229     8.9
19440301 19440331    41.5
19440401 19440430    84.5
19440501 19440531   111.6
19440601 19440630    30.6
19440701 19440731    33.1
19440801 19440831    13.7
19440901 19440930    43.5
19441001 19441031    59.8
19441101 19441130    27.0
19441201 19441231    43.5
19450101 19450131    46.2
19450201 19450228     5.8
19450301 19450331     6.9
19450401 19450430    14.5
19450501 19450531    37.4
19450601 19450630    23.4
19450701 19450731    40.5
19450801 19450831    62.2
19450901 19450930    34.0
19451001 19451031    31.2
19451101 19451130    56.7
19451201 19451231    12.9
19460101 19460131    64.2
19460201 19460228   136.7
19460301 19460331    43.8
19460401 19460430    37.6
19460501 19460531    16.5
19460601 19460630    81.7
19460701 19460731    62.7
19460801 19460831    32.5
19460901 19460930    56.8
19461001 19461031    36.9
19461101 19461130    51.1
19461201 19461231    48.5
19470101 19470131     5.5
19470201 19470228    42.3
19470301 19470331   151.4
19470401 19470430    59.8
19470501 19470531    19.6
19470601 19470630    32.0
19470701 19470731    82.8
19470801 19470831    46.0
19470901 19470930    49.2
19471001 19471031    97.9
19471101 19471130    53.5
19471201 19471231    97.8
19480101 19480131    35.3
19480201 19480229    56.6
19480301 19480331     2.6
19480401 19480430    90.3
19480501 19480531    58.0
19480601 19480630    37.2
19480701 19480731    28.7
19480801 19480831    16.6
19480901 19480930    62.7
19481001 19481031    81.2
19481101 19481130    45.7
19481201 19481231    40.6
19490101 19490131    50.6
19490201 19490228    55.5
19490301 19490331   140.8
19490401 19490430    28.2
19490501 19490531    53.5
19490601 19490630    51.4
19490701 19490731    50.7
19490801 19490831    27.5
19490901 19490930    44.4
19491001 19491031   107.4
19491101 19491130   123.4
19491201 19491231    29.6
19500101 19500131    17.0
19500201 19500228    94.4
19500301 19500331    96.3
19500401 19500430    48.2
19500501 19500531    51.3
19500601 19500630    17.2
19500701 19500731    37.5
19500801 19500831    41.9
19500901 19500930    92.5
19501001 19501031    86.3
19501101 19501130    69.8
19501201 19501231    71.0
19510101 19510131    35.1
19510201 19510228   164.0
19510301 19510331     6.4
19510401 19510430    93.2
19510501 19510531    96.7
19510601 19510630    56.1
19510701 19510731    63.8
19510801 19510831    77.3
19510901 19510930    40.7
19511001 19511031    59.3
19511101 19511130    76.5
19511201 19511231    45.6
19520101 19520131    29.5
19520201 19520229    44.0
19520301 19520331    31.6
19520401 19520430    62.8
19520501 19520531    62.6
19520601 19520630   112.6
19520701 19520731   110.2
19520801 19520831    65.8
19520901 19520930    70.0
19521001 19521031    92.4
19521101 19521130   132.0
19521201 19521231    77.5
19530101 19530131    76.1
19530201 19530228    44.7
19530301 19530331    17.5
19530401 19530430    34.3
19530501 19530531    54.0
19530601 19530630    47.2
19530701 19530731    37.0
19530801 19530831    76.9
19530901 19530930    90.9
19531001 19531031   102.5
19531101 19531130    77.8
19531201 19531231    30.9
19540101 19540131    47.5
19540201 19540228    85.1
19540301 19540331     8.5
19540401 19540430    43.6
19540501 19540531    50.7
19540601 19540630    36.7
19540701 19540731    42.6
19540801 19540831    66.3
19540901 19540930    70.3
19541001 19541031    61.2
19541101 19541130   197.9
19541201 19541231   125.7
19550101 19550131    51.1
19550201 19550228    97.7
19550301 19550331    39.7
19550401 19550430    40.5
19550501 19550531    66.6
19550601 19550630    62.4
19550701 19550731    44.9
19550801 19550831    73.6
19550901 19550930    80.4
19551001 19551031   101.2
19551101 19551130    48.5
19551201 19551231   105.2
19560101 19560131   110.2
19560201 19560229    32.6
19560301 19560331    69.2
19560401 19560430    71.4
19560501 19560531   140.5
19560601 19560630    35.3
19560701 19560731    49.5
19560801 19560831    77.0
19560901 19560930    64.8
19561001 19561031   157.3
19561101 19561130    60.2
19561201 19561231    31.8
19570101 19570131     9.0
19570201 19570228    24.8
19570301 19570331    32.1
19570401 19570430    33.0
19570501 19570531    36.2
19570601 19570630    38.3
19570701 19570731   121.9
19570801 19570831    34.9
19570901 19570930    54.1
19571001 19571031    76.8
19571101 19571130    78.5
19571201 19571231    34.7
19580101 19580131    13.0
19580201 19580228   101.6
19580301 19580331    41.0
19580401 19580430    24.1
19580501 19580531    91.5
19580601 19580630    25.9
19580701 19580731    56.8
19580801 19580831   107.0
19580901 19580930    76.4
19581001 19581031   106.2
19581101 19581130    83.7
19581201 19581231    52.2
19590101 19590131    21.4
19590201 19590228    45.9
19590301 19590331    83.9
19590401 19590430    32.7
19590501 19590531    27.4
19590601 19590630    52.4
19590701 19590731    70.6
19590801 19590831    46.9
19590901 19590930   122.2
19591001 19591031    39.3
19591101 19591130    92.8
19591201 19591231    81.4
19600101 19600131    45.6
19600201 19600229    50.9
19600301 19600331    38.4
19600401 19600430   113.1
19600501 19600531   126.5
19600601 19600630    31.9
19600701 19600731    61.4
19600801 19600831    81.6
19600901 19600930   129.7
19601001 19601031    45.4
19601101 19601130   152.9
19601201 19601231    35.9
19610101 19610131    25.7
19610201 19610228    33.4
19610301 19610331    80.6
19610401 19610430    54.2
19610501 19610531    49.4
19610601 19610630    67.6
19610701 19610731    58.6
19610801 19610831    59.2
19610901 19610930    22.5
19611001 19611031    49.6
19611101 19611130    22.9
19611201 19611231    26.4
19620101 19620131    37.5
19620201 19620228    43.9
19620301 19620331    22.5
19620401 19620430    27.0
19620501 19620531   122.9
19620601 19620630    43.4
19620701 19620731    64.8
19620801 19620831    73.7
19620901 19620930    40.8
19621001 19621031    94.9
19621101 19621130    33.3
19621201 19621231    50.8
19630101 19630131   131.7
19630201 19630228    25.0
19630301 19630331    33.6
19630401 19630430    15.2
19630501 19630531   113.8
19630601 19630630    57.7
19630701 19630731    74.3
19630801 19630831    44.8
19630901 19630930    76.9
19631001 19631031    82.1
19631101 19631130    28.3
19631201 19631231    59.8
19640101 19640131     2.2
19640201 19640229    63.7
19640301 19640331    29.4
19640401 19640430    89.0
19640501 19640531    49.1
19640601 19640630    34.7
19640701 19640731    61.0
19640801 19640831    60.2
19640901 19640930    97.8
19641001 19641031    80.2
19641101 19641130    33.7
19641201 19641231   100.2
19650101 19650131     6.7
19650201 19650228     3.1
19650301 19650331    25.5
19650401 19650430    95.1
19650501 19650531    44.8
19650601 19650630    22.4
19650701 19650731    93.9
19650801 19650831    91.9
19650901 19650930    45.1
19651001 19651031    11.6
19651101 19651130    88.8
19651201 19651231    76.2
19660101 19660131    50.0
19660201 19660228    46.6
19660301 19660331    58.6
19660401 19660430    57.8
19660501 19660531    49.2
19660601 19660630    21.4
19660701 19660731    75.0
19660801 19660831    71.3
19660901 19660930    55.2
19661001 19661031    82.9
19661101 19661130    51.0
19661201 19661231   134.9
19670101 19670131    19.8
19670201 19670228     7.9
19670301 19670331    19.0
19670401 19670430    23.8
19670501 19670531    37.4
19670601 19670630    50.4
19670701 19670731    32.5
19670801 19670831    84.6
19670901 19670930    53.8
19671001 19671031    27.0
19671101 19671130     5.6
19671201 19671231    45.6
19680101 19680131    21.9
19680201 19680229     2.3
19680301 19680331    20.2
19680401 19680430    48.2
19680501 19680531   113.1
19680601 19680630    51.8
19680701 19680731    50.7
19680801 19680831    54.4
19680901 19680930    32.9
19681001 19681031    57.0
19681101 19681130    56.4
19681201 19681231    48.7
19690101 19690131    30.3
19690201 19690228    96.5
19690301 19690331    73.3
19690401 19690430    45.8
19690501 19690531   124.0
19690601 19690630    14.0
19690701 19690731    58.9
19690801 19690831    29.7
19690901 19690930    65.0
19691001 19691031    19.8
19691101 19691130    46.7
19691201 19691231    49.7
19700101 19700131    87.3
19700201 19700228     8.4
19700301 19700331   193.3
19700401 19700430    65.2
19700501 19700531    74.8
19700601 19700630    51.2
19700701 19700731    19.4
19700801 19700831    69.3
19700901 19700930    47.4
19701001 19701031    42.6
19701101 19701130    78.0
19701201 19701231    93.7
19710101 19710131    36.0
19710201 19710228    62.8
19710301 19710331    22.8
19710401 19710430    62.3
19710501 19710531    74.8
19710601 19710630    48.4
19710701 19710731    27.2
19710801 19710831    28.4
19710901 19710930    45.6
19711001 19711031    78.1
19711101 19711130   172.0
19711201 19711231   106.4
19720101 19720131    45.1
19720201 19720229   153.5
19720301 19720331     8.2
19720401 19720430    71.3
19720501 19720531    32.1
19720601 19720630    11.9
19720701 19720731    37.2
19720801 19720831    56.2
19720901 19720930    42.6
19721001 19721031    53.1
19721101 19721130    56.8
19721201 19721231     2.8
19730101 19730131    47.7
19730201 19730228   200.6
19730301 19730331    74.3
19730401 19730430    33.7
19730501 19730531    44.1
19730601 19730630    55.4
19730701 19730731    35.9
19730801 19730831    99.2
19730901 19730930    63.9
19731001 19731031   101.1
19731101 19731130    48.9
19731201 19731231    67.5
19740101 19740131    41.4
19740201 19740228    37.6
19740301 19740331    47.0
19740401 19740430   175.0
19740501 19740531   125.0
19740601 19740630    19.4
19740701 19740731    95.0
19740801 19740831    94.6
19740901 19740930    76.6
19741001 19741031   101.0
19741101 19741130   108.4
19741201 19741231    42.4
19750101 19750131    34.2
19750201 19750228    21.2
19750301 19750331    38.2
19750401 19750430    45.6
19750501 19750531    51.6
19750601 19750630    46.4
19750701 19750731    39.2
19750801 19750831   128.2
19750901 19750930   123.8
19751001 19751031   154.0
19751101 19751130    46.8
19751201 19751231    49.8
19760101 19760131    27.2
19760201 19760229    19.4
19760301 19760331    31.6
19760401 19760430    28.6
19760501 19760531    21.2
19760601 19760630    48.4
19760701 19760731    21.6
19760801 19760831    71.6
19760901 19760930    74.2
19761001 19761031    83.6
19761101 19761130    86.4
19761201 19761231    53.0
19770101 19770131    68.4
19770201 19770228    47.2
19770301 19770331    46.8
19770401 19770430   156.0
19770501 19770531    51.2
19770601 19770630   166.8
19770701 19770731    72.0
19770801 19770831    23.0
19770901 19770930    64.8
19771001 19771031    21.0
19771101 19771130    45.8
19771201 19771231    20.6
19780101 19780131    60.0
19780201 19780228    26.4
19780301 19780331    95.0
19780401 19780430    43.8
19780501 19780531    99.8
19780601 19780630    53.4
19780701 19780731    57.8
19780801 19780831    93.6
19780901 19780930    94.8
19781001 19781031    66.2
19781101 19781130   127.8
19781201 19781231   119.2
19790101 19790131    45.7
19790201 19790228    31.2
19790301 19790331    37.3
19790401 19790430    58.9
19790501 19790531    76.5
19790601 19790630    14.7
19790701 19790731    24.1
19790801 19790831    75.9
19790901 19790930    63.8
19791001 19791031    80.0
19791101 19791130    29.2
19791201 19791231    13.1
19800101 19800131    95.2
19800201 19800229     7.8
19800301 19800331    23.5
19800401 19800430    62.2
19800501 19800531    41.0
19800601 19800630    73.8
19800701 19800731    41.8
19800801 19800831    51.2
19800901 19800930    43.0
19801001 19801031   113.2
19801101 19801130    45.7
19801201 19801231    66.3
19810101 19810131    31.2
19810201 19810228    22.2
19810301 19810331    39.2
19810401 19810430    13.2
19810501 19810531   105.8
19810601 19810630    61.4
19810701 19810731    97.2
19810801 19810831    89.0
19810901 19810930    24.2
19811001 19811031    44.8
19811101 19811130    71.6
19811201 19811231    21.0
19820101 19820131    60.6
19820201 19820228     3.0
19820301 19820331    57.2
19820401 19820430    45.0
19820501 19820531    36.6
19820601 19820630    47.2
19820701 19820731    18.8
19820801 19820831    24.2
19820901 19820930    49.2
19821001 19821031    50.2
19821101 19821130    16.4
19821201 19821231    66.6
19830101 19830131    22.6
19830201 19830228     2.8
19830301 19830331    47.4
19830401 19830430    48.4
19830501 19830531    86.4
19830601 19830630    46.0
19830701 19830731    67.6
19830801 19830831    89.8
19830901 19830930    78.2
19831001 19831031    94.2
19831101 19831130    58.6
19831201 19831231    38.6
19840101 19840131    34.4
19840201 19840229    17.4
19840301 19840331    55.6
19840401 19840430    49.0
19840501 19840531    13.4
19840601 19840630    36.0
19840701 19840731    52.6
19840801 19840831    66.0
19840901 19840930   102.6
19841001 19841031    25.8
19841101 19841130    51.8
19841201 19841231    40.8
19850101 19850131    50.0
19850201 19850228     7.2
19850301 19850331    48.4
19850401 19850430    71.6
19850501 19850531    58.2
19850601 19850630    50.6
19850701 19850731    42.2
19850801 19850831   104.8
19850901 19850930    73.6
19851001 19851031    64.2
19851101 19851130    84.6
19851201 19851231   147.4
19860101 19860131    54.6
19860201 19860228    13.0
19860301 19860331    21.8
19860401 19860430    62.4
19860501 19860531    49.0
19860601 19860630    41.0
19860701 19860731    84.6
19860801 19860831    53.4
19860901 19860930    49.6
19861001 19861031    77.6
19861101 19861130    37.8
19861201 19861231    52.0
19870101 19870131    30.0
19870201 19870228    40.4
19870301 19870331    59.0
19870401 19870430    25.8
19870501 19870531    75.8
19870601 19870630    61.6
19870701 19870731    93.4
19870801 19870831    38.2
19870901 19870930    49.6
19871001 19871031    47.4
19871101 19871130    67.6
19871201 19871231    90.8
19880101 19880131   103.8
19880201 19880229    24.6
19880301 19880331    45.6
19880401 19880430    18.0
19880501 19880531    48.0
19880601 19880630    47.6
19880701 19880731    69.8
19880801 19880831    58.6
19880901 19880930    57.6
19881001 19881031    37.0
19881101 19881130   207.2
19881201 19881231    68.0
19890101 19890131    65.6
19890201 19890228    14.0
19890301 19890331   120.0
19890401 19890430    89.2
19890501 19890531    67.4
19890601 19890630    98.4
19890701 19890731    61.0
19890801 19890831    89.2
19890901 19890930    53.4
19891001 19891031   121.0
19891101 19891130    41.6
19891201 19891231    61.0
19900101 19900131    11.4
19900201 19900228   104.6
19900301 19900331    34.6
19900401 19900430    83.0
19900501 19900531    29.4
19900601 19900630    54.2
19900701 19900731    93.4
19900801 19900831    76.8
19900901 19900930    59.2
19901001 19901031    81.2
19901101 19901130    36.6
19901201 19901231    38.2
19910101 19910131    68.6
19910201 19910228     0.0
19910301 19910331    38.6
19910401 19910430    34.0
19910501 19910531    17.0
19910601 19910630   104.8
19910701 19910731    74.0
19910801 19910831    75.6
19910901 19910930    76.8
19911001 19911031    39.4
19911101 19911130    26.8
19911201 19911231   111.2
19920101 19920131    44.0
19920201 19920229    26.8
19920301 19920331    31.8
19920401 19920430    56.0
19920501 19920531    79.2
19920601 19920630    60.8
19920701 19920731    55.0
19920801 19920831    50.2
19920901 19920930   110.0
19921001 19921031   119.0
19921101 19921130   112.2
19921201 19921231    84.6
19930101 19930131    50.0
19930201 19930228    75.0
19930301 19930331    50.2
19930401 19930430    19.8
19930501 19930531    34.8
19930601 19930630    43.4
19930701 19930731    54.8
19930801 19930831    44.6
19930901 19930930   140.8
19931001 19931031    72.0
19931101 19931130    61.2
19931201 19931231   132.8
19940101 19940131    27.1
19940201 19940228    96.2
19940301 19940331    44.8
19940401 19940430    47.2
19940501 19940531    28.0
19940601 19940630    47.6
19940701 19940731    25.2
19940801 19940831    35.4
19940901 19940930    51.2
19941001 19941031    31.0
19941101 19941130    50.6
19941201 19941231    10.8
19950101 19950131    64.0
19950201 19950228    18.8
19950301 19950331    78.4
19950401 19950430    98.8
19950501 19950531    88.0
19950601 19950630    80.0
19950701 19950731    50.2
19950801 19950831    52.4
19950901 19950930    52.2
19951001 19951031    95.8
19951101 19951130    74.8
19951201 19951231    54.2
19960101 19960131    65.6
19960201 19960229   128.2
19960301 19960331    57.8
19960401 19960430   109.4
19960501 19960531    52.6
19960601 19960630    88.7
19960701 19960731    69.0
19960801 19960831    46.0
19960901 19960930    77.8
19961001 19961031    33.0
19961101 19961130    45.8
19961201 19961231    17.6
19970101 19970131    42.6
19970201 19970228     1.0
19970301 19970331    37.6
19970401 19970430    21.2
19970501 19970531    77.6
19970601 19970630    39.6
19970701 19970731    30.8
19970801 19970831    29.6
19970901 19970930    70.8
19971001 19971031    42.2
19971101 19971130    71.0
19971201 19971231    20.4
19980101 19980131    35.0
19980201 19980228    60.2
19980301 19980331    11.0
19980401 19980430    41.6
19980501 19980531    58.6
19980601 19980630    65.6
19980701 19980731    53.6
19980801 19980831    42.8
19980901 19980930    46.2
19981001 19981031    60.0
19981101 19981130    84.2
19981201 19981231    52.2
19990101 19990131    56.0
19990201 19990228    85.2
19990301 19990331    53.6
19990401 19990430    26.0
19990501 19990531    42.6
19990601 19990630    78.6
19990701 19990731    29.0
19990801 19990831    91.6
19990901 19990930    41.8
19991001 19991031    49.8
19991101 19991130    33.2
19991201 19991231   103.0
20000101 20000131    40.4
20000201 20000229    34.8
20000301 20000331    20.7
20000401 20000430    36.0
20000501 20000531   134.8
20000601 20000630    50.2
20000701 20000731    54.8
20000801 20000831    73.8
20000901 20000930    73.4
20001001 20001031    91.1
20001101 20001130   110.2
20001201 20001231    30.2
20010101 20010131    18.4
20010201 20010228    14.6
20010301 20010331    76.0
20010401 20010430   144.2
20010501 20010531    24.4
20010601 20010630    58.9
20010701 20010731    19.4
20010801 20010831    60.2
20010901 20010930    34.8
20011001 20011031    98.6
20011101 20011130    72.8
20011201 20011231    35.4
20020101 20020131    45.2
20020201 20020228    70.2
20020301 20020331    31.0
20020401 20020430    55.0
20020501 20020531    41.2
20020601 20020630    44.4
20020701 20020731    29.4
20020801 20020831    31.0
20020901 20020930    40.2
20021001 20021031    45.8
20021101 20021130    31.4
20021201 20021231    19.0
20030101 20030131    31.2
20030201 20030228    18.4
20030301 20030331    29.4
20030401 20030430    76.4
20030501 20030531    29.8
20030601 20030630    51.6
20030701 20030731    69.4
20030801 20030831    79.4
20030901 20030930    55.4
20031001 20031031    93.6
20031101 20031130    28.4
20031201 20031231    48.0
20040101 20040131    36.0
20040201 20040229    16.8
20040301 20040331    18.4
20040401 20040430    63.2
20040501 20040531    38.2
20040601 20040630    41.8
20040701 20040731    41.0
20040801 20040831    82.2
20040901 20040930    76.0
20041001 20041031    56.0
20041101 20041130   127.4
20041201 20041231    75.6
20050101 20050131    21.0
20050201 20050228   143.6
20050301 20050331     8.0
20050401 20050430    23.4
20050501 20050531    11.4
20050601 20050630    38.4
20050701 20050731    44.8
20050801 20050831    88.6
20050901 20050930    43.8
20051001 20051031    61.4
20051101 20051130    44.6
20051201 20051231    53.8
20060101 20060131    71.0
20060201 20060228    26.8
20060301 20060331    18.0
20060401 20060430    55.8
20060501 20060531    58.0
20060601 20060630    16.8
20060701 20060731    46.0
20060801 20060831    34.6
20060901 20060930    43.8
20061001 20061031     8.4
20061101 20061130    38.2
20061201 20061231    35.4
20070101 20070131    10.2
20070201 20070228    18.4
20070301 20070331    53.6
20070401 20070430    14.8
20070501 20070531    65.0
20070601 20070630    53.4
20070701 20070731    53.2
20070801 20070831    22.4
20070901 20070930    38.8
20071001 20071031    14.8
20071101 20071130    53.0
20071201 20071231    85.6
20080101 20080131    36.8
20080201 20080229    37.4
20080301 20080331    41.0
20080401 20080430    13.8
20080501 20080531    47.0
20080601 20080630    32.9
20080701 20080731    57.8
20080801 20080831    55.8
20080901 20080930    22.4
20081001 20081031    20.4
20081101 20081130    93.6
20081201 20081231    62.6
20090101 20090131     0.8
20090201 20090228     2.6
20090301 20090331    44.6
20090401 20090430    43.0
20090501 20090531    13.6
20090601 20090630    36.2
20090701 20090731    38.2
20090801 20090831    57.0
20090901 20090930    81.0
20091001 20091031    28.4
20091101 20091130    65.6
20091201 20091231    59.6
20100101 20100131    57.2
20100201 20100228    53.2
20100301 20100331   126.6
20100401 20100430    48.0
20100501 20100531    47.0
20100601 20100630    68.6
20100701 20100731    37.8
20100801 20100831    88.0
20100901 20100930    51.6
20101001 20101031   128.2
20101101 20101130   125.2
20101201 20101231    76.0
20110101 20110131    86.4
20110201 20110228   103.8
20110301 20110331    47.4
20110401 20110430    84.6
20110501 20110531    60.6
20110601 20110630    40.4
20110701 20110731    37.4
20110801 20110831    47.0
20110901 20110930    78.0
20111001 20111031    60.2
20111101 20111130   150.8
20111201 20111231    88.2
20120101 20120131    21.2
20120201 20120229   108.6
20120301 20120331    85.6
20120401 20120430    38.6
20120501 20120531    80.4
20120601 20120630    42.2
20120701 20120731    83.6
20120801 20120831    70.6
20120901 20120930    44.4
20121001 20121031    34.6
20121101 20121130    30.4
20121201 20121231    31.4
20130101 20130131     3.4
20130201 20130228   126.6
20130301 20130331    57.8
20130401 20130430    21.8
20130501 20130531    36.8
20130601 20130630    69.6
20130701 20130731    48.4
20130801 20130831    65.0
20130901 20130930    84.4
20131001 20131031    64.4
20131101 20131130    66.0
20131201 20131231    38.2
20140101 20140131    20.0
20140201 20140228    25.4
20140301 20140331    27.0
20140401 20140430    70.2
20140501 20140531    42.2
20140601 20140630    57.0
20140701 20140731    33.6
20140801 20140831    28.8
20140901 20140930    66.6
20141001 20141031    36.6
20141101 20141130    44.6
20141201 20141231    35.0
20150101 20150131    23.6
20150201 20150228    47.0
20150301 20150331    28.8
20150401 20150430    61.4
20150501 20150531    53.4
20150601 20150630    32.8
20150701 20150731 99999.9
20150801 20150831 99999.9
20150901 20150930 99999.9
20151001 20151031 99999.9
20151101 20151130 99999.9
20151201 20151231 99999.9
20160101 20160131 99999.9
20160201 20160229 99999.9
20160301 20160331 99999.9
20160401 20160430 99999.9
20160501 20160531    47.0
20160601 20160630    69.6
20160701 20160731    47.6
20160801 20160831    50.8
20160901 20160930   107.4
20161001 20161031    71.0
20161101 20161130    46.0
20161201 20161231    29.8
20170101 20170131    18.0
20170201 20170228    44.2
20170301 20170331    90.4
20170401 20170430 99999.9
20170501 20170531    21.4
20170601 20170630    16.8
20170701 20170731    33.6
20170801 20170831    61.8
20170901 20170930    40.8
20171001 20171031    28.6
20171101 20171130    20.8
20171201 20171231 99999.9
20180101 20180131    66.0
