PRCP       080004 18870501 20180131 missing_value=99999.9 CANARY ISLAND                             
18870501 18870531    13.3
18870601 18870630    55.6
18870701 18870731    51.4
18870801 18870831    26.1
18870901 18870930    28.5
18871001 18871031    35.6
18871101 18871130   128.1
18871201 18871231    57.4
18880101 18880131    10.1
18880201 18880229    19.8
18880301 18880331    17.8
18880401 18880430     2.8
18880501 18880531    46.5
18880601 18880630    22.1
18880701 18880731    11.0
18880801 18880831    27.1
18880901 18880930    34.1
18881001 18881031    10.2
18881101 18881130     3.5
18881201 18881231    83.3
18890101 18890131    55.7
18890201 18890228    36.1
18890301 18890331     0.0
18890401 18890430   100.6
18890501 18890531    35.4
18890601 18890630    86.9
18890701 18890731     5.8
18890801 18890831    69.1
18890901 18890930    39.3
18891001 18891031    33.6
18891101 18891130   127.3
18891201 18891231     0.0
18900101 18900131    15.3
18900201 18900228     3.8
18900301 18900331    85.3
18900401 18900430     9.9
18900501 18900531    57.1
18900601 18900630    55.1
18900701 18900731    65.3
18900801 18900831    22.8
18900901 18900930    19.8
18901001 18901031    61.1
18901101 18901130    55.8
18901201 18901231    39.9
18910101 18910131    17.8
18910201 18910228     0.0
18910301 18910331    55.9
18910401 18910430   101.6
18910501 18910531    20.5
18910601 18910630    59.3
18910701 18910731    29.7
18910801 18910831    24.0
18910901 18910930     7.9
18911001 18911031    68.4
18911101 18911130    33.3
18911201 18911231    14.4
18920101 18920131     0.0
18920201 18920229     4.8
18920301 18920331     6.6
18920401 18920430    41.4
18920501 18920531    77.3
18920601 18920630    33.0
18920701 18920731    44.2
18920801 18920831    20.2
18920901 18920930    47.6
18921001 18921031    65.2
18921101 18921130    35.0
18921201 18921231    23.6
18930101 18930131     0.0
18930201 18930228     0.0
18930301 18930331     8.9
18930401 18930430    27.8
18930501 18930531    96.1
18930601 18930630    53.1
18930701 18930731    30.9
18930801 18930831    42.5
18930901 18930930    17.3
18931001 18931031    20.7
18931101 18931130    48.0
18931201 18931231     5.5
18940101 18940131     8.1
18940201 18940228     2.3
18940301 18940331    26.4
18940401 18940430    23.9
18940501 18940531    35.6
18940601 18940630    64.2
18940701 18940731    28.7
18940801 18940831    47.5
18940901 18940930    27.5
18941001 18941031    65.4
18941101 18941130     0.0
18941201 18941231    95.8
18950101 18950131    34.0
18950201 18950228     5.1
18950301 18950331     9.1
18950401 18950430    46.8
18950501 18950531     0.5
18950601 18950630    24.3
18950701 18950731    17.8
18950801 18950831    29.0
18950901 18950930    23.1
18951001 18951031    15.7
18951101 18951130     0.0
18951201 18951231    20.1
18960101 18960131    14.0
18960201 18960229    35.0
18960301 18960331    41.6
18960401 18960430    26.0
18960501 18960531    20.9
18960601 18960630    22.6
18960701 18960731     2.5
18960801 18960831    37.4
18960901 18960930    45.0
18961001 18961031     2.3
18961101 18961130    26.1
18961201 18961231    12.2
18970101 18970131    43.9
18970201 18970228     0.0
18970301 18970331     9.9
18970401 18970430     5.3
18970501 18970531     6.9
18970601 18970630    46.5
18970701 18970731    27.6
18970801 18970831    64.7
18970901 18970930    21.3
18971001 18971031    18.2
18971101 18971130     2.1
18971201 18971231     0.0
18980101 18980131     0.0
18980201 18980228    21.9
18980301 18980331     0.0
18980401 18980430    15.1
18980501 18980531    18.3
18980601 18980630    64.0
18980701 18980731    38.9
18980801 18980831    34.4
18980901 18980930    29.2
18981001 18981031    12.5
18981101 18981130     9.4
18981201 18981231    16.5
18990101 18990131    26.6
18990201 18990228    32.0
18990301 18990331    29.1
18990401 18990430    43.1
18990501 18990531    17.5
18990601 18990630    94.5
18990701 18990731     7.1
18990801 18990831     8.9
18990901 18990930     5.6
18991001 18991031     1.3
18991101 18991130    12.7
18991201 18991231     0.0
19000101 19000131     6.3
19000201 19000228     0.0
19000301 19000331    60.1
19000401 19000430    28.0
19000501 19000531    46.3
19000601 19000630    33.4
19000701 19000731    15.2
19000801 19000831    44.8
19000901 19000930    22.0
19001001 19001031     4.6
19001101 19001130    15.2
19001201 19001231    12.9
19010101 19010131    15.2
19010201 19010228     3.6
19010301 19010331     0.0
19010401 19010430    29.9
19010501 19010531     4.1
19010601 19010630    34.6
19010701 19010731    19.7
19010801 19010831    27.5
19010901 19010930    28.9
19011001 19011031    31.7
19011101 19011130     7.3
19011201 19011231    13.9
19020101 19020131     7.6
19020201 19020228     0.0
19020301 19020331    19.1
19020401 19020430     1.5
19020501 19020531     3.0
19020601 19020630    27.6
19020701 19020731    12.2
19020801 19020831    13.7
19020901 19020930    10.9
19021001 19021031    27.2
19021101 19021130     7.1
19021201 19021231    31.1
19030101 19030131     2.5
19030201 19030228     8.6
19030301 19030331    34.8
19030401 19030430    56.4
19030501 19030531    15.0
19030601 19030630    47.3
19030701 19030731    56.5
19030801 19030831    12.5
19030901 19030930    53.9
19031001 19031031    37.1
19031101 19031130    41.4
19031201 19031231    69.1
19040101 19040131    61.5
19040201 19040229     1.3
19040301 19040331     4.9
19040401 19040430    21.4
19040501 19040531    18.1
19040601 19040630    33.9
19040701 19040731    25.1
19040801 19040831    28.4
19040901 19040930    10.6
19041001 19041031    37.9
19041101 19041130    11.2
19041201 19041231    19.8
19050101 19050131     0.0
19050201 19050228    33.2
19050301 19050331     3.6
19050401 19050430    56.9
19050501 19050531    34.3
19050601 19050630    37.5
19050701 19050731    62.2
19050801 19050831     8.7
19050901 19050930    18.9
19051001 19051031    41.8
19051101 19051130     5.1
19051201 19051231     2.0
19060101 19060131     0.0
19060201 19060228    27.5
19060301 19060331    54.1
19060401 19060430     1.5
19060501 19060531    81.0
19060601 19060630    48.4
19060701 19060731    39.1
19060801 19060831    37.5
19060901 19060930    71.2
19061001 19061031    21.7
19061101 19061130    41.7
19061201 19061231    18.3
19070101 19070131     0.0
19070201 19070228    21.1
19070301 19070331     8.4
19070401 19070430    24.7
19070501 19070531    20.1
19070601 19070630    28.3
19070701 19070731    38.5
19070801 19070831    33.8
19070901 19070930     8.9
19071001 19071031     8.4
19071101 19071130    20.6
19071201 19071231    48.7
19080101 19080131     5.1
19080201 19080229     8.9
19080301 19080331    12.2
19080401 19080430     0.0
19080501 19080531    35.1
19080601 19080630    53.8
19080701 19080731    19.9
19080801 19080831    24.4
19080901 19080930    34.4
19081001 19081031    43.2
19081101 19081130     5.1
19081201 19081231    13.5
19090101 19090131    21.7
19090201 19090228     9.4
19090301 19090331    23.9
19090401 19090430    30.2
19090501 19090531    80.0
19090601 19090630    50.2
19090701 19090731    49.4
19090801 19090831    91.6
19090901 19090930    25.4
19091001 19091031    24.4
19091101 19091130    12.4
19091201 19091231     8.4
19100101 19100131    30.7
19100201 19100228     5.8
19100301 19100331    60.7
19100401 19100430     0.0
19100501 19100531    40.8
19100601 19100630    29.9
19100701 19100731    50.8
19100801 19100831    50.8
19100901 19100930    59.2
19101001 19101031    16.5
19101101 19101130    35.3
19101201 19101231    13.2
19110101 19110131     2.3
19110201 19110228   158.8
19110301 19110331    35.1
19110401 19110430     2.6
19110501 19110531    51.5
19110601 19110630    46.3
19110701 19110731    17.8
19110801 19110831    10.0
19110901 19110930    38.6
19111001 19111031     4.6
19111101 19111130     0.8
19111201 19111231    15.7
19120101 19120131     2.0
19120201 19120229    52.1
19120301 19120331     3.3
19120401 19120430     3.3
19120501 19120531     0.8
19120601 19120630    52.9
19120701 19120731    27.5
19120801 19120831    39.3
19120901 19120930    51.3
19121001 19121031     2.6
19121101 19121130    50.5
19121201 19121231    52.6
19130101 19130131     3.6
19130201 19130228     4.1
19130301 19130331    83.7
19130401 19130430    12.0
19130501 19130531    54.6
19130601 19130630    30.3
19130701 19130731    10.1
19130801 19130831    15.7
19130901 19130930    38.0
19131001 19131031    80.4
19131101 19131130     6.8
19131201 19131231    14.0
19140101 19140131     0.8
19140201 19140228     0.0
19140301 19140331     9.4
19140401 19140430    41.4
19140501 19140531    20.8
19140601 19140630     4.6
19140701 19140731    11.2
19140801 19140831     5.8
19140901 19140930     0.0
19141001 19141031     0.0
19141101 19141130    25.1
19141201 19141231    18.2
19150101 19150131    15.0
19150201 19150228     2.3
19150301 19150331     1.8
19150401 19150430    19.4
19150501 19150531    35.8
19150601 19150630    46.5
19150701 19150731    31.5
19150801 19150831    46.4
19150901 19150930    67.4
19151001 19151031    22.8
19151101 19151130     4.3
19151201 19151231     7.9
19160101 19160131    75.5
19160201 19160229     7.9
19160301 19160331     0.0
19160401 19160430     8.6
19160501 19160531    24.1
19160601 19160630    64.8
19160701 19160731    45.5
19160801 19160831    51.3
19160901 19160930    98.6
19161001 19161031    47.2
19161101 19161130    47.9
19161201 19161231    11.9
19170101 19170131    11.2
19170201 19170228    70.3
19170301 19170331    13.2
19170401 19170430     3.6
19170501 19170531    29.3
19170601 19170630    59.4
19170701 19170731    53.0
19170801 19170831    87.7
19170901 19170930    64.7
19171001 19171031    62.0
19171101 19171130    47.4
19171201 19171231     4.6
19180101 19180131    16.4
19180201 19180228    35.3
19180301 19180331    83.3
19180401 19180430    29.0
19180501 19180531    79.5
19180601 19180630    28.2
19180701 19180731    12.2
19180801 19180831    53.8
19180901 19180930     6.4
19181001 19181031    19.1
19181101 19181130     0.0
19181201 19181231     6.9
19190101 19190131     2.8
19190201 19190228    76.7
19190301 19190331    37.5
19190401 19190430    12.5
19190501 19190531    56.2
19190601 19190630    25.0
19190701 19190731    20.4
19190801 19190831    25.3
19190901 19190930    33.3
19191001 19191031    10.4
19191101 19191130    20.1
19191201 19191231    45.5
19200101 19200131     0.5
19200201 19200229     0.0
19200301 19200331     3.8
19200401 19200430     7.9
19200501 19200531    27.0
19200601 19200630    35.0
19200701 19200731    31.3
19200801 19200831   102.5
19200901 19200930    62.1
19201001 19201031    63.3
19201101 19201130    38.6
19201201 19201231     9.9
19210101 19210131    26.9
19210201 19210228    37.1
19210301 19210331    71.7
19210401 19210430     4.1
19210501 19210531    54.3
19210601 19210630    61.8
19210701 19210731    33.1
19210801 19210831    43.0
19210901 19210930    57.8
19211001 19211031    33.0
19211101 19211130    20.8
19211201 19211231    23.6
19220101 19220131     5.3
19220201 19220228    18.1
19220301 19220331     0.0
19220401 19220430     8.2
19220501 19220531    50.0
19220601 19220630    35.9
19220701 19220731    20.5
19220801 19220831    21.9
19220901 19220930    56.4
19221001 19221031    32.8
19221101 19221130     0.0
19221201 19221231    20.0
19230101 19230131     5.9
19230201 19230228     0.0
19230301 19230331     0.0
19230401 19230430     0.0
19230501 19230531    44.3
19230601 19230630   119.2
19230701 19230731    74.6
19230801 19230831    12.6
19230901 19230930    28.2
19231001 19231031    19.8
19231101 19231130    14.5
19231201 19231231    17.1
19240101 19240131    29.2
19240201 19240229    84.4
19240301 19240331    40.8
19240401 19240430    17.8
19240501 19240531    13.2
19240601 19240630    42.1
19240701 19240731     2.6
19240801 19240831    43.2
19240901 19240930    47.3
19241001 19241031    56.6
19241101 19241130    87.0
19241201 19241231    51.3
19250101 19250131    20.6
19250201 19250228    24.4
19250301 19250331    10.4
19250401 19250430     4.8
19250501 19250531    60.0
19250601 19250630    41.7
19250701 19250731    21.9
19250801 19250831    18.4
19250901 19250930    27.2
19251001 19251031     2.3
19251101 19251130    12.7
19251201 19251231     0.3
19260101 19260131     2.1
19260201 19260228     0.0
19260301 19260331    40.6
19260401 19260430    39.9
19260501 19260531    49.0
19260601 19260630    15.6
19260701 19260731    24.8
19260801 19260831    31.3
19260901 19260930    32.0
19261001 19261031    32.2
19261101 19261130     0.6
19261201 19261231    11.2
19270101 19270131     8.6
19270201 19270228     3.6
19270301 19270331     4.3
19270401 19270430     1.3
19270501 19270531    25.3
19270601 19270630    15.3
19270701 19270731    46.2
19270801 19270831    33.8
19270901 19270930     9.7
19271001 19271031    16.9
19271101 19271130    11.2
19271201 19271231     9.0
19280101 19280131   174.3
19280201 19280229    78.7
19280301 19280331    56.8
19280401 19280430     7.9
19280501 19280531    25.7
19280601 19280630    50.6
19280701 19280731    23.6
19280801 19280831     4.5
19280901 19280930    31.6
19281001 19281031    50.6
19281101 19281130     1.8
19281201 19281231     2.5
19290101 19290131     7.4
19290201 19290228    31.5
19290301 19290331     5.9
19290401 19290430    38.9
19290501 19290531     6.3
19290601 19290630    30.3
19290701 19290731     5.6
19290801 19290831    31.2
19290901 19290930    16.8
19291001 19291031    26.2
19291101 19291130    16.3
19291201 19291231    40.2
19300101 19300131     0.0
19300201 19300228     3.0
19300301 19300331    11.2
19300401 19300430     5.7
19300501 19300531    47.8
19300601 19300630     6.9
19300701 19300731    26.8
19300801 19300831    36.0
19300901 19300930    25.3
19301001 19301031    84.8
19301101 19301130    14.6
19301201 19301231   151.4
19310101 19310131    12.0
19310201 19310228     0.5
19310301 19310331    44.5
19310401 19310430    55.4
19310501 19310531    73.8
19310601 19310630    75.0
19310701 19310731    27.9
19310801 19310831    11.0
19310901 19310930    21.6
19311001 19311031    20.1
19311101 19311130    13.7
19311201 19311231     0.0
19320101 19320131     0.0
19320201 19320229    54.6
19320301 19320331    54.2
19320401 19320430    95.8
19320501 19320531    24.4
19320601 19320630    52.2
19320701 19320731    32.8
19320801 19320831    49.7
19320901 19320930    18.8
19321001 19321031    28.1
19321101 19321130    20.7
19321201 19321231    15.7
19330101 19330131    13.0
19330201 19330228     0.0
19330301 19330331    15.0
19330401 19330430     3.5
19330501 19330531    42.3
19330601 19330630    44.8
19330701 19330731    47.9
19330801 19330831    47.9
19330901 19330930    45.7
19331001 19331031    23.1
19331101 19331130    37.3
19331201 19331231    77.0
19340101 19340131    16.5
19340201 19340228    73.7
19340301 19340331     9.9
19340401 19340430    39.4
19340501 19340531     0.0
19340601 19340630    10.3
19340701 19340731    27.3
19340801 19340831    29.4
19340901 19340930    13.1
19341001 19341031    75.2
19341101 19341130    58.2
19341201 19341231     8.9
19350101 19350131    24.7
19350201 19350228    17.1
19350301 19350331    14.2
19350401 19350430    31.0
19350501 19350531    19.5
19350601 19350630    20.5
19350701 19350731    54.0
19350801 19350831    20.2
19350901 19350930    55.5
19351001 19351031    68.0
19351101 19351130     2.6
19351201 19351231    16.3
19360101 19360131    41.2
19360201 19360229     5.8
19360301 19360331     4.1
19360401 19360430    12.7
19360501 19360531    32.7
19360601 19360630    36.6
19360701 19360731   109.5
19360801 19360831    42.4
19360901 19360930     7.6
19361001 19361031    46.1
19361101 19361130     1.3
19361201 19361231    68.7
19370101 19370131    24.0
19370201 19370228     8.1
19370301 19370331     1.8
19370401 19370430     9.9
19370501 19370531    19.4
19370601 19370630    15.3
19370701 19370731    12.7
19370801 19370831    32.9
19370901 19370930    18.5
19371001 19371031    76.1
19371101 19371130     0.5
19371201 19371231    16.4
19380101 19380131    15.5
19380201 19380228    17.6
19380301 19380331     0.0
19380401 19380430     8.2
19380501 19380531     6.4
19380601 19380630    30.3
19380701 19380731    39.0
19380801 19380831     8.4
19380901 19380930     2.1
19381001 19381031     1.5
19381101 19381130     5.3
19381201 19381231     0.3
19390101 19390131     5.6
19390201 19390228    96.2
19390301 19390331    17.5
19390401 19390430    46.3
19390501 19390531    53.6
19390601 19390630    35.4
19390701 19390731    29.5
19390801 19390831    40.3
19390901 19390930    11.0
19391001 19391031    23.7
19391101 19391130    53.9
19391201 19391231     3.0
19400101 19400131     8.1
19400201 19400229     4.8
19400301 19400331     1.3
19400401 19400430    46.0
19400501 19400531     0.8
19400601 19400630     6.6
19400701 19400731    30.5
19400801 19400831     7.1
19400901 19400930    47.2
19401001 19401031     4.0
19401101 19401130    18.8
19401201 19401231     7.8
19410101 19410131    65.3
19410201 19410228     3.0
19410301 19410331    24.7
19410401 19410430     4.3
19410501 19410531    12.5
19410601 19410630    26.4
19410701 19410731    50.7
19410801 19410831     9.7
19410901 19410930    45.7
19411001 19411031    29.7
19411101 19411130    21.7
19411201 19411231     3.1
19420101 19420131    10.7
19420201 19420228    16.2
19420301 19420331    20.8
19420401 19420430    11.2
19420501 19420531    52.6
19420601 19420630    59.2
19420701 19420731    37.2
19420801 19420831    61.5
19420901 19420930    22.4
19421001 19421031    22.2
19421101 19421130    49.5
19421201 19421231     6.6
19430101 19430131    13.2
19430201 19430228     5.6
19430301 19430331     0.3
19430401 19430430    16.1
19430501 19430531     8.9
19430601 19430630    15.3
19430701 19430731    29.4
19430801 19430831    27.7
19430901 19430930    16.7
19431001 19431031    28.2
19431101 19431130    22.7
19431201 19431231    11.2
19440101 19440131    19.1
19440201 19440229     3.3
19440301 19440331     0.8
19440401 19440430    32.2
19440501 19440531    31.5
19440601 19440630     4.0
19440701 19440731    25.1
19440801 19440831     2.0
19440901 19440930     4.1
19441001 19441031    16.0
19441101 19441130    16.1
19441201 19441231    19.2
19450101 19450131    15.4
19450201 19450228    14.2
19450301 19450331     5.3
19450401 19450430     0.0
19450501 19450531    12.6
19450601 19450630    56.5
19450701 19450731    31.5
19450801 19450831    53.3
19450901 19450930    14.0
19451001 19451031    34.8
19451101 19451130    46.9
19451201 19451231    10.2
19460101 19460131    58.9
19460201 19460228    85.7
19460301 19460331    18.4
19460401 19460430     8.1
19460501 19460531    35.3
19460601 19460630    25.2
19460701 19460731    25.3
19460801 19460831    17.9
19460901 19460930     4.1
19461001 19461031    14.0
19461101 19461130    28.0
19461201 19461231    22.4
19470101 19470131     0.0
19470201 19470228    12.5
19470301 19470331    42.7
19470401 19470430    18.6
19470501 19470531     4.0
19470601 19470630    23.0
19470701 19470731    55.7
19470801 19470831    24.5
19470901 19470930    32.1
19471001 19471031    77.1
19471101 19471130    39.0
19471201 19471231    53.1
19480101 19480131     3.3
19480201 19480229    28.4
19480301 19480331     0.0
19480401 19480430    30.0
19480501 19480531    34.6
19480601 19480630    33.2
19480701 19480731    16.3
19480801 19480831     4.7
19480901 19480930    16.3
19481001 19481031    79.0
19481101 19481130    23.0
19481201 19481231    17.0
19490101 19490131     0.6
19490201 19490228    46.7
19490301 19490331    35.1
19490401 19490430     5.8
19490501 19490531    35.7
19490601 19490630    14.4
19490701 19490731    45.4
19490801 19490831     9.4
19490901 19490930    22.1
19491001 19491031    85.6
19491101 19491130    27.3
19491201 19491231     2.5
19500101 19500131     0.0
19500201 19500228    60.1
19500301 19500331    99.6
19500401 19500430    58.0
19500501 19500531    58.5
19500601 19500630    23.6
19500701 19500731    39.1
19500801 19500831    20.2
19500901 19500930    40.9
19501001 19501031    48.8
19501101 19501130    26.3
19501201 19501231    17.5
19510101 19510131    34.1
19510201 19510228    64.8
19510301 19510331     0.0
19510401 19510430    12.6
19510501 19510531    60.8
19510601 19510630    80.5
19510701 19510731    41.2
19510801 19510831    49.2
19510901 19510930     4.2
19511001 19511031    17.6
19511101 19511130     6.1
19511201 19511231     9.2
19520101 19520131    17.8
19520201 19520229     5.8
19520301 19520331    20.9
19520401 19520430    53.7
19520501 19520531    77.5
19520601 19520630    60.7
19520701 19520731    15.8
19520801 19520831    17.9
19520901 19520930    23.0
19521001 19521031    54.2
19521101 19521130    73.1
19521201 19521231    17.7
19530101 19530131    40.8
19530201 19530228    10.9
19530301 19530331     0.0
19530401 19530430    26.9
19530501 19530531     9.8
19530601 19530630    53.4
19530701 19530731    29.4
19530801 19530831    56.8
19530901 19530930    41.2
19531001 19531031    44.4
19531101 19531130    35.3
19531201 19531231    10.9
19540101 19540131    35.1
19540201 19540228     9.9
19540301 19540331     4.3
19540401 19540430    49.2
19540501 19540531    19.8
19540601 19540630    15.7
19540701 19540731    28.3
19540801 19540831    42.0
19540901 19540930    24.9
19541001 19541031    47.2
19541101 19541130    51.3
19541201 19541231    53.3
19550101 19550131     1.8
19550201 19550228    89.3
19550301 19550331    33.8
19550401 19550430     4.3
19550501 19550531    56.4
19550601 19550630    67.9
19550701 19550731    44.5
19550801 19550831    74.5
19550901 19550930    76.1
19551001 19551031    62.0
19551101 19551130    29.4
19551201 19551231     8.9
19560101 19560131    23.9
19560201 19560229     5.6
19560301 19560331    68.6
19560401 19560430    52.1
19560501 19560531   128.5
19560601 19560630    45.9
19560701 19560731    81.9
19560801 19560831    28.4
19560901 19560930    41.5
19561001 19561031   119.3
19561101 19561130    36.4
19561201 19561231     2.5
19570101 19570131     2.5
19570201 19570228    77.3
19570301 19570331    21.3
19570401 19570430    15.0
19570501 19570531     7.4
19570601 19570630    63.6
19570701 19570731    21.6
19570801 19570831    25.5
19570901 19570930    11.9
19571001 19571031    20.8
19571101 19571130    13.4
19571201 19571231     8.4
19580101 19580131    51.9
19580201 19580228    23.6
19580301 19580331     2.5
19580401 19580430     7.6
19580501 19580531    54.5
19580601 19580630     5.3
19580701 19580731    63.4
19580801 19580831    93.4
19580901 19580930    22.6
19581001 19581031    88.0
19581101 19581130    66.6
19581201 19581231     2.0
19590101 19590131    21.4
19590201 19590228     8.9
19590301 19590331    39.1
19590401 19590430     4.3
19590501 19590531     7.6
19590601 19590630    25.7
19590701 19590731     8.9
19590801 19590831    22.9
19590901 19590930    27.0
19591001 19591031    77.5
19591101 19591130    14.7
19591201 19591231    24.6
19600101 19600131    89.2
19600201 19600229    20.4
19600301 19600331    13.5
19600401 19600430    32.6
19600501 19600531    92.0
19600601 19600630    26.4
19600701 19600731    63.0
19600801 19600831    57.1
19600901 19600930    79.9
19601001 19601031     2.5
19601101 19601130    64.7
19601201 19601231    27.0
19610101 19610131     0.0
19610201 19610228    12.0
19610301 19610331   108.5
19610401 19610430    53.7
19610501 19610531    11.7
19610601 19610630    23.6
19610701 19610731    33.6
19610801 19610831    29.5
19610901 19610930    38.6
19611001 19611031    17.8
19611101 19611130    32.3
19611201 19611231    19.6
19620101 19620131    57.7
19620201 19620228     2.8
19620301 19620331    16.0
19620401 19620430     0.0
19620501 19620531    51.7
19620601 19620630    30.7
19620701 19620731    44.4
19620801 19620831    40.9
19620901 19620930    59.1
19621001 19621031    40.9
19621101 19621130    12.3
19621201 19621231    26.9
19630101 19630131    81.5
19630201 19630228     3.8
19630301 19630331    36.6
19630401 19630430    15.5
19630501 19630531    82.0
19630601 19630630    47.7
19630701 19630731    39.6
19630801 19630831    45.9
19630901 19630930    34.7
19631001 19631031    26.6
19631101 19631130     3.0
19631201 19631231    14.0
19640101 19640131     5.8
19640201 19640229    10.4
19640301 19640331     0.0
19640401 19640430   105.9
19640501 19640531    32.0
19640601 19640630    29.4
19640701 19640731    77.3
19640801 19640831    23.7
19640901 19640930    65.0
19641001 19641031    82.3
19641101 19641130    27.4
19641201 19641231     5.6
19650101 19650131     0.0
19650201 19650228     0.0
19650301 19650331     2.0
19650401 19650430     9.5
19650501 19650531    37.3
19650601 19650630    17.3
19650701 19650731    52.0
19650801 19650831    45.7
19650901 19650930    25.9
19651001 19651031    17.5
19651101 19651130    97.0
19651201 19651231    30.5
19660101 19660131    27.1
19660201 19660228    25.1
19660301 19660331    26.1
19660401 19660430     6.6
19660501 19660531    18.1
19660601 19660630     8.9
19660701 19660731    31.2
19660801 19660831    35.8
19660901 19660930    78.3
19661001 19661031    53.1
19661101 19661130    15.5
19661201 19661231    73.8
19670101 19670131     4.3
19670201 19670228     2.3
19670301 19670331     1.5
19670401 19670430     6.6
19670501 19670531    28.2
19670601 19670630    29.1
19670701 19670731    12.7
19670801 19670831    43.4
19670901 19670930    14.5
19671001 19671031     5.1
19671101 19671130     0.8
19671201 19671231     7.4
19680101 19680131    16.5
19680201 19680229     0.0
19680301 19680331    38.1
19680401 19680430    47.1
19680501 19680531    74.9
19680601 19680630    55.3
19680701 19680731    39.0
19680801 19680831    75.8
19680901 19680930    15.4
19681001 19681031    33.7
19681101 19681130    12.6
19681201 19681231    21.9
19690101 19690131    26.0
19690201 19690228    57.6
19690301 19690331   113.9
19690401 19690430    14.9
19690501 19690531    42.4
19690601 19690630     7.2
19690701 19690731    42.9
19690801 19690831    43.2
19690901 19690930    22.4
19691001 19691031    23.7
19691101 19691130    20.5
19691201 19691231    28.4
19700101 19700131    56.2
19700201 19700228    16.8
19700301 19700331    39.8
19700401 19700430    55.8
19700501 19700531    23.1
19700601 19700630    27.9
19700701 19700731     9.6
19700801 19700831    48.9
19700901 19700930    58.8
19701001 19701031     3.8
19701101 19701130    45.8
19701201 19701231    19.0
19710101 19710131    79.3
19710201 19710228    58.2
19710301 19710331    67.4
19710401 19710430    55.6
19710501 19710531    26.7
19710601 19710630    19.6
19710701 19710731    18.2
19710801 19710831    28.3
19710901 19710930    28.5
19711001 19711031    18.6
19711101 19711130    99.5
19711201 19711231    35.1
19720101 19720131    54.9
19720201 19720229    55.7
19720301 19720331     3.0
19720401 19720430    19.0
19720501 19720531    10.7
19720601 19720630     7.6
19720701 19720731    14.6
19720801 19720831    40.9
19720901 19720930    15.2
19721001 19721031     9.7
19721101 19721130    34.7
19721201 19721231     2.0
19730101 19730131    46.7
19730201 19730228   156.4
19730301 19730331    41.6
19730401 19730430    41.5
19730501 19730531    48.3
19730601 19730630    58.2
19730701 19730731    58.7
19730801 19730831    95.5
19730901 19730930    56.1
19731001 19731031   147.5
19731101 19731130    39.7
19731201 19731231    21.5
19740101 19740131   111.4
19740201 19740228    27.3
19740301 19740331    51.4
19740401 19740430    59.4
19740501 19740531    93.5
19740601 19740630     9.4
19740701 19740731    39.8
19740801 19740831    49.6
19740901 19740930    65.4
19741001 19741031    78.2
19741101 19741130    12.2
19741201 19741231     0.0
19750101 19750131     5.0
19750201 19750228     2.8
19750301 19750331    33.8
19750401 19750430     0.8
19750501 19750531    42.0
19750601 19750630     2.0
19750701 19750731    34.3
19750801 19750831    41.8
19750901 19750930    88.4
19751001 19751031   128.6
19751101 19751130     4.2
19751201 19751231    57.0
19760101 19760131    26.6
19760201 19760229     9.2
19760301 19760331     4.2
19760401 19760430     0.4
19760501 19760531     5.3
19760601 19760630     9.8
19760701 19760731    19.0
19760801 19760831    28.8
19760901 19760930    30.2
19761001 19761031    62.7
19761101 19761130    57.2
19761201 19761231    15.4
19770101 19770131     0.0
19770201 19770228    29.8
19770301 19770331    10.2
19770401 19770430    29.6
19770501 19770531    35.8
19770601 19770630    23.4
19770701 19770731    15.8
19770801 19770831    10.4
19770901 19770930    32.6
19771001 19771031    12.6
19771101 19771130    25.6
19771201 19771231     5.4
19780101 19780131    29.6
19780201 19780228     4.6
19780301 19780331    37.6
19780401 19780430    21.2
19780501 19780531    47.4
19780601 19780630    38.6
19780701 19780731    78.2
19780801 19780831    37.0
19780901 19780930    77.2
19781001 19781031    15.8
19781101 19781130    60.8
19781201 19781231    23.0
19790101 19790131    49.4
19790201 19790228    12.5
19790301 19790331    12.4
19790401 19790430    27.2
19790501 19790531    41.0
19790601 19790630    15.8
19790701 19790731     4.0
19790801 19790831    70.0
19790901 19790930    86.6
19791001 19791031    32.6
19791101 19791130    16.6
19791201 19791231     1.0
19800101 19800131     1.4
19800201 19800229     0.0
19800301 19800331    16.4
19800401 19800430    48.0
19800501 19800531    29.6
19800601 19800630    34.8
19800701 19800731    32.2
19800801 19800831    39.0
19800901 19800930    18.0
19801001 19801031    69.4
19801101 19801130     7.0
19801201 19801231    32.3
19810101 19810131    24.0
19810201 19810228    22.8
19810301 19810331    35.8
19810401 19810430     0.0
19810501 19810531    50.4
19810601 19810630    55.8
19810701 19810731    82.4
19810801 19810831    61.2
19810901 19810930    22.4
19811001 19811031    18.8
19811101 19811130    18.0
19811201 19811231     8.5
19820101 19820131     2.9
19820201 19820228     0.0
19820301 19820331    25.8
19820401 19820430    14.0
19820501 19820531    18.2
19820601 19820630    18.0
19820701 19820731     1.4
19820801 19820831     5.4
19820901 19820930     7.2
19821001 19821031     4.2
19821101 19821130     6.8
19821201 19821231    18.8
19830101 19830131     1.0
19830201 19830228     1.0
19830301 19830331   102.5
19830401 19830430    25.6
19830501 19830531    41.9
19830601 19830630    31.2
19830701 19830731    73.3
19830801 19830831    51.4
19830901 19830930    72.7
19831001 19831031    19.4
19831101 19831130    37.0
19831201 19831231    70.4
19840101 19840131    91.0
19840201 19840229     7.4
19840301 19840331    20.0
19840401 19840430     8.0
19840501 19840531     7.0
19840601 19840630     1.8
19840701 19840731    44.4
19840801 19840831    80.1
19840901 19840930    27.8
19841001 19841031    16.9
19841101 19841130    30.8
19841201 19841231     1.2
19850101 19850131    18.8
19850201 19850228     3.6
19850301 19850331     3.0
19850401 19850430    10.6
19850501 19850531    53.7
19850601 19850630    15.0
19850701 19850731     8.4
19850801 19850831   117.6
19850901 19850930    21.8
19851001 19851031    26.0
19851101 19851130    33.3
19851201 19851231    83.3
19860101 19860131     0.7
19860201 19860228    10.8
19860301 19860331     0.0
19860401 19860430    35.2
19860501 19860531    51.2
19860601 19860630    13.1
19860701 19860731    67.2
19860801 19860831    35.5
19860901 19860930    59.5
19861001 19861031    66.3
19861101 19861130    13.2
19861201 19861231    26.7
19870101 19870131    10.8
19870201 19870228    14.3
19870301 19870331    22.7
19870401 19870430    15.7
19870501 19870531    35.8
19870601 19870630    45.3
19870701 19870731    36.5
19870801 19870831    53.1
19870901 19870930    15.1
19871001 19871031    21.8
19871101 19871130    12.5
19871201 19871231    82.5
19880101 19880131     3.2
19880201 19880229     9.2
19880301 19880331     9.4
19880401 19880430    10.2
19880501 19880531    97.0
19880601 19880630    52.4
19880701 19880731    55.1
19880801 19880831     6.6
19880901 19880930    69.9
19881001 19881031    11.2
19881101 19881130    53.8
19881201 19881231    67.2
19890101 19890131     3.6
19890201 19890228     0.0
19890301 19890331    95.5
19890401 19890430   109.4
19890501 19890531    58.8
19890601 19890630    57.4
19890701 19890731    28.9
19890801 19890831    42.4
19890901 19890930    16.8
19891001 19891031    33.6
19891101 19891130    10.0
19891201 19891231    32.1
19900101 19900131     0.0
19900201 19900228    32.8
19900301 19900331    10.0
19900401 19900430    28.8
19900501 19900531    24.1
19900601 19900630    42.7
19900701 19900731    59.7
19900801 19900831    35.8
19900901 19900930    11.7
19901001 19901031    16.2
19901101 19901130     6.5
19901201 19901231     9.2
19910101 19910131    54.4
19910201 19910228     0.0
19910301 19910331     0.0
19910401 19910430    25.2
19910501 19910531     0.0
19910601 19910630    81.2
19910701 19910731    20.6
19910801 19910831    32.7
19910901 19910930    54.1
19911001 19911031     0.0
19911101 19911130     0.0
19911201 19911231    52.6
19920101 19920131    17.0
19920201 19920229    10.2
19920301 19920331 99999.9
19920401 19920430    13.2
19920501 19920531    61.6
19920601 19920630    17.8
19920701 19920731    15.4
19920801 19920831    92.3
19920901 19920930    68.8
19921001 19921031    96.2
19921101 19921130    44.0
19921201 19921231    96.8
19930101 19930131    29.4
19930201 19930228    25.6
19930301 19930331    16.6
19930401 19930430     0.0
19930501 19930531    22.0
19930601 19930630    16.7
19930701 19930731    50.7
19930801 19930831    34.0
19930901 19930930    90.6
19931001 19931031    78.8
19931101 19931130    43.6
19931201 19931231    31.4
19940101 19940131    13.6
19940201 19940228    43.2
19940301 19940331    54.8
19940401 19940430     1.0
19940501 19940531    15.4
19940601 19940630    46.6
19940701 19940731    17.6
19940801 19940831     7.2
19940901 19940930     9.6
19941001 19941031    14.0
19941101 19941130 99999.9
19941201 19941231     4.6
19950101 19950131    35.0
19950201 19950228     8.2
19950301 19950331    10.2
19950401 19950430    45.0
19950501 19950531    60.4
19950601 19950630    72.6
19950701 19950731    56.5
19950801 19950831    12.2
19950901 19950930    17.2
19951001 19951031    54.2
19951101 19951130     9.4
19951201 19951231     0.0
19960101 19960131    55.3
19960201 19960229    20.4
19960301 19960331    20.2
19960401 19960430    15.4
19960501 19960531    13.2
19960601 19960630    48.7
19960701 19960731    62.2
19960801 19960831    42.8
19960901 19960930    39.0
19961001 19961031    22.4
19961101 19961130     7.2
19961201 19961231    16.5
19970101 19970131     7.5
19970201 19970228     9.0
19970301 19970331     0.0
19970401 19970430     0.5
19970501 19970531    54.2
19970601 19970630    16.8
19970701 19970731     6.8
19970801 19970831    43.2
19970901 19970930    48.0
19971001 19971031    24.0
19971101 19971130    18.0
19971201 19971231     0.0
19980101 19980131    28.6
19980201 19980228    15.6
19980301 19980331     2.2
19980401 19980430    34.4
19980501 19980531    15.0
19980601 19980630    15.6
19980701 19980731    56.8
19980801 19980831    15.8
19980901 19980930    19.6
19981001 19981031    30.0
19981101 19981130    90.2
19981201 19981231     6.0
19990101 19990131    19.5
19990201 19990228    50.0
19990301 19990331    39.4
19990401 19990430    23.0
19990501 19990531    47.2
19990601 19990630    25.6
19990701 19990731    17.0
19990801 19990831    51.3
19990901 19990930    26.3
19991001 19991031    31.6
19991101 19991130    62.4
19991201 19991231    64.2
20000101 20000131    34.7
20000201 20000229    26.2
20000301 20000331    18.4
20000401 20000430    34.0
20000501 20000531    49.8
20000601 20000630    15.4
20000701 20000731    24.2
20000801 20000831    16.0
20000901 20000930    31.3
20001001 20001031    50.7
20001101 20001130    76.4
20001201 20001231    16.8
20010101 20010131    17.4
20010201 20010228    32.6
20010301 20010331    23.0
20010401 20010430    32.6
20010501 20010531    14.4
20010601 20010630    25.4
20010701 20010731    20.4
20010801 20010831    33.7
20010901 20010930    30.4
20011001 20011031    39.0
20011101 20011130    10.6
20011201 20011231     3.2
20020101 20020131    10.6
20020201 20020228    27.5
20020301 20020331    12.2
20020401 20020430     5.8
20020501 20020531    13.8
20020601 20020630    27.8
20020701 20020731     9.6
20020801 20020831    16.4
20020901 20020930    15.5
20021001 20021031     4.6
20021101 20021130    17.8
20021201 20021231    20.4
20030101 20030131     5.0
20030201 20030228    29.8
20030301 20030331     0.0
20030401 20030430    37.8
20030501 20030531    29.6
20030601 20030630    40.6
20030701 20030731    53.6
20030801 20030831    65.5
20030901 20030930    11.2
20031001 20031031    37.4
20031101 20031130    18.8
20031201 20031231    34.4
20040101 20040131     1.0
20040201 20040229     3.0
20040301 20040331     6.0
20040401 20040430     5.6
20040501 20040531    18.6
20040601 20040630    33.9
20040701 20040731 99999.9
20040801 20040831    31.8
20040901 20040930    46.6
20041001 20041031     8.6
20041101 20041130    69.7
20041201 20041231    37.4
20050101 20050131    30.6
20050201 20050228    91.2
20050301 20050331     0.0
20050401 20050430     4.2
20050501 20050531     2.0
20050601 20050630    67.2
20050701 20050731    22.2
20050801 20050831    38.5
20050901 20050930    22.0
20051001 20051031    43.4
20051101 20051130    43.6
20051201 20051231    35.8
20060101 20060131    22.2
20060201 20060228    13.0
20060301 20060331    12.4
20060401 20060430    27.3
20060501 20060531    10.4
20060601 20060630    12.4
20060701 20060731    44.4
20060801 20060831     4.4
20060901 20060930    23.6
20061001 20061031     0.0
20061101 20061130    23.3
20061201 20061231     4.6
20070101 20070131    46.8
20070201 20070228    10.6
20070301 20070331    24.3
20070401 20070430    33.8
20070501 20070531    47.2
20070601 20070630    18.2
20070701 20070731    32.4
20070801 20070831     2.0
20070901 20070930    10.1
20071001 20071031     1.6
20071101 20071130    28.5
20071201 20071231    47.6
20080101 20080131    27.0
20080201 20080229     0.0
20080301 20080331    17.0
20080401 20080430     8.2
20080501 20080531    20.5
20080601 20080630    16.1
20080701 20080731    31.2
20080801 20080831    35.9
20080901 20080930     6.3
20081001 20081031     5.8
20081101 20081130    58.9
20081201 20081231    64.2
20090101 20090131     0.0
20090201 20090228     0.0
20090301 20090331    18.5
20090401 20090430    25.7
20090501 20090531     7.3
20090601 20090630    42.2
20090701 20090731    31.9
20090801 20090831    22.2
20090901 20090930    24.8
20091001 20091031     8.0
20091101 20091130    81.1
20091201 20091231     7.4
20100101 20100131     8.0
20100201 20100228    34.2
20100301 20100331    65.5
20100401 20100430    29.8
20100501 20100531    44.0
20100601 20100630    23.0
20100701 20100731    44.8
20100801 20100831    84.3
20100901 20100930    42.5
20101001 20101031   119.3
20101101 20101130   106.9
20101201 20101231    69.1
20110101 20110131 99999.9
20110201 20110228 99999.9
20110301 20110331    57.0
20110401 20110430    17.8
20110501 20110531    11.2
20110601 20110630    12.4
20110701 20110731 99999.9
20110801 20110831 99999.9
20110901 20110930 99999.9
20111001 20111031 99999.9
20111101 20111130 99999.9
20111201 20111231 99999.9
20120101 20120131    24.2
20120201 20120229    37.8
20120301 20120331    74.0
20120401 20120430     3.0
20120501 20120531     9.2
20120601 20120630    20.1
20120701 20120731    44.4
20120801 20120831    15.2
20120901 20120930    28.6
20121001 20121031    29.9
20121101 20121130     0.0
20121201 20121231     8.9
20130101 20130131     5.0
20130201 20130228    23.0
20130301 20130331     9.2
20130401 20130430     0.0
20130501 20130531    25.6
20130601 20130630    60.9
20130701 20130731    35.1
20130801 20130831    26.8
20130901 20130930    35.8
20131001 20131031    13.7
20131101 20131130     3.2
20131201 20131231    34.2
20140101 20140131     0.0
20140201 20140228     6.0
20140301 20140331    33.9
20140401 20140430    59.2
20140501 20140531    15.2
20140601 20140630    65.8
20140701 20140731    23.3
20140801 20140831     6.9
20140901 20140930    15.8
20141001 20141031     4.1
20141101 20141130    34.8
20141201 20141231    25.9
20150101 20150131    32.5
20150201 20150228     6.8
20150301 20150331     5.1
20150401 20150430    13.7
20150501 20150531    10.0
20150601 20150630    28.4
20150701 20150731    18.7
20150801 20150831    25.4
20150901 20150930    27.4
20151001 20151031     8.2
20151101 20151130    18.9
20151201 20151231     6.0
20160101 20160131 99999.9
20160201 20160229 99999.9
20160301 20160331 99999.9
20160401 20160430 99999.9
20160501 20160531 99999.9
20160601 20160630    28.1
20160701 20160731    36.4
20160801 20160831    45.3
20160901 20160930   110.9
20161001 20161031    44.4
20161101 20161130    22.5
20161201 20161231    25.9
20170101 20170131    21.0
20170201 20170228    34.0
20170301 20170331    10.4
20170401 20170430   101.0
20170501 20170531    47.1
20170601 20170630     3.8
20170701 20170731    18.7
20170801 20170831    55.5
20170901 20170930     9.1
20171001 20171031     8.6
20171101 20171130   102.0
20171201 20171231    55.3
20180101 20180131    16.9
