PRCP       040152 19090601 20131231 missing_value=99999.9 MURGON POST OFFICE                        
19090601 19090630    62.5
19090701 19090731   104.2
19090801 19090831    90.4
19090901 19090930    26.7
19091001 19091031    16.5
19091101 19091130    38.6
19091201 19091231   283.2
19100101 19100131   159.7
19100201 19100228    54.4
19100301 19100331   159.0
19100401 19100430     3.0
19100501 19100531    38.1
19100601 19100630   112.2
19100701 19100731    32.0
19100801 19100831     6.3
19100901 19100930    30.3
19101001 19101031    92.9
19101101 19101130    59.5
19101201 19101231   124.6
19110101 19110131   266.2
19110201 19110228    83.0
19110301 19110331    32.3
19110401 19110430    51.3
19110501 19110531     8.9
19110601 19110630     0.0
19110701 19110731    13.5
19110801 19110831     5.5
19110901 19110930     9.9
19111001 19111031    56.9
19111101 19111130    44.6
19111201 19111231    14.0
19120101 19120131    53.4
19120201 19120229    91.0
19120301 19120331   135.7
19120401 19120430     4.0
19120501 19120531    10.7
19120601 19120630   165.2
19120701 19120731    50.3
19120801 19120831    17.0
19120901 19120930     3.1
19121001 19121031   109.4
19121101 19121130    91.9
19121201 19121231    83.9
19130101 19130131   222.3
19130201 19130228   127.5
19130301 19130331    26.4
19130401 19130430    17.2
19130501 19130531   101.8
19130601 19130630    90.4
19130701 19130731    15.2
19130801 19130831     0.0
19130901 19130930   102.0
19131001 19131031    10.9
19131101 19131130    20.1
19131201 19131231   114.4
19140101 19140131    60.5
19140201 19140228    51.2
19140301 19140331   125.8
19140401 19140430    49.5
19140501 19140531    22.9
19140601 19140630   127.3
19140701 19140731    34.0
19140801 19140831     8.6
19140901 19140930     0.0
19141001 19141031    90.1
19141101 19141130    17.8
19141201 19141231   161.1
19150101 19150131    65.0
19150201 19150228    90.9
19150301 19150331     0.0
19150401 19150430    24.1
19150501 19150531    35.0
19150601 19150630     0.0
19150701 19150731    25.2
19150801 19150831    28.9
19150901 19150930    68.1
19151001 19151031    17.9
19151101 19151130    57.6
19151201 19151231   211.9
19160101 19160131    46.4
19160201 19160229    50.4
19160301 19160331    33.3
19160401 19160430    66.8
19160501 19160531    20.6
19160601 19160630    74.5
19160701 19160731    74.7
19160801 19160831    51.3
19160901 19160930    30.0
19161001 19161031   141.8
19161101 19161130   129.7
19161201 19161231    58.6
19170101 19170131   127.2
19170201 19170228    90.4
19170301 19170331    60.4
19170401 19170430     6.3
19170501 19170531    14.2
19170601 19170630     0.0
19170701 19170731    15.5
19170801 19170831    16.5
19170901 19170930   172.5
19171001 19171031    24.5
19171101 19171130   220.4
19171201 19171231   132.6
19180101 19180131   222.5
19180201 19180228    73.7
19180301 19180331    54.9
19180401 19180430    34.0
19180501 19180531     8.9
19180601 19180630     0.0
19180701 19180731     5.6
19180801 19180831    28.7
19180901 19180930    12.1
19181001 19181031    14.0
19181101 19181130    29.5
19181201 19181231    48.3
19190101 19190131    40.7
19190201 19190228   109.6
19190301 19190331    91.6
19190401 19190430    19.7
19190501 19190531    65.2
19190601 19190630     6.4
19190701 19190731     0.0
19190801 19190831    24.9
19190901 19190930     1.3
19191001 19191031    43.5
19191101 19191130     2.0
19191201 19191231    30.4
19200101 19200131   158.1
19200201 19200229     2.5
19200301 19200331    20.6
19200401 19200430     5.1
19200501 19200531    39.2
19200601 19200630    71.8
19200701 19200731    38.8
19200801 19200831    52.9
19200901 19200930    33.6
19201001 19201031    67.0
19201101 19201130    66.8
19201201 19201231    99.5
19210101 19210131    86.1
19210201 19210228    74.7
19210301 19210331   130.0
19210401 19210430    62.7
19210501 19210531    26.5
19210601 19210630   197.7
19210701 19210731    79.7
19210801 19210831     9.4
19210901 19210930    15.3
19211001 19211031    43.9
19211101 19211130    15.0
19211201 19211231   198.4
19220101 19220131    53.7
19220201 19220228    83.1
19220301 19220331    48.2
19220401 19220430     0.0
19220501 19220531     0.0
19220601 19220630    32.4
19220701 19220731    62.7
19220801 19220831    26.5
19220901 19220930    51.8
19221001 19221031    21.6
19221101 19221130    43.0
19221201 19221231    91.2
19230101 19230131   104.2
19230201 19230228    11.4
19230301 19230331    47.0
19230401 19230430    54.2
19230501 19230531     9.1
19230601 19230630    81.2
19230701 19230731    33.5
19230801 19230831     7.4
19230901 19230930    31.5
19231001 19231031    22.9
19231101 19231130    41.4
19231201 19231231   241.1
19240101 19240131    97.5
19240201 19240229   246.1
19240301 19240331    93.0
19240401 19240430    25.4
19240501 19240531     5.1
19240601 19240630    14.0
19240701 19240731    41.2
19240801 19240831    21.3
19240901 19240930    81.3
19241001 19241031   141.8
19241101 19241130   165.9
19241201 19241231    94.3
19250101 19250131   199.0
19250201 19250228    70.9
19250301 19250331    25.7
19250401 19250430     0.0
19250501 19250531    58.2
19250601 19250630    82.0
19250701 19250731    13.5
19250801 19250831    53.1
19250901 19250930    36.8
19251001 19251031     3.8
19251101 19251130    52.6
19251201 19251231   143.8
19260101 19260131   143.5
19260201 19260228     8.4
19260301 19260331    26.2
19260401 19260430    21.6
19260501 19260531    17.6
19260601 19260630    58.3
19260701 19260731     2.8
19260801 19260831     0.0
19260901 19260930   111.0
19261001 19261031    12.2
19261101 19261130    14.2
19261201 19261231   284.9
19270101 19270131   163.0
19270201 19270228   139.4
19270301 19270331   225.7
19270401 19270430    63.5
19270501 19270531     7.6
19270601 19270630    69.3
19270701 19270731    21.3
19270801 19270831    11.7
19270901 19270930    26.2
19271001 19271031   112.2
19271101 19271130    93.0
19271201 19271231   148.2
19280101 19280131   134.8
19280201 19280229   302.4
19280301 19280331    14.8
19280401 19280430    91.3
19280501 19280531    39.8
19280601 19280630    71.3
19280701 19280731    20.9
19280801 19280831     3.8
19280901 19280930     1.5
19281001 19281031    19.1
19281101 19281130    66.1
19281201 19281231   160.3
19290101 19290131   305.5
19290201 19290228   123.2
19290301 19290331    39.9
19290401 19290430   122.7
19290501 19290531     0.8
19290601 19290630    23.9
19290701 19290731    13.7
19290801 19290831    20.3
19290901 19290930     1.3
19291001 19291031    83.8
19291101 19291130    52.3
19291201 19291231   126.7
19300101 19300131   219.9
19300201 19300228   100.7
19300301 19300331    19.3
19300401 19300430     8.6
19300501 19300531   143.7
19300601 19300630   119.9
19300701 19300731    35.4
19300801 19300831    58.0
19300901 19300930    25.7
19301001 19301031    34.9
19301101 19301130    96.0
19301201 19301231    27.5
19310101 19310131   151.1
19310201 19310228   123.6
19310301 19310331    98.6
19310401 19310430    59.2
19310501 19310531    79.3
19310601 19310630     8.9
19310701 19310731    23.1
19310801 19310831    19.8
19310901 19310930    65.2
19311001 19311031    15.2
19311101 19311130   140.7
19311201 19311231    98.8
19320101 19320131    21.9
19320201 19320229    18.2
19320301 19320331    35.1
19320401 19320430   244.9
19320501 19320531    15.4
19320601 19320630     5.1
19320701 19320731    16.0
19320801 19320831    10.4
19320901 19320930    35.9
19321001 19321031    84.1
19321101 19321130    82.5
19321201 19321231    55.8
19330101 19330131   252.2
19330201 19330228    65.1
19330301 19330331     0.8
19330401 19330430    59.1
19330501 19330531     9.2
19330601 19330630    19.1
19330701 19330731    61.1
19330801 19330831    42.4
19330901 19330930    99.3
19331001 19331031    94.1
19331101 19331130   168.3
19331201 19331231   122.4
19340101 19340131    61.9
19340201 19340228   185.9
19340301 19340331     7.9
19340401 19340430   179.1
19340501 19340531    44.5
19340601 19340630    54.7
19340701 19340731    78.2
19340801 19340831    11.7
19340901 19340930    25.7
19341001 19341031    57.0
19341101 19341130   209.2
19341201 19341231   184.6
19350101 19350131    74.6
19350201 19350228   137.9
19350301 19350331     8.9
19350401 19350430    43.1
19350501 19350531    38.0
19350601 19350630     0.0
19350701 19350731    31.3
19350801 19350831    27.3
19350901 19350930    82.0
19351001 19351031    62.7
19351101 19351130     5.9
19351201 19351231   113.9
19360101 19360131    93.3
19360201 19360229    30.0
19360301 19360331    89.5
19360401 19360430     9.6
19360501 19360531    35.6
19360601 19360630    56.9
19360701 19360731    16.9
19360801 19360831     1.8
19360901 19360930     9.7
19361001 19361031    25.2
19361101 19361130   129.2
19361201 19361231    34.9
19370101 19370131    40.9
19370201 19370228    70.9
19370301 19370331   161.1
19370401 19370430     8.4
19370501 19370531     6.8
19370601 19370630    45.0
19370701 19370731    20.9
19370801 19370831    48.8
19370901 19370930    24.7
19371001 19371031   115.8
19371101 19371130   132.7
19371201 19371231    80.7
19380101 19380131   100.9
19380201 19380228    10.3
19380301 19380331   118.9
19380401 19380430    53.4
19380501 19380531    84.5
19380601 19380630    18.1
19380701 19380731    72.9
19380801 19380831    38.2
19380901 19380930     4.6
19381001 19381031   149.6
19381101 19381130   136.3
19381201 19381231     0.0
19390101 19390131    89.4
19390201 19390228    32.9
19390301 19390331    55.8
19390401 19390430    89.4
19390501 19390531    21.1
19390601 19390630    88.4
19390701 19390731    41.2
19390801 19390831    51.3
19390901 19390930     2.0
19391001 19391031    48.9
19391101 19391130    66.1
19391201 19391231   102.8
19400101 19400131   112.2
19400201 19400229   159.8
19400301 19400331    91.9
19400401 19400430    30.3
19400501 19400531    23.0
19400601 19400630    18.7
19400701 19400731    18.3
19400801 19400831     7.1
19400901 19400930     9.7
19401001 19401031    31.2
19401101 19401130   228.4
19401201 19401231    98.6
19410101 19410131   188.2
19410201 19410228    24.7
19410301 19410331   129.3
19410401 19410430    33.8
19410501 19410531    63.1
19410601 19410630    62.8
19410701 19410731     9.7
19410801 19410831     5.6
19410901 19410930     3.1
19411001 19411031    15.2
19411101 19411130    45.2
19411201 19411231    19.0
19420101 19420131   259.0
19420201 19420228   205.9
19420301 19420331    75.9
19420401 19420430    42.3
19420501 19420531    49.8
19420601 19420630    16.0
19420701 19420731    49.2
19420801 19420831    17.3
19420901 19420930     9.7
19421001 19421031    99.5
19421101 19421130    60.2
19421201 19421231   283.8
19430101 19430131   123.6
19430201 19430228    77.8
19430301 19430331    22.6
19430401 19430430    48.6
19430501 19430531    34.7
19430601 19430630    35.4
19430701 19430731     0.0
19430801 19430831    43.7
19430901 19430930    85.8
19431001 19431031   137.5
19431101 19431130    79.2
19431201 19431231   182.7
19440101 19440131   104.5
19440201 19440229    59.8
19440301 19440331     2.5
19440401 19440430     6.6
19440501 19440531    43.9
19440601 19440630    29.0
19440701 19440731    58.5
19440801 19440831    23.2
19440901 19440930    23.1
19441001 19441031    20.6
19441101 19441130    61.0
19441201 19441231    93.9
19450101 19450131   134.0
19450201 19450228   214.2
19450301 19450331    33.6
19450401 19450430    21.5
19450501 19450531    28.9
19450601 19450630    65.1
19450701 19450731    70.6
19450801 19450831    10.5
19450901 19450930    63.0
19451001 19451031    64.1
19451101 19451130    74.4
19451201 19451231    31.5
19460101 19460131   127.1
19460201 19460228   108.2
19460301 19460331    69.4
19460401 19460430    31.3
19460501 19460531     0.0
19460601 19460630     0.5
19460701 19460731    12.2
19460801 19460831    12.4
19460901 19460930    39.1
19461001 19461031    63.7
19461101 19461130    24.3
19461201 19461231    87.3
19470101 19470131    43.8
19470201 19470228   217.7
19470301 19470331   236.9
19470401 19470430    82.1
19470501 19470531    46.2
19470601 19470630     6.6
19470701 19470731     5.3
19470801 19470831    26.9
19470901 19470930    89.9
19471001 19471031    54.5
19471101 19471130   111.0
19471201 19471231   360.2
19480101 19480131    28.9
19480201 19480229   154.2
19480301 19480331   120.3
19480401 19480430    92.2
19480501 19480531   112.1
19480601 19480630    97.0
19480701 19480731    32.7
19480801 19480831     2.0
19480901 19480930    49.3
19481001 19481031     2.0
19481101 19481130    43.2
19481201 19481231   136.1
19490101 19490131    54.6
19490201 19490228   278.3
19490301 19490331   208.8
19490401 19490430    24.9
19490501 19490531    33.7
19490601 19490630    61.0
19490701 19490731    35.3
19490801 19490831     9.7
19490901 19490930    53.0
19491001 19491031   184.2
19491101 19491130    97.9
19491201 19491231    70.8
19500101 19500131   153.8
19500201 19500228   306.2
19500301 19500331    43.1
19500401 19500430    60.7
19500501 19500531    45.4
19500601 19500630    96.1
19500701 19500731   128.8
19500801 19500831    10.0
19500901 19500930     6.0
19501001 19501031   149.3
19501101 19501130   121.5
19501201 19501231    37.6
19510101 19510131   214.7
19510201 19510228    24.4
19510301 19510331    48.5
19510401 19510430     6.5
19510501 19510531    25.6
19510601 19510630    14.0
19510701 19510731     5.1
19510801 19510831    23.9
19510901 19510930    18.7
19511001 19511031    51.5
19511101 19511130    29.1
19511201 19511231    37.7
19520101 19520131    45.3
19520201 19520229    69.4
19520301 19520331   164.1
19520401 19520430   108.1
19520501 19520531    95.5
19520601 19520630    59.1
19520701 19520731    30.6
19520801 19520831    48.5
19520901 19520930    22.6
19521001 19521031    50.6
19521101 19521130    16.0
19521201 19521231    20.6
19530101 19530131   125.0
19530201 19530228    98.0
19530301 19530331   193.6
19530401 19530430    75.0
19530501 19530531     9.7
19530601 19530630     4.8
19530701 19530731     2.5
19530801 19530831    71.6
19530901 19530930    10.9
19531001 19531031   117.5
19531101 19531130   110.0
19531201 19531231   102.6
19540101 19540131    97.1
19540201 19540228   213.2
19540301 19540331    31.5
19540401 19540430    71.5
19540501 19540531    15.2
19540601 19540630    26.4
19540701 19540731   301.5
19540801 19540831   108.7
19540901 19540930    55.6
19541001 19541031   112.9
19541101 19541130   161.9
19541201 19541231    60.4
19550101 19550131    54.3
19550201 19550228   119.8
19550301 19550331   281.3
19550401 19550430    90.5
19550501 19550531   187.5
19550601 19550630    13.3
19550701 19550731    42.0
19550801 19550831     9.7
19550901 19550930    54.8
19551001 19551031    89.4
19551101 19551130    43.4
19551201 19551231   193.5
19560101 19560131   217.5
19560201 19560229   245.0
19560301 19560331   274.6
19560401 19560430   141.7
19560501 19560531    96.7
19560601 19560630    91.7
19560701 19560731    43.4
19560801 19560831     1.0
19560901 19560930    23.8
19561001 19561031    47.2
19561101 19561130    21.4
19561201 19561231   261.3
19570101 19570131    41.9
19570201 19570228    22.3
19570301 19570331    22.6
19570401 19570430    33.7
19570501 19570531     3.6
19570601 19570630    21.1
19570701 19570731    55.3
19570801 19570831    15.3
19570901 19570930     6.1
19571001 19571031   117.4
19571101 19571130    68.7
19571201 19571231    23.1
19580101 19580131    48.8
19580201 19580228   147.8
19580301 19580331    74.5
19580401 19580430    93.7
19580501 19580531     4.6
19580601 19580630   188.4
19580701 19580731     3.0
19580801 19580831    65.8
19580901 19580930    13.4
19581001 19581031    28.9
19581101 19581130    15.7
19581201 19581231   100.0
19590101 19590131   232.8
19590201 19590228   132.4
19590301 19590331    92.3
19590401 19590430     6.3
19590501 19590531    56.5
19590601 19590630    11.8
19590701 19590731    63.2
19590801 19590831     9.9
19590901 19590930    55.9
19591001 19591031   122.4
19591101 19591130   160.5
19591201 19591231   142.7
19600101 19600131    68.6
19600201 19600229    97.8
19600301 19600331    26.4
19600401 19600430    21.2
19600501 19600531    46.1
19600601 19600630     5.1
19600701 19600731    25.8
19600801 19600831    26.7
19600901 19600930    16.0
19601001 19601031   103.9
19601101 19601130    89.3
19601201 19601231    89.9
19610101 19610131   110.1
19610201 19610228   159.7
19610301 19610331    37.9
19610401 19610430    11.9
19610501 19610531    10.0
19610601 19610630    23.7
19610701 19610731    50.1
19610801 19610831    22.8
19610901 19610930    38.1
19611001 19611031   112.8
19611101 19611130   107.6
19611201 19611231    84.0
19620101 19620131   130.1
19620201 19620228    49.1
19620301 19620331    95.6
19620401 19620430    91.3
19620501 19620531    24.0
19620601 19620630    26.0
19620701 19620731    29.2
19620801 19620831    22.3
19620901 19620930    52.8
19621001 19621031    38.9
19621101 19621130    75.7
19621201 19621231   244.1
19630101 19630131    72.0
19630201 19630228    43.5
19630301 19630331   256.6
19630401 19630430    12.8
19630501 19630531    57.6
19630601 19630630    18.1
19630701 19630731     0.0
19630801 19630831    88.2
19630901 19630930     5.0
19631001 19631031    33.0
19631101 19631130    39.1
19631201 19631231    59.2
19640101 19640131    69.3
19640201 19640229    65.0
19640301 19640331    96.5
19640401 19640430    46.5
19640501 19640531    50.7
19640601 19640630    28.0
19640701 19640731    55.9
19640801 19640831    20.1
19640901 19640930    79.9
19641001 19641031    86.6
19641101 19641130    68.6
19641201 19641231    59.0
19650101 19650131    67.2
19650201 19650228     6.9
19650301 19650331     6.9
19650401 19650430    56.5
19650501 19650531    33.8
19650601 19650630    80.9
19650701 19650731    72.3
19650801 19650831    29.8
19650901 19650930    39.8
19651001 19651031    88.5
19651101 19651130    80.2
19651201 19651231   131.1
19660101 19660131    68.4
19660201 19660228    93.0
19660301 19660331   126.5
19660401 19660430    59.4
19660501 19660531     1.8
19660601 19660630    49.0
19660701 19660731    36.7
19660801 19660831    79.6
19660901 19660930    24.9
19661001 19661031    74.0
19661101 19661130    52.8
19661201 19661231    57.8
19670101 19670131   135.4
19670201 19670228   134.0
19670301 19670331    90.0
19670401 19670430    12.7
19670501 19670531    66.1
19670601 19670630   125.0
19670701 19670731    25.2
19670801 19670831    18.1
19670901 19670930     1.3
19671001 19671031    19.1
19671101 19671130   137.9
19671201 19671231    86.1
19680101 19680131   255.9
19680201 19680229   114.5
19680301 19680331   110.0
19680401 19680430    36.4
19680501 19680531    53.6
19680601 19680630    16.2
19680701 19680731    34.3
19680801 19680831    62.0
19680901 19680930    13.5
19681001 19681031     6.2
19681101 19681130    58.9
19681201 19681231   128.5
19690101 19690131     6.1
19690201 19690228   127.8
19690301 19690331    64.0
19690401 19690430     7.6
19690501 19690531    61.4
19690601 19690630    14.0
19690701 19690731    16.2
19690801 19690831    19.3
19690901 19690930    13.2
19691001 19691031   107.4
19691101 19691130    98.4
19691201 19691231   106.5
19700101 19700131   133.4
19700201 19700228   194.2
19700301 19700331    86.5
19700401 19700430    15.8
19700501 19700531    36.6
19700601 19700630    10.7
19700701 19700731     6.4
19700801 19700831     5.1
19700901 19700930    82.1
19701001 19701031    90.2
19701101 19701130    67.3
19701201 19701231   262.9
19710101 19710131   156.7
19710201 19710228   260.4
19710301 19710331    15.1
19710401 19710430    11.7
19710501 19710531    16.0
19710601 19710630    14.5
19710701 19710731    17.9
19710801 19710831    81.5
19710901 19710930    57.7
19711001 19711031    77.0
19711101 19711130    47.7
19711201 19711231   107.5
19720101 19720131    78.8
19720201 19720229   116.8
19720301 19720331    66.0
19720401 19720430    90.2
19720501 19720531    43.3
19720601 19720630    19.6
19720701 19720731     0.8
19720801 19720831     5.1
19720901 19720930     0.0
19721001 19721031   146.4
19721101 19721130    87.2
19721201 19721231    25.7
19730101 19730131   177.6
19730201 19730228   182.6
19730301 19730331    74.5
19730401 19730430     7.8
19730501 19730531    11.0
19730601 19730630    10.2
19730701 19730731   189.0
19730801 19730831    53.2
19730901 19730930    64.8
19731001 19731031    39.1
19731101 19731130    67.9
19731201 19731231   135.9
19740101 19740131   204.4
19740201 19740228    40.2
19740301 19740331    37.8
19740401 19740430    33.6
19740501 19740531    53.6
19740601 19740630     3.2
19740701 19740731    22.6
19740801 19740831    42.0
19740901 19740930    72.2
19741001 19741031    99.2
19741101 19741130   122.3
19741201 19741231    57.1
19750101 19750131   140.6
19750201 19750228   151.2
19750301 19750331    37.8
19750401 19750430    24.2
19750501 19750531     8.8
19750601 19750630    53.4
19750701 19750731    49.4
19750801 19750831    32.4
19750901 19750930    43.4
19751001 19751031   113.0
19751101 19751130    71.8
19751201 19751231   103.7
19760101 19760131    92.0
19760201 19760229    61.1
19760301 19760331    69.7
19760401 19760430    51.0
19760501 19760531    23.8
19760601 19760630     7.6
19760701 19760731    26.1
19760801 19760831     0.6
19760901 19760930    82.4
19761001 19761031    95.9
19761101 19761130   201.6
19761201 19761231    75.2
19770101 19770131    22.9
19770201 19770228    48.7
19770301 19770331    44.8
19770401 19770430     9.0
19770501 19770531    85.2
19770601 19770630     7.2
19770701 19770731     0.8
19770801 19770831     1.8
19770901 19770930     1.8
19771001 19771031    29.2
19771101 19771130    73.8
19771201 19771231    68.1
19780101 19780131   257.9
19780201 19780228    82.4
19780301 19780331    56.7
19780401 19780430    51.6
19780501 19780531    31.5
19780601 19780630    45.0
19780701 19780731    79.0
19780801 19780831    82.4
19780901 19780930   112.0
19781001 19781031    18.4
19781101 19781130    67.2
19781201 19781231   127.2
19790101 19790131    51.1
19790201 19790228    41.8
19790301 19790331    94.7
19790401 19790430    22.8
19790501 19790531    16.4
19790601 19790630    53.8
19790701 19790731    14.5
19790801 19790831    13.6
19790901 19790930     8.6
19791001 19791031    73.8
19791101 19791130   113.9
19791201 19791231    55.6
19800101 19800131    97.0
19800201 19800229    62.7
19800301 19800331    58.7
19800401 19800430     5.5
19800501 19800531    87.4
19800601 19800630     5.2
19800701 19800731    29.9
19800801 19800831    11.2
19800901 19800930     0.2
19801001 19801031   126.4
19801101 19801130    53.8
19801201 19801231   181.4
19810101 19810131    57.2
19810201 19810228   108.1
19810301 19810331    35.4
19810401 19810430    69.8
19810501 19810531    50.1
19810601 19810630    87.0
19810701 19810731    46.8
19810801 19810831    26.8
19810901 19810930     5.8
19811001 19811031    13.4
19811101 19811130   162.5
19811201 19811231   115.3
19820101 19820131   160.4
19820201 19820228    93.2
19820301 19820331   104.8
19820401 19820430    11.4
19820501 19820531    62.4
19820601 19820630     0.0
19820701 19820731    17.6
19820801 19820831    12.6
19820901 19820930    47.0
19821001 19821031    45.7
19821101 19821130     1.5
19821201 19821231   122.7
19830101 19830131   146.8
19830201 19830228    28.0
19830301 19830331    86.7
19830401 19830430   221.4
19830501 19830531   175.0
19830601 19830630   118.0
19830701 19830731    30.7
19830801 19830831    24.2
19830901 19830930     4.4
19831001 19831031   137.5
19831101 19831130   122.8
19831201 19831231    31.4
19840101 19840131    63.4
19840201 19840229    16.6
19840301 19840331    52.8
19840401 19840430    93.7
19840501 19840531    10.2
19840601 19840630    12.0
19840701 19840731   148.0
19840801 19840831    12.4
19840901 19840930    50.2
19841001 19841031    95.8
19841101 19841130    65.8
19841201 19841231   166.4
19850101 19850131    95.2
19850201 19850228     9.8
19850301 19850331    72.6
19850401 19850430    32.4
19850501 19850531    22.6
19850601 19850630    67.8
19850701 19850731    32.6
19850801 19850831    36.5
19850901 19850930    35.1
19851001 19851031    85.4
19851101 19851130    33.0
19851201 19851231   164.4
19860101 19860131    99.2
19860201 19860228   168.4
19860301 19860331    12.2
19860401 19860430     2.6
19860501 19860531    52.4
19860601 19860630     0.4
19860701 19860731    89.2
19860801 19860831    67.4
19860901 19860930     4.0
19861001 19861031   100.2
19861101 19861130    69.8
19861201 19861231   106.8
19870101 19870131    71.6
19870201 19870228    89.0
19870301 19870331    29.6
19870401 19870430    23.0
19870501 19870531    50.6
19870601 19870630    26.0
19870701 19870731    22.8
19870801 19870831    41.0
19870901 19870930     9.0
19871001 19871031    94.6
19871101 19871130    59.8
19871201 19871231   159.8
19880101 19880131    25.2
19880201 19880229    50.2
19880301 19880331    47.2
19880401 19880430   125.6
19880501 19880531    15.6
19880601 19880630    50.4
19880701 19880731    70.6
19880801 19880831    94.0
19880901 19880930    27.0
19881001 19881031    22.6
19881101 19881130    18.4
19881201 19881231   171.0
19890101 19890131    81.2
19890201 19890228   119.0
19890301 19890331    63.0
19890401 19890430   229.0
19890501 19890531    59.6
19890601 19890630    14.2
19890701 19890731    71.6
19890801 19890831    44.4
19890901 19890930    15.2
19891001 19891031    69.4
19891101 19891130   113.6
19891201 19891231    10.6
19900101 19900131    40.0
19900201 19900228    49.6
19900301 19900331   120.8
19900401 19900430    81.6
19900501 19900531   109.6
19900601 19900630    33.2
19900701 19900731    37.6
19900801 19900831     4.2
19900901 19900930     4.4
19901001 19901031    57.0
19901101 19901130    69.0
19901201 19901231    88.8
19910101 19910131   114.6
19910201 19910228    97.2
19910301 19910331    27.4
19910401 19910430     0.0
19910501 19910531    34.2
19910601 19910630     5.8
19910701 19910731    27.6
19910801 19910831     0.0
19910901 19910930     0.2
19911001 19911031    61.0
19911101 19911130    22.4
19911201 19911231   197.2
19920101 19920131    81.0
19920201 19920229   201.3
19920301 19920331   123.6
19920401 19920430    43.8
19920501 19920531    60.0
19920601 19920630     2.2
19920701 19920731    15.2
19920801 19920831    28.8
19920901 19920930    79.4
19921001 19921031    43.4
19921101 19921130   136.7
19921201 19921231    31.2
19930101 19930131    59.4
19930201 19930228    64.6
19930301 19930331    42.4
19930401 19930430     0.6
19930501 19930531    17.2
19930601 19930630    11.0
19930701 19930731    63.8
19930801 19930831     4.7
19930901 19930930    53.8
19931001 19931031    43.8
19931101 19931130    49.2
19931201 19931231   113.4
19940101 19940131    97.2
19940201 19940228    99.0
19940301 19940331   176.8
19940401 19940430    18.2
19940501 19940531     9.8
19940601 19940630     5.4
19940701 19940731    18.4
19940801 19940831     9.2
19940901 19940930    25.0
19941001 19941031    52.8
19941101 19941130     5.6
19941201 19941231    37.6
19950101 19950131    94.9
19950201 19950228   192.4
19950301 19950331    60.4
19950401 19950430    26.4
19950501 19950531    47.4
19950601 19950630    15.8
19950701 19950731     4.6
19950801 19950831    10.4
19950901 19950930    37.8
19951001 19951031    74.2
19951101 19951130   209.6
19951201 19951231    93.6
19960101 19960131   149.5
19960201 19960229    68.8
19960301 19960331    45.4
19960401 19960430    50.0
19960501 19960531   115.0
19960601 19960630     9.2
19960701 19960731    39.8
19960801 19960831    45.4
19960901 19960930    31.1
19961001 19961031    44.4
19961101 19961130    77.6
19961201 19961231   115.0
19970101 19970131    69.5
19970201 19970228    41.1
19970301 19970331    29.0
19970401 19970430    17.0
19970501 19970531    72.2
19970601 19970630     1.8
19970701 19970731    29.8
19970801 19970831    10.6
19970901 19970930    65.0
19971001 19971031   121.8
19971101 19971130    76.1
19971201 19971231    40.2
19980101 19980131    62.4
19980201 19980228    72.2
19980301 19980331    37.6
19980401 19980430   107.2
19980501 19980531   161.0
19980601 19980630    26.9
19980701 19980731    31.5
19980801 19980831    38.0
19980901 19980930   121.4
19981001 19981031    26.2
19981101 19981130   161.2
19981201 19981231   133.6
19990101 19990131    36.4
19990201 19990228   209.0
19990301 19990331    69.0
19990401 19990430    23.3
19990501 19990531    28.0
19990601 19990630    55.4
19990701 19990731    83.1
19990801 19990831    12.9
19990901 19990930    21.1
19991001 19991031    89.2
19991101 19991130    82.2
19991201 19991231    87.6
20000101 20000131    45.5
20000201 20000229    56.0
20000301 20000331    46.2
20000401 20000430 99999.9
20000501 20000531    44.6
20000601 20000630    39.0
20000701 20000731    10.7
20000801 20000831     3.5
20000901 20000930     1.0
20001001 20001031   108.3
20001101 20001130    71.1
20001201 20001231    85.5
20010101 20010131    34.0
20010201 20010228   114.0
20010301 20010331    42.1
20010401 20010430    23.4
20010501 20010531    51.9
20010601 20010630     2.5
20010701 20010731    52.0
20010801 20010831     7.4
20010901 20010930    15.0
20011001 20011031    80.1
20011101 20011130   159.5
20011201 20011231    36.0
20020101 20020131    31.2
20020201 20020228   161.5
20020301 20020331    10.0
20020401 20020430    12.5
20020501 20020531    44.0
20020601 20020630    55.5
20020701 20020731     1.8
20020801 20020831   139.2
20020901 20020930     6.4
20021001 20021031    23.8
20021101 20021130    16.4
20021201 20021231    77.7
20030101 20030131     0.0
20030201 20030228   153.4
20030301 20030331    33.5
20030401 20030430    28.2
20030501 20030531    27.2
20030601 20030630    45.0
20030701 20030731    11.2
20030801 20030831    52.6
20030901 20030930     1.6
20031001 20031031    57.9
20031101 20031130    18.0
20031201 20031231    88.6
20040101 20040131   210.5
20040201 20040229   131.4
20040301 20040331    74.0
20040401 20040430    50.4
20040501 20040531    13.4
20040601 20040630     0.0
20040701 20040731     1.8
20040801 20040831     5.4
20040901 20040930    43.0
20041001 20041031    75.8
20041101 20041130    87.0
20041201 20041231   136.2
20050101 20050131   152.2
20050201 20050228    40.5
20050301 20050331    34.6
20050401 20050430    15.0
20050501 20050531    51.8
20050601 20050630   139.5
20050701 20050731     0.0
20050801 20050831     6.5
20050901 20050930    18.2
20051001 20051031   133.6
20051101 20051130    69.0
20051201 20051231    27.0
20060101 20060131    44.9
20060201 20060228    68.8
20060301 20060331    15.7
20060401 20060430     1.5
20060501 20060531     1.5
20060601 20060630    16.0
20060701 20060731    44.6
20060801 20060831    29.3
20060901 20060930    47.2
20061001 20061031     6.6
20061101 20061130    70.4
20061201 20061231   130.2
20070101 20070131    59.0
20070201 20070228    59.4
20070301 20070331    23.9
20070401 20070430     9.4
20070501 20070531    29.0
20070601 20070630   112.0
20070701 20070731     0.0
20070801 20070831    28.1
20070901 20070930    31.9
20071001 20071031    49.4
20071101 20071130    47.7
20071201 20071231   171.2
20080101 20080131   186.5
20080201 20080229   134.8
20080301 20080331    50.3
20080401 20080430    13.0
20080501 20080531    43.6
20080601 20080630    38.2
20080701 20080731   118.5
20080801 20080831     0.5
20080901 20080930    28.4
20081001 20081031    25.9
20081101 20081130   145.0
20081201 20081231    96.0
20090101 20090131   108.4
20090201 20090228    84.8
20090301 20090331    34.8
20090401 20090430    64.8
20090501 20090531    58.8
20090601 20090630    63.2
20090701 20090731     0.0
20090801 20090831     0.4
20090901 20090930    27.0
20091001 20091031    49.0
20091101 20091130    16.1
20091201 20091231   179.8
20100101 20100131    27.2
20100201 20100228   177.0
20100301 20100331   208.6
20100401 20100430   115.4
20100501 20100531    39.4
20100601 20100630     7.9
20100701 20100731    15.0
20100801 20100831    67.6
20100901 20100930   123.2
20101001 20101031   115.9
20101101 20101130    24.4
20101201 20101231   376.5
20110101 20110131   272.4
20110201 20110228    44.6
20110301 20110331    49.6
20110401 20110430    11.6
20110501 20110531   103.0
20110601 20110630    29.2
20110701 20110731    19.2
20110801 20110831    49.2
20110901 20110930     0.0
20111001 20111031    91.0
20111101 20111130     0.0
20111201 20111231   143.4
20120101 20120131   116.6
20120201 20120229    91.6
20120301 20120331    95.1
20120401 20120430    25.6
20120501 20120531    19.8
20120601 20120630    70.8
20120701 20120731    22.6
20120801 20120831     2.0
20120901 20120930    13.6
20121001 20121031    34.2
20121101 20121130   142.6
20121201 20121231    11.6
20130101 20130131   282.0
20130201 20130228   212.6
20130301 20130331   110.0
20130401 20130430    50.6
20130501 20130531    30.4
20130601 20130630    28.4
20130701 20130731    27.0
20130801 20130831     2.2
20130901 20130930    30.2
20131001 20131031    27.6
20131101 20131130    25.2
20131201 20131231    34.6
