PRCP       016083 18910601 20171231 missing_value=99999.9 HAMILTON STATION                          
18910601 18910630    11.1
18910701 18910731     0.0
18910801 18910831     4.4
18910901 18910930     0.0
18911001 18911031     2.7
18911101 18911130     1.4
18911201 18911231     2.7
18920101 18920131     1.9
18920201 18920229     0.5
18920301 18920331     0.0
18920401 18920430     0.0
18920501 18920531     0.0
18920601 18920630     1.1
18920701 18920731     0.9
18920801 18920831     4.6
18920901 18920930    17.4
18921001 18921031    11.3
18921101 18921130     2.0
18921201 18921231    27.6
18930101 18930131     4.6
18930201 18930228     0.0
18930301 18930331     8.3
18930401 18930430     6.5
18930501 18930531    41.8
18930601 18930630     8.2
18930701 18930731     0.0
18930801 18930831     0.5
18930901 18930930     0.0
18931001 18931031     0.0
18931101 18931130    38.1
18931201 18931231     0.0
18940101 18940131    28.2
18940201 18940228    47.7
18940301 18940331     3.5
18940401 18940430     2.1
18940501 18940531     0.0
18940601 18940630     2.8
18940701 18940731     0.0
18940801 18940831     3.0
18940901 18940930    10.3
18941001 18941031    19.5
18941101 18941130     0.0
18941201 18941231    18.8
18950101 18950131   140.4
18950201 18950228     0.0
18950301 18950331     0.0
18950401 18950430    12.3
18950501 18950531     2.2
18950601 18950630    10.9
18950701 18950731     0.9
18950801 18950831     0.9
18950901 18950930     1.6
18951001 18951031     0.0
18951101 18951130     3.7
18951201 18951231     7.9
18960101 18960131    41.8
18960201 18960229    14.9
18960301 18960331     7.0
18960401 18960430     0.0
18960501 18960531     0.9
18960601 18960630     0.0
18960701 18960731     2.8
18960801 18960831     1.9
18960901 18960930    10.9
18961001 18961031     7.0
18961101 18961130     4.6
18961201 18961231     7.0
18970101 18970131     1.4
18970201 18970228    12.2
18970301 18970331    46.3
18970401 18970430     0.0
18970501 18970531     0.0
18970601 18970630    15.5
18970701 18970731     2.7
18970801 18970831     0.0
18970901 18970930    19.0
18971001 18971031    13.0
18971101 18971130     0.0
18971201 18971231    21.7
18980101 18980131     0.0
18980201 18980228    89.2
18980301 18980331     2.7
18980401 18980430     0.0
18980501 18980531     0.0
18980601 18980630    37.9
18980701 18980731     0.0
18980801 18980831     9.5
18980901 18980930    16.3
18981001 18981031     0.0
18981101 18981130     0.0
18981201 18981231     5.4
18990101 18990131     0.0
18990201 18990228     7.1
18990301 18990331    40.7
18990401 18990430    11.4
18990501 18990531     0.0
18990601 18990630    52.8
18990701 18990731     0.0
18990801 18990831     0.0
18990901 18990930    11.0
18991001 18991031     2.7
18991101 18991130    16.8
18991201 18991231     8.2
19000101 19000131     0.0
19000201 19000228     0.0
19000301 19000331    22.9
19000401 19000430     4.1
19000501 19000531     0.0
19000601 19000630     0.0
19000701 19000731     0.0
19000801 19000831     0.0
19000901 19000930     2.7
19001001 19001031     7.8
19001101 19001130     2.8
19001201 19001231     1.4
19010101 19010131     0.0
19010201 19010228   112.8
19010301 19010331     0.0
19010401 19010430     4.9
19010501 19010531     0.0
19010601 19010630     2.7
19010701 19010731     0.0
19010801 19010831     7.4
19010901 19010930     1.6
19011001 19011031     3.2
19011101 19011130     0.0
19011201 19011231     1.4
19020101 19020131     6.5
19020201 19020228     3.5
19020301 19020331     0.0
19020401 19020430     0.0
19020501 19020531     0.0
19020601 19020630    13.6
19020701 19020731     0.0
19020801 19020831     0.0
19020901 19020930     0.0
19021001 19021031     1.1
19021101 19021130    21.1
19021201 19021231    25.0
19030101 19030131    12.0
19030201 19030228     0.0
19030301 19030331     5.4
19030401 19030430    48.5
19030501 19030531    10.9
19030601 19030630     0.0
19030701 19030731     0.0
19030801 19030831    16.2
19030901 19030930     0.9
19031001 19031031     7.4
19031101 19031130    31.7
19031201 19031231    15.7
19040101 19040131     0.0
19040201 19040229    81.6
19040301 19040331     5.4
19040401 19040430     4.6
19040501 19040531    13.9
19040601 19040630     5.4
19040701 19040731    45.6
19040801 19040831     0.0
19040901 19040930    59.9
19041001 19041031    22.0
19041101 19041130     1.4
19041201 19041231     2.1
19050101 19050131     0.0
19050201 19050228     0.0
19050301 19050331     0.0
19050401 19050430     8.6
19050501 19050531     9.2
19050601 19050630    44.2
19050701 19050731    19.0
19050801 19050831     0.0
19050901 19050930     5.4
19051001 19051031     8.1
19051101 19051130     0.0
19051201 19051231     0.0
19060101 19060131     2.1
19060201 19060228     1.6
19060301 19060331     8.6
19060401 19060430     0.0
19060501 19060531    14.6
19060601 19060630    13.6
19060701 19060731     6.0
19060801 19060831     8.4
19060901 19060930    21.7
19061001 19061031     2.7
19061101 19061130     0.5
19061201 19061231     4.4
19070101 19070131    35.2
19070201 19070228     0.3
19070301 19070331     0.3
19070401 19070430     0.0
19070501 19070531     3.0
19070601 19070630    62.6
19070701 19070731    15.7
19070801 19070831     4.4
19070901 19070930     1.6
19071001 19071031     0.9
19071101 19071130    38.2
19071201 19071231    13.7
19080101 19080131     0.0
19080201 19080229     9.2
19080301 19080331   117.2
19080401 19080430     0.5
19080501 19080531     2.8
19080601 19080630     1.9
19080701 19080731    20.9
19080801 19080831     6.8
19080901 19080930    10.9
19081001 19081031     8.6
19081101 19081130     5.3
19081201 19081231    48.5
19090101 19090131     7.7
19090201 19090228     0.0
19090301 19090331     4.9
19090401 19090430     3.8
19090501 19090531    21.4
19090601 19090630    24.1
19090701 19090731     0.0
19090801 19090831     6.8
19090901 19090930     0.0
19091001 19091031     6.5
19091101 19091130     3.5
19091201 19091231     0.0
19100101 19100131    41.5
19100201 19100228     0.0
19100301 19100331    50.0
19100401 19100430     0.0
19100501 19100531    14.0
19100601 19100630    69.4
19100701 19100731    16.8
19100801 19100831     3.8
19100901 19100930    12.5
19101001 19101031     0.5
19101101 19101130     4.1
19101201 19101231     7.3
19110101 19110131     0.0
19110201 19110228     0.0
19110301 19110331     0.0
19110401 19110430     0.0
19110501 19110531     9.7
19110601 19110630     1.1
19110701 19110731    23.6
19110801 19110831     2.1
19110901 19110930     5.4
19111001 19111031    11.6
19111101 19111130    12.2
19111201 19111231    29.3
19120101 19120131     0.0
19120201 19120229     6.2
19120301 19120331     7.4
19120401 19120430     2.5
19120501 19120531     0.0
19120601 19120630     0.0
19120701 19120731     7.0
19120801 19120831     0.0
19120901 19120930     0.0
19121001 19121031     0.0
19121101 19121130    33.9
19121201 19121231     1.4
19130101 19130131    30.9
19130201 19130228    84.1
19130301 19130331    14.4
19130401 19130430     0.0
19130501 19130531     1.6
19130601 19130630     0.0
19130701 19130731     0.0
19130801 19130831     0.0
19130901 19130930     1.1
19131001 19131031    15.2
19131101 19131130     9.5
19131201 19131231     9.3
19140101 19140131    70.2
19140201 19140228     0.0
19140301 19140331     0.0
19140401 19140430     6.0
19140501 19140531     7.9
19140601 19140630     4.9
19140701 19140731     1.1
19140801 19140831     0.0
19140901 19140930     0.0
19141001 19141031    17.6
19141101 19141130     6.2
19141201 19141231     4.4
19150101 19150131     5.1
19150201 19150228     1.9
19150301 19150331     0.0
19150401 19150430    11.6
19150501 19150531     4.9
19150601 19150630     5.3
19150701 19150731     0.5
19150801 19150831     1.1
19150901 19150930     5.7
19151001 19151031    12.7
19151101 19151130     0.0
19151201 19151231     0.0
19160101 19160131    15.6
19160201 19160229     6.0
19160301 19160331    45.8
19160401 19160430     0.9
19160501 19160531     1.1
19160601 19160630    75.1
19160701 19160731    11.4
19160801 19160831     0.0
19160901 19160930     3.0
19161001 19161031    55.0
19161101 19161130    15.5
19161201 19161231     6.2
19170101 19170131    55.8
19170201 19170228    20.1
19170301 19170331    13.0
19170401 19170430     0.0
19170501 19170531     0.0
19170601 19170630     0.0
19170701 19170731    22.7
19170801 19170831     3.8
19170901 19170930     4.1
19171001 19171031     2.7
19171101 19171130    13.6
19171201 19171231     0.0
19180101 19180131    24.1
19180201 19180228     0.0
19180301 19180331     0.0
19180401 19180430     2.1
19180501 19180531     7.6
19180601 19180630     3.2
19180701 19180731     0.0
19180801 19180831    13.2
19180901 19180930     0.0
19181001 19181031     0.0
19181101 19181130     0.0
19181201 19181231     0.0
19190101 19190131     0.0
19190201 19190228     6.7
19190301 19190331     0.0
19190401 19190430    17.1
19190501 19190531     0.0
19190601 19190630     0.0
19190701 19190731     1.6
19190801 19190831     0.0
19190901 19190930     0.0
19191001 19191031     1.1
19191101 19191130     4.9
19191201 19191231     0.0
19200101 19200131    51.2
19200201 19200229     2.5
19200301 19200331     0.0
19200401 19200430     1.1
19200501 19200531     2.5
19200601 19200630    45.9
19200701 19200731     2.1
19200801 19200831    42.0
19200901 19200930    24.9
19201001 19201031    52.8
19201101 19201130    66.4
19201201 19201231    12.0
19210101 19210131     0.0
19210201 19210228    47.2
19210301 19210331    20.2
19210401 19210430     0.0
19210501 19210531    93.6
19210601 19210630     5.4
19210701 19210731     0.0
19210801 19210831    10.0
19210901 19210930     4.6
19211001 19211031     4.1
19211101 19211130     0.0
19211201 19211231    21.4
19220101 19220131     1.1
19220201 19220228    33.6
19220301 19220331     2.1
19220401 19220430    35.5
19220501 19220531    18.1
19220601 19220630     9.5
19220701 19220731     0.0
19220801 19220831     0.0
19220901 19220930     0.0
19221001 19221031    10.6
19221101 19221130     0.0
19221201 19221231    37.1
19230101 19230131     0.0
19230201 19230228     0.0
19230301 19230331     0.0
19230401 19230430     0.5
19230501 19230531    23.0
19230601 19230630    29.9
19230701 19230731     0.0
19230801 19230831     0.0
19230901 19230930     0.0
19231001 19231031     3.5
19231101 19231130     1.4
19231201 19231231    88.0
19240101 19240131    19.0
19240201 19240229     1.1
19240301 19240331     0.0
19240401 19240430    18.7
19240501 19240531     0.0
19240601 19240630     0.0
19240701 19240731     0.0
19240801 19240831     3.5
19240901 19240930     6.3
19241001 19241031    61.8
19241101 19241130    24.1
19241201 19241231     0.0
19250101 19250131    25.2
19250201 19250228     0.0
19250301 19250331     0.0
19250401 19250430     6.0
19250501 19250531     1.4
19250601 19250630     0.0
19250701 19250731    33.4
19250801 19250831     0.0
19250901 19250930     0.9
19251001 19251031     0.0
19251101 19251130     5.4
19251201 19251231     0.0
19260101 19260131     0.9
19260201 19260228     1.1
19260301 19260331    21.6
19260401 19260430    15.8
19260501 19260531    12.0
19260601 19260630     1.4
19260701 19260731     0.0
19260801 19260831     2.7
19260901 19260930    12.2
19261001 19261031    10.9
19261101 19261130     0.0
19261201 19261231    10.3
19270101 19270131     2.8
19270201 19270228     2.1
19270301 19270331     3.5
19270401 19270430     0.0
19270501 19270531     0.0
19270601 19270630    55.9
19270701 19270731     0.0
19270801 19270831     0.0
19270901 19270930    35.5
19271001 19271031    12.3
19271101 19271130    10.9
19271201 19271231     4.4
19280101 19280131     0.0
19280201 19280229     8.1
19280301 19280331     0.0
19280401 19280430     0.0
19280501 19280531     3.0
19280601 19280630    33.6
19280701 19280731     6.0
19280801 19280831     0.0
19280901 19280930     0.0
19281001 19281031    14.4
19281101 19281130     0.0
19281201 19281231     8.1
19290101 19290131     0.0
19290201 19290228     0.0
19290301 19290331     6.5
19290401 19290430     0.0
19290501 19290531     0.0
19290601 19290630     3.0
19290701 19290731     0.0
19290801 19290831     4.9
19290901 19290930    15.7
19291001 19291031     0.0
19291101 19291130     3.0
19291201 19291231    34.5
19300101 19300131     3.8
19300201 19300228     7.9
19300301 19300331     0.0
19300401 19300430     6.0
19300501 19300531     5.1
19300601 19300630     5.1
19300701 19300731     2.5
19300801 19300831    13.0
19300901 19300930     0.0
19301001 19301031    63.2
19301101 19301130    13.0
19301201 19301231    40.9
19310101 19310131    19.3
19310201 19310228     0.0
19310301 19310331    11.9
19310401 19310430     0.0
19310501 19310531     2.5
19310601 19310630    19.3
19310701 19310731     2.3
19310801 19310831    12.7
19310901 19310930     0.0
19311001 19311031     2.5
19311101 19311130     0.0
19311201 19311231     0.0
19320101 19320131     0.0
19320201 19320229    14.2
19320301 19320331     0.0
19320401 19320430     3.6
19320501 19320531     0.0
19320601 19320630    31.0
19320701 19320731    14.2
19320801 19320831    10.2
19320901 19320930     0.0
19321001 19321031     0.0
19321101 19321130     4.1
19321201 19321231     0.0
19330101 19330131     0.0
19330201 19330228     0.0
19330301 19330331     0.0
19330401 19330430     0.0
19330501 19330531     0.0
19330601 19330630     0.0
19330701 19330731     0.0
19330801 19330831    70.6
19330901 19330930    22.9
19331001 19331031     8.9
19331101 19331130     0.0
19331201 19331231     8.4
19340101 19340131     0.0
19340201 19340228     0.0
19340301 19340331     0.0
19340401 19340430     0.0
19340501 19340531     0.0
19340601 19340630     0.0
19340701 19340731     0.0
19340801 19340831     0.0
19340901 19340930     0.0
19341001 19341031    12.7
19341101 19341130    37.6
19341201 19341231     6.4
19350101 19350131    38.1
19350201 19350228     0.0
19350301 19350331    15.2
19350401 19350430     0.0
19350501 19350531     0.0
19350601 19350630    17.3
19350701 19350731     0.0
19350801 19350831    22.1
19350901 19350930    19.8
19351001 19351031    43.2
19351101 19351130     6.4
19351201 19351231     0.0
19360101 19360131     2.0
19360201 19360229    71.9
19360301 19360331     0.0
19360401 19360430     0.0
19360501 19360531    12.7
19360601 19360630     9.1
19360701 19360731    16.0
19360801 19360831     0.0
19360901 19360930     0.0
19361001 19361031     0.0
19361101 19361130    22.4
19361201 19361231    12.7
19370101 19370131    93.7
19370201 19370228     0.0
19370301 19370331     0.0
19370401 19370430     0.0
19370501 19370531     0.0
19370601 19370630     4.6
19370701 19370731     0.0
19370801 19370831     0.0
19370901 19370930     9.7
19371001 19371031     0.0
19371101 19371130     0.0
19371201 19371231     6.6
19380101 19380131     0.0
19380201 19380228   114.3
19380301 19380331     0.0
19380401 19380430     0.0
19380501 19380531     0.0
19380601 19380630    16.0
19380701 19380731     0.0
19380801 19380831     4.1
19380901 19380930     0.0
19381001 19381031     0.0
19381101 19381130     0.0
19381201 19381231     0.0
19390101 19390131   215.9
19390201 19390228   101.6
19390301 19390331    17.3
19390401 19390430     8.1
19390501 19390531     4.3
19390601 19390630    66.8
19390701 19390731     5.3
19390801 19390831     0.0
19390901 19390930     0.0
19391001 19391031     0.0
19391101 19391130     0.0
19391201 19391231     0.0
19400101 19400131    50.8
19400201 19400229     0.0
19400301 19400331     0.0
19400401 19400430     0.0
19400501 19400531     0.0
19400601 19400630     0.0
19400701 19400731     0.0
19400801 19400831     0.0
19400901 19400930     2.3
19401001 19401031     0.0
19401101 19401130     0.0
19401201 19401231     0.0
19410101 19410131    57.2
19410201 19410228     3.0
19410301 19410331    27.9
19410401 19410430     3.6
19410501 19410531     0.0
19410601 19410630    16.5
19410701 19410731     0.0
19410801 19410831     0.0
19410901 19410930    27.2
19411001 19411031     0.0
19411101 19411130     0.0
19411201 19411231     0.0
19420101 19420131   114.3
19420201 19420228     0.0
19420301 19420331     0.0
19420401 19420430     0.0
19420501 19420531    34.5
19420601 19420630    29.2
19420701 19420731     0.0
19420801 19420831     0.0
19420901 19420930     0.0
19421001 19421031     0.0
19421101 19421130    14.0
19421201 19421231    50.8
19430101 19430131     0.0
19430201 19430228     0.0
19430301 19430331     0.0
19430401 19430430   127.0
19430501 19430531     0.0
19430601 19430630     0.0
19430701 19430731    30.5
19430801 19430831    43.2
19430901 19430930     0.0
19431001 19431031    10.2
19431101 19431130     0.0
19431201 19431231     0.0
19440101 19440131     0.9
19440201 19440229    44.4
19440301 19440331     0.0
19440401 19440430     0.3
19440501 19440531     0.0
19440601 19440630     2.4
19440701 19440731     0.0
19440801 19440831     1.1
19440901 19440930     0.9
19441001 19441031     0.5
19441101 19441130     0.0
19441201 19441231    17.1
19450101 19450131     7.6
19450201 19450228     0.0
19450301 19450331    95.3
19450401 19450430     0.0
19450501 19450531     2.1
19450601 19450630     6.0
19450701 19450731    36.8
19450801 19450831     9.4
19450901 19450930    12.7
19451001 19451031     4.6
19451101 19451130     0.0
19451201 19451231    73.7
19460101 19460131     0.0
19460201 19460228   314.5
19460301 19460331     0.0
19460401 19460430     0.0
19460501 19460531     0.0
19460601 19460630     0.0
19460701 19460731     0.0
19460801 19460831     0.0
19460901 19460930     0.0
19461001 19461031     0.0
19461101 19461130     0.0
19461201 19461231    15.2
19470101 19470131     0.0
19470201 19470228     0.0
19470301 19470331     0.0
19470401 19470430     0.0
19470501 19470531     0.0
19470601 19470630     0.0
19470701 19470731     3.8
19470801 19470831    66.0
19470901 19470930    39.6
19471001 19471031    31.0
19471101 19471130     0.0
19471201 19471231    17.8
19480101 19480131    14.0
19480201 19480229    63.5
19480301 19480331     0.0
19480401 19480430     2.0
19480501 19480531     0.0
19480601 19480630     0.0
19480701 19480731     0.0
19480801 19480831     0.0
19480901 19480930     0.0
19481001 19481031     0.0
19481101 19481130     0.0
19481201 19481231    68.6
19490101 19490131     0.0
19490201 19490228    12.7
19490301 19490331     0.0
19490401 19490430     0.0
19490501 19490531    23.6
19490601 19490630     0.0
19490701 19490731     0.0
19490801 19490831     0.0
19490901 19490930    16.5
19491001 19491031     0.0
19491101 19491130     0.0
19491201 19491231     0.0
19500101 19500131     0.0
19500201 19500228    50.8
19500301 19500331     7.4
19500401 19500430     0.0
19500501 19500531    61.0
19500601 19500630    68.8
19500701 19500731     0.0
19500801 19500831     0.0
19500901 19500930    15.2
19501001 19501031    39.7
19501101 19501130    45.5
19501201 19501231    81.7
19510101 19510131    34.4
19510201 19510228    26.7
19510301 19510331     0.0
19510401 19510430     0.0
19510501 19510531     0.0
19510601 19510630     6.1
19510701 19510731     0.0
19510801 19510831     0.0
19510901 19510930    15.5
19511001 19511031     0.0
19511101 19511130     0.0
19511201 19511231     6.4
19520101 19520131    33.2
19520201 19520229     4.6
19520301 19520331     0.0
19520401 19520430     5.1
19520501 19520531    62.2
19520601 19520630     8.1
19520701 19520731    43.4
19520801 19520831     4.1
19520901 19520930     0.0
19521001 19521031    60.2
19521101 19521130    23.7
19521201 19521231     0.0
19530101 19530131    38.1
19530201 19530228    70.6
19530301 19530331    53.8
19530401 19530430    55.9
19530501 19530531     0.0
19530601 19530630     0.0
19530701 19530731     0.0
19530801 19530831     4.6
19530901 19530930     0.0
19531001 19531031     0.0
19531101 19531130    10.2
19531201 19531231    15.2
19540101 19540131     0.0
19540201 19540228     0.0
19540301 19540331     0.0
19540401 19540430    22.3
19540501 19540531     0.0
19540601 19540630     0.0
19540701 19540731     0.0
19540801 19540831     0.0
19540901 19540930    10.7
19541001 19541031    59.2
19541101 19541130     7.9
19541201 19541231    13.2
19550101 19550131     4.6
19550201 19550228    22.1
19550301 19550331   192.3
19550401 19550430    12.7
19550501 19550531    30.3
19550601 19550630     0.0
19550701 19550731    28.2
19550801 19550831     0.0
19550901 19550930     0.0
19551001 19551031     1.0
19551101 19551130     0.0
19551201 19551231     0.0
19560101 19560131     5.1
19560201 19560229     0.0
19560301 19560331     0.0
19560401 19560430     0.0
19560501 19560531    36.6
19560601 19560630     3.8
19560701 19560731    80.0
19560801 19560831     0.0
19560901 19560930     0.0
19561001 19561031     8.4
19561101 19561130     0.0
19561201 19561231     0.0
19570101 19570131     8.9
19570201 19570228     0.0
19570301 19570331     7.6
19570401 19570430     0.0
19570501 19570531     0.0
19570601 19570630    20.3
19570701 19570731     0.0
19570801 19570831     0.0
19570901 19570930     0.0
19571001 19571031     0.0
19571101 19571130     0.0
19571201 19571231    29.3
19580101 19580131    20.3
19580201 19580228     0.0
19580301 19580331     5.6
19580401 19580430     0.0
19580501 19580531     0.0
19580601 19580630     0.0
19580701 19580731    15.2
19580801 19580831     3.3
19580901 19580930     0.0
19581001 19581031     5.3
19581101 19581130     8.4
19581201 19581231     1.3
19590101 19590131     1.3
19590201 19590228     0.0
19590301 19590331     1.8
19590401 19590430     0.0
19590501 19590531    15.7
19590601 19590630     0.0
19590701 19590731     0.0
19590801 19590831     0.0
19590901 19590930     0.0
19591001 19591031     4.3
19591101 19591130     3.8
19591201 19591231    13.5
19600101 19600131    56.9
19600201 19600229     0.0
19600301 19600331     0.0
19600401 19600430    54.6
19600501 19600531     6.9
19600601 19600630     0.0
19600701 19600731     0.0
19600801 19600831     0.0
19600901 19600930     0.0
19601001 19601031     0.0
19601101 19601130     0.0
19601201 19601231     4.6
19610101 19610131     5.1
19610201 19610228     1.8
19610301 19610331     0.0
19610401 19610430    48.0
19610501 19610531     0.0
19610601 19610630     0.0
19610701 19610731     0.0
19610801 19610831     0.0
19610901 19610930     5.5
19611001 19611031     0.0
19611101 19611130     5.6
19611201 19611231     3.0
19620101 19620131    24.1
19620201 19620228     0.0
19620301 19620331     6.1
19620401 19620430     0.0
19620501 19620531     7.6
19620601 19620630    18.0
19620701 19620731    24.1
19620801 19620831     2.5
19620901 19620930     0.0
19621001 19621031     2.5
19621101 19621130     0.0
19621201 19621231     3.8
19630101 19630131     6.4
19630201 19630228     0.0
19630301 19630331     3.3
19630401 19630430    52.3
19630501 19630531     4.6
19630601 19630630     8.4
19630701 19630731     0.0
19630801 19630831     0.0
19630901 19630930     0.0
19631001 19631031     3.3
19631101 19631130     0.0
19631201 19631231     2.3
19640101 19640131     0.0
19640201 19640229     0.0
19640301 19640331     0.0
19640401 19640430     6.9
19640501 19640531     5.8
19640601 19640630     0.0
19640701 19640731     0.0
19640801 19640831     0.0
19640901 19640930    30.5
19641001 19641031     7.1
19641101 19641130     5.1
19641201 19641231     4.1
19650101 19650131     0.0
19650201 19650228     0.0
19650301 19650331     0.0
19650401 19650430     0.0
19650501 19650531     7.6
19650601 19650630     2.0
19650701 19650731     3.0
19650801 19650831    47.0
19650901 19650930     6.1
19651001 19651031     0.0
19651101 19651130     9.9
19651201 19651231     7.1
19660101 19660131     8.1
19660201 19660228     0.0
19660301 19660331     0.0
19660401 19660430     2.0
19660501 19660531     0.0
19660601 19660630    75.7
19660701 19660731     0.0
19660801 19660831     0.0
19660901 19660930     0.0
19661001 19661031    13.5
19661101 19661130    29.0
19661201 19661231    31.5
19670101 19670131     0.0
19670201 19670228    28.2
19670301 19670331   138.2
19670401 19670430     0.0
19670501 19670531     8.9
19670601 19670630     0.0
19670701 19670731     0.0
19670801 19670831     0.0
19670901 19670930     0.0
19671001 19671031     0.0
19671101 19671130     0.0
19671201 19671231     0.0
19680101 19680131    55.6
19680201 19680229     0.0
19680301 19680331     0.0
19680401 19680430    36.1
19680501 19680531     9.6
19680601 19680630    31.2
19680701 19680731    27.2
19680801 19680831     5.9
19680901 19680930     0.0
19681001 19681031     6.9
19681101 19681130    33.8
19681201 19681231     2.5
19690101 19690131     0.0
19690201 19690228    28.7
19690301 19690331     4.6
19690401 19690430     0.0
19690501 19690531    11.7
19690601 19690630     5.1
19690701 19690731    21.6
19690801 19690831     5.6
19690901 19690930     4.3
19691001 19691031    23.7
19691101 19691130     0.0
19691201 19691231     6.4
19700101 19700131     0.0
19700201 19700228     0.0
19700301 19700331     0.0
19700401 19700430     0.0
19700501 19700531    15.8
19700601 19700630     0.0
19700701 19700731     0.0
19700801 19700831     0.0
19700901 19700930     0.0
19701001 19701031     0.0
19701101 19701130     9.4
19701201 19701231     1.8
19710101 19710131     0.0
19710201 19710228     0.0
19710301 19710331    15.5
19710401 19710430     0.0
19710501 19710531     0.0
19710601 19710630     5.3
19710701 19710731     0.0
19710801 19710831    29.2
19710901 19710930     4.6
19711001 19711031     0.0
19711101 19711130    46.7
19711201 19711231     3.8
19720101 19720131    14.7
19720201 19720229     1.6
19720301 19720331    58.9
19720401 19720430     0.0
19720501 19720531     0.0
19720601 19720630     3.6
19720701 19720731     0.0
19720801 19720831     0.8
19720901 19720930    32.5
19721001 19721031     0.0
19721101 19721130    10.2
19721201 19721231     0.0
19730101 19730131    16.5
19730201 19730228     5.1
19730301 19730331     6.4
19730401 19730430     5.1
19730501 19730531     1.5
19730601 19730630    40.3
19730701 19730731    72.1
19730801 19730831    55.9
19730901 19730930     7.2
19731001 19731031    16.7
19731101 19731130    11.9
19731201 19731231     9.1
19740101 19740131   137.4
19740201 19740228     3.6
19740301 19740331     2.6
19740401 19740430    82.8
19740501 19740531    25.6
19740601 19740630     0.0
19740701 19740731     2.6
19740801 19740831     9.6
19740901 19740930    77.8
19741001 19741031    46.0
19741101 19741130     7.0
19741201 19741231     0.0
19750101 19750131     8.2
19750201 19750228    48.6
19750301 19750331     0.6
19750401 19750430     0.0
19750501 19750531     3.0
19750601 19750630     1.0
19750701 19750731     2.2
19750801 19750831    75.0
19750901 19750930    42.7
19751001 19751031    79.0
19751101 19751130    27.0
19751201 19751231    92.0
19760101 19760131    31.0
19760201 19760229   365.9
19760301 19760331    35.5
19760401 19760430     0.0
19760501 19760531     0.0
19760601 19760630     0.0
19760701 19760731     3.0
19760801 19760831     3.5
19760901 19760930     0.0
19761001 19761031    69.5
19761101 19761130    10.0
19761201 19761231     4.0
19770101 19770131    11.0
19770201 19770228    88.3
19770301 19770331     7.6
19770401 19770430     0.0
19770501 19770531    17.0
19770601 19770630     0.0
19770701 19770731     0.0
19770801 19770831     0.0
19770901 19770930     7.1
19771001 19771031    24.0
19771101 19771130    63.0
19771201 19771231    26.0
19780101 19780131    11.9
19780201 19780228     0.0
19780301 19780331     2.0
19780401 19780430     0.0
19780501 19780531    69.3
19780601 19780630    64.2
19780701 19780731    39.5
19780801 19780831     5.5
19780901 19780930     8.0
19781001 19781031    28.0
19781101 19781130    34.0
19781201 19781231     0.0
19790101 19790131    88.2
19790201 19790228    12.0
19790301 19790331    54.2
19790401 19790430    72.8
19790501 19790531   120.4
19790601 19790630     9.0
19790701 19790731     0.0
19790801 19790831     3.0
19790901 19790930    32.0
19791001 19791031     2.0
19791101 19791130    62.4
19791201 19791231    10.0
19800101 19800131    27.0
19800201 19800229     0.0
19800301 19800331     0.0
19800401 19800430    79.0
19800501 19800531     0.0
19800601 19800630     9.0
19800701 19800731     1.0
19800801 19800831     8.0
19800901 19800930     0.0
19801001 19801031     4.0
19801101 19801130     3.0
19801201 19801231    10.4
19810101 19810131   123.0
19810201 19810228    11.0
19810301 19810331    20.0
19810401 19810430     0.0
19810501 19810531    19.4
19810601 19810630     1.4
19810701 19810731    12.2
19810801 19810831     0.0
19810901 19810930    18.6
19811001 19811031     8.4
19811101 19811130    27.6
19811201 19811231    38.0
19820101 19820131     2.0
19820201 19820228    26.0
19820301 19820331    24.0
19820401 19820430     0.0
19820501 19820531     0.0
19820601 19820630     0.0
19820701 19820731     0.0
19820801 19820831     0.0
19820901 19820930    22.0
19821001 19821031     0.0
19821101 19821130     0.0
19821201 19821231    14.0
19830101 19830131    20.0
19830201 19830228     0.0
19830301 19830331    16.2
19830401 19830430     6.6
19830501 19830531     0.0
19830601 19830630     0.0
19830701 19830731     0.0
19830801 19830831    11.2
19830901 19830930     0.0
19831001 19831031    23.0
19831101 19831130     6.0
19831201 19831231    28.0
19840101 19840131   256.0
19840201 19840229     0.0
19840301 19840331     0.0
19840401 19840430     8.0
19840501 19840531     7.9
19840601 19840630     0.0
19840701 19840731    15.7
19840801 19840831     0.8
19840901 19840930    10.4
19841001 19841031    14.2
19841101 19841130     3.1
19841201 19841231    18.5
19850101 19850131     0.2
19850201 19850228     6.1
19850301 19850331    64.7
19850401 19850430     0.0
19850501 19850531     3.9
19850601 19850630     6.7
19850701 19850731     0.0
19850801 19850831     4.3
19850901 19850930     0.0
19851001 19851031    32.5
19851101 19851130     8.9
19851201 19851231     0.0
19860101 19860131     0.0
19860201 19860228     0.0
19860301 19860331     0.0
19860401 19860430     3.6
19860501 19860531     0.0
19860601 19860630    24.2
19860701 19860731    14.6
19860801 19860831     2.2
19860901 19860930     5.0
19861001 19861031    31.2
19861101 19861130     0.0
19861201 19861231    30.0
19870101 19870131     6.8
19870201 19870228    24.6
19870301 19870331     6.0
19870401 19870430     2.4
19870501 19870531     4.0
19870601 19870630     8.2
19870701 19870731     0.0
19870801 19870831     4.6
19870901 19870930     0.0
19871001 19871031     0.0
19871101 19871130     5.0
19871201 19871231   103.0
19880101 19880131     0.0
19880201 19880229     0.0
19880301 19880331    74.0
19880401 19880430 99999.9
19880501 19880531    20.8
19880601 19880630     0.0
19880701 19880731     0.0
19880801 19880831    52.0
19880901 19880930 99999.9
19881001 19881031     2.0
19881101 19881130    10.0
19881201 19881231    93.4
19890101 19890131     0.0
19890201 19890228     0.0
19890301 19890331   397.4
19890401 19890430 99999.9
19890501 19890531    17.1
19890601 19890630    12.0
19890701 19890731     6.0
19890801 19890831 99999.9
19890901 19890930     0.0
19891001 19891031     5.0
19891101 19891130    18.8
19891201 19891231     0.0
19900101 19900131    14.0
19900201 19900228     0.0
19900301 19900331     0.0
19900401 19900430     6.0
19900501 19900531    22.4
19900601 19900630     0.0
19900701 19900731     0.0
19900801 19900831    11.0
19900901 19900930     0.0
19901001 19901031     0.0
19901101 19901130     2.6
19901201 19901231     0.0
19910101 19910131    29.0
19910201 19910228     0.0
19910301 19910331     0.0
19910401 19910430     0.0
19910501 19910531     0.0
19910601 19910630    45.8
19910701 19910731     5.0
19910801 19910831     0.0
19910901 19910930     5.0
19911001 19911031     0.0
19911101 19911130    34.0
19911201 19911231     0.0
19920101 19920131     3.2
19920201 19920229    93.0
19920301 19920331     0.0
19920401 19920430    13.2
19920501 19920531    21.0
19920601 19920630    48.0
19920701 19920731     0.0
19920801 19920831    10.0
19920901 19920930    15.0
19921001 19921031    19.6
19921101 19921130    10.0
19921201 19921231     0.0
19930101 19930131     1.2
19930201 19930228     0.0
19930301 19930331     8.0
19930401 19930430     0.0
19930501 19930531    40.8
19930601 19930630     4.4
19930701 19930731    18.2
19930801 19930831     0.0
19930901 19930930    16.8
19931001 19931031    40.4
19931101 19931130     1.0
19931201 19931231    26.0
19940101 19940131     0.0
19940201 19940228     0.0
19940301 19940331     0.0
19940401 19940430     0.0
19940501 19940531     0.0
19940601 19940630    13.0
19940701 19940731     0.0
19940801 19940831     0.0
19940901 19940930     0.0
19941001 19941031     0.0
19941101 19941130     0.0
19941201 19941231     7.0
19950101 19950131    92.3
19950201 19950228     3.2
19950301 19950331     0.0
19950401 19950430     0.0
19950501 19950531     3.6
19950601 19950630     4.4
19950701 19950731     0.0
19950801 19950831     0.0
19950901 19950930     0.0
19951001 19951031     0.0
19951101 19951130    56.6
19951201 19951231    13.0
19960101 19960131     0.0
19960201 19960229     3.0
19960301 19960331     1.0
19960401 19960430     0.0
19960501 19960531     1.0
19960601 19960630     4.0
19960701 19960731    50.2
19960801 19960831    16.0
19960901 19960930     6.0
19961001 19961031     0.0
19961101 19961130     0.0
19961201 19961231    32.3
19970101 19970131    73.0
19970201 19970228   290.0
19970301 19970331     0.0
19970401 19970430     0.0
19970501 19970531    39.0
19970601 19970630     2.6
19970701 19970731     5.4
19970801 19970831     0.0
19970901 19970930    25.0
19971001 19971031    20.0
19971101 19971130     6.2
19971201 19971231 99999.9
19980101 19980131     0.0
19980201 19980228    78.0
19980301 19980331     0.0
19980401 19980430    61.0
19980501 19980531     0.0
19980601 19980630    14.0
19980701 19980731    48.5
19980801 19980831     0.0
19980901 19980930    20.5
19981001 19981031    19.0
19981101 19981130     8.5
19981201 19981231     3.1
19990101 19990131    15.5
19990201 19990228     8.6
19990301 19990331    17.5
19990401 19990430     0.0
19990501 19990531     0.0
19990601 19990630     5.5
19990701 19990731     0.0
19990801 19990831     3.5
19990901 19990930     9.0
19991001 19991031    63.4
19991101 19991130    27.5
19991201 19991231    31.5
20000101 20000131     1.8
20000201 20000229   105.0
20000301 20000331    10.0
20000401 20000430   174.0
20000501 20000531    12.5
20000601 20000630     0.0
20000701 20000731     5.0
20000801 20000831     2.0
20000901 20000930     0.0
20001001 20001031    15.6
20001101 20001130    40.9
20001201 20001231    13.4
20010101 20010131    10.8
20010201 20010228    29.6
20010301 20010331    85.2
20010401 20010430     3.1
20010501 20010531     0.0
20010601 20010630    93.0
20010701 20010731    22.2
20010801 20010831     0.0
20010901 20010930    11.2
20011001 20011031    35.3
20011101 20011130     5.0
20011201 20011231    75.7
20020101 20020131     0.0
20020201 20020228    98.5
20020301 20020331     0.0
20020401 20020430     0.0
20020501 20020531     0.0
20020601 20020630     0.0
20020701 20020731     0.0
20020801 20020831     0.0
20020901 20020930     0.0
20021001 20021031     0.0
20021101 20021130    16.5
20021201 20021231     0.0
20030101 20030131    11.2
20030201 20030228   156.0
20030301 20030331     0.0
20030401 20030430    16.7
20030501 20030531     0.0
20030601 20030630     3.5
20030701 20030731     0.0
20030801 20030831    19.0
20030901 20030930     3.2
20031001 20031031     5.2
20031101 20031130     2.5
20031201 20031231    17.0
20040101 20040131     0.0
20040201 20040229    34.6
20040301 20040331     4.4
20040401 20040430     0.0
20040501 20040531    37.0
20040601 20040630    20.5
20040701 20040731     0.0
20040801 20040831     0.0
20040901 20040930    34.0
20041001 20041031     0.0
20041101 20041130     3.3
20041201 20041231     0.0
20050101 20050131     2.0
20050201 20050228     0.0
20050301 20050331     0.0
20050401 20050430     0.0
20050501 20050531     0.0
20050601 20050630    18.1
20050701 20050731     5.0
20050801 20050831     0.0
20050901 20050930     4.2
20051001 20051031    74.4
20051101 20051130     2.2
20051201 20051231     7.7
20060101 20060131    15.2
20060201 20060228     3.0
20060301 20060331     0.0
20060401 20060430     9.9
20060501 20060531     0.0
20060601 20060630     0.0
20060701 20060731    17.5
20060801 20060831     0.0
20060901 20060930     0.0
20061001 20061031     0.0
20061101 20061130     0.0
20061201 20061231     0.0
20070101 20070131    30.6
20070201 20070228     0.0
20070301 20070331     0.0
20070401 20070430     0.0
20070501 20070531    26.6
20070601 20070630     0.0
20070701 20070731     0.0
20070801 20070831     0.0
20070901 20070930     0.0
20071001 20071031     0.0
20071101 20071130    18.7
20071201 20071231    12.5
20080101 20080131     0.0
20080201 20080229     0.0
20080301 20080331     0.0
20080401 20080430     0.0
20080501 20080531     0.0
20080601 20080630     1.5
20080701 20080731     0.0
20080801 20080831    19.0
20080901 20080930     0.0
20081001 20081031     0.0
20081101 20081130    64.5
20081201 20081231    44.0
20090101 20090131     1.5
20090201 20090228     0.0
20090301 20090331    17.5
20090401 20090430    12.0
20090501 20090531    16.7
20090601 20090630     0.0
20090701 20090731     2.0
20090801 20090831     0.0
20090901 20090930     8.5
20091001 20091031     0.0
20091101 20091130    32.0
20091201 20091231    77.5
20100101 20100131    11.0
20100201 20100228    43.5
20100301 20100331     0.0
20100401 20100430    48.0
20100501 20100531    10.5
20100601 20100630     0.0
20100701 20100731    13.0
20100801 20100831    20.0
20100901 20100930    43.5
20101001 20101031    72.5
20101101 20101130    29.5
20101201 20101231    10.0
20110101 20110131    17.5
20110201 20110228    22.1
20110301 20110331    69.2
20110401 20110430 99999.9
20110501 20110531 99999.9
20110601 20110630    13.0
20110701 20110731    12.8
20110801 20110831     0.0
20110901 20110930     0.0
20111001 20111031    16.6
20111101 20111130    65.3
20111201 20111231    14.6
20120101 20120131    26.0
20120201 20120229    44.3
20120301 20120331    38.0
20120401 20120430    11.0
20120501 20120531     0.0
20120601 20120630     0.0
20120701 20120731     0.0
20120801 20120831     0.0
20120901 20120930     1.4
20121001 20121031     0.0
20121101 20121130    17.6
20121201 20121231    11.6
20130101 20130131     0.0
20130201 20130228     1.8
20130301 20130331    31.8
20130401 20130430     0.0
20130501 20130531    16.0
20130601 20130630     1.0
20130701 20130731     1.2
20130801 20130831     0.0
20130901 20130930     0.0
20131001 20131031 99999.9
20131101 20131130     0.0
20131201 20131231     3.6
20140101 20140131 99999.9
20140201 20140228 99999.9
20140301 20140331 99999.9
20140401 20140430 99999.9
20140501 20140531 99999.9
20140601 20140630     0.0
20140701 20140731     0.0
20140801 20140831     0.0
20140901 20140930     0.0
20141001 20141031     0.0
20141101 20141130    11.8
20141201 20141231    19.2
20150101 20150131    95.0
20150201 20150228 99999.9
20150301 20150331 99999.9
20150401 20150430 99999.9
20150501 20150531 99999.9
20150601 20150630 99999.9
20150701 20150731 99999.9
20150801 20150831     8.8
20150901 20150930     0.0
20151001 20151031     0.0
20151101 20151130    12.1
20151201 20151231    43.6
20160101 20160131    56.4
20160201 20160229     0.0
20160301 20160331    26.2
20160401 20160430     0.0
20160501 20160531    63.0
20160601 20160630    39.4
20160701 20160731 99999.9
20160801 20160831    18.0
20160901 20160930    44.8
20161001 20161031     0.0
20161101 20161130     0.0
20161201 20161231   115.3
20170101 20170131 99999.9
20170201 20170228 99999.9
20170301 20170331 99999.9
20170401 20170430 99999.9
20170501 20170531 99999.9
20170601 20170630     2.0
20170701 20170731     0.0
20170801 20170831     0.0
20170901 20170930    90.6
20171001 20171031    19.4
20171101 20171130     9.0
20171201 20171231    28.6
