PRCP       090135 18900101 20180131 missing_value=99999.9 CASTERTON SHOWGROUNDS                     
18900101 18900131    33.9
18900201 18900228     3.6
18900301 18900331    28.3
18900401 18900430    40.1
18900501 18900531    24.2
18900601 18900630   133.0
18900701 18900731    62.8
18900801 18900831   112.7
18900901 18900930    65.3
18901001 18901031    87.2
18901101 18901130    89.5
18901201 18901231    21.1
18910101 18910131    24.2
18910201 18910228     5.7
18910301 18910331    12.4
18910401 18910430    36.8
18910501 18910531    44.0
18910601 18910630   101.1
18910701 18910731    50.7
18910801 18910831    33.7
18910901 18910930    64.6
18911001 18911031    96.5
18911101 18911130    33.7
18911201 18911231    82.6
18920101 18920131    16.2
18920201 18920229     2.0
18920301 18920331    36.1
18920401 18920430    69.7
18920501 18920531    67.2
18920601 18920630    65.8
18920701 18920731    64.6
18920801 18920831    59.2
18920901 18920930    56.8
18921001 18921031    37.1
18921101 18921130    39.9
18921201 18921231    50.4
18930101 18930131    14.9
18930201 18930228     2.3
18930301 18930331    24.1
18930401 18930430    43.8
18930501 18930531   147.0
18930601 18930630    53.8
18930701 18930731    76.1
18930801 18930831    95.8
18930901 18930930   125.4
18931001 18931031    77.3
18931101 18931130    48.3
18931201 18931231    18.3
18940101 18940131    15.7
18940201 18940228    17.5
18940301 18940331    37.3
18940401 18940430    64.4
18940501 18940531    55.3
18940601 18940630    47.2
18940701 18940731   124.4
18940801 18940831    84.5
18940901 18940930    64.1
18941001 18941031   162.0
18941101 18941130    14.3
18941201 18941231    89.2
18950101 18950131    53.2
18950201 18950228     2.0
18950301 18950331    71.3
18950401 18950430    80.1
18950501 18950531    34.2
18950601 18950630    67.0
18950701 18950731   116.0
18950801 18950831   166.2
18950901 18950930    63.8
18951001 18951031    40.6
18951101 18951130     4.2
18951201 18951231    57.5
18960101 18960131    61.2
18960201 18960229    19.2
18960301 18960331    38.5
18960401 18960430    85.2
18960501 18960531    47.1
18960601 18960630    37.3
18960701 18960731    66.0
18960801 18960831    44.3
18960901 18960930    35.9
18961001 18961031    16.0
18961101 18961130    29.7
18961201 18961231    50.9
18970101 18970131    44.0
18970201 18970228    14.8
18970301 18970331    30.9
18970401 18970430    27.0
18970501 18970531    58.9
18970601 18970630    33.5
18970701 18970731    38.1
18970801 18970831    86.1
18970901 18970930    63.4
18971001 18971031    40.9
18971101 18971130    30.6
18971201 18971231     3.4
18980101 18980131     2.1
18980201 18980228    23.6
18980301 18980331     8.0
18980401 18980430    77.6
18980501 18980531    35.6
18980601 18980630    87.0
18980701 18980731    98.2
18980801 18980831    41.2
18980901 18980930    61.6
18981001 18981031    65.0
18981101 18981130    63.4
18981201 18981231    16.5
18990101 18990131    38.2
18990201 18990228    25.1
18990301 18990331    56.3
18990401 18990430    60.8
18990501 18990531    48.0
18990601 18990630    96.1
18990701 18990731    15.1
18990801 18990831    28.9
18990901 18990930    35.8
18991001 18991031    68.5
18991101 18991130    40.4
18991201 18991231    41.2
19000101 19000131    24.9
19000201 19000228     7.7
19000301 19000331   128.4
19000401 19000430    65.5
19000501 19000531    62.3
19000601 19000630    88.0
19000701 19000731    33.8
19000801 19000831   113.6
19000901 19000930    39.9
19001001 19001031    35.4
19001101 19001130     9.5
19001201 19001231    20.3
19010101 19010131    70.5
19010201 19010228     2.8
19010301 19010331    33.1
19010401 19010430    35.4
19010501 19010531    39.5
19010601 19010630   100.8
19010701 19010731    56.7
19010801 19010831    43.2
19010901 19010930    80.0
19011001 19011031    62.7
19011101 19011130    16.8
19011201 19011231    32.6
19020101 19020131    18.9
19020201 19020228    30.4
19020301 19020331    19.3
19020401 19020430     4.2
19020501 19020531    28.0
19020601 19020630    88.0
19020701 19020731    34.2
19020801 19020831    55.0
19020901 19020930    46.4
19021001 19021031    73.5
19021101 19021130    17.7
19021201 19021231   141.7
19030101 19030131    50.3
19030201 19030228    47.9
19030301 19030331    62.9
19030401 19030430    93.8
19030501 19030531    38.7
19030601 19030630    86.2
19030701 19030731    92.6
19030801 19030831    60.6
19030901 19030930    75.2
19031001 19031031    49.1
19031101 19031130    40.6
19031201 19031231    42.5
19040101 19040131    46.0
19040201 19040229    24.5
19040301 19040331    10.5
19040401 19040430    29.1
19040501 19040531    99.3
19040601 19040630    45.3
19040701 19040731    63.2
19040801 19040831    47.3
19040901 19040930    50.2
19041001 19041031    90.9
19041101 19041130    30.5
19041201 19041231     5.7
19050101 19050131    27.1
19050201 19050228    19.7
19050301 19050331     3.3
19050401 19050430    80.7
19050501 19050531    56.5
19050601 19050630    84.3
19050701 19050731   115.8
19050801 19050831    50.2
19050901 19050930    54.1
19051001 19051031    93.8
19051101 19051130    20.2
19051201 19051231    20.9
19060101 19060131     4.2
19060201 19060228    36.9
19060301 19060331    86.8
19060401 19060430    29.7
19060501 19060531    77.7
19060601 19060630   103.3
19060701 19060731    96.6
19060801 19060831    79.5
19060901 19060930    58.2
19061001 19061031    51.0
19061101 19061130    75.8
19061201 19061231    11.5
19070101 19070131    11.3
19070201 19070228    13.6
19070301 19070331    31.1
19070401 19070430    86.0
19070501 19070531    76.6
19070601 19070630    32.7
19070701 19070731    90.5
19070801 19070831    83.1
19070901 19070930    45.5
19071001 19071031    48.6
19071101 19071130    63.5
19071201 19071231    40.3
19080101 19080131     7.2
19080201 19080229    25.8
19080301 19080331    75.2
19080401 19080430    23.0
19080501 19080531    64.2
19080601 19080630    92.0
19080701 19080731    41.2
19080801 19080831    44.9
19080901 19080930    96.3
19081001 19081031    84.9
19081101 19081130    30.4
19081201 19081231    10.5
19090101 19090131    26.8
19090201 19090228    13.5
19090301 19090331    58.7
19090401 19090430    74.5
19090501 19090531    91.1
19090601 19090630   107.5
19090701 19090731    83.9
19090801 19090831   103.7
19090901 19090930    57.9
19091001 19091031    76.6
19091101 19091130    29.1
19091201 19091231    20.8
19100101 19100131    33.3
19100201 19100228     6.9
19100301 19100331   160.6
19100401 19100430    30.4
19100501 19100531   102.9
19100601 19100630    59.5
19100701 19100731   115.9
19100801 19100831    61.3
19100901 19100930    97.9
19101001 19101031    48.3
19101101 19101130    56.6
19101201 19101231    57.7
19110101 19110131     0.0
19110201 19110228   116.4
19110301 19110331    39.2
19110401 19110430    46.2
19110501 19110531    61.8
19110601 19110630    93.4
19110701 19110731    80.0
19110801 19110831    30.9
19110901 19110930    64.9
19111001 19111031    43.9
19111101 19111130    16.3
19111201 19111231    78.9
19120101 19120131     8.5
19120201 19120229    26.6
19120301 19120331    40.1
19120401 19120430    51.9
19120501 19120531    23.0
19120601 19120630    52.4
19120701 19120731    45.7
19120801 19120831    64.0
19120901 19120930   127.1
19121001 19121031    55.2
19121101 19121130    45.5
19121201 19121231    67.3
19130101 19130131    12.4
19130201 19130228    39.6
19130301 19130331    75.1
19130401 19130430    30.2
19130501 19130531    53.8
19130601 19130630    19.0
19130701 19130731    43.5
19130801 19130831    97.9
19130901 19130930    87.7
19131001 19131031    50.2
19131101 19131130    70.4
19131201 19131231    40.4
19140101 19140131    18.5
19140201 19140228     2.0
19140301 19140331    33.7
19140401 19140430    61.4
19140501 19140531    45.2
19140601 19140630    34.0
19140701 19140731    66.1
19140801 19140831    17.3
19140901 19140930    20.1
19141001 19141031     6.5
19141101 19141130    40.9
19141201 19141231    54.4
19150101 19150131    21.1
19150201 19150228     3.8
19150301 19150331    14.7
19150401 19150430    25.6
19150501 19150531    66.9
19150601 19150630   146.0
19150701 19150731    52.0
19150801 19150831    88.6
19150901 19150930   108.7
19151001 19151031    58.9
19151101 19151130    26.7
19151201 19151231     2.3
19160101 19160131    41.7
19160201 19160229    13.1
19160301 19160331     1.8
19160401 19160430    51.4
19160501 19160531    30.0
19160601 19160630    74.8
19160701 19160731    45.0
19160801 19160831    70.8
19160901 19160930    92.6
19161001 19161031    68.8
19161101 19161130    94.7
19161201 19161231    47.1
19170101 19170131    29.1
19170201 19170228    80.3
19170301 19170331    32.6
19170401 19170430    33.0
19170501 19170531   127.5
19170601 19170630    53.9
19170701 19170731   136.2
19170801 19170831    73.4
19170901 19170930    85.8
19171001 19171031    85.1
19171101 19171130    60.0
19171201 19171231    21.7
19180101 19180131    23.6
19180201 19180228    17.1
19180301 19180331    20.6
19180401 19180430    28.3
19180501 19180531    83.8
19180601 19180630   104.9
19180701 19180731    82.9
19180801 19180831    59.8
19180901 19180930    65.6
19181001 19181031   103.8
19181101 19181130    17.8
19181201 19181231    40.9
19190101 19190131    11.3
19190201 19190228    88.6
19190301 19190331    55.4
19190401 19190430     9.5
19190501 19190531    77.9
19190601 19190630    66.3
19190701 19190731    62.8
19190801 19190831    59.0
19190901 19190930   100.9
19191001 19191031    47.6
19191101 19191130    13.6
19191201 19191231    32.5
19200101 19200131    14.1
19200201 19200229    10.0
19200301 19200331    27.8
19200401 19200430    30.0
19200501 19200531    80.3
19200601 19200630   121.8
19200701 19200731    86.8
19200801 19200831   103.8
19200901 19200930    73.3
19201001 19201031    40.3
19201101 19201130    43.6
19201201 19201231    26.5
19210101 19210131    37.8
19210201 19210228    22.7
19210301 19210331    40.1
19210401 19210430    24.9
19210501 19210531    51.9
19210601 19210630    50.1
19210701 19210731    79.5
19210801 19210831    94.2
19210901 19210930    56.6
19211001 19211031    37.6
19211101 19211130    55.8
19211201 19211231    28.6
19220101 19220131     8.9
19220201 19220228     0.5
19220301 19220331    12.1
19220401 19220430    54.1
19220501 19220531    67.3
19220601 19220630    51.0
19220701 19220731    49.5
19220801 19220831    89.0
19220901 19220930    80.6
19221001 19221031    73.5
19221101 19221130    15.0
19221201 19221231    56.2
19230101 19230131    11.3
19230201 19230228     7.2
19230301 19230331     2.6
19230401 19230430     0.3
19230501 19230531   107.7
19230601 19230630   136.0
19230701 19230731   100.4
19230801 19230831    71.8
19230901 19230930   113.9
19231001 19231031    82.5
19231101 19231130    45.1
19231201 19231231    54.8
19240101 19240131    41.4
19240201 19240229   157.6
19240301 19240331    57.6
19240401 19240430    38.5
19240501 19240531    45.7
19240601 19240630    46.7
19240701 19240731    31.1
19240801 19240831    62.6
19240901 19240930    77.7
19241001 19241031    87.6
19241101 19241130   108.6
19241201 19241231    12.9
19250101 19250131    29.4
19250201 19250228    26.4
19250301 19250331     6.0
19250401 19250430    29.9
19250501 19250531   122.2
19250601 19250630    65.4
19250701 19250731    73.1
19250801 19250831    49.4
19250901 19250930    90.5
19251001 19251031    22.6
19251101 19251130    47.4
19251201 19251231    17.0
19260101 19260131     4.1
19260201 19260228    16.4
19260301 19260331     6.9
19260401 19260430    70.2
19260501 19260531   116.1
19260601 19260630    82.4
19260701 19260731    66.6
19260801 19260831    78.0
19260901 19260930    54.9
19261001 19261031    66.4
19261101 19261130    27.7
19261201 19261231    34.3
19270101 19270131    23.4
19270201 19270228    36.0
19270301 19270331    34.4
19270401 19270430    19.3
19270501 19270531    89.4
19270601 19270630    30.0
19270701 19270731    65.5
19270801 19270831   119.4
19270901 19270930    36.6
19271001 19271031    23.2
19271101 19271130    40.0
19271201 19271231    53.5
19280101 19280131    82.4
19280201 19280229    72.3
19280301 19280331    28.8
19280401 19280430    45.3
19280501 19280531    60.5
19280601 19280630    85.2
19280701 19280731    78.6
19280801 19280831    31.3
19280901 19280930    92.7
19281001 19281031   136.8
19281101 19281130    25.5
19281201 19281231    18.4
19290101 19290131    57.0
19290201 19290228    17.7
19290301 19290331    15.7
19290401 19290430    73.4
19290501 19290531    68.6
19290601 19290630    98.5
19290701 19290731    90.0
19290801 19290831    52.1
19290901 19290930    66.8
19291001 19291031    56.8
19291101 19291130    30.6
19291201 19291231    60.5
19300101 19300131     6.3
19300201 19300228    82.1
19300301 19300331     7.7
19300401 19300430    48.2
19300501 19300531    62.4
19300601 19300630    20.9
19300701 19300731   100.7
19300801 19300831   117.1
19300901 19300930    87.5
19301001 19301031    76.4
19301101 19301130    70.0
19301201 19301231   102.3
19310101 19310131    35.0
19310201 19310228    14.1
19310301 19310331    43.8
19310401 19310430    59.3
19310501 19310531    87.7
19310601 19310630    77.4
19310701 19310731    98.0
19310801 19310831    83.4
19310901 19310930    59.9
19311001 19311031    23.1
19311101 19311130    36.1
19311201 19311231    10.8
19320101 19320131     2.8
19320201 19320229    82.0
19320301 19320331    91.1
19320401 19320430   107.7
19320501 19320531    18.2
19320601 19320630   108.1
19320701 19320731    64.8
19320801 19320831    91.3
19320901 19320930    46.9
19321001 19321031    75.8
19321101 19321130    43.5
19321201 19321231    39.3
19330101 19330131    55.0
19330201 19330228     3.8
19330301 19330331    31.9
19330401 19330430    68.3
19330501 19330531    83.9
19330601 19330630    42.3
19330701 19330731    39.2
19330801 19330831    65.7
19330901 19330930    83.7
19331001 19331031    43.8
19331101 19331130    74.3
19331201 19331231    82.7
19340101 19340131    11.2
19340201 19340228     5.4
19340301 19340331    18.5
19340401 19340430    94.1
19340501 19340531    35.2
19340601 19340630    28.9
19340701 19340731    56.1
19340801 19340831    83.2
19340901 19340930   111.9
19341001 19341031    85.1
19341101 19341130    83.4
19341201 19341231    23.0
19350101 19350131    29.1
19350201 19350228    17.0
19350301 19350331   106.8
19350401 19350430    71.9
19350501 19350531    82.5
19350601 19350630    63.0
19350701 19350731    98.3
19350801 19350831    92.1
19350901 19350930    49.2
19351001 19351031    52.0
19351101 19351130    42.6
19351201 19351231    31.9
19360101 19360131    38.7
19360201 19360229     1.1
19360301 19360331    27.2
19360401 19360430    31.4
19360501 19360531    40.1
19360601 19360630    99.4
19360701 19360731    75.7
19360801 19360831   114.7
19360901 19360930    45.5
19361001 19361031    90.1
19361101 19361130    22.7
19361201 19361231   134.8
19370101 19370131    69.8
19370201 19370228    27.6
19370301 19370331    23.1
19370401 19370430    24.7
19370501 19370531   102.2
19370601 19370630    21.8
19370701 19370731    53.4
19370801 19370831    92.7
19370901 19370930    85.5
19371001 19371031    42.2
19371101 19371130    24.2
19371201 19371231    69.9
19380101 19380131    56.9
19380201 19380228    61.6
19380301 19380331    21.6
19380401 19380430    93.3
19380501 19380531    23.0
19380601 19380630    86.3
19380701 19380731    40.9
19380801 19380831    49.6
19380901 19380930    48.7
19381001 19381031    33.2
19381101 19381130    32.1
19381201 19381231    21.2
19390101 19390131    17.5
19390201 19390228    17.8
19390301 19390331    18.5
19390401 19390430    86.0
19390501 19390531    44.0
19390601 19390630    88.8
19390701 19390731    36.5
19390801 19390831   125.5
19390901 19390930    66.7
19391001 19391031    84.3
19391101 19391130    82.1
19391201 19391231    25.9
19400101 19400131    48.1
19400201 19400229    14.1
19400301 19400331    24.1
19400401 19400430    52.2
19400501 19400531    39.6
19400601 19400630    47.3
19400701 19400731    77.9
19400801 19400831    42.8
19400901 19400930    20.4
19401001 19401031    22.5
19401101 19401130    40.2
19401201 19401231    52.8
19410101 19410131    96.7
19410201 19410228    19.4
19410301 19410331    73.7
19410401 19410430    74.5
19410501 19410531    50.2
19410601 19410630    54.4
19410701 19410731    78.6
19410801 19410831    48.5
19410901 19410930   107.5
19411001 19411031    37.6
19411101 19411130    16.3
19411201 19411231    22.1
19420101 19420131    24.2
19420201 19420228    25.2
19420301 19420331    19.0
19420401 19420430    29.0
19420501 19420531   127.4
19420601 19420630    74.4
19420701 19420731   102.5
19420801 19420831   108.7
19420901 19420930    94.9
19421001 19421031    21.5
19421101 19421130    53.1
19421201 19421231    27.0
19430101 19430131    12.6
19430201 19430228    33.8
19430301 19430331     7.1
19430401 19430430    54.8
19430501 19430531    43.1
19430601 19430630    64.1
19430701 19430731   100.4
19430801 19430831    92.1
19430901 19430930    85.8
19431001 19431031    30.4
19431101 19431130    21.6
19431201 19431231     9.6
19440101 19440131    12.1
19440201 19440229    31.2
19440301 19440331    14.9
19440401 19440430    68.1
19440501 19440531    92.1
19440601 19440630    29.0
19440701 19440731    70.1
19440801 19440831    17.7
19440901 19440930    46.0
19441001 19441031    81.6
19441101 19441130    43.1
19441201 19441231    60.4
19450101 19450131    21.9
19450201 19450228   104.6
19450301 19450331     7.5
19450401 19450430     8.9
19450501 19450531    41.0
19450601 19450630    47.2
19450701 19450731    52.9
19450801 19450831    93.5
19450901 19450930    57.5
19451001 19451031    88.4
19451101 19451130    56.6
19451201 19451231    48.3
19460101 19460131    88.6
19460201 19460228    79.4
19460301 19460331   290.9
19460401 19460430    34.0
19460501 19460531    50.9
19460601 19460630    72.4
19460701 19460731   144.9
19460801 19460831    65.7
19460901 19460930    64.6
19461001 19461031    47.8
19461101 19461130    17.3
19461201 19461231    39.2
19470101 19470131    20.9
19470201 19470228    45.7
19470301 19470331   127.7
19470401 19470430    32.2
19470501 19470531    23.4
19470601 19470630    73.9
19470701 19470731   120.6
19470801 19470831    72.9
19470901 19470930    53.3
19471001 19471031    85.5
19471101 19471130    54.1
19471201 19471231    54.6
19480101 19480131    15.6
19480201 19480229     7.1
19480301 19480331    18.0
19480401 19480430    76.2
19480501 19480531    69.1
19480601 19480630    33.1
19480701 19480731    62.8
19480801 19480831    69.0
19480901 19480930    42.4
19481001 19481031   113.4
19481101 19481130    34.6
19481201 19481231    37.6
19490101 19490131    36.3
19490201 19490228    92.6
19490301 19490331    12.5
19490401 19490430    14.5
19490501 19490531    47.4
19490601 19490630    39.4
19490701 19490731    37.3
19490801 19490831    29.0
19490901 19490930    37.7
19491001 19491031   117.2
19491101 19491130    76.0
19491201 19491231    14.2
19500101 19500131    16.6
19500201 19500228    22.6
19500301 19500331    18.0
19500401 19500430    27.0
19500501 19500531    32.6
19500601 19500630    27.3
19500701 19500731    58.2
19500801 19500831    55.7
19500901 19500930    95.2
19501001 19501031    46.0
19501101 19501130    20.9
19501201 19501231    25.5
19510101 19510131    17.8
19510201 19510228    39.7
19510301 19510331     1.4
19510401 19510430    87.4
19510501 19510531   116.0
19510601 19510630    58.6
19510701 19510731   107.4
19510801 19510831    99.3
19510901 19510930    34.2
19511001 19511031    82.0
19511101 19511130    35.3
19511201 19511231    49.1
19520101 19520131    74.7
19520201 19520229    30.0
19520301 19520331    10.7
19520401 19520430    73.9
19520501 19520531   109.0
19520601 19520630   114.9
19520701 19520731    63.0
19520801 19520831    83.4
19520901 19520930    88.8
19521001 19521031    58.6
19521101 19521130   132.6
19521201 19521231    54.0
19530101 19530131    16.2
19530201 19530228     7.8
19530301 19530331     4.3
19530401 19530430    38.8
19530501 19530531    66.8
19530601 19530630    87.7
19530701 19530731   113.1
19530801 19530831    88.3
19530901 19530930    80.9
19531001 19531031    61.6
19531101 19531130    85.3
19531201 19531231    55.0
19540101 19540131    19.0
19540201 19540228     7.7
19540301 19540331    20.4
19540401 19540430    71.7
19540501 19540531    42.1
19540601 19540630    73.9
19540701 19540731    41.2
19540801 19540831    48.9
19540901 19540930    51.6
19541001 19541031    45.5
19541101 19541130    58.8
19541201 19541231    28.8
19550101 19550131     6.8
19550201 19550228    33.7
19550301 19550331    10.7
19550401 19550430    64.2
19550501 19550531    89.4
19550601 19550630    94.1
19550701 19550731    55.6
19550801 19550831   149.8
19550901 19550930    60.5
19551001 19551031    51.9
19551101 19551130    47.0
19551201 19551231    35.5
19560101 19560131    21.5
19560201 19560229     1.0
19560301 19560331    39.9
19560401 19560430    97.8
19560501 19560531    49.5
19560601 19560630   136.8
19560701 19560731    79.5
19560801 19560831   113.5
19560901 19560930    59.6
19561001 19561031    59.0
19561101 19561130    40.9
19561201 19561231    43.4
19570101 19570131     2.2
19570201 19570228    54.8
19570301 19570331    35.4
19570401 19570430    55.1
19570501 19570531    70.6
19570601 19570630    44.9
19570701 19570731    25.7
19570801 19570831    64.2
19570901 19570930    99.0
19571001 19571031    57.5
19571101 19571130    66.2
19571201 19571231    58.7
19580101 19580131    30.2
19580201 19580228    43.5
19580301 19580331    23.4
19580401 19580430    20.4
19580501 19580531   124.5
19580601 19580630    50.0
19580701 19580731   112.6
19580801 19580831    97.3
19580901 19580930    48.4
19581001 19581031    89.3
19581101 19581130    35.1
19581201 19581231    13.8
19590101 19590131    27.7
19590201 19590228    32.2
19590301 19590331    59.9
19590401 19590430    11.7
19590501 19590531    15.1
19590601 19590630    30.2
19590701 19590731    37.8
19590801 19590831    75.0
19590901 19590930    52.3
19591001 19591031    37.8
19591101 19591130    20.1
19591201 19591231    92.9
19600101 19600131    39.2
19600201 19600229    78.1
19600301 19600331    48.0
19600401 19600430    74.7
19600501 19600531    87.5
19600601 19600630    53.5
19600701 19600731    81.8
19600801 19600831    92.0
19600901 19600930   110.4
19601001 19601031    47.7
19601101 19601130    65.3
19601201 19601231    15.6
19610101 19610131     4.9
19610201 19610228     5.1
19610301 19610331     8.0
19610401 19610430    97.9
19610501 19610531    32.7
19610601 19610630    77.7
19610701 19610731    70.4
19610801 19610831    51.4
19610901 19610930    42.4
19611001 19611031    52.8
19611101 19611130    28.4
19611201 19611231    35.5
19620101 19620131    10.4
19620201 19620228    38.2
19620301 19620331    17.7
19620401 19620430     7.1
19620501 19620531    70.0
19620601 19620630   109.5
19620701 19620731    51.2
19620801 19620831    74.8
19620901 19620930    71.6
19621001 19621031    78.2
19621101 19621130    21.2
19621201 19621231    25.1
19630101 19630131    91.3
19630201 19630228     1.9
19630301 19630331    19.3
19630401 19630430     3.0
19630501 19630531    87.5
19630601 19630630    45.6
19630701 19630731    98.5
19630801 19630831    60.3
19630901 19630930    66.6
19631001 19631031    25.4
19631101 19631130     8.5
19631201 19631231     5.4
19640101 19640131    15.6
19640201 19640229    42.6
19640301 19640331    28.1
19640401 19640430    29.5
19640501 19640531    49.7
19640601 19640630   103.0
19640701 19640731   160.3
19640801 19640831    90.1
19640901 19640930    90.6
19641001 19641031    82.5
19641101 19641130    77.0
19641201 19641231    57.6
19650101 19650131     2.5
19650201 19650228     1.5
19650301 19650331    22.7
19650401 19650430    45.7
19650501 19650531    86.4
19650601 19650630    26.7
19650701 19650731    87.1
19650801 19650831    70.4
19650901 19650930    48.8
19651001 19651031    21.6
19651101 19651130    60.6
19651201 19651231    34.0
19660101 19660131    19.6
19660201 19660228    18.5
19660301 19660331    28.8
19660401 19660430    29.0
19660501 19660531    24.0
19660601 19660630    41.7
19660701 19660731   120.8
19660801 19660831    65.1
19660901 19660930    67.1
19661001 19661031    54.9
19661101 19661130    29.6
19661201 19661231    88.6
19670101 19670131    10.2
19670201 19670228    29.7
19670301 19670331    11.7
19670401 19670430     5.4
19670501 19670531    17.9
19670601 19670630    11.5
19670701 19670731    72.0
19670801 19670831    73.9
19670901 19670930    23.0
19671001 19671031    16.3
19671101 19671130    20.2
19671201 19671231    37.3
19680101 19680131    10.2
19680201 19680229     8.0
19680301 19680331    34.6
19680401 19680430    85.8
19680501 19680531   101.7
19680601 19680630    90.4
19680701 19680731    64.8
19680801 19680831    94.8
19680901 19680930    42.3
19681001 19681031    86.0
19681101 19681130    72.6
19681201 19681231    25.1
19690101 19690131    16.6
19690201 19690228    81.0
19690301 19690331    29.9
19690401 19690430    33.4
19690501 19690531    57.7
19690601 19690630     7.7
19690701 19690731    58.0
19690801 19690831    67.9
19690901 19690930    86.5
19691001 19691031    35.4
19691101 19691130    31.4
19691201 19691231    29.7
19700101 19700131    32.2
19700201 19700228     3.4
19700301 19700331    70.2
19700401 19700430    65.3
19700501 19700531    53.5
19700601 19700630    49.7
19700701 19700731    93.1
19700801 19700831   120.1
19700901 19700930    51.5
19701001 19701031    28.4
19701101 19701130    63.0
19701201 19701231    59.5
19710101 19710131    25.4
19710201 19710228     4.1
19710301 19710331    43.8
19710401 19710430   103.8
19710501 19710531    97.0
19710601 19710630    78.6
19710701 19710731    48.6
19710801 19710831    81.2
19710901 19710930    63.2
19711001 19711031    81.5
19711101 19711130    76.6
19711201 19711231    49.8
19720101 19720131    36.7
19720201 19720229    30.8
19720301 19720331     8.7
19720401 19720430    49.2
19720501 19720531    21.2
19720601 19720630    21.0
19720701 19720731    88.6
19720801 19720831    54.9
19720901 19720930    23.4
19721001 19721031    30.6
19721101 19721130    44.1
19721201 19721231     1.9
19730101 19730131    31.1
19730201 19730228    49.2
19730301 19730331    71.1
19730401 19730430    49.5
19730501 19730531    59.9
19730601 19730630    77.1
19730701 19730731    53.5
19730801 19730831    65.8
19730901 19730930    91.0
19731001 19731031    81.8
19731101 19731130    13.1
19731201 19731231    41.4
19740101 19740131    37.5
19740201 19740228    21.5
19740301 19740331    33.9
19740401 19740430    90.9
19740501 19740531    39.8
19740601 19740630    19.5
19740701 19740731   102.9
19740801 19740831    82.2
19740901 19740930    73.1
19741001 19741031    73.6
19741101 19741130    42.7
19741201 19741231    26.8
19750101 19750131    24.9
19750201 19750228     4.8
19750301 19750331    75.7
19750401 19750430    24.3
19750501 19750531    73.2
19750601 19750630    49.2
19750701 19750731   115.5
19750801 19750831    99.4
19750901 19750930    79.2
19751001 19751031   137.4
19751101 19751130    74.3
19751201 19751231    16.5
19760101 19760131    12.3
19760201 19760229    72.2
19760301 19760331    15.7
19760401 19760430    36.5
19760501 19760531    29.9
19760601 19760630    65.5
19760701 19760731    45.0
19760801 19760831    99.2
19760901 19760930    77.8
19761001 19761031   118.0
19761101 19761130    55.4
19761201 19761231    46.9
19770101 19770131    19.5
19770201 19770228     5.9
19770301 19770331    45.0
19770401 19770430    17.8
19770501 19770531    79.3
19770601 19770630    78.7
19770701 19770731    62.8
19770801 19770831    27.0
19770901 19770930    17.4
19771001 19771031    27.4
19771101 19771130    79.3
19771201 19771231    14.4
19780101 19780131     3.4
19780201 19780228    11.5
19780301 19780331    14.4
19780401 19780430    58.7
19780501 19780531    64.2
19780601 19780630    47.1
19780701 19780731   107.1
19780801 19780831    73.9
19780901 19780930    96.7
19781001 19781031    44.8
19781101 19781130    56.1
19781201 19781231    40.0
19790101 19790131    13.4
19790201 19790228    12.6
19790301 19790331     2.5
19790401 19790430    34.7
19790501 19790531    37.5
19790601 19790630    48.3
19790701 19790731    33.9
19790801 19790831    80.7
19790901 19790930   116.9
19791001 19791031    97.1
19791101 19791130    59.2
19791201 19791231    23.9
19800101 19800131    19.5
19800201 19800229     0.0
19800301 19800331     6.1
19800401 19800430    47.9
19800501 19800531    35.3
19800601 19800630    55.9
19800701 19800731    67.6
19800801 19800831    48.7
19800901 19800930    54.0
19801001 19801031    75.3
19801101 19801130    43.5
19801201 19801231    32.2
19810101 19810131     0.0
19810201 19810228    34.9
19810301 19810331    18.6
19810401 19810430    13.8
19810501 19810531    67.5
19810601 19810630    77.3
19810701 19810731   115.4
19810801 19810831   124.0
19810901 19810930    29.7
19811001 19811031    47.3
19811101 19811130    24.3
19811201 19811231     6.3
19820101 19820131    37.3
19820201 19820228     2.7
19820301 19820331    27.8
19820401 19820430    21.8
19820501 19820531    53.4
19820601 19820630    49.8
19820701 19820731    33.0
19820801 19820831    15.1
19820901 19820930    39.7
19821001 19821031    31.8
19821101 19821130     0.0
19821201 19821231     0.0
19830101 19830131    27.4
19830201 19830228     0.4
19830301 19830331    88.8
19830401 19830430    51.2
19830501 19830531    76.6
19830601 19830630    68.6
19830701 19830731    76.2
19830801 19830831    87.4
19830901 19830930   103.4
19831001 19831031    21.6
19831101 19831130    71.8
19831201 19831231    24.8
19840101 19840131    12.6
19840201 19840229     6.6
19840301 19840331    91.6
19840401 19840430    26.4
19840501 19840531    23.2
19840601 19840630    40.6
19840701 19840731    96.2
19840801 19840831   117.0
19840901 19840930    85.0
19841001 19841031    31.8
19841101 19841130    55.4
19841201 19841231    31.6
19850101 19850131    12.8
19850201 19850228     6.6
19850301 19850331    44.0
19850401 19850430    30.2
19850501 19850531    54.2
19850601 19850630    87.0
19850701 19850731    66.4
19850801 19850831    71.8
19850901 19850930    38.4
19851001 19851031    71.6
19851101 19851130    43.6
19851201 19851231   109.4
19860101 19860131    16.8
19860201 19860228     5.0
19860301 19860331     3.6
19860401 19860430    58.4
19860501 19860531    71.6
19860601 19860630    50.4
19860701 19860731   104.0
19860801 19860831    72.2
19860901 19860930    66.0
19861001 19861031   114.1
19861101 19861130    25.8
19861201 19861231   137.6
19870101 19870131    18.0
19870201 19870228    29.0
19870301 19870331    22.6
19870401 19870430    32.6
19870501 19870531   158.4
19870601 19870630    92.4
19870701 19870731    64.6
19870801 19870831    45.8
19870901 19870930    33.9
19871001 19871031    47.2
19871101 19871130    27.0
19871201 19871231    55.2
19880101 19880131    44.4
19880201 19880229    23.2
19880301 19880331    46.0
19880401 19880430    15.4
19880501 19880531    63.4
19880601 19880630   106.4
19880701 19880731    89.6
19880801 19880831    85.8
19880901 19880930    79.6
19881001 19881031    52.8
19881101 19881130    38.6
19881201 19881231    25.2
19890101 19890131    25.4
19890201 19890228    18.8
19890301 19890331    53.8
19890401 19890430    34.4
19890501 19890531    61.0
19890601 19890630   102.2
19890701 19890731   106.8
19890801 19890831   105.5
19890901 19890930    61.3
19891001 19891031    95.6
19891101 19891130    41.0
19891201 19891231    24.8
19900101 19900131    16.4
19900201 19900228    40.8
19900301 19900331    29.6
19900401 19900430    27.4
19900501 19900531    14.2
19900601 19900630    67.8
19900701 19900731    98.0
19900801 19900831   118.8
19900901 19900930    89.0
19901001 19901031    51.8
19901101 19901130    36.6
19901201 19901231    29.4
19910101 19910131    88.8
19910201 19910228     0.2
19910301 19910331    32.0
19910401 19910430    39.0
19910501 19910531    11.8
19910601 19910630   127.4
19910701 19910731    66.2
19910801 19910831   154.4
19910901 19910930    83.4
19911001 19911031    20.0
19911101 19911130    42.6
19911201 19911231    29.0
19920101 19920131     8.8
19920201 19920229    22.4
19920301 19920331    34.3
19920401 19920430    82.2
19920501 19920531    68.8
19920601 19920630    68.4
19920701 19920731    76.6
19920801 19920831   106.2
19920901 19920930    90.2
19921001 19921031   100.2
19921101 19921130    89.2
19921201 19921231    61.6
19930101 19930131    36.8
19930201 19930228    32.4
19930301 19930331    23.6
19930401 19930430     6.2
19930501 19930531    29.6
19930601 19930630    57.8
19930701 19930731    69.4
19930801 19930831    77.2
19930901 19930930    93.4
19931001 19931031    88.4
19931101 19931130    30.0
19931201 19931231    66.6
19940101 19940131    40.4
19940201 19940228    17.0
19940301 19940331     6.0
19940401 19940430    29.6
19940501 19940531    72.8
19940601 19940630    62.0
19940701 19940731    62.4
19940801 19940831    47.4
19940901 19940930    45.0
19941001 19941031    62.4
19941101 19941130    52.6
19941201 19941231    18.8
19950101 19950131    49.2
19950201 19950228    28.4
19950301 19950331    46.0
19950401 19950430    94.2
19950501 19950531    57.2
19950601 19950630    81.0
19950701 19950731   156.8
19950801 19950831    59.8
19950901 19950930    42.8
19951001 19951031    20.0
19951101 19951130    27.2
19951201 19951231    23.2
19960101 19960131    57.0
19960201 19960229    12.8
19960301 19960331    40.6
19960401 19960430    33.2
19960501 19960531     8.2
19960601 19960630   115.8
19960701 19960731   109.6
19960801 19960831   133.4
19960901 19960930   128.6
19961001 19961031    51.2
19961101 19961130    13.8
19961201 19961231    27.6
19970101 19970131    24.2
19970201 19970228    14.4
19970301 19970331    23.0
19970401 19970430    10.8
19970501 19970531    89.0
19970601 19970630    32.6
19970701 19970731    37.0
19970801 19970831    61.6
19970901 19970930    83.8
19971001 19971031    34.6
19971101 19971130    64.8
19971201 19971231     6.0
19980101 19980131    19.2
19980201 19980228    23.6
19980301 19980331    10.0
19980401 19980430    77.0
19980501 19980531    30.8
19980601 19980630    79.0
19980701 19980731    85.4
19980801 19980831    45.2
19980901 19980930    76.1
19981001 19981031    54.0
19981101 19981130    23.8
19981201 19981231    13.6
19990101 19990131    12.8
19990201 19990228    63.4
19990301 19990331   118.8
19990401 19990430    13.4
19990501 19990531    70.8
19990601 19990630    61.8
19990701 19990731    58.6
19990801 19990831    55.0
19990901 19990930    73.4
19991001 19991031    33.0
19991101 19991130    54.6
19991201 19991231    43.8
20000101 20000131    14.2
20000201 20000229    18.8
20000301 20000331    16.4
20000401 20000430    86.6
20000501 20000531    90.0
20000601 20000630    48.2
20000701 20000731    85.4
20000801 20000831   115.4
20000901 20000930   108.9
20001001 20001031    78.8
20001101 20001130    54.0
20001201 20001231    18.2
20010101 20010131    34.0
20010201 20010228    22.8
20010301 20010331    55.0
20010401 20010430    53.0
20010501 20010531    39.3
20010601 20010630    59.4
20010701 20010731    34.5
20010801 20010831   140.5
20010901 20010930    69.4
20011001 20011031   113.5
20011101 20011130    65.6
20011201 20011231    48.8
20020101 20020131    25.6
20020201 20020228     7.8
20020301 20020331     7.4
20020401 20020430    24.6
20020501 20020531    43.2
20020601 20020630    84.0
20020701 20020731   101.6
20020801 20020831    39.8
20020901 20020930    72.8
20021001 20021031    48.4
20021101 20021130    49.2
20021201 20021231    40.2
20030101 20030131    36.8
20030201 20030228    45.0
20030301 20030331    97.0
20030401 20030430    28.6
20030501 20030531    49.3
20030601 20030630   158.2
20030701 20030731    82.7
20030801 20030831   103.6
20030901 20030930    78.0
20031001 20031031    79.4
20031101 20031130    26.4
20031201 20031231    30.2
20040101 20040131    42.4
20040201 20040229    29.8
20040301 20040331    57.8
20040401 20040430    22.2
20040501 20040531    43.3
20040601 20040630   127.4
20040701 20040731    82.9
20040801 20040831    92.1
20040901 20040930    51.9
20041001 20041031    27.6
20041101 20041130    55.5
20041201 20041231    36.9
20050101 20050131    19.1
20050201 20050228    43.2
20050301 20050331     8.9
20050401 20050430    22.6
20050501 20050531    20.8
20050601 20050630    71.4
20050701 20050731    44.8
20050801 20050831    99.2
20050901 20050930    49.4
20051001 20051031    78.6
20051101 20051130    25.6
20051201 20051231    46.6
20060101 20060131    32.8
20060201 20060228    47.0
20060301 20060331    25.4
20060401 20060430    58.9
20060501 20060531    40.2
20060601 20060630    19.6
20060701 20060731    51.4
20060801 20060831    29.5
20060901 20060930    58.6
20061001 20061031    15.2
20061101 20061130    12.4
20061201 20061231     7.6
20070101 20070131   159.4
20070201 20070228    10.0
20070301 20070331    26.2
20070401 20070430    29.7
20070501 20070531   141.6
20070601 20070630    61.5
20070701 20070731    86.4
20070801 20070831    68.2
20070901 20070930    66.0
20071001 20071031    39.2
20071101 20071130   114.4
20071201 20071231    36.6
20080101 20080131    19.6
20080201 20080229    16.8
20080301 20080331    22.2
20080401 20080430    31.2
20080501 20080531    60.1
20080601 20080630    41.2
20080701 20080731    81.6
20080801 20080831    72.2
20080901 20080930    54.6
20081001 20081031    13.4
20081101 20081130    21.6
20081201 20081231   133.0
20090101 20090131     5.8
20090201 20090228     2.0
20090301 20090331    32.6
20090401 20090430    54.4
20090501 20090531    45.4
20090601 20090630    48.6
20090701 20090731   139.5
20090801 20090831   100.8
20090901 20090930    88.2
20091001 20091031    46.0
20091101 20091130    56.8
20091201 20091231    39.0
20100101 20100131    15.6
20100201 20100228    52.8
20100301 20100331    21.0
20100401 20100430    63.2
20100501 20100531    54.1
20100601 20100630    58.8
20100701 20100731    58.2
20100801 20100831   131.4
20100901 20100930    77.6
20101001 20101031    53.8
20101101 20101130    63.4
20101201 20101231   149.4
20110101 20110131   138.4
20110201 20110228 99999.9
20110301 20110331 99999.9
20110401 20110430    41.4
20110501 20110531    70.6
20110601 20110630    85.7
20110701 20110731   100.2
20110801 20110831    94.4
20110901 20110930    46.2
20111001 20111031    43.4
20111101 20111130    33.4
20111201 20111231    20.0
20120101 20120131    13.8
20120201 20120229     9.2
20120301 20120331    50.0
20120401 20120430    24.6
20120501 20120531    45.6
20120601 20120630    86.4
20120701 20120731   122.0
20120801 20120831    98.8
20120901 20120930    68.6
20121001 20121031    42.2
20121101 20121130    43.2
20121201 20121231    16.2
20130101 20130131     1.0
20130201 20130228     6.8
20130301 20130331    16.0
20130401 20130430    24.9
20130501 20130531    60.4
20130601 20130630    67.9
20130701 20130731    88.9
20130801 20130831   115.4
20130901 20130930    68.2
20131001 20131031    88.2
20131101 20131130    26.3
20131201 20131231    37.5
20140101 20140131    16.4
20140201 20140228    15.0
20140301 20140331    23.4
20140401 20140430    56.4
20140501 20140531    81.6
20140601 20140630   128.3
20140701 20140731    64.0
20140801 20140831    47.6
20140901 20140930    29.3
20141001 20141031    21.2
20141101 20141130    23.0
20141201 20141231    31.8
20150101 20150131    59.0
20150201 20150228     9.4
20150301 20150331    21.6
20150401 20150430    27.8
20150501 20150531    81.9
20150601 20150630    66.2
20150701 20150731    61.0
20150801 20150831    36.4
20150901 20150930    41.1
20151001 20151031     2.6
20151101 20151130    27.6
20151201 20151231    16.7
20160101 20160131    38.6
20160201 20160229    22.2
20160301 20160331    33.3
20160401 20160430    28.0
20160501 20160531   103.0
20160601 20160630    84.6
20160701 20160731   138.5
20160801 20160831    68.4
20160901 20160930   122.6
20161001 20161031    79.4
20161101 20161130    38.8
20161201 20161231    40.8
20170101 20170131    46.1
20170201 20170228     5.2
20170301 20170331    30.5
20170401 20170430    88.0
20170501 20170531    63.6
20170601 20170630     9.7
20170701 20170731    78.9
20170801 20170831   109.7
20170901 20170930    91.0
20171001 20171031    40.3
20171101 20171130    61.6
20171201 20171231    35.6
20180101 20180131     8.2
