PRCP       079036 19061101 20180131 missing_value=99999.9 NATIMUK                                   
19061101 19061130   126.6
19061201 19061231    10.7
19070101 19070131     0.0
19070201 19070228    24.4
19070301 19070331    20.3
19070401 19070430    58.4
19070501 19070531    61.2
19070601 19070630    36.1
19070701 19070731    71.9
19070801 19070831    71.2
19070901 19070930    21.9
19071001 19071031    13.0
19071101 19071130    42.2
19071201 19071231    24.4
19080101 19080131    10.9
19080201 19080229    15.8
19080301 19080331    22.2
19080401 19080430     3.0
19080501 19080531    85.3
19080601 19080630    67.7
19080701 19080731    27.5
19080801 19080831    33.9
19080901 19080930   117.0
19081001 19081031    45.1
19081101 19081130    16.4
19081201 19081231    10.7
19090101 19090131    19.0
19090201 19090228     7.6
19090301 19090331    24.7
19090401 19090430    41.5
19090501 19090531    42.5
19090601 19090630    90.3
19090701 19090731    66.7
19090801 19090831   121.2
19090901 19090930    23.8
19091001 19091031    34.3
19091101 19091130    31.6
19091201 19091231     8.7
19100101 19100131     7.3
19100201 19100228     4.1
19100301 19100331   129.7
19100401 19100430     9.7
19100501 19100531    58.9
19100601 19100630    39.9
19100701 19100731    98.5
19100801 19100831    42.3
19100901 19100930    83.9
19101001 19101031    27.9
19101101 19101130    79.5
19101201 19101231    15.5
19110101 19110131     0.0
19110201 19110228   146.0
19110301 19110331    17.2
19110401 19110430     3.8
19110501 19110531    50.1
19110601 19110630    54.9
19110701 19110731    54.6
19110801 19110831    17.5
19110901 19110930    47.0
19111001 19111031    15.7
19111101 19111130     0.0
19111201 19111231    76.5
19120101 19120131     0.0
19120201 19120229     2.8
19120301 19120331    24.2
19120401 19120430    15.8
19120501 19120531     6.3
19120601 19120630    63.6
19120701 19120731    62.8
19120801 19120831    33.2
19120901 19120930   100.3
19121001 19121031    12.2
19121101 19121130    36.9
19121201 19121231    47.9
19130101 19130131     3.6
19130201 19130228    31.0
19130301 19130331    48.5
19130401 19130430    25.0
19130501 19130531    29.6
19130601 19130630     8.7
19130701 19130731    24.9
19130801 19130831    48.9
19130901 19130930   100.8
19131001 19131031    58.2
19131101 19131130    33.5
19131201 19131231    19.6
19140101 19140131    13.5
19140201 19140228    25.6
19140301 19140331    29.2
19140401 19140430    54.7
19140501 19140531    34.5
19140601 19140630    12.5
19140701 19140731    19.8
19140801 19140831     6.9
19140901 19140930     3.3
19141001 19141031     3.1
19141101 19141130    48.6
19141201 19141231    46.8
19150101 19150131    12.4
19150201 19150228    13.5
19150301 19150331     0.8
19150401 19150430    30.0
19150501 19150531    42.7
19150601 19150630   105.4
19150701 19150731    45.8
19150801 19150831    69.1
19150901 19150930   113.8
19151001 19151031    29.5
19151101 19151130    17.2
19151201 19151231     0.5
19160101 19160131    45.8
19160201 19160229     4.6
19160301 19160331     0.0
19160401 19160430    14.1
19160501 19160531    20.1
19160601 19160630    83.6
19160701 19160731    54.9
19160801 19160831    74.8
19160901 19160930    89.7
19161001 19161031    62.7
19161101 19161130    77.3
19161201 19161231    56.9
19170101 19170131    14.9
19170201 19170228    36.4
19170301 19170331    30.0
19170401 19170430    19.2
19170501 19170531    58.7
19170601 19170630    28.3
19170701 19170731    79.8
19170801 19170831    56.7
19170901 19170930    52.5
19171001 19171031    62.1
19171101 19171130    11.3
19171201 19171231    21.3
19180101 19180131    26.9
19180201 19180228    17.8
19180301 19180331    15.3
19180401 19180430    31.0
19180501 19180531    72.7
19180601 19180630    55.1
19180701 19180731    30.1
19180801 19180831    52.7
19180901 19180930    21.9
19181001 19181031    49.9
19181101 19181130     8.1
19181201 19181231     4.4
19190101 19190131     2.8
19190201 19190228   104.7
19190301 19190331    26.7
19190401 19190430     7.9
19190501 19190531    37.8
19190601 19190630    15.7
19190701 19190731    45.7
19190801 19190831    22.9
19190901 19190930    45.6
19191001 19191031    27.6
19191101 19191130     7.4
19191201 19191231    17.8
19200101 19200131    14.0
19200201 19200229     0.3
19200301 19200331    22.8
19200401 19200430     2.8
19200501 19200531    37.5
19200601 19200630    88.0
19200701 19200731    44.7
19200801 19200831    92.0
19200901 19200930    73.2
19201001 19201031    24.9
19201101 19201130    54.9
19201201 19201231    18.1
19210101 19210131    43.7
19210201 19210228    45.3
19210301 19210331    16.5
19210401 19210430    11.1
19210501 19210531    49.4
19210601 19210630    27.0
19210701 19210731    65.4
19210801 19210831    50.8
19210901 19210930    53.6
19211001 19211031    29.2
19211101 19211130    57.3
19211201 19211231    10.2
19220101 19220131    19.1
19220201 19220228    14.0
19220301 19220331     1.8
19220401 19220430    21.0
19220501 19220531    62.8
19220601 19220630    34.3
19220701 19220731    37.8
19220801 19220831    47.8
19220901 19220930    75.4
19221001 19221031    43.1
19221101 19221130     4.1
19221201 19221231    78.7
19230101 19230131     6.2
19230201 19230228     4.3
19230301 19230331     0.0
19230401 19230430     3.8
19230501 19230531    75.6
19230601 19230630   108.8
19230701 19230731    85.4
19230801 19230831    29.2
19230901 19230930    58.5
19231001 19231031    26.8
19231101 19231130    24.5
19231201 19231231    48.6
19240101 19240131    18.5
19240201 19240229    91.3
19240301 19240331    35.0
19240401 19240430    15.8
19240501 19240531    29.7
19240601 19240630    44.6
19240701 19240731    17.3
19240801 19240831    68.6
19240901 19240930    76.4
19241001 19241031    39.2
19241101 19241130   122.8
19241201 19241231     5.1
19250101 19250131    15.8
19250201 19250228    11.5
19250301 19250331     8.9
19250401 19250430    17.6
19250501 19250531    58.7
19250601 19250630    31.8
19250701 19250731    35.4
19250801 19250831    32.6
19250901 19250930    56.1
19251001 19251031     8.2
19251101 19251130    22.4
19251201 19251231     4.6
19260101 19260131     0.0
19260201 19260228     5.6
19260301 19260331     3.3
19260401 19260430    67.6
19260501 19260531    95.6
19260601 19260630    31.0
19260701 19260731    59.6
19260801 19260831    56.2
19260901 19260930    43.2
19261001 19261031    48.3
19261101 19261130     5.1
19261201 19261231    12.9
19270101 19270131     6.4
19270201 19270228    16.7
19270301 19270331    22.6
19270401 19270430     1.0
19270501 19270531    55.2
19270601 19270630    23.3
19270701 19270731    47.2
19270801 19270831    77.8
19270901 19270930    17.5
19271001 19271031     9.9
19271101 19271130    40.3
19271201 19271231    23.7
19280101 19280131    44.1
19280201 19280229    89.7
19280301 19280331    25.2
19280401 19280430    27.9
19280501 19280531    29.5
19280601 19280630    61.1
19280701 19280731    38.2
19280801 19280831    11.0
19280901 19280930    52.2
19281001 19281031    80.8
19281101 19281130     5.1
19281201 19281231     5.6
19290101 19290131    19.4
19290201 19290228     7.6
19290301 19290331    48.7
19290401 19290430    35.2
19290501 19290531    31.0
19290601 19290630    57.5
19290701 19290731    37.7
19290801 19290831    49.5
19290901 19290930    20.8
19291001 19291031    26.7
19291101 19291130    13.2
19291201 19291231    66.4
19300101 19300131     0.0
19300201 19300228    38.2
19300301 19300331     2.0
19300401 19300430    31.7
19300501 19300531    20.9
19300601 19300630     4.4
19300701 19300731    57.3
19300801 19300831    71.4
19300901 19300930    39.1
19301001 19301031    72.4
19301101 19301130    53.1
19301201 19301231   116.5
19310101 19310131     8.0
19310201 19310228     0.0
19310301 19310331    22.9
19310401 19310430    94.1
19310501 19310531    45.1
19310601 19310630    88.4
19310701 19310731    44.9
19310801 19310831    48.9
19310901 19310930    27.5
19311001 19311031     9.4
19311101 19311130    35.0
19311201 19311231     5.1
19320101 19320131     0.0
19320201 19320229    61.5
19320301 19320331    46.8
19320401 19320430    45.1
19320501 19320531    24.9
19320601 19320630    38.6
19320701 19320731    58.0
19320801 19320831    61.8
19320901 19320930    26.3
19321001 19321031    32.7
19321101 19321130    18.2
19321201 19321231    28.9
19330101 19330131    86.2
19330201 19330228     0.8
19330301 19330331    26.2
19330401 19330430    25.2
19330501 19330531    69.0
19330601 19330630    34.4
19330701 19330731    26.9
19330801 19330831    48.4
19330901 19330930    65.3
19331001 19331031    27.4
19331101 19331130    57.3
19331201 19331231    53.6
19340101 19340131     7.4
19340201 19340228     8.9
19340301 19340331    11.7
19340401 19340430    46.7
19340501 19340531     0.0
19340601 19340630    14.8
19340701 19340731    40.7
19340801 19340831    37.5
19340901 19340930    57.8
19341001 19341031   106.1
19341101 19341130    77.1
19341201 19341231     5.4
19350101 19350131    10.9
19350201 19350228     2.7
19350301 19350331    31.3
19350401 19350430    27.9
19350501 19350531    25.2
19350601 19350630    56.1
19350701 19350731    58.9
19350801 19350831    61.6
19350901 19350930    55.8
19351001 19351031    26.9
19351101 19351130    18.6
19351201 19351231    20.8
19360101 19360131    58.9
19360201 19360229     2.3
19360301 19360331     9.9
19360401 19360430     6.5
19360501 19360531    57.0
19360601 19360630    60.6
19360701 19360731   136.3
19360801 19360831    64.9
19360901 19360930    22.3
19361001 19361031    49.0
19361101 19361130    12.3
19361201 19361231    47.6
19370101 19370131    61.6
19370201 19370228    48.9
19370301 19370331    26.1
19370401 19370430     9.8
19370501 19370531    30.4
19370601 19370630    53.4
19370701 19370731    21.8
19370801 19370831    50.7
19370901 19370930    37.6
19371001 19371031    56.0
19371101 19371130     6.8
19371201 19371231    97.3
19380101 19380131    18.8
19380201 19380228    17.1
19380301 19380331     3.3
19380401 19380430    42.6
19380501 19380531     9.2
19380601 19380630    58.2
19380701 19380731    38.8
19380801 19380831    11.3
19380901 19380930    12.3
19381001 19381031     8.2
19381101 19381130    14.7
19381201 19381231     3.7
19390101 19390131    46.8
19390201 19390228    31.1
19390301 19390331     3.0
19390401 19390430    58.7
19390501 19390531    57.4
19390601 19390630    49.4
19390701 19390731    21.4
19390801 19390831    92.0
19390901 19390930    20.9
19391001 19391031    20.4
19391101 19391130    72.3
19391201 19391231     6.9
19400101 19400131    14.9
19400201 19400229     2.8
19400301 19400331     5.6
19400401 19400430    67.9
19400501 19400531    32.6
19400601 19400630    11.6
19400701 19400731    36.6
19400801 19400831    13.3
19400901 19400930    19.2
19401001 19401031    19.4
19401101 19401130    77.3
19401201 19401231    23.9
19410101 19410131   164.3
19410201 19410228    12.2
19410301 19410331    34.2
19410401 19410430    39.2
19410501 19410531     7.7
19410601 19410630    42.3
19410701 19410731    76.9
19410801 19410831    26.1
19410901 19410930    93.9
19411001 19411031    30.1
19411101 19411130    16.5
19411201 19411231    10.5
19420101 19420131    17.3
19420201 19420228    23.6
19420301 19420331     9.2
19420401 19420430    30.9
19420501 19420531    69.6
19420601 19420630    70.6
19420701 19420731    58.4
19420801 19420831    69.2
19420901 19420930    66.3
19421001 19421031    54.3
19421101 19421130    75.0
19421201 19421231    14.0
19430101 19430131    16.7
19430201 19430228    33.8
19430301 19430331     5.3
19430401 19430430    24.9
19430501 19430531    16.5
19430601 19430630    42.1
19430701 19430731    41.5
19430801 19430831    54.7
19430901 19430930    61.0
19431001 19431031    22.8
19431101 19431130     8.2
19431201 19431231    15.8
19440101 19440131    16.5
19440201 19440229    13.7
19440301 19440331     4.4
19440401 19440430    35.9
19440501 19440531    42.8
19440601 19440630     5.4
19440701 19440731    26.8
19440801 19440831     2.1
19440901 19440930    14.3
19441001 19441031    43.9
19441101 19441130    15.8
19441201 19441231    33.2
19450101 19450131    16.2
19450201 19450228    60.9
19450301 19450331     0.0
19450401 19450430     3.3
19450501 19450531    29.5
19450601 19450630    62.0
19450701 19450731    31.9
19450801 19450831    66.7
19450901 19450930    25.3
19451001 19451031    34.7
19451101 19451130    38.1
19451201 19451231    22.2
19460101 19460131    47.5
19460201 19460228   100.5
19460301 19460331   100.8
19460401 19460430    22.2
19460501 19460531    21.4
19460601 19460630    57.4
19460701 19460731    73.3
19460801 19460831    35.8
19460901 19460930    30.5
19461001 19461031    14.0
19461101 19461130    18.8
19461201 19461231    81.0
19470101 19470131     9.7
19470201 19470228    17.1
19470301 19470331    85.1
19470401 19470430    30.0
19470501 19470531     5.1
19470601 19470630    50.0
19470701 19470731    82.0
19470801 19470831    46.3
19470901 19470930    49.7
19471001 19471031    72.5
19471101 19471130    61.6
19471201 19471231    72.7
19480101 19480131     8.4
19480201 19480229    16.5
19480301 19480331     1.0
19480401 19480430    87.3
19480501 19480531    49.4
19480601 19480630    63.0
19480701 19480731    41.0
19480801 19480831    40.7
19480901 19480930    32.4
19481001 19481031   110.3
19481101 19481130    52.0
19481201 19481231    97.6
19490101 19490131    21.4
19490201 19490228   109.2
19490301 19490331     8.7
19490401 19490430     2.1
19490501 19490531    49.1
19490601 19490630    20.1
19490701 19490731    43.8
19490801 19490831    20.8
19490901 19490930    36.4
19491001 19491031    81.8
19491101 19491130    89.8
19491201 19491231     2.0
19500101 19500131     2.5
19500201 19500228    51.0
19500301 19500331   120.1
19500401 19500430    11.7
19500501 19500531   108.8
19500601 19500630    13.5
19500701 19500731    28.5
19500801 19500831    28.7
19500901 19500930    49.3
19501001 19501031    26.8
19501101 19501130    18.1
19501201 19501231    36.1
19510101 19510131    17.8
19510201 19510228    64.1
19510301 19510331    10.5
19510401 19510430    36.7
19510501 19510531    74.1
19510601 19510630    71.5
19510701 19510731    50.2
19510801 19510831    55.0
19510901 19510930    24.2
19511001 19511031    72.3
19511101 19511130    18.5
19511201 19511231    16.6
19520101 19520131    74.7
19520201 19520229    30.5
19520301 19520331    38.1
19520401 19520430    21.5
19520501 19520531    66.8
19520601 19520630    66.2
19520701 19520731    20.8
19520801 19520831    35.2
19520901 19520930    32.5
19521001 19521031    41.0
19521101 19521130    51.1
19521201 19521231    32.1
19530101 19530131    42.7
19530201 19530228     2.3
19530301 19530331     5.8
19530401 19530430    24.5
19530501 19530531    20.6
19530601 19530630    75.9
19530701 19530731    67.2
19530801 19530831    72.6
19530901 19530930    45.1
19531001 19531031    51.1
19531101 19531130    54.1
19531201 19531231    31.0
19540101 19540131    35.0
19540201 19540228     0.0
19540301 19540331     6.1
19540401 19540430    87.9
19540501 19540531    16.0
19540601 19540630    28.1
19540701 19540731    40.2
19540801 19540831    44.5
19540901 19540930    22.1
19541001 19541031    44.1
19541101 19541130    42.0
19541201 19541231    50.3
19550101 19550131     2.6
19550201 19550228    22.6
19550301 19550331    18.9
19550401 19550430    23.2
19550501 19550531    42.2
19550601 19550630   107.5
19550701 19550731    55.9
19550801 19550831   111.3
19550901 19550930    41.7
19551001 19551031    82.4
19551101 19551130    22.7
19551201 19551231    11.6
19560101 19560131    19.6
19560201 19560229     0.5
19560301 19560331    46.5
19560401 19560430    64.4
19560501 19560531    90.9
19560601 19560630    81.9
19560701 19560731    85.1
19560801 19560831    64.6
19560901 19560930    52.9
19561001 19561031    45.1
19561101 19561130    20.8
19561201 19561231    10.7
19570101 19570131     2.8
19570201 19570228   126.7
19570301 19570331    10.3
19570401 19570430    16.8
19570501 19570531    22.7
19570601 19570630    39.2
19570701 19570731    35.6
19570801 19570831    46.9
19570901 19570930    20.7
19571001 19571031    38.6
19571101 19571130    24.1
19571201 19571231    10.6
19580101 19580131     1.3
19580201 19580228     4.8
19580301 19580331     6.0
19580401 19580430    10.1
19580501 19580531    86.9
19580601 19580630     6.4
19580701 19580731    64.2
19580801 19580831    73.7
19580901 19580930    34.1
19581001 19581031    87.6
19581101 19581130    34.4
19581201 19581231     4.9
19590101 19590131    27.5
19590201 19590228    37.0
19590301 19590331    32.6
19590401 19590430    55.1
19590501 19590531     6.6
19590601 19590630    20.6
19590701 19590731    11.8
19590801 19590831    70.2
19590901 19590930    27.6
19591001 19591031    28.0
19591101 19591130    26.3
19591201 19591231    53.4
19600101 19600131    26.0
19600201 19600229    36.6
19600301 19600331    24.6
19600401 19600430    52.9
19600501 19600531    95.3
19600601 19600630    27.6
19600701 19600731    40.8
19600801 19600831    56.9
19600901 19600930    88.0
19601001 19601031    20.2
19601101 19601130    55.2
19601201 19601231    14.2
19610101 19610131     5.1
19610201 19610228    19.6
19610301 19610331    39.9
19610401 19610430    51.5
19610501 19610531    15.6
19610601 19610630    25.7
19610701 19610731    44.8
19610801 19610831    18.1
19610901 19610930    32.3
19611001 19611031    30.0
19611101 19611130    28.7
19611201 19611231    46.2
19620101 19620131     6.5
19620201 19620228    13.2
19620301 19620331    29.7
19620401 19620430     6.9
19620501 19620531    49.3
19620601 19620630    73.6
19620701 19620731    24.4
19620801 19620831    57.0
19620901 19620930    78.4
19621001 19621031    67.8
19621101 19621130    27.2
19621201 19621231    33.6
19630101 19630131    60.9
19630201 19630228    14.2
19630301 19630331    25.2
19630401 19630430     3.4
19630501 19630531    51.5
19630601 19630630    57.1
19630701 19630731    65.9
19630801 19630831    59.4
19630901 19630930    50.1
19631001 19631031    12.0
19631101 19631130     1.6
19631201 19631231     3.8
19640101 19640131     6.9
19640201 19640229    26.0
19640301 19640331    11.0
19640401 19640430    62.6
19640501 19640531    20.2
19640601 19640630    62.3
19640701 19640731   118.5
19640801 19640831    62.9
19640901 19640930    96.5
19641001 19641031    63.2
19641101 19641130    91.3
19641201 19641231    25.3
19650101 19650131     2.3
19650201 19650228     1.0
19650301 19650331     7.2
19650401 19650430    22.5
19650501 19650531    74.2
19650601 19650630    25.3
19650701 19650731    76.4
19650801 19650831    58.8
19650901 19650930    21.8
19651001 19651031    14.3
19651101 19651130    34.9
19651201 19651231    41.7
19660101 19660131    11.5
19660201 19660228    52.6
19660301 19660331    22.3
19660401 19660430     8.0
19660501 19660531    19.0
19660601 19660630    29.3
19660701 19660731    58.9
19660801 19660831    28.9
19660901 19660930    56.9
19661001 19661031    45.9
19661101 19661130    18.2
19661201 19661231    42.2
19670101 19670131     5.3
19670201 19670228    24.7
19670301 19670331     3.4
19670401 19670430     4.9
19670501 19670531    23.4
19670601 19670630     7.3
19670701 19670731    48.7
19670801 19670831    36.0
19670901 19670930    14.1
19671001 19671031     6.2
19671101 19671130     6.1
19671201 19671231    26.0
19680101 19680131    28.9
19680201 19680229    11.5
19680301 19680331    26.0
19680401 19680430    39.8
19680501 19680531    53.6
19680601 19680630    49.6
19680701 19680731    41.8
19680801 19680831    59.8
19680901 19680930    16.4
19681001 19681031    56.9
19681101 19681130    50.5
19681201 19681231     8.4
19690101 19690131    16.0
19690201 19690228    33.1
19690301 19690331    47.6
19690401 19690430    19.5
19690501 19690531    52.8
19690601 19690630     7.3
19690701 19690731    53.1
19690801 19690831    70.9
19690901 19690930    36.0
19691001 19691031    16.0
19691101 19691130    16.2
19691201 19691231    24.4
19700101 19700131    14.4
19700201 19700228     1.3
19700301 19700331    17.3
19700401 19700430    91.5
19700501 19700531    30.6
19700601 19700630    33.2
19700701 19700731    29.7
19700801 19700831    49.5
19700901 19700930    33.2
19701001 19701031    23.4
19701101 19701130    67.7
19701201 19701231    26.7
19710101 19710131     6.4
19710201 19710228    25.1
19710301 19710331    17.8
19710401 19710430   106.9
19710501 19710531    55.6
19710601 19710630    50.1
19710701 19710731    17.7
19710801 19710831    46.7
19710901 19710930    41.9
19711001 19711031    44.8
19711101 19711130    53.9
19711201 19711231    42.4
19720101 19720131    44.1
19720201 19720229    55.7
19720301 19720331    17.1
19720401 19720430    35.8
19720501 19720531    13.4
19720601 19720630    18.4
19720701 19720731    53.2
19720801 19720831    49.2
19720901 19720930    12.8
19721001 19721031    12.3
19721101 19721130    39.0
19721201 19721231     0.0
19730101 19730131    55.4
19730201 19730228    75.4
19730301 19730331    29.8
19730401 19730430    21.3
19730501 19730531    79.7
19730601 19730630    57.3
19730701 19730731    61.7
19730801 19730831    60.5
19730901 19730930    57.4
19731001 19731031    97.8
19731101 19731130    23.1
19731201 19731231    19.9
19740101 19740131   101.0
19740201 19740228    34.2
19740301 19740331    48.6
19740401 19740430    92.2
19740501 19740531    66.5
19740601 19740630    13.6
19740701 19740731    62.4
19740801 19740831    52.1
19740901 19740930    70.0
19741001 19741031    64.7
19741101 19741130     8.4
19741201 19741231    13.8
19750101 19750131    36.2
19750201 19750228     0.2
19750301 19750331    27.6
19750401 19750430    15.5
19750501 19750531    43.4
19750601 19750630    17.0
19750701 19750731    54.8
19750801 19750831    31.0
19750901 19750930    59.6
19751001 19751031   179.6
19751101 19751130    31.4
19751201 19751231    22.6
19760101 19760131    18.4
19760201 19760229     9.4
19760301 19760331    17.2
19760401 19760430    18.8
19760501 19760531    14.4
19760601 19760630    25.4
19760701 19760731    25.4
19760801 19760831    32.9
19760901 19760930    39.6
19761001 19761031    25.2
19761101 19761130    71.2
19761201 19761231    21.0
19770101 19770131    26.2
19770201 19770228    25.2
19770301 19770331    20.9
19770401 19770430     9.7
19770501 19770531    56.6
19770601 19770630    51.5
19770701 19770731    17.6
19770801 19770831    16.1
19770901 19770930    13.2
19771001 19771031    22.2
19771101 19771130    43.8
19771201 19771231     9.6
19780101 19780131     8.4
19780201 19780228     6.8
19780301 19780331    18.2
19780401 19780430    26.3
19780501 19780531    41.6
19780601 19780630    49.0
19780701 19780731    58.3
19780801 19780831    43.4
19780901 19780930    84.0
19781001 19781031    70.0
19781101 19781130    46.4
19781201 19781231    17.4
19790101 19790131    86.8
19790201 19790228    14.2
19790301 19790331     0.8
19790401 19790430    25.0
19790501 19790531    46.8
19790601 19790630    17.0
19790701 19790731    26.2
19790801 19790831    76.8
19790901 19790930    93.8
19791001 19791031    66.4
19791101 19791130    55.2
19791201 19791231     9.0
19800101 19800131     4.2
19800201 19800229     0.0
19800301 19800331     4.4
19800401 19800430    88.0
19800501 19800531    38.2
19800601 19800630    56.0
19800701 19800731    62.0
19800801 19800831    46.4
19800901 19800930    24.8
19801001 19801031    84.6
19801101 19801130    19.2
19801201 19801231    12.0
19810101 19810131    28.6
19810201 19810228    15.4
19810301 19810331     5.4
19810401 19810430     3.4
19810501 19810531    57.8
19810601 19810630   102.4
19810701 19810731   107.2
19810801 19810831   121.2
19810901 19810930    20.0
19811001 19811031    34.0
19811101 19811130    33.2
19811201 19811231     5.8
19820101 19820131    27.6
19820201 19820228     6.2
19820301 19820331    21.6
19820401 19820430    18.6
19820501 19820531    26.7
19820601 19820630    32.4
19820701 19820731     6.8
19820801 19820831    11.8
19820901 19820930    15.2
19821001 19821031     8.0
19821101 19821130     5.0
19821201 19821231     3.2
19830101 19830131     7.6
19830201 19830228     8.8
19830301 19830331    71.2
19830401 19830430    46.6
19830501 19830531    50.6
19830601 19830630    24.0
19830701 19830731    60.6
19830801 19830831    69.5
19830901 19830930    59.5
19831001 19831031    32.2
19831101 19831130    68.4
19831201 19831231     8.6
19840101 19840131    48.7
19840201 19840229     4.0
19840301 19840331    57.6
19840401 19840430    12.6
19840501 19840531    16.9
19840601 19840630    15.8
19840701 19840731    53.2
19840801 19840831    75.2
19840901 19840930    63.4
19841001 19841031     6.2
19841101 19841130    43.2
19841201 19841231     3.6
19850101 19850131    10.4
19850201 19850228     0.6
19850301 19850331    18.8
19850401 19850430    11.2
19850501 19850531    37.4
19850601 19850630    28.6
19850701 19850731    19.4
19850801 19850831    75.8
19850901 19850930    14.2
19851001 19851031    64.0
19851101 19851130    24.8
19851201 19851231    58.8
19860101 19860131     4.6
19860201 19860228     0.6
19860301 19860331     1.0
19860401 19860430    34.4
19860501 19860531    58.2
19860601 19860630    19.6
19860701 19860731   110.6
19860801 19860831    45.6
19860901 19860930    53.8
19861001 19861031    96.2
19861101 19861130    16.6
19861201 19861231    54.0
19870101 19870131    19.8
19870201 19870228    43.4
19870301 19870331    12.2
19870401 19870430    14.4
19870501 19870531    90.2
19870601 19870630    52.4
19870701 19870731    53.0
19870801 19870831    20.6
19870901 19870930     8.4
19871001 19871031    47.8
19871101 19871130    16.0
19871201 19871231    77.5
19880101 19880131    47.0
19880201 19880229    13.1
19880301 19880331    29.0
19880401 19880430     6.4
19880501 19880531   100.4
19880601 19880630    90.4
19880701 19880731    55.4
19880801 19880831    22.2
19880901 19880930    51.8
19881001 19881031    18.0
19881101 19881130    17.0
19881201 19881231    20.6
19890101 19890131     4.0
19890201 19890228     7.2
19890301 19890331    21.8
19890401 19890430    16.6
19890501 19890531    46.6
19890601 19890630    60.8
19890701 19890731    59.4
19890801 19890831    41.2
19890901 19890930    38.0
19891001 19891031    46.8
19891101 19891130    33.2
19891201 19891231     9.6
19900101 19900131     7.8
19900201 19900228    43.8
19900301 19900331    20.6
19900401 19900430    22.0
19900501 19900531    12.6
19900601 19900630    50.6
19900701 19900731    55.6
19900801 19900831    63.2
19900901 19900930    24.6
19901001 19901031    33.0
19901101 19901130    19.4
19901201 19901231    17.6
19910101 19910131    22.2
19910201 19910228     0.0
19910301 19910331    13.8
19910401 19910430    17.4
19910501 19910531     7.8
19910601 19910630   152.8
19910701 19910731    56.4
19910801 19910831    84.0
19910901 19910930    57.6
19911001 19911031     3.8
19911101 19911130    38.6
19911201 19911231     8.4
19920101 19920131    13.4
19920201 19920229    22.4
19920301 19920331    26.0
19920401 19920430    45.6
19920501 19920531    68.6
19920601 19920630    36.8
19920701 19920731    24.8
19920801 19920831    81.9
19920901 19920930    93.2
19921001 19921031    78.8
19921101 19921130    56.0
19921201 19921231    60.2
19930101 19930131    67.2
19930201 19930228    11.3
19930301 19930331    15.8
19930401 19930430     3.6
19930501 19930531    13.2
19930601 19930630    23.4
19930701 19930731   103.6
19930801 19930831    37.0
19930901 19930930    86.0
19931001 19931031    58.2
19931101 19931130    45.6
19931201 19931231    35.8
19940101 19940131    23.8
19940201 19940228    36.4
19940301 19940331     0.0
19940401 19940430     5.0
19940501 19940531    32.6
19940601 19940630    58.0
19940701 19940731    29.0
19940801 19940831    24.2
19940901 19940930    18.4
19941001 19941031    42.2
19941101 19941130    19.0
19941201 19941231     0.6
19950101 19950131    17.8
19950201 19950228    15.6
19950301 19950331     7.2
19950401 19950430    51.6
19950501 19950531    49.0
19950601 19950630    81.0
19950701 19950731   105.0
19950801 19950831    33.4
19950901 19950930    17.8
19951001 19951031    53.0
19951101 19951130     1.6
19951201 19951231    10.0
19960101 19960131    21.6
19960201 19960229    25.2
19960301 19960331    27.8
19960401 19960430    16.2
19960501 19960531     9.4
19960601 19960630   100.6
19960701 19960731    54.2
19960801 19960831    68.6
19960901 19960930    90.0
19961001 19961031 99999.9
19961101 19961130     4.0
19961201 19961231    12.2
19970101 19970131    18.0
19970201 19970228     4.2
19970301 19970331     5.4
19970401 19970430     3.8
19970501 19970531    57.0
19970601 19970630    12.6
19970701 19970731 99999.9
19970801 19970831    32.6
19970901 19970930    90.8
19971001 19971031    29.6
19971101 19971130    39.0
19971201 19971231     3.2
19980101 19980131    16.4
19980201 19980228    10.2
19980301 19980331     3.8
19980401 19980430    78.8
19980501 19980531    21.0
19980601 19980630    32.2
19980701 19980731    42.8
19980801 19980831    20.1
19980901 19980930    43.0
19981001 19981031    67.2
19981101 19981130    28.2
19981201 19981231    20.4
19990101 19990131    11.6
19990201 19990228    33.6
19990301 19990331    39.8
19990401 19990430     0.6
19990501 19990531    51.2
19990601 19990630    17.6
19990701 19990731    38.4
19990801 19990831    49.6
19990901 19990930    17.4
19991001 19991031    58.0
19991101 19991130    35.0
19991201 19991231    41.9
20000101 20000131     5.8
20000201 20000229    36.2
20000301 20000331    10.2
20000401 20000430    24.4
20000501 20000531    19.0
20000601 20000630    21.4
20000701 20000731    36.2
20000801 20000831    29.4
20000901 20000930    64.6
20001001 20001031    44.8
20001101 20001130    40.6
20001201 20001231    16.4
20010101 20010131    14.0
20010201 20010228    11.2
20010301 20010331    21.0
20010401 20010430    13.8
20010501 20010531    13.4
20010601 20010630    46.4
20010701 20010731    41.6
20010801 20010831    44.6
20010901 20010930    70.8
20011001 20011031    46.0
20011101 20011130    25.8
20011201 20011231    20.0
20020101 20020131    17.0
20020201 20020228     3.2
20020301 20020331     1.6
20020401 20020430    11.8
20020501 20020531    34.8
20020601 20020630    28.2
20020701 20020731    29.4
20020801 20020831    24.8
20020901 20020930    25.0
20021001 20021031    21.2
20021101 20021130    37.0
20021201 20021231    22.2
20030101 20030131    11.0
20030201 20030228    81.0
20030301 20030331     0.2
20030401 20030430    11.6
20030501 20030531    37.0
20030601 20030630    63.2
20030701 20030731    33.6
20030801 20030831    81.4
20030901 20030930    27.8
20031001 20031031    58.2
20031101 20031130    14.0
20031201 20031231    51.4
20040101 20040131    10.2
20040201 20040229     2.0
20040301 20040331    21.0
20040401 20040430     6.6
20040501 20040531    24.0
20040601 20040630    50.1
20040701 20040731    42.6
20040801 20040831    51.6
20040901 20040930    39.6
20041001 20041031     5.4
20041101 20041130    47.2
20041201 20041231    82.0
20050101 20050131    48.4
20050201 20050228    19.6
20050301 20050331     4.8
20050401 20050430     9.4
20050501 20050531     8.6
20050601 20050630    57.4
20050701 20050731    29.2
20050801 20050831    50.9
20050901 20050930    31.2
20051001 20051031    95.2
20051101 20051130    48.2
20051201 20051231    23.0
20060101 20060131    30.6
20060201 20060228    12.4
20060301 20060331     5.2
20060401 20060430    42.0
20060501 20060531    20.0
20060601 20060630     2.6
20060701 20060731    38.0
20060801 20060831    22.6
20060901 20060930    34.2
20061001 20061031     3.0
20061101 20061130     7.0
20061201 20061231     1.6
20070101 20070131    91.8
20070201 20070228     6.8
20070301 20070331     5.8
20070401 20070430    53.2
20070501 20070531    57.6
20070601 20070630     4.8
20070701 20070731    58.6
20070801 20070831    20.4
20070901 20070930    21.2
20071001 20071031     7.2
20071101 20071130    57.6
20071201 20071231    48.6
20080101 20080131    39.8
20080201 20080229     4.2
20080301 20080331     7.2
20080401 20080430     9.4
20080501 20080531    33.4
20080601 20080630    22.4
20080701 20080731    49.6
20080801 20080831    39.2
20080901 20080930    27.2
20081001 20081031     6.4
20081101 20081130    10.4
20081201 20081231    77.0
20090101 20090131     0.2
20090201 20090228     1.4
20090301 20090331    18.2
20090401 20090430    28.6
20090501 20090531    58.6
20090601 20090630    38.0
20090701 20090731    51.0
20090801 20090831    45.0
20090901 20090930    60.2
20091001 20091031    24.6
20091101 20091130    56.0
20091201 20091231    29.8
20100101 20100131    11.4
20100201 20100228    42.6
20100301 20100331    47.0
20100401 20100430    32.6
20100501 20100531    32.8
20100601 20100630    27.6
20100701 20100731 99999.9
20100801 20100831    69.4
20100901 20100930    42.2
20101001 20101031    35.0
20101101 20101130    51.0
20101201 20101231   130.6
20110101 20110131   150.6
20110201 20110228    42.8
20110301 20110331    28.8
20110401 20110430    10.8
20110501 20110531    23.4
20110601 20110630    26.2
20110701 20110731    60.8
20110801 20110831    52.2
20110901 20110930    13.2
20111001 20111031    31.6
20111101 20111130    59.4
20111201 20111231    42.4
20120101 20120131    17.8
20120201 20120229     1.0
20120301 20120331    54.8
20120401 20120430     8.4
20120501 20120531    18.6
20120601 20120630    46.4
20120701 20120731    53.0
20120801 20120831    40.4
20120901 20120930    32.0
20121001 20121031    14.2
20121101 20121130    10.2
20121201 20121231    28.0
20130101 20130131 99999.9
20130201 20130228    43.0
20130301 20130331 99999.9
20130401 20130430    14.6
20130501 20130531    21.0
20130601 20130630    59.8
20130701 20130731    75.8
20130801 20130831    61.6
20130901 20130930    71.0
20131001 20131031    47.0
20131101 20131130     7.2
20131201 20131231     5.6
20140101 20140131    14.2
20140201 20140228     5.6
20140301 20140331    18.4
20140401 20140430    40.4
20140501 20140531    34.0
20140601 20140630    51.8
20140701 20140731    39.0
20140801 20140831    16.8
20140901 20140930    12.4
20141001 20141031     3.6
20141101 20141130     7.8
20141201 20141231     6.6
20150101 20150131    62.0
20150201 20150228    15.2
20150301 20150331     5.2
20150401 20150430    14.0
20150501 20150531    21.0
20150601 20150630    39.8
20150701 20150731    34.0
20150801 20150831    13.6
20150901 20150930    23.0
20151001 20151031     2.2
20151101 20151130    17.6
20151201 20151231    13.6
20160101 20160131    67.4
20160201 20160229    14.6
20160301 20160331    30.4
20160401 20160430     6.2
20160501 20160531    78.6
20160601 20160630    50.8
20160701 20160731    64.1
20160801 20160831    60.0
20160901 20160930   117.8
20161001 20161031    71.8
20161101 20161130    17.6
20161201 20161231    26.8
20170101 20170131    28.4
20170201 20170228    13.0
20170301 20170331 99999.9
20170401 20170430    49.6
20170501 20170531    58.4
20170601 20170630     7.0
20170701 20170731    49.8
20170801 20170831    65.8
20170901 20170930    31.6
20171001 20171031    36.8
20171101 20171130    28.2
20171201 20171231    17.8
20180101 20180131    15.6
