PRCP       042003 18800101 20110131 missing_value=99999.9 CHERITON                                  
18800101 18800131     0.0
18800201 18800229   220.2
18800301 18800331    40.1
18800401 18800430   105.0
18800501 18800531    18.7
18800601 18800630     4.0
18800701 18800731     7.8
18800801 18800831     0.8
18800901 18800930    62.5
18801001 18801031    83.1
18801101 18801130    38.2
18801201 18801231    10.9
18810101 18810131   192.1
18810201 18810228    38.0
18810301 18810331    72.7
18810401 18810430     0.0
18810501 18810531    34.7
18810601 18810630     9.6
18810701 18810731     0.0
18810801 18810831    27.2
18810901 18810930    21.7
18811001 18811031    17.7
18811101 18811130     7.5
18811201 18811231     8.0
18820101 18820131    83.1
18820201 18820228   167.6
18820301 18820331     8.3
18820401 18820430    77.7
18820501 18820531    21.9
18820601 18820630    45.4
18820701 18820731    40.6
18820801 18820831    20.8
18820901 18820930     4.0
18821001 18821031    54.5
18821101 18821130    37.7
18821201 18821231    85.7
18830101 18830131   115.9
18830201 18830228    41.1
18830301 18830331    43.0
18830401 18830430    86.1
18830501 18830531    67.6
18830601 18830630     9.4
18830701 18830731     9.4
18830801 18830831     9.6
18830901 18830930    16.5
18831001 18831031    64.7
18831101 18831130   108.3
18831201 18831231    22.9
18840101 18840131    12.8
18840201 18840229    83.9
18840301 18840331    30.7
18840401 18840430    24.1
18840501 18840531    24.6
18840601 18840630    51.5
18840701 18840731   108.5
18840801 18840831     8.0
18840901 18840930    43.2
18841001 18841031    15.8
18841101 18841130    50.5
18841201 18841231    65.4
18850101 18850131   131.2
18850201 18850228    42.0
18850301 18850331    28.1
18850401 18850430     0.0
18850501 18850531     6.7
18850601 18850630    80.2
18850701 18850731     5.4
18850801 18850831     4.8
18850901 18850930     2.4
18851001 18851031    21.1
18851101 18851130    38.2
18851201 18851231    60.4
18860101 18860131    84.5
18860201 18860228    15.5
18860301 18860331     8.5
18860401 18860430    34.5
18860501 18860531   155.0
18860601 18860630    99.4
18860701 18860731   109.0
18860801 18860831   103.7
18860901 18860930    35.0
18861001 18861031   138.1
18861101 18861130    73.2
18861201 18861231    39.8
18870101 18870131   101.8
18870201 18870228    60.7
18870301 18870331   118.1
18870401 18870430     9.0
18870501 18870531    26.4
18870601 18870630    16.3
18870701 18870731   126.3
18870801 18870831    87.1
18870901 18870930     9.6
18871001 18871031    38.5
18871101 18871130    27.8
18871201 18871231    75.6
18880101 18880131    12.3
18880201 18880229   119.2
18880301 18880331    29.4
18880401 18880430     0.0
18880501 18880531    12.0
18880601 18880630     6.7
18880701 18880731     0.0
18880801 18880831     0.0
18880901 18880930    22.4
18881001 18881031     6.9
18881101 18881130     4.0
18881201 18881231    61.4
18890101 18890131    36.1
18890201 18890228    17.7
18890301 18890331   117.6
18890401 18890430   110.4
18890501 18890531    72.7
18890601 18890630    54.5
18890701 18890731   116.5
18890801 18890831    35.0
18890901 18890930    36.6
18891001 18891031    17.1
18891101 18891130    62.5
18891201 18891231    66.3
18900101 18900131   145.4
18900201 18900228   210.0
18900301 18900331   301.4
18900401 18900430     7.5
18900501 18900531    56.9
18900601 18900630    30.5
18900701 18900731    31.6
18900801 18900831     0.0
18900901 18900930    48.6
18901001 18901031    84.5
18901101 18901130    11.5
18901201 18901231    86.6
18910101 18910131   283.2
18910201 18910228    53.8
18910301 18910331    19.3
18910401 18910430    73.5
18910501 18910531    28.6
18910601 18910630    54.5
18910701 18910731    28.1
18910801 18910831    64.7
18910901 18910930    55.0
18911001 18911031    11.8
18911101 18911130    81.7
18911201 18911231    44.4
18920101 18920131    24.6
18920201 18920229    16.5
18920301 18920331    36.6
18920401 18920430    95.4
18920501 18920531    64.9
18920601 18920630    43.2
18920701 18920731    38.2
18920801 18920831     6.9
18920901 18920930     5.0
18921001 18921031    93.0
18921101 18921130    31.8
18921201 18921231    77.7
18930101 18930131   103.7
18930201 18930228   177.2
18930301 18930331    44.6
18930401 18930430    86.1
18930501 18930531    67.6
18930601 18930630   106.9
18930701 18930731    67.3
18930801 18930831    52.1
18930901 18930930     1.4
18931001 18931031    58.8
18931101 18931130    65.8
18931201 18931231    24.1
18940101 18940131   101.8
18940201 18940228    53.4
18940301 18940331   190.5
18940401 18940430    60.9
18940501 18940531    71.3
18940601 18940630    40.6
18940701 18940731     4.8
18940801 18940831    21.4
18940901 18940930    31.2
18941001 18941031   103.1
18941101 18941130     1.4
18941201 18941231    48.4
18950101 18950131   215.9
18950201 18950228    10.4
18950301 18950331     0.0
18950401 18950430     9.0
18950501 18950531     8.8
18950601 18950630     3.8
18950701 18950731    22.7
18950801 18950831    13.4
18950901 18950930    43.0
18951001 18951031    16.8
18951101 18951130    67.6
18951201 18951231    74.6
18960101 18960131    19.3
18960201 18960229   123.4
18960301 18960331    12.8
18960401 18960430    24.6
18960501 18960531    18.9
18960601 18960630     9.4
18960701 18960731    48.9
18960801 18960831    19.5
18960901 18960930    10.7
18961001 18961031     6.9
18961101 18961130   102.4
18961201 18961231    75.3
18970101 18970131    58.5
18970201 18970228     7.5
18970301 18970331   110.9
18970401 18970430     0.0
18970501 18970531     2.6
18970601 18970630    82.1
18970701 18970731    63.3
18970801 18970831     7.3
18970901 18970930    54.3
18971001 18971031    43.9
18971101 18971130    44.4
18971201 18971231   111.9
18980101 18980131    59.5
18980201 18980228    54.5
18980301 18980331     6.1
18980401 18980430    16.5
18980501 18980531    10.4
18980601 18980630    47.0
18980701 18980731     3.8
18980801 18980831    14.4
18980901 18980930    47.6
18981001 18981031    39.8
18981101 18981130    12.0
18981201 18981231    22.9
18990101 18990131   121.1
18990201 18990228    64.7
18990301 18990331    18.7
18990401 18990430     0.0
18990501 18990531    11.5
18990601 18990630     8.8
18990701 18990731    68.7
18990801 18990831    30.2
18990901 18990930    32.1
18991001 18991031    18.7
18991101 18991130     9.4
18991201 18991231    54.0
19000101 19000131    31.2
19000201 19000228    53.4
19000301 19000331    35.6
19000401 19000430    59.0
19000501 19000531    55.0
19000601 19000630     9.4
19000701 19000731     6.4
19000801 19000831    20.8
19000901 19000930    25.9
19001001 19001031    12.5
19001101 19001130    52.4
19001201 19001231    15.8
19010101 19010131    29.9
19010201 19010228     0.0
19010301 19010331    94.9
19010401 19010430    55.3
19010501 19010531    21.4
19010601 19010630    21.7
19010701 19010731    58.5
19010801 19010831    27.6
19010901 19010930    17.7
19011001 19011031    45.7
19011101 19011130    14.9
19011201 19011231    99.1
19020101 19020131     8.0
19020201 19020228     2.6
19020301 19020331     8.0
19020401 19020430     0.0
19020501 19020531     1.6
19020601 19020630     0.0
19020701 19020731     0.0
19020801 19020831    37.1
19020901 19020930     0.0
19021001 19021031     0.0
19021101 19021130    28.8
19021201 19021231    68.9
19030101 19030131    45.1
19030201 19030228     9.4
19030301 19030331   162.4
19030401 19030430    51.0
19030501 19030531    60.2
19030601 19030630   118.1
19030701 19030731   121.6
19030801 19030831    26.4
19030901 19030930   117.6
19031001 19031031    34.2
19031101 19031130    78.3
19031201 19031231    77.0
19040101 19040131    38.2
19040201 19040229    73.7
19040301 19040331    74.6
19040401 19040430    44.9
19040501 19040531    83.3
19040601 19040630     8.0
19040701 19040731    48.4
19040801 19040831    12.3
19040901 19040930    27.8
19041001 19041031    36.6
19041101 19041130     2.1
19041201 19041231    46.8
19050101 19050131   154.4
19050201 19050228    11.8
19050301 19050331    98.6
19050401 19050430   161.2
19050501 19050531    32.3
19050601 19050630     9.6
19050701 19050731     6.1
19050801 19050831     3.5
19050901 19050930     1.4
19051001 19051031    83.1
19051101 19051130   119.4
19051201 19051231    25.1
19060101 19060131     4.8
19060201 19060228    76.7
19060301 19060331    74.8
19060401 19060430     6.9
19060501 19060531     8.0
19060601 19060630    31.8
19060701 19060731     9.4
19060801 19060831    72.2
19060901 19060930    96.2
19061001 19061031    68.2
19061101 19061130    70.8
19061201 19061231    42.0
19070101 19070131   269.8
19070201 19070228    34.0
19070301 19070331   110.7
19070401 19070430     2.9
19070501 19070531    41.7
19070601 19070630    38.0
19070701 19070731    43.2
19070801 19070831    24.1
19070901 19070930     1.6
19071001 19071031    31.0
19071101 19071130   102.6
19071201 19071231    66.8
19080101 19080131     6.7
19080201 19080229   169.9
19080301 19080331   145.4
19080401 19080430    49.4
19080501 19080531     6.7
19080601 19080630     9.9
19080701 19080731    24.1
19080801 19080831    78.3
19080901 19080930    29.4
19081001 19081031    49.1
19081101 19081130    34.5
19081201 19081231    36.6
19090101 19090131    14.2
19090201 19090228    95.9
19090301 19090331    29.4
19090401 19090430    42.0
19090501 19090531    10.4
19090601 19090630    90.9
19090701 19090731    31.0
19090801 19090831    89.2
19090901 19090930    13.9
19091001 19091031    50.8
19091101 19091130    20.3
19091201 19091231    75.8
19100101 19100131   252.5
19100201 19100228    20.8
19100301 19100331   140.0
19100401 19100430     6.4
19100501 19100531    13.4
19100601 19100630    84.5
19100701 19100731    47.3
19100801 19100831     5.0
19100901 19100930     3.5
19101001 19101031    25.9
19101101 19101130    93.5
19101201 19101231   180.6
19110101 19110131   175.1
19110201 19110228   139.5
19110301 19110331    82.6
19110401 19110430    22.7
19110501 19110531    35.2
19110601 19110630     0.0
19110701 19110731    34.2
19110801 19110831    18.2
19110901 19110930    29.9
19111001 19111031     0.0
19111101 19111130    14.7
19111201 19111231    35.6
19120101 19120131     4.5
19120201 19120229    32.1
19120301 19120331    38.0
19120401 19120430     0.0
19120501 19120531     0.0
19120601 19120630   144.9
19120701 19120731    47.9
19120801 19120831    25.4
19120901 19120930    18.7
19121001 19121031    53.8
19121101 19121130    42.5
19121201 19121231     5.4
19130101 19130131    22.2
19130201 19130228    68.4
19130301 19130331   180.9
19130401 19130430    55.3
19130501 19130531   174.0
19130601 19130630    67.1
19130701 19130731    17.1
19130801 19130831     0.0
19130901 19130930    14.7
19131001 19131031    57.8
19131101 19131130     6.4
19131201 19131231    29.9
19140101 19140131    47.6
19140201 19140228    98.9
19140301 19140331   250.7
19140401 19140430    25.7
19140501 19140531   105.8
19140601 19140630    14.9
19140701 19140731    46.0
19140801 19140831     8.0
19140901 19140930     0.0
19141001 19141031    18.7
19141101 19141130   152.3
19141201 19141231    61.4
19150101 19150131     6.9
19150201 19150228    17.4
19150301 19150331     0.0
19150401 19150430     4.0
19150501 19150531    18.7
19150601 19150630    14.9
19150701 19150731    34.2
19150801 19150831    32.8
19150901 19150930     6.4
19151001 19151031     1.4
19151101 19151130     0.0
19151201 19151231    62.0
19160101 19160131     8.0
19160201 19160229    44.1
19160301 19160331    41.7
19160401 19160430    21.4
19160501 19160531     2.6
19160601 19160630    80.7
19160701 19160731    80.2
19160801 19160831    32.1
19160901 19160930    43.9
19161001 19161031    51.3
19161101 19161130   112.5
19161201 19161231   142.7
19170101 19170131   101.5
19170201 19170228   188.4
19170301 19170331    41.4
19170401 19170430    11.5
19170501 19170531     0.0
19170601 19170630    10.7
19170701 19170731    15.3
19170801 19170831    11.5
19170901 19170930    98.6
19171001 19171031    25.2
19171101 19171130    89.1
19171201 19171231    81.7
19180101 19180131    91.6
19180201 19180228     0.0
19180301 19180331     1.8
19180401 19180430    46.5
19180501 19180531     6.6
19180601 19180630     0.0
19180701 19180731     5.6
19180801 19180831   120.5
19180901 19180930     0.0
19181001 19181031     1.5
19181101 19181130    20.9
19181201 19181231    18.1
19190101 19190131    52.1
19190201 19190228    81.9
19190301 19190331    12.3
19190401 19190430    50.9
19190501 19190531    76.5
19190601 19190630    10.2
19190701 19190731     3.1
19190801 19190831    11.2
19190901 19190930     3.6
19191001 19191031     9.2
19191101 19191130    23.1
19191201 19191231    49.3
19200101 19200131    32.3
19200201 19200229    61.9
19200301 19200331    18.0
19200401 19200430    15.6
19200501 19200531    51.7
19200601 19200630    86.0
19200701 19200731   102.4
19200801 19200831    25.1
19200901 19200930    46.2
19201001 19201031    48.7
19201101 19201130    14.6
19201201 19201231    59.9
19210101 19210131     1.3
19210201 19210228    13.5
19210301 19210331   117.7
19210401 19210430     7.1
19210501 19210531    77.4
19210601 19210630   138.6
19210701 19210731   142.1
19210801 19210831     0.0
19210901 19210930    93.0
19211001 19211031    52.4
19211101 19211130    50.5
19211201 19211231    43.3
19220101 19220131    30.5
19220201 19220228    57.9
19220301 19220331    32.8
19220401 19220430     6.4
19220501 19220531     0.0
19220601 19220630    40.9
19220701 19220731    18.8
19220801 19220831     1.8
19220901 19220930    51.3
19221001 19221031    43.9
19221101 19221130    15.2
19221201 19221231   122.2
19230101 19230131    14.3
19230201 19230228     7.6
19230301 19230331    26.9
19230401 19230430    25.4
19230501 19230531     9.9
19230601 19230630    51.5
19230701 19230731    16.5
19230801 19230831     0.0
19230901 19230930    32.8
19231001 19231031    36.1
19231101 19231130    17.3
19231201 19231231    89.9
19240101 19240131    57.7
19240201 19240229   122.9
19240301 19240331    56.7
19240401 19240430    27.9
19240501 19240531     5.1
19240601 19240630     3.8
19240701 19240731    84.3
19240801 19240831    72.9
19240901 19240930    41.4
19241001 19241031    41.9
19241101 19241130   173.8
19241201 19241231    50.7
19250101 19250131    52.2
19250201 19250228     7.1
19250301 19250331    31.7
19250401 19250430     0.0
19250501 19250531    44.8
19250601 19250630    73.7
19250701 19250731    19.8
19250801 19250831    41.7
19250901 19250930     0.0
19251001 19251031     2.5
19251101 19251130   109.6
19251201 19251231    66.5
19260101 19260131   101.2
19260201 19260228    43.9
19260301 19260331    67.0
19260401 19260430    19.5
19260501 19260531    82.4
19260601 19260630    16.5
19260701 19260731    27.7
19260801 19260831     7.6
19260901 19260930    41.4
19261001 19261031     2.3
19261101 19261130     0.0
19261201 19261231   112.2
19270101 19270131    45.4
19270201 19270228    26.7
19270301 19270331    72.2
19270401 19270430    21.9
19270501 19270531     5.4
19270601 19270630    33.2
19270701 19270731     0.0
19270801 19270831     9.9
19270901 19270930     2.5
19271001 19271031    64.5
19271101 19271130    76.2
19271201 19271231    71.1
19280101 19280131   104.1
19280201 19280229   164.7
19280301 19280331    60.2
19280401 19280430    68.1
19280501 19280531    10.0
19280601 19280630    47.5
19280701 19280731    23.1
19280801 19280831     0.0
19280901 19280930     0.0
19281001 19281031    25.9
19281101 19281130    17.8
19281201 19281231    14.9
19290101 19290131    26.4
19290201 19290228    58.5
19290301 19290331    34.8
19290401 19290430   138.9
19290501 19290531     0.0
19290601 19290630     0.8
19290701 19290731     8.4
19290801 19290831    13.8
19290901 19290930    14.0
19291001 19291031    28.0
19291101 19291130    42.5
19291201 19291231    52.0
19300101 19300131   109.3
19300201 19300228     0.0
19300301 19300331    30.3
19300401 19300430    48.4
19300501 19300531    66.0
19300601 19300630    67.2
19300701 19300731    30.1
19300801 19300831    53.7
19300901 19300930    11.1
19301001 19301031    33.5
19301101 19301130    23.9
19301201 19301231    19.3
19310101 19310131     0.0
19310201 19310228    11.4
19310301 19310331   199.3
19310401 19310430    48.5
19310501 19310531    33.8
19310601 19310630    49.5
19310701 19310731    11.7
19310801 19310831     4.3
19310901 19310930    12.2
19311001 19311031    19.5
19311101 19311130    69.0
19311201 19311231   164.8
19320101 19320131     0.0
19320201 19320229     4.8
19320301 19320331    31.7
19320401 19320430    22.9
19320501 19320531    52.3
19320601 19320630    22.9
19320701 19320731    16.8
19320801 19320831    10.2
19320901 19320930    42.9
19321001 19321031    23.1
19321101 19321130    72.2
19321201 19321231    59.6
19330101 19330131    33.1
19330201 19330228    77.2
19330301 19330331     3.0
19330401 19330430    12.7
19330501 19330531    24.9
19330601 19330630    42.4
19330701 19330731    69.3
19330801 19330831    24.6
19330901 19330930    29.1
19331001 19331031    38.9
19331101 19331130   166.1
19331201 19331231    14.9
19340101 19340131    85.1
19340201 19340228   141.1
19340301 19340331     4.8
19340401 19340430    14.7
19340501 19340531    43.6
19340601 19340630    15.8
19340701 19340731    31.5
19340801 19340831    28.9
19340901 19340930    16.2
19341001 19341031   116.0
19341101 19341130    53.6
19341201 19341231    25.8
19350101 19350131    54.9
19350201 19350228     1.8
19350301 19350331     0.0
19350401 19350430     6.1
19350501 19350531     1.0
19350601 19350630    10.9
19350701 19350731    23.4
19350801 19350831     9.1
19350901 19350930    77.4
19351001 19351031    21.2
19351101 19351130    14.5
19351201 19351231    26.6
19360101 19360131    59.4
19360201 19360229    52.8
19360301 19360331    37.2
19360401 19360430     3.0
19360501 19360531    19.6
19360601 19360630    14.0
19360701 19360731    56.7
19360801 19360831    22.6
19360901 19360930    11.6
19361001 19361031    18.1
19361101 19361130     5.1
19361201 19361231   141.6
19370101 19370131    49.2
19370201 19370228    90.0
19370301 19370331   186.7
19370401 19370430     1.8
19370501 19370531     1.0
19370601 19370630    29.5
19370701 19370731    19.3
19370801 19370831     5.1
19370901 19370930    12.1
19371001 19371031    19.3
19371101 19371130    81.1
19371201 19371231     5.6
19380101 19380131    24.8
19380201 19380228    18.5
19380301 19380331     4.8
19380401 19380430    25.4
19380501 19380531    47.5
19380601 19380630    32.7
19380701 19380731     4.5
19380801 19380831    27.2
19380901 19380930    28.7
19381001 19381031    47.0
19381101 19381130    81.3
19381201 19381231     0.0
19390101 19390131    51.9
19390201 19390228     5.3
19390301 19390331   131.5
19390401 19390430    40.5
19390501 19390531    11.9
19390601 19390630    30.9
19390701 19390731    29.2
19390801 19390831    37.9
19390901 19390930    11.4
19391001 19391031    10.4
19391101 19391130    39.0
19391201 19391231    13.7
19400101 19400131     9.9
19400201 19400229    92.4
19400301 19400331    87.7
19400401 19400430     9.4
19400501 19400531    17.0
19400601 19400630     3.3
19400701 19400731     0.0
19400801 19400831     1.8
19400901 19400930    28.5
19401001 19401031    15.2
19401101 19401130     6.1
19401201 19401231   132.2
19410101 19410131   289.3
19410201 19410228    10.6
19410301 19410331   178.4
19410401 19410430     3.3
19410501 19410531     8.4
19410601 19410630    18.7
19410701 19410731     4.1
19410801 19410831     3.8
19410901 19410930     2.8
19411001 19411031    26.4
19411101 19411130    51.6
19411201 19411231     3.8
19420101 19420131    50.6
19420201 19420228    24.7
19420301 19420331    14.7
19420401 19420430     3.5
19420501 19420531    15.2
19420601 19420630     9.9
19420701 19420731    34.3
19420801 19420831     5.1
19420901 19420930     3.9
19421001 19421031    44.0
19421101 19421130    58.7
19421201 19421231   220.8
19430101 19430131    55.1
19430201 19430228     6.4
19430301 19430331     9.1
19430401 19430430    31.7
19430501 19430531    19.3
19430601 19430630    16.5
19430701 19430731    17.0
19430801 19430831    41.4
19430901 19430930    20.0
19431001 19431031    17.0
19431101 19431130    54.0
19431201 19431231    32.8
19440101 19440131    31.3
19440201 19440229     3.6
19440301 19440331    12.7
19440401 19440430     0.0
19440501 19440531    17.8
19440601 19440630    18.3
19440701 19440731    49.7
19440801 19440831    56.1
19440901 19440930    15.7
19441001 19441031     5.8
19441101 19441130    14.0
19441201 19441231     2.0
19450101 19450131    78.6
19450201 19450228   106.0
19450301 19450331     1.8
19450401 19450430    15.5
19450501 19450531    37.6
19450601 19450630    40.7
19450701 19450731    38.4
19450801 19450831    36.6
19450901 19450930     0.8
19451001 19451031     5.1
19451101 19451130    20.4
19451201 19451231    37.9
19460101 19460131    71.8
19460201 19460228     8.4
19460301 19460331    14.8
19460401 19460430    27.0
19460501 19460531     0.0
19460601 19460630     2.5
19460701 19460731     1.0
19460801 19460831     0.0
19460901 19460930    81.3
19461001 19461031     3.8
19461101 19461130    60.4
19461201 19461231    67.0
19470101 19470131    26.9
19470201 19470228   170.3
19470301 19470331   197.8
19470401 19470430    12.7
19470501 19470531    24.9
19470601 19470630    15.7
19470701 19470731    10.7
19470801 19470831    95.7
19470901 19470930    46.6
19471001 19471031    58.9
19471101 19471130   163.2
19471201 19471231   122.9
19480101 19480131    62.3
19480201 19480229    10.7
19480301 19480331    85.8
19480401 19480430    10.4
19480501 19480531    87.1
19480601 19480630    65.3
19480701 19480731    29.2
19480801 19480831     4.1
19480901 19480930    28.1
19481001 19481031     5.1
19481101 19481130    18.1
19481201 19481231    65.8
19490101 19490131    32.3
19490201 19490228    92.5
19490301 19490331    50.1
19490401 19490430    22.4
19490501 19490531     4.3
19490601 19490630    43.2
19490701 19490731     0.0
19490801 19490831     6.9
19490901 19490930    94.2
19491001 19491031   106.2
19491101 19491130    71.6
19491201 19491231    12.2
19500101 19500131    50.3
19500201 19500228    83.2
19500301 19500331    40.7
19500401 19500430    72.2
19500501 19500531    28.9
19500601 19500630    72.1
19500701 19500731   254.0
19500801 19500831    10.7
19500901 19500930    34.6
19501001 19501031   100.2
19501101 19501130   196.1
19501201 19501231    13.5
19510101 19510131   138.5
19510201 19510228    27.1
19510301 19510331    53.5
19510401 19510430    11.9
19510501 19510531    18.8
19510601 19510630    31.8
19510701 19510731     0.0
19510801 19510831    25.7
19510901 19510930    28.4
19511001 19511031    32.5
19511101 19511130    17.5
19511201 19511231    29.7
19520101 19520131     7.1
19520201 19520229    86.1
19520301 19520331    81.8
19520401 19520430    31.7
19520501 19520531    61.3
19520601 19520630    25.2
19520701 19520731    45.0
19520801 19520831    29.2
19520901 19520930     8.4
19521001 19521031   136.3
19521101 19521130     9.4
19521201 19521231    20.0
19530101 19530131    21.0
19530201 19530228   342.2
19530301 19530331    31.0
19530401 19530430    33.0
19530501 19530531    65.4
19530601 19530630     0.0
19530701 19530731     9.9
19530801 19530831    57.0
19530901 19530930     1.0
19531001 19531031    82.5
19531101 19531130    60.4
19531201 19531231     1.3
19540101 19540131    66.9
19540201 19540228   119.2
19540301 19540331     0.0
19540401 19540430     0.5
19540501 19540531     3.1
19540601 19540630    20.5
19540701 19540731   146.4
19540801 19540831    12.8
19540901 19540930    30.3
19541001 19541031   215.6
19541101 19541130    98.6
19541201 19541231    42.6
19550101 19550131   207.6
19550201 19550228    73.0
19550301 19550331    21.6
19550401 19550430    98.1
19550501 19550531    40.4
19550601 19550630     4.1
19550701 19550731    50.1
19550801 19550831    29.1
19550901 19550930    10.7
19551001 19551031    47.3
19551101 19551130    22.7
19551201 19551231    64.5
19560101 19560131   115.4
19560201 19560229   101.8
19560301 19560331   110.2
19560401 19560430    64.7
19560501 19560531    61.9
19560601 19560630    76.5
19560701 19560731    35.7
19560801 19560831     0.0
19560901 19560930    35.2
19561001 19561031    23.3
19561101 19561130    36.6
19561201 19561231    81.6
19570101 19570131    73.0
19570201 19570228    25.3
19570301 19570331    44.3
19570401 19570430    36.3
19570501 19570531     0.0
19570601 19570630    48.6
19570701 19570731     6.3
19570801 19570831     1.3
19570901 19570930     0.5
19571001 19571031    19.6
19571101 19571130    11.6
19571201 19571231    14.2
19580101 19580131    62.7
19580201 19580228    59.9
19580301 19580331   104.6
19580401 19580430    53.7
19580501 19580531     3.8
19580601 19580630   145.2
19580701 19580731     1.5
19580801 19580831    35.0
19580901 19580930    30.7
19581001 19581031    23.0
19581101 19581130    17.2
19581201 19581231    74.8
19590101 19590131   172.1
19590201 19590228   162.6
19590301 19590331    35.6
19590401 19590430     4.9
19590501 19590531    34.0
19590601 19590630     5.6
19590701 19590731    58.2
19590801 19590831     0.8
19590901 19590930     7.2
19591001 19591031    74.9
19591101 19591130    65.3
19591201 19591231    31.0
19600101 19600131    52.8
19600201 19600229    43.5
19600301 19600331    49.3
19600401 19600430    16.9
19600501 19600531    38.6
19600601 19600630    15.0
19600701 19600731    31.5
19600801 19600831    28.4
19600901 19600930    18.5
19601001 19601031    28.2
19601101 19601130    38.3
19601201 19601231    30.5
19610101 19610131    29.8
19610201 19610228    74.2
19610301 19610331    41.5
19610401 19610430    31.5
19610501 19610531    48.5
19610601 19610630    22.6
19610701 19610731    32.2
19610801 19610831    21.3
19610901 19610930     1.8
19611001 19611031   102.3
19611101 19611130   129.1
19611201 19611231    45.0
19620101 19620131   193.7
19620201 19620228    18.8
19620301 19620331   152.5
19620401 19620430    58.9
19620501 19620531    14.5
19620601 19620630    14.8
19620701 19620731    21.9
19620801 19620831    41.7
19620901 19620930    31.7
19621001 19621031    16.4
19621101 19621130    32.5
19621201 19621231    95.7
19630101 19630131   160.3
19630201 19630228     8.9
19630301 19630331   200.9
19630401 19630430     6.4
19630501 19630531    81.1
19630601 19630630    12.9
19630701 19630731     0.0
19630801 19630831    51.8
19630901 19630930    49.4
19631001 19631031     3.3
19631101 19631130    41.9
19631201 19631231    63.4
19640101 19640131    34.0
19640201 19640229    31.3
19640301 19640331    13.2
19640401 19640430    43.9
19640501 19640531    55.6
19640601 19640630    10.9
19640701 19640731    31.2
19640801 19640831    15.7
19640901 19640930    86.2
19641001 19641031    54.4
19641101 19641130    28.8
19641201 19641231    57.1
19650101 19650131    25.5
19650201 19650228    37.6
19650301 19650331     2.8
19650401 19650430     2.0
19650501 19650531     1.8
19650601 19650630     9.7
19650701 19650731    33.2
19650801 19650831     8.7
19650901 19650930    28.7
19651001 19651031    11.7
19651101 19651130     4.1
19651201 19651231   164.0
19660101 19660131    52.3
19660201 19660228     9.1
19660301 19660331    13.2
19660401 19660430     0.8
19660501 19660531     3.3
19660601 19660630    45.5
19660701 19660731    14.2
19660801 19660831   157.3
19660901 19660930     2.0
19661001 19661031    32.1
19661101 19661130    27.2
19661201 19661231    26.6
19670101 19670131    14.5
19670201 19670228    29.7
19670301 19670331   104.4
19670401 19670430     0.0
19670501 19670531    14.0
19670601 19670630    64.1
19670701 19670731    18.3
19670801 19670831    20.3
19670901 19670930     0.0
19671001 19671031    27.5
19671101 19671130     6.4
19671201 19671231    29.8
19680101 19680131    97.7
19680201 19680229    16.3
19680301 19680331    88.1
19680401 19680430    31.0
19680501 19680531    42.7
19680601 19680630     7.6
19680701 19680731    42.3
19680801 19680831    73.7
19680901 19680930    24.2
19681001 19681031     9.7
19681101 19681130     1.6
19681201 19681231    86.8
19690101 19690131    23.6
19690201 19690228     4.1
19690301 19690331   112.3
19690401 19690430    32.0
19690501 19690531   119.9
19690601 19690630    36.0
19690701 19690731    10.8
19690801 19690831    13.2
19690901 19690930    37.6
19691001 19691031   220.8
19691101 19691130   117.3
19691201 19691231    13.3
19700101 19700131   118.4
19700201 19700228    65.3
19700301 19700331    12.2
19700401 19700430    28.9
19700501 19700531    15.2
19700601 19700630     6.5
19700701 19700731     0.0
19700801 19700831    10.4
19700901 19700930   122.2
19701001 19701031     6.3
19701101 19701130    82.5
19701201 19701231   135.9
19710101 19710131   160.0
19710201 19710228    22.6
19710301 19710331    17.0
19710401 19710430    20.6
19710501 19710531    24.9
19710601 19710630     5.3
19710701 19710731    72.8
19710801 19710831    77.3
19710901 19710930    53.4
19711001 19711031    21.1
19711101 19711130    32.5
19711201 19711231    50.3
19720101 19720131    36.9
19720201 19720229    22.0
19720301 19720331     4.1
19720401 19720430    80.7
19720501 19720531     7.9
19720601 19720630    22.9
19720701 19720731     0.0
19720801 19720831    36.8
19720901 19720930    22.6
19721001 19721031    74.2
19721101 19721130    88.0
19721201 19721231    16.3
19730101 19730131    73.7
19730201 19730228   148.9
19730301 19730331     6.1
19730401 19730430     0.0
19730501 19730531    18.3
19730601 19730630    13.7
19730701 19730731    86.6
19730801 19730831    34.7
19730901 19730930    29.7
19731001 19731031    47.5
19731101 19731130    94.1
19731201 19731231    86.0
19740101 19740131   357.4
19740201 19740228    27.9
19740301 19740331    54.8
19740401 19740430    23.4
19740501 19740531    11.6
19740601 19740630    21.0
19740701 19740731     4.6
19740801 19740831    28.8
19740901 19740930    21.8
19741001 19741031    49.4
19741101 19741130    79.6
19741201 19741231    50.2
19750101 19750131    39.8
19750201 19750228    47.6
19750301 19750331    87.2
19750401 19750430     6.2
19750501 19750531     0.0
19750601 19750630    38.8
19750701 19750731    50.4
19750801 19750831    30.4
19750901 19750930    15.8
19751001 19751031    37.0
19751101 19751130    46.2
19751201 19751231   110.8
19760101 19760131    84.4
19760201 19760229   338.6
19760301 19760331   125.8
19760401 19760430     2.2
19760501 19760531    49.0
19760601 19760630    36.4
19760701 19760731    26.2
19760801 19760831     3.6
19760901 19760930    24.2
19761001 19761031    26.8
19761101 19761130    46.6
19761201 19761231    34.6
19770101 19770131    84.4
19770201 19770228    85.2
19770301 19770331    77.6
19770401 19770430    42.8
19770501 19770531   106.4
19770601 19770630    20.4
19770701 19770731     4.8
19770801 19770831     7.2
19770901 19770930     6.8
19771001 19771031    14.8
19771101 19771130     7.2
19771201 19771231    21.4
19780101 19780131   146.8
19780201 19780228    12.8
19780301 19780331    38.6
19780401 19780430     5.8
19780501 19780531    68.8
19780601 19780630    55.8
19780701 19780731    32.6
19780801 19780831    41.4
19780901 19780930    63.0
19781001 19781031    38.8
19781101 19781130    99.6
19781201 19781231   128.2
19790101 19790131     2.8
19790201 19790228     8.8
19790301 19790331    61.6
19790401 19790430    21.8
19790501 19790531    54.4
19790601 19790630    54.4
19790701 19790731     7.8
19790801 19790831    10.2
19790901 19790930    31.2
19791001 19791031    78.4
19791101 19791130    19.2
19791201 19791231    13.6
19800101 19800131   101.8
19800201 19800229    45.6
19800301 19800331    24.4
19800401 19800430     5.6
19800501 19800531    35.8
19800601 19800630     3.2
19800701 19800731     7.0
19800801 19800831    10.2
19800901 19800930     0.0
19801001 19801031    60.4
19801101 19801130     5.8
19801201 19801231    79.4
19810101 19810131     3.6
19810201 19810228     7.6
19810301 19810331     3.0
19810401 19810430    13.8
19810501 19810531    61.4
19810601 19810630    69.6
19810701 19810731    57.8
19810801 19810831    14.4
19810901 19810930     4.0
19811001 19811031    47.2
19811101 19811130    94.6
19811201 19811231    33.6
19820101 19820131   190.6
19820201 19820228    34.8
19820301 19820331   170.0
19820401 19820430    16.4
19820501 19820531     9.8
19820601 19820630     1.0
19820701 19820731    35.0
19820801 19820831     0.0
19820901 19820930    16.4
19821001 19821031    44.2
19821101 19821130     0.0
19821201 19821231    26.8
19830101 19830131    70.8
19830201 19830228     9.8
19830301 19830331    35.8
19830401 19830430   165.4
19830501 19830531   162.6
19830601 19830630    57.4
19830701 19830731    18.8
19830801 19830831    30.2
19830901 19830930    33.0
19831001 19831031    33.4
19831101 19831130   160.6
19831201 19831231    28.2
19840101 19840131   151.6
19840201 19840229    37.4
19840301 19840331    13.8
19840401 19840430    62.4
19840501 19840531     0.0
19840601 19840630    50.8
19840701 19840731   136.8
19840801 19840831    12.0
19840901 19840930    46.4
19841001 19841031    45.0
19841101 19841130    35.6
19841201 19841231    67.4
19850101 19850131     4.4
19850201 19850228    40.0
19850301 19850331    44.8
19850401 19850430    33.0
19850501 19850531    24.4
19850601 19850630     9.4
19850701 19850731    90.4
19850801 19850831    53.8
19850901 19850930     6.0
19851001 19851031    88.0
19851101 19851130    72.4
19851201 19851231    53.6
19860101 19860131    41.4
19860201 19860228    36.8
19860301 19860331     0.0
19860401 19860430     6.2
19860501 19860531    66.0
19860601 19860630     0.0
19860701 19860731    55.0
19860801 19860831    36.4
19860901 19860930    48.2
19861001 19861031    32.8
19861101 19861130   109.4
19861201 19861231     8.2
19870101 19870131    66.8
19870201 19870228    17.0
19870301 19870331    10.0
19870401 19870430     0.0
19870501 19870531    72.4
19870601 19870630    19.0
19870701 19870731    26.4
19870801 19870831    58.0
19870901 19870930     1.8
19871001 19871031    72.8
19871101 19871130    36.4
19871201 19871231    54.8
19880101 19880131    55.6
19880201 19880229   124.0
19880301 19880331    11.3
19880401 19880430   243.6
19880501 19880531     4.8
19880601 19880630     9.4
19880701 19880731    66.9
19880801 19880831    25.2
19880901 19880930    80.0
19881001 19881031    12.4
19881101 19881130    48.6
19881201 19881231    33.0
19890101 19890131    31.6
19890201 19890228     0.0
19890301 19890331    87.8
19890401 19890430    82.8
19890501 19890531    40.0
19890601 19890630    45.4
19890701 19890731    25.0
19890801 19890831     2.8
19890901 19890930     0.0
19891001 19891031    24.8
19891101 19891130    55.0
19891201 19891231    17.4
19900101 19900131    38.2
19900201 19900228    13.2
19900301 19900331   106.8
19900401 19900430   111.6
19900501 19900531    61.0
19900601 19900630    27.0
19900701 19900731    19.2
19900801 19900831    23.2
19900901 19900930    19.4
19901001 19901031    13.2
19901101 19901130     0.0
19901201 19901231    13.0
19910101 19910131   141.2
19910201 19910228    85.8
19910301 19910331     6.2
19910401 19910430     2.0
19910501 19910531    69.0
19910601 19910630     2.8
19910701 19910731    40.8
19910801 19910831     0.4
19910901 19910930     1.0
19911001 19911031     7.2
19911101 19911130    96.4
19911201 19911231    88.8
19920101 19920131     6.4
19920201 19920229    52.0
19920301 19920331     0.8
19920401 19920430    15.8
19920501 19920531    41.2
19920601 19920630     3.0
19920701 19920731    15.4
19920801 19920831    66.4
19920901 19920930     9.6
19921001 19921031    21.2
19921101 19921130    43.2
19921201 19921231    69.0
19930101 19930131    47.0
19930201 19930228    43.8
19930301 19930331     0.0
19930401 19930430     0.0
19930501 19930531     7.2
19930601 19930630    51.0
19930701 19930731    70.0
19930801 19930831    31.2
19930901 19930930    46.6
19931001 19931031    43.8
19931101 19931130    57.0
19931201 19931231   132.2
19940101 19940131    11.8
19940201 19940228   175.4
19940301 19940331    53.0
19940401 19940430     0.0
19940501 19940531     5.0
19940601 19940630     6.2
19940701 19940731     5.8
19940801 19940831     7.4
19940901 19940930    13.8
19941001 19941031    41.2
19941101 19941130    56.2
19941201 19941231    83.4
19950101 19950131   113.0
19950201 19950228    97.4
19950301 19950331    19.0
19950401 19950430     5.6
19950501 19950531    33.4
19950601 19950630    43.4
19950701 19950731     5.8
19950801 19950831     2.2
19950901 19950930    31.2
19951001 19951031    35.2
19951101 19951130    89.4
19951201 19951231    51.2
19960101 19960131   279.4
19960201 19960229    58.8
19960301 19960331    15.0
19960401 19960430    39.6
19960501 19960531    78.0
19960601 19960630    22.6
19960701 19960731    27.4
19960801 19960831    36.4
19960901 19960930    24.8
19961001 19961031    33.0
19961101 19961130    20.2
19961201 19961231    55.6
19970101 19970131   147.4
19970201 19970228   187.2
19970301 19970331    23.2
19970401 19970430     0.0
19970501 19970531    36.8
19970601 19970630    11.0
19970701 19970731     9.6
19970801 19970831     1.6
19970901 19970930    19.4
19971001 19971031    43.6
19971101 19971130    74.2
19971201 19971231   217.0
19980101 19980131    28.0
19980201 19980228     9.0
19980301 19980331     0.0
19980401 19980430    31.8
19980501 19980531    47.8
19980601 19980630    64.4
19980701 19980731   113.8
19980801 19980831   107.2
19980901 19980930    53.6
19981001 19981031   105.2
19981101 19981130    89.2
19981201 19981231    49.8
19990101 19990131   108.8
19990201 19990228    31.8
19990301 19990331   119.0
19990401 19990430    16.0
19990501 19990531    11.2
19990601 19990630    72.0
19990701 19990731    24.4
19990801 19990831    26.0
19990901 19990930    28.6
19991001 19991031    46.0
19991101 19991130   105.0
19991201 19991231    87.4
20000101 20000131    35.0
20000201 20000229    58.0
20000301 20000331   111.6
20000401 20000430    13.6
20000501 20000531    25.6
20000601 20000630    23.8
20000701 20000731    15.8
20000801 20000831     4.4
20000901 20000930     0.6
20001001 20001031    96.8
20001101 20001130   182.6
20001201 20001231    54.0
20010101 20010131    47.0
20010201 20010228    53.6
20010301 20010331    72.4
20010401 20010430     0.0
20010501 20010531    20.8
20010601 20010630    41.6
20010701 20010731    85.6
20010801 20010831     4.4
20010901 20010930     3.0
20011001 20011031    45.4
20011101 20011130    84.2
20011201 20011231    23.2
20020101 20020131    14.0
20020201 20020228    77.6
20020301 20020331    23.8
20020401 20020430    17.0
20020501 20020531     3.4
20020601 20020630    15.8
20020701 20020731     3.2
20020801 20020831    43.4
20020901 20020930     9.2
20021001 20021031    28.8
20021101 20021130     6.2
20021201 20021231    34.1
20030101 20030131    30.2
20030201 20030228    53.8
20030301 20030331    17.0
20030401 20030430    65.4
20030501 20030531     0.2
20030601 20030630    59.8
20030701 20030731     9.0
20030801 20030831    37.4
20030901 20030930     0.0
20031001 20031031    45.6
20031101 20031130    18.2
20031201 20031231 99999.9
20040101 20040131 99999.9
20040201 20040229 99999.9
20040301 20040331 99999.9
20040401 20040430 99999.9
20040501 20040531 99999.9
20040601 20040630 99999.9
20040701 20040731 99999.9
20040801 20040831 99999.9
20040901 20040930 99999.9
20041001 20041031 99999.9
20041101 20041130 99999.9
20041201 20041231 99999.9
20050101 20050131    97.0
20050201 20050228     0.0
20050301 20050331    27.0
20050401 20050430     0.0
20050501 20050531    52.0
20050601 20050630   128.9
20050701 20050731     4.7
20050801 20050831     9.0
20050901 20050930    11.5
20051001 20051031   121.8
20051101 20051130    76.4
20051201 20051231    32.0
20060101 20060131    58.5
20060201 20060228    74.8
20060301 20060331    63.8
20060401 20060430    22.0
20060501 20060531     0.0
20060601 20060630    27.2
20060701 20060731    30.9
20060801 20060831     0.0
20060901 20060930     9.8
20061001 20061031     5.0
20061101 20061130    24.2
20061201 20061231    22.8
20070101 20070131    54.6
20070201 20070228   128.5
20070301 20070331    14.6
20070401 20070430    11.0
20070501 20070531    11.8
20070601 20070630    16.6
20070701 20070731     0.0
20070801 20070831    46.6
20070901 20070930     2.0
20071001 20071031    28.6
20071101 20071130   130.0
20071201 20071231   123.6
20080101 20080131    72.3
20080201 20080229    63.4
20080301 20080331     0.4
20080401 20080430     1.8
20080501 20080531    58.2
20080601 20080630    54.0
20080701 20080731    60.4
20080801 20080831     2.0
20080901 20080930    73.2
20081001 20081031    28.5
20081101 20081130    62.2
20081201 20081231    45.2
20090101 20090131   105.8
20090201 20090228   132.8
20090301 20090331     0.0
20090401 20090430    26.2
20090501 20090531   120.8
20090601 20090630    16.9
20090701 20090731     7.5
20090801 20090831     1.6
20090901 20090930    12.9
20091001 20091031    16.8
20091101 20091130    11.4
20091201 20091231   105.1
20100101 20100131    19.4
20100201 20100228   154.0
20100301 20100331   242.8
20100401 20100430     0.0
20100501 20100531    19.1
20100601 20100630    16.2
20100701 20100731    56.4
20100801 20100831    44.4
20100901 20100930    62.6
20101001 20101031    91.4
20101101 20101130   107.8
20101201 20101231    83.7
20110101 20110131    59.6
