PRCP       017031 18850801 20141231 missing_value=99999.9 MARREE                                    
18850801 18850831     0.8
18850901 18850930     6.0
18851001 18851031     4.6
18851101 18851130     1.8
18851201 18851231     4.0
18860101 18860131     4.6
18860201 18860228     0.0
18860301 18860331     0.0
18860401 18860430     0.0
18860501 18860531     6.6
18860601 18860630    16.5
18860701 18860731     9.3
18860801 18860831    75.9
18860901 18860930     2.8
18861001 18861031    10.4
18861101 18861130     0.0
18861201 18861231    79.3
18870101 18870131     0.0
18870201 18870228     2.5
18870301 18870331    10.0
18870401 18870430    32.0
18870501 18870531    10.9
18870601 18870630     3.6
18870701 18870731    17.1
18870801 18870831    26.4
18870901 18870930     0.0
18871001 18871031     8.6
18871101 18871130    11.2
18871201 18871231    43.6
18880101 18880131     0.8
18880201 18880229     0.0
18880301 18880331     0.0
18880401 18880430     0.0
18880501 18880531    20.8
18880601 18880630     0.8
18880701 18880731     4.6
18880801 18880831     1.3
18880901 18880930     1.3
18881001 18881031     2.5
18881101 18881130    12.7
18881201 18881231    15.0
18890101 18890131    60.5
18890201 18890228     0.0
18890301 18890331     0.0
18890401 18890430    43.9
18890501 18890531    72.8
18890601 18890630    14.3
18890701 18890731     0.0
18890801 18890831     4.1
18890901 18890930     5.1
18891001 18891031     6.8
18891101 18891130    19.3
18891201 18891231     0.8
18900101 18900131    24.3
18900201 18900228    37.6
18900301 18900331     1.8
18900401 18900430    25.4
18900501 18900531    17.0
18900601 18900630     6.4
18900701 18900731    15.1
18900801 18900831     1.0
18900901 18900930     0.0
18901001 18901031     2.5
18901101 18901130     5.6
18901201 18901231     0.0
18910101 18910131    24.6
18910201 18910228     1.5
18910301 18910331    24.4
18910401 18910430    49.7
18910501 18910531    15.5
18910601 18910630     7.9
18910701 18910731     1.3
18910801 18910831     6.9
18910901 18910930     3.0
18911001 18911031     5.3
18911101 18911130     0.0
18911201 18911231     5.4
18920101 18920131    11.9
18920201 18920229     3.3
18920301 18920331     0.0
18920401 18920430     0.0
18920501 18920531     7.9
18920601 18920630     0.5
18920701 18920731     0.0
18920801 18920831     8.9
18920901 18920930    18.0
18921001 18921031    39.8
18921101 18921130    24.6
18921201 18921231     0.0
18930101 18930131     0.0
18930201 18930228     0.0
18930301 18930331     0.0
18930401 18930430    32.8
18930501 18930531    72.0
18930601 18930630    22.6
18930701 18930731     0.0
18930801 18930831     0.0
18930901 18930930     0.5
18931001 18931031     5.1
18931101 18931130    42.2
18931201 18931231     7.6
18940101 18940131     0.0
18940201 18940228    32.0
18940301 18940331     1.3
18940401 18940430    12.2
18940501 18940531     1.3
18940601 18940630    18.0
18940701 18940731     0.3
18940801 18940831    13.7
18940901 18940930    22.1
18941001 18941031    25.2
18941101 18941130     1.0
18941201 18941231    70.6
18950101 18950131    75.2
18950201 18950228     0.0
18950301 18950331     0.0
18950401 18950430    23.4
18950501 18950531     9.6
18950601 18950630    10.4
18950701 18950731     0.0
18950801 18950831     2.5
18950901 18950930     5.6
18951001 18951031     0.0
18951101 18951130    13.2
18951201 18951231    16.8
18960101 18960131     6.9
18960201 18960229    65.1
18960301 18960331     7.1
18960401 18960430     0.5
18960501 18960531     0.0
18960601 18960630     0.0
18960701 18960731    18.0
18960801 18960831     0.5
18960901 18960930     6.9
18961001 18961031     0.5
18961101 18961130    16.0
18961201 18961231     2.8
18970101 18970131    11.4
18970201 18970228    16.7
18970301 18970331     0.0
18970401 18970430     0.0
18970501 18970531     0.0
18970601 18970630    25.9
18970701 18970731     4.5
18970801 18970831     7.9
18970901 18970930    24.6
18971001 18971031     1.3
18971101 18971130     0.0
18971201 18971231     0.0
18980101 18980131     0.0
18980201 18980228    39.6
18980301 18980331     0.0
18980401 18980430     0.0
18980501 18980531     1.8
18980601 18980630    75.2
18980701 18980731     0.0
18980801 18980831    17.3
18980901 18980930     3.8
18981001 18981031     0.0
18981101 18981130     1.8
18981201 18981231     0.0
18990101 18990131    25.4
18990201 18990228    12.2
18990301 18990331    41.9
18990401 18990430     1.0
18990501 18990531     0.0
18990601 18990630    68.9
18990701 18990731     0.0
18990801 18990831     2.8
18990901 18990930    26.4
18991001 18991031     5.6
18991101 18991130     4.6
18991201 18991231     0.8
19000101 19000131     7.9
19000201 19000228     0.0
19000301 19000331    49.0
19000401 19000430     1.8
19000501 19000531     0.5
19000601 19000630    13.6
19000701 19000731     3.8
19000801 19000831     6.3
19000901 19000930     2.8
19001001 19001031     0.0
19001101 19001130     2.5
19001201 19001231     0.0
19010101 19010131     0.0
19010201 19010228    15.5
19010301 19010331     0.3
19010401 19010430    10.2
19010501 19010531     0.0
19010601 19010630     7.4
19010701 19010731     0.0
19010801 19010831    13.2
19010901 19010930    21.8
19011001 19011031     0.8
19011101 19011130     0.0
19011201 19011231     0.0
19020101 19020131     0.0
19020201 19020228     6.3
19020301 19020331     0.0
19020401 19020430     0.0
19020501 19020531     0.0
19020601 19020630     3.0
19020701 19020731     0.0
19020801 19020831     0.0
19020901 19020930     8.6
19021001 19021031     1.0
19021101 19021130    15.2
19021201 19021231    21.8
19030101 19030131    11.4
19030201 19030228     0.0
19030301 19030331     3.3
19030401 19030430    53.3
19030501 19030531    15.2
19030601 19030630     0.0
19030701 19030731     0.0
19030801 19030831     6.6
19030901 19030930    19.1
19031001 19031031    20.6
19031101 19031130    22.5
19031201 19031231    35.9
19040101 19040131     0.0
19040201 19040229    23.8
19040301 19040331    19.3
19040401 19040430     2.3
19040501 19040531    10.5
19040601 19040630    14.0
19040701 19040731    47.3
19040801 19040831     3.9
19040901 19040930    83.7
19041001 19041031    31.5
19041101 19041130     4.8
19041201 19041231    14.8
19050101 19050131    24.4
19050201 19050228     0.0
19050301 19050331     0.0
19050401 19050430     1.8
19050501 19050531     2.8
19050601 19050630    34.8
19050701 19050731    50.8
19050801 19050831     5.3
19050901 19050930     6.9
19051001 19051031     3.3
19051101 19051130     0.0
19051201 19051231     0.0
19060101 19060131     0.0
19060201 19060228    48.6
19060301 19060331    42.0
19060401 19060430     0.0
19060501 19060531    27.5
19060601 19060630    30.6
19060701 19060731    16.0
19060801 19060831    14.7
19060901 19060930    30.7
19061001 19061031     8.2
19061101 19061130     9.7
19061201 19061231     7.4
19070101 19070131    18.8
19070201 19070228     1.3
19070301 19070331     1.5
19070401 19070430     2.0
19070501 19070531    12.5
19070601 19070630    86.1
19070701 19070731     5.4
19070801 19070831    13.0
19070901 19070930     1.0
19071001 19071031     0.8
19071101 19071130     4.9
19071201 19071231     8.4
19080101 19080131     1.3
19080201 19080229    12.7
19080301 19080331    47.2
19080401 19080430    13.7
19080501 19080531     4.8
19080601 19080630     3.4
19080701 19080731     4.5
19080801 19080831    21.4
19080901 19080930    20.3
19081001 19081031    19.9
19081101 19081130     1.8
19081201 19081231    13.7
19090101 19090131     0.0
19090201 19090228     0.0
19090301 19090331     4.3
19090401 19090430     4.1
19090501 19090531    53.6
19090601 19090630    29.0
19090701 19090731     4.3
19090801 19090831     8.4
19090901 19090930     0.3
19091001 19091031    20.8
19091101 19091130     3.3
19091201 19091231     0.0
19100101 19100131     6.9
19100201 19100228     0.5
19100301 19100331    83.3
19100401 19100430     1.6
19100501 19100531    31.2
19100601 19100630    69.1
19100701 19100731     3.7
19100801 19100831    11.8
19100901 19100930    12.1
19101001 19101031     2.6
19101101 19101130     5.8
19101201 19101231     2.1
19110101 19110131    11.9
19110201 19110228     2.8
19110301 19110331     0.0
19110401 19110430     0.0
19110501 19110531    21.3
19110601 19110630     5.6
19110701 19110731    11.3
19110801 19110831     9.2
19110901 19110930     0.8
19111001 19111031     0.0
19111101 19111130    24.5
19111201 19111231    90.8
19120101 19120131     0.0
19120201 19120229     3.0
19120301 19120331    17.3
19120401 19120430     0.0
19120501 19120531     0.0
19120601 19120630    47.8
19120701 19120731     4.1
19120801 19120831     1.3
19120901 19120930     0.0
19121001 19121031     2.8
19121101 19121130    44.1
19121201 19121231     6.1
19130101 19130131     1.3
19130201 19130228    12.9
19130301 19130331    36.1
19130401 19130430     0.0
19130501 19130531     7.1
19130601 19130630     0.0
19130701 19130731     1.1
19130801 19130831     0.0
19130901 19130930     4.4
19131001 19131031    57.4
19131101 19131130    25.6
19131201 19131231    11.2
19140101 19140131    15.4
19140201 19140228    19.8
19140301 19140331    55.7
19140401 19140430    17.3
19140501 19140531     1.1
19140601 19140630     4.6
19140701 19140731     0.0
19140801 19140831     0.0
19140901 19140930     1.5
19141001 19141031     4.0
19141101 19141130    43.1
19141201 19141231    51.3
19150101 19150131     2.3
19150201 19150228     1.3
19150301 19150331     0.0
19150401 19150430     7.2
19150501 19150531    23.3
19150601 19150630     9.7
19150701 19150731     6.9
19150801 19150831    14.7
19150901 19150930    21.1
19151001 19151031     1.8
19151101 19151130     0.0
19151201 19151231     3.3
19160101 19160131     0.5
19160201 19160229     0.8
19160301 19160331     8.6
19160401 19160430     0.0
19160501 19160531     2.8
19160601 19160630    11.4
19160701 19160731    37.4
19160801 19160831     4.1
19160901 19160930    16.7
19161001 19161031    50.4
19161101 19161130     8.4
19161201 19161231     7.1
19170101 19170131    28.9
19170201 19170228    35.1
19170301 19170331     2.0
19170401 19170430     0.8
19170501 19170531     0.0
19170601 19170630     6.7
19170701 19170731    35.8
19170801 19170831    10.7
19170901 19170930    20.1
19171001 19171031    13.7
19171101 19171130     7.8
19171201 19171231     4.3
19180101 19180131    24.1
19180201 19180228     0.0
19180301 19180331     4.8
19180401 19180430     3.3
19180501 19180531    70.1
19180601 19180630     8.9
19180701 19180731     0.0
19180801 19180831    15.7
19180901 19180930     2.0
19181001 19181031     0.0
19181101 19181130     0.0
19181201 19181231     0.0
19190101 19190131     0.0
19190201 19190228    35.3
19190301 19190331     0.0
19190401 19190430    36.8
19190501 19190531    26.9
19190601 19190630     0.0
19190701 19190731     0.0
19190801 19190831     0.0
19190901 19190930     0.0
19191001 19191031    10.9
19191101 19191130     3.1
19191201 19191231    10.2
19200101 19200131    22.6
19200201 19200229     0.0
19200301 19200331     0.0
19200401 19200430     0.0
19200501 19200531     5.9
19200601 19200630    45.7
19200701 19200731     1.0
19200801 19200831    38.7
19200901 19200930    11.7
19201001 19201031    13.4
19201101 19201130    66.1
19201201 19201231    50.8
19210101 19210131     0.0
19210201 19210228     8.1
19210301 19210331    41.8
19210401 19210430     0.0
19210501 19210531    32.5
19210601 19210630    27.8
19210701 19210731     0.0
19210801 19210831     7.1
19210901 19210930    10.6
19211001 19211031     4.8
19211101 19211130     1.3
19211201 19211231    50.1
19220101 19220131     1.3
19220201 19220228    13.7
19220301 19220331     0.0
19220401 19220430     9.9
19220501 19220531    12.4
19220601 19220630     0.5
19220701 19220731     4.4
19220801 19220831     0.0
19220901 19220930     6.9
19221001 19221031     2.8
19221101 19221130     0.0
19221201 19221231    40.5
19230101 19230131     1.5
19230201 19230228     0.0
19230301 19230331     0.5
19230401 19230430     5.5
19230501 19230531    19.1
19230601 19230630    43.1
19230701 19230731    19.3
19230801 19230831     0.0
19230901 19230930     0.0
19231001 19231031     5.1
19231101 19231130     0.0
19231201 19231231    27.4
19240101 19240131    24.9
19240201 19240229     1.0
19240301 19240331     0.0
19240401 19240430     6.1
19240501 19240531     0.0
19240601 19240630     0.3
19240701 19240731     5.1
19240801 19240831    13.0
19240901 19240930     9.6
19241001 19241031    45.9
19241101 19241130    17.0
19241201 19241231     9.7
19250101 19250131    15.0
19250201 19250228    42.6
19250301 19250331     0.0
19250401 19250430     4.6
19250501 19250531    14.8
19250601 19250630     0.0
19250701 19250731    33.5
19250801 19250831     0.0
19250901 19250930     0.8
19251001 19251031     0.0
19251101 19251130     0.0
19251201 19251231     0.0
19260101 19260131     0.0
19260201 19260228     0.0
19260301 19260331    52.1
19260401 19260430     9.1
19260501 19260531    21.5
19260601 19260630     6.6
19260701 19260731     0.5
19260801 19260831     8.4
19260901 19260930    40.7
19261001 19261031     0.0
19261101 19261130     4.3
19261201 19261231     0.5
19270101 19270131     2.3
19270201 19270228     5.8
19270301 19270331     7.1
19270401 19270430     0.0
19270501 19270531     0.5
19270601 19270630    16.7
19270701 19270731     5.1
19270801 19270831     0.0
19270901 19270930     4.9
19271001 19271031     7.9
19271101 19271130     7.7
19271201 19271231    78.3
19280101 19280131     4.4
19280201 19280229    24.9
19280301 19280331     1.3
19280401 19280430     0.0
19280501 19280531     1.5
19280601 19280630    27.0
19280701 19280731     8.7
19280801 19280831     3.3
19280901 19280930     1.5
19281001 19281031    21.6
19281101 19281130     0.0
19281201 19281231    18.5
19290101 19290131     1.3
19290201 19290228     0.0
19290301 19290331    25.2
19290401 19290430     0.0
19290501 19290531     0.0
19290601 19290630     8.9
19290701 19290731     0.0
19290801 19290831     4.8
19290901 19290930    14.0
19291001 19291031     0.0
19291101 19291130     8.9
19291201 19291231    30.2
19300101 19300131     0.0
19300201 19300228    48.7
19300301 19300331     0.0
19300401 19300430    17.6
19300501 19300531     6.8
19300601 19300630     0.0
19300701 19300731     2.3
19300801 19300831     8.3
19300901 19300930     9.9
19301001 19301031    47.0
19301101 19301130    14.0
19301201 19301231    66.5
19310101 19310131     1.0
19310201 19310228     0.0
19310301 19310331    25.9
19310401 19310430    33.2
19310501 19310531     9.3
19310601 19310630    21.1
19310701 19310731     5.6
19310801 19310831     1.3
19310901 19310930     1.1
19311001 19311031     5.1
19311101 19311130     3.8
19311201 19311231     0.0
19320101 19320131     0.0
19320201 19320229     9.9
19320301 19320331    19.1
19320401 19320430     8.9
19320501 19320531    49.8
19320601 19320630     6.4
19320701 19320731     1.3
19320801 19320831     3.5
19320901 19320930    24.0
19321001 19321031    34.1
19321101 19321130    35.6
19321201 19321231     1.1
19330101 19330131     0.0
19330201 19330228    19.6
19330301 19330331    11.2
19330401 19330430     4.1
19330501 19330531    12.2
19330601 19330630     0.0
19330701 19330731     7.3
19330801 19330831    28.4
19330901 19330930     0.5
19331001 19331031     0.0
19331101 19331130     8.9
19331201 19331231     4.8
19340101 19340131     2.5
19340201 19340228    21.2
19340301 19340331    20.0
19340401 19340430     1.0
19340501 19340531     0.0
19340601 19340630     1.3
19340701 19340731     1.0
19340801 19340831     0.0
19340901 19340930     3.0
19341001 19341031    31.2
19341101 19341130     2.3
19341201 19341231     0.0
19350101 19350131    19.1
19350201 19350228     0.0
19350301 19350331     0.0
19350401 19350430     0.0
19350501 19350531     0.0
19350601 19350630    21.8
19350701 19350731     0.0
19350801 19350831    16.0
19350901 19350930    26.2
19351001 19351031    16.0
19351101 19351130     7.1
19351201 19351231     3.0
19360101 19360131    15.5
19360201 19360229     1.3
19360301 19360331     0.5
19360401 19360430     0.0
19360501 19360531    18.3
19360601 19360630     0.0
19360701 19360731    27.0
19360801 19360831     7.1
19360901 19360930     0.0
19361001 19361031    23.1
19361101 19361130     0.0
19361201 19361231    22.8
19370101 19370131    54.4
19370201 19370228     6.8
19370301 19370331     0.0
19370401 19370430     1.0
19370501 19370531     0.5
19370601 19370630     5.3
19370701 19370731     0.0
19370801 19370831     5.1
19370901 19370930     0.0
19371001 19371031     6.6
19371101 19371130    78.0
19371201 19371231    12.7
19380101 19380131     0.0
19380201 19380228    74.9
19380301 19380331     0.0
19380401 19380430     0.0
19380501 19380531     4.1
19380601 19380630     6.6
19380701 19380731     6.1
19380801 19380831    19.9
19380901 19380930     0.5
19381001 19381031     4.8
19381101 19381130     0.0
19381201 19381231     1.3
19390101 19390131    97.1
19390201 19390228    75.4
19390301 19390331    45.6
19390401 19390430     1.8
19390501 19390531     7.0
19390601 19390630    38.4
19390701 19390731     8.8
19390801 19390831     0.0
19390901 19390930     0.0
19391001 19391031     9.4
19391101 19391130     7.4
19391201 19391231     0.3
19400101 19400131    10.7
19400201 19400229     0.0
19400301 19400331     0.0
19400401 19400430    30.5
19400501 19400531     9.6
19400601 19400630     0.0
19400701 19400731     0.0
19400801 19400831     0.3
19400901 19400930     1.5
19401001 19401031     1.5
19401101 19401130     0.0
19401201 19401231     0.0
19410101 19410131    77.4
19410201 19410228     8.9
19410301 19410331     6.9
19410401 19410430   215.9
19410501 19410531     1.0
19410601 19410630    17.9
19410701 19410731     7.6
19410801 19410831     1.8
19410901 19410930     0.3
19411001 19411031     8.6
19411101 19411130     9.1
19411201 19411231     0.0
19420101 19420131     8.4
19420201 19420228    30.2
19420301 19420331     0.3
19420401 19420430     2.3
19420501 19420531    49.1
19420601 19420630     8.7
19420701 19420731     9.2
19420801 19420831     1.8
19420901 19420930     3.3
19421001 19421031    30.2
19421101 19421130     0.0
19421201 19421231    13.0
19430101 19430131     3.8
19430201 19430228    37.8
19430301 19430331     3.8
19430401 19430430     7.0
19430501 19430531     0.3
19430601 19430630     0.0
19430701 19430731    13.4
19430801 19430831     6.4
19430901 19430930     0.0
19431001 19431031     0.5
19431101 19431130     3.3
19431201 19431231     0.0
19440101 19440131     9.1
19440201 19440229    36.8
19440301 19440331     6.9
19440401 19440430     0.8
19440501 19440531     0.0
19440601 19440630     2.5
19440701 19440731     0.5
19440801 19440831     4.1
19440901 19440930     0.0
19441001 19441031     0.0
19441101 19441130     2.0
19441201 19441231    24.4
19450101 19450131     4.9
19450201 19450228     0.3
19450301 19450331    12.2
19450401 19450430     0.0
19450501 19450531     0.3
19450601 19450630    35.0
19450701 19450731    32.5
19450801 19450831    17.3
19450901 19450930     9.4
19451001 19451031    19.0
19451101 19451130     0.0
19451201 19451231     6.1
19460101 19460131    31.8
19460201 19460228    50.1
19460301 19460331     2.5
19460401 19460430    12.3
19460501 19460531     0.0
19460601 19460630     3.5
19460701 19460731     0.8
19460801 19460831     0.3
19460901 19460930    56.4
19461001 19461031     1.0
19461101 19461130    13.8
19461201 19461231    18.1
19470101 19470131     0.0
19470201 19470228     9.0
19470301 19470331    38.3
19470401 19470430     0.0
19470501 19470531     0.0
19470601 19470630    11.2
19470701 19470731     6.8
19470801 19470831    12.3
19470901 19470930    12.0
19471001 19471031    10.9
19471101 19471130    11.4
19471201 19471231     4.8
19480101 19480131     2.8
19480201 19480229    70.1
19480301 19480331     0.0
19480401 19480430     2.3
19480501 19480531     0.0
19480601 19480630     6.1
19480701 19480731     4.6
19480801 19480831     5.4
19480901 19480930     1.8
19481001 19481031     2.5
19481101 19481130     1.0
19481201 19481231   107.5
19490101 19490131     0.0
19490201 19490228    27.9
19490301 19490331    16.0
19490401 19490430     0.0
19490501 19490531    21.6
19490601 19490630    13.7
19490701 19490731     0.8
19490801 19490831     0.0
19490901 19490930    35.5
19491001 19491031    38.7
19491101 19491130     2.8
19491201 19491231     2.0
19500101 19500131     0.8
19500201 19500228    75.8
19500301 19500331   153.4
19500401 19500430     0.3
19500501 19500531    39.9
19500601 19500630    27.1
19500701 19500731     0.0
19500801 19500831     0.0
19500901 19500930     0.0
19501001 19501031    25.5
19501101 19501130    38.6
19501201 19501231    47.3
19510101 19510131     0.0
19510201 19510228     0.0
19510301 19510331     6.9
19510401 19510430     5.7
19510501 19510531     1.0
19510601 19510630    30.6
19510701 19510731     7.6
19510801 19510831     1.3
19510901 19510930    27.2
19511001 19511031     0.0
19511101 19511130     1.6
19511201 19511231     4.9
19520101 19520131     4.6
19520201 19520229     0.5
19520301 19520331    10.1
19520401 19520430     1.6
19520501 19520531    38.8
19520601 19520630    11.2
19520701 19520731    25.4
19520801 19520831    11.9
19520901 19520930     1.0
19521001 19521031    23.1
19521101 19521130     4.7
19521201 19521231     2.3
19530101 19530131    63.0
19530201 19530228    24.7
19530301 19530331     0.0
19530401 19530430     9.9
19530501 19530531     0.5
19530601 19530630     1.5
19530701 19530731     0.0
19530801 19530831    20.5
19530901 19530930     4.6
19531001 19531031     2.9
19531101 19531130     9.4
19531201 19531231    42.6
19540101 19540131    42.0
19540201 19540228     0.0
19540301 19540331     0.0
19540401 19540430    21.1
19540501 19540531     0.0
19540601 19540630     6.9
19540701 19540731     1.3
19540801 19540831     0.0
19540901 19540930     0.0
19541001 19541031    18.0
19541101 19541130    34.8
19541201 19541231    31.8
19550101 19550131     2.8
19550201 19550228    47.0
19550301 19550331   147.1
19550401 19550430     0.8
19550501 19550531    54.2
19550601 19550630    15.0
19550701 19550731    19.1
19550801 19550831    12.7
19550901 19550930    27.0
19551001 19551031    16.3
19551101 19551130    10.4
19551201 19551231     0.0
19560101 19560131    41.9
19560201 19560229    29.3
19560301 19560331    36.5
19560401 19560430    20.9
19560501 19560531    13.0
19560601 19560630    21.5
19560701 19560731    36.1
19560801 19560831     0.0
19560901 19560930     1.5
19561001 19561031    35.8
19561101 19561130     3.0
19561201 19561231     0.3
19570101 19570131     2.3
19570201 19570228    57.7
19570301 19570331     9.7
19570401 19570430     0.8
19570501 19570531     0.0
19570601 19570630    26.4
19570701 19570731    12.0
19570801 19570831     2.6
19570901 19570930     0.0
19571001 19571031     3.0
19571101 19571130     1.8
19571201 19571231    25.2
19580101 19580131     0.0
19580201 19580228     3.6
19580301 19580331    16.3
19580401 19580430     0.5
19580501 19580531    33.3
19580601 19580630    16.2
19580701 19580731    27.4
19580801 19580831    43.2
19580901 19580930     0.5
19581001 19581031    53.7
19581101 19581130    67.8
19581201 19581231     2.8
19590101 19590131     5.1
19590201 19590228     0.0
19590301 19590331    14.2
19590401 19590430     0.0
19590501 19590531    21.9
19590601 19590630     4.3
19590701 19590731    10.4
19590801 19590831     0.0
19590901 19590930     7.1
19591001 19591031     4.8
19591101 19591130     2.8
19591201 19591231    10.2
19600101 19600131     2.5
19600201 19600229     4.8
19600301 19600331     0.0
19600401 19600430     3.1
19600501 19600531    24.3
19600601 19600630     0.0
19600701 19600731    16.8
19600801 19600831     4.1
19600901 19600930     7.6
19601001 19601031     0.8
19601101 19601130     6.4
19601201 19601231     1.0
19610101 19610131     5.5
19610201 19610228     4.4
19610301 19610331     3.3
19610401 19610430    11.9
19610501 19610531     3.3
19610601 19610630     0.0
19610701 19610731     1.1
19610801 19610831     0.5
19610901 19610930     2.0
19611001 19611031     0.0
19611101 19611130    45.6
19611201 19611231    33.6
19620101 19620131    33.2
19620201 19620228     5.6
19620301 19620331     0.6
19620401 19620430     0.0
19620501 19620531     5.6
19620601 19620630     0.0
19620701 19620731    20.5
19620801 19620831     0.8
19620901 19620930     4.1
19621001 19621031     3.7
19621101 19621130     2.1
19621201 19621231    19.8
19630101 19630131    15.3
19630201 19630228     0.0
19630301 19630331     8.7
19630401 19630430     9.9
19630501 19630531    29.8
19630601 19630630    42.9
19630701 19630731     2.7
19630801 19630831     5.9
19630901 19630930     0.0
19631001 19631031     0.0
19631101 19631130     0.0
19631201 19631231    31.7
19640101 19640131     1.8
19640201 19640229     0.0
19640301 19640331     0.0
19640401 19640430    29.0
19640501 19640531     6.1
19640601 19640630     0.3
19640701 19640731     5.8
19640801 19640831     6.1
19640901 19640930    48.8
19641001 19641031    15.8
19641101 19641130     0.8
19641201 19641231     6.8
19650101 19650131     0.0
19650201 19650228     0.0
19650301 19650331     1.3
19650401 19650430     2.3
19650501 19650531     6.4
19650601 19650630     5.2
19650701 19650731     1.5
19650801 19650831    37.8
19650901 19650930     3.9
19651001 19651031     2.1
19651101 19651130     2.0
19651201 19651231    25.1
19660101 19660131    19.7
19660201 19660228    77.7
19660301 19660331     1.3
19660401 19660430     0.0
19660501 19660531     8.9
19660601 19660630     3.0
19660701 19660731     0.3
19660801 19660831     2.0
19660901 19660930     1.6
19661001 19661031     4.1
19661101 19661130     2.1
19661201 19661231     0.8
19670101 19670131     4.1
19670201 19670228    12.5
19670301 19670331     1.3
19670401 19670430     0.0
19670501 19670531     2.6
19670601 19670630     7.9
19670701 19670731     1.3
19670801 19670831     0.5
19670901 19670930     0.0
19671001 19671031     7.6
19671101 19671130     0.0
19671201 19671231     1.5
19680101 19680131    35.3
19680201 19680229     0.0
19680301 19680331     3.6
19680401 19680430    33.0
19680501 19680531    45.2
19680601 19680630     5.1
19680701 19680731    33.7
19680801 19680831     4.0
19680901 19680930     1.0
19681001 19681031     1.3
19681101 19681130    10.0
19681201 19681231     4.8
19690101 19690131     2.0
19690201 19690228     5.4
19690301 19690331    31.2
19690401 19690430     2.8
19690501 19690531     6.3
19690601 19690630    12.2
19690701 19690731    13.5
19690801 19690831     4.1
19690901 19690930    13.5
19691001 19691031    26.0
19691101 19691130     3.3
19691201 19691231    18.3
19700101 19700131     0.0
19700201 19700228    17.5
19700301 19700331     0.8
19700401 19700430    52.8
19700501 19700531     0.8
19700601 19700630     0.0
19700701 19700731     0.0
19700801 19700831     1.6
19700901 19700930    29.0
19701001 19701031     2.6
19701101 19701130    12.2
19701201 19701231     1.8
19710101 19710131     0.0
19710201 19710228     7.1
19710301 19710331    28.9
19710401 19710430    26.1
19710501 19710531     0.0
19710601 19710630     7.1
19710701 19710731     0.3
19710801 19710831    19.3
19710901 19710930     4.6
19711001 19711031     0.0
19711101 19711130    35.4
19711201 19711231     3.3
19720101 19720131   121.2
19720201 19720229     0.8
19720301 19720331     0.5
19720401 19720430     0.0
19720501 19720531     1.3
19720601 19720630     1.3
19720701 19720731     0.0
19720801 19720831    11.5
19720901 19720930     7.9
19721001 19721031     1.8
19721101 19721130     1.0
19721201 19721231     0.5
19730101 19730131     6.6
19730201 19730228    36.0
19730301 19730331    52.8
19730401 19730430    20.8
19730501 19730531     0.0
19730601 19730630    34.3
19730701 19730731    32.4
19730801 19730831    53.7
19730901 19730930    14.0
19731001 19731031    23.9
19731101 19731130    10.7
19731201 19731231    38.9
19740101 19740131    88.9
19740201 19740228    88.4
19740301 19740331     4.8
19740401 19740430    86.6
19740501 19740531    31.7
19740601 19740630     2.2
19740701 19740731    14.4
19740801 19740831     7.0
19740901 19740930    27.6
19741001 19741031    34.4
19741101 19741130     0.4
19741201 19741231     1.2
19750101 19750131     3.8
19750201 19750228   146.1
19750301 19750331     0.8
19750401 19750430     0.0
19750501 19750531     1.4
19750601 19750630     4.2
19750701 19750731     3.0
19750801 19750831    29.6
19750901 19750930    59.1
19751001 19751031    36.2
19751101 19751130     0.4
19751201 19751231    58.2
19760101 19760131    86.4
19760201 19760229   203.3
19760301 19760331     3.4
19760401 19760430     4.2
19760501 19760531     0.0
19760601 19760630     1.8
19760701 19760731     3.7
19760801 19760831     0.0
19760901 19760930     4.9
19761001 19761031    52.5
19761101 19761130    17.4
19761201 19761231     1.5
19770101 19770131     3.2
19770201 19770228     5.9
19770301 19770331     1.3
19770401 19770430     0.0
19770501 19770531     7.9
19770601 19770630     0.0
19770701 19770731     0.0
19770801 19770831     6.3
19770901 19770930     4.6
19771001 19771031    13.1
19771101 19771130    14.3
19771201 19771231    22.6
19780101 19780131    12.4
19780201 19780228     0.0
19780301 19780331     1.4
19780401 19780430     0.0
19780501 19780531    25.9
19780601 19780630    34.5
19780701 19780731    39.2
19780801 19780831    22.1
19780901 19780930    26.9
19781001 19781031    31.3
19781101 19781130     8.1
19781201 19781231     1.4
19790101 19790131    54.8
19790201 19790228   121.6
19790301 19790331     0.8
19790401 19790430    15.4
19790501 19790531    51.8
19790601 19790630     7.8
19790701 19790731    15.9
19790801 19790831    23.0
19790901 19790930    40.5
19791001 19791031     4.5
19791101 19791130    20.5
19791201 19791231     1.6
19800101 19800131    49.4
19800201 19800229     0.4
19800301 19800331     0.8
19800401 19800430    81.2
19800501 19800531     2.6
19800601 19800630    10.6
19800701 19800731    14.0
19800801 19800831     8.4
19800901 19800930     0.0
19801001 19801031    10.8
19801101 19801130     1.4
19801201 19801231     3.4
19810101 19810131    60.4
19810201 19810228     0.0
19810301 19810331    28.8
19810401 19810430     1.2
19810501 19810531    34.0
19810601 19810630     5.0
19810701 19810731    15.2
19810801 19810831     3.0
19810901 19810930     7.2
19811001 19811031     1.4
19811101 19811130    23.9
19811201 19811231    10.7
19820101 19820131     6.0
19820201 19820228    14.2
19820301 19820331    10.2
19820401 19820430     0.0
19820501 19820531     0.0
19820601 19820630     3.4
19820701 19820731     0.0
19820801 19820831     0.0
19820901 19820930    18.4
19821001 19821031     0.0
19821101 19821130     0.0
19821201 19821231     8.0
19830101 19830131     6.6
19830201 19830228     4.4
19830301 19830331     2.8
19830401 19830430     0.4
19830501 19830531     0.4
19830601 19830630     1.6
19830701 19830731     4.3
19830801 19830831    13.6
19830901 19830930     3.3
19831001 19831031     8.6
19831101 19831130     4.0
19831201 19831231    23.4
19840101 19840131   186.0
19840201 19840229     0.2
19840301 19840331     2.0
19840401 19840430     7.6
19840501 19840531     0.2
19840601 19840630    12.8
19840701 19840731    19.9
19840801 19840831     9.6
19840901 19840930    15.6
19841001 19841031    28.2
19841101 19841130     1.6
19841201 19841231     0.2
19850101 19850131     0.0
19850201 19850228     5.2
19850301 19850331     0.6
19850401 19850430     0.0
19850501 19850531    13.0
19850601 19850630     2.0
19850701 19850731     6.6
19850801 19850831    16.8
19850901 19850930     0.4
19851001 19851031    11.0
19851101 19851130    45.2
19851201 19851231     1.6
19860101 19860131     0.0
19860201 19860228     4.7
19860301 19860331     0.0
19860401 19860430     0.0
19860501 19860531    49.8
19860601 19860630     1.8
19860701 19860731    25.8
19860801 19860831    33.0
19860901 19860930     5.0
19861001 19861031    46.0
19861101 19861130    10.4
19861201 19861231     6.0
19870101 19870131    24.4
19870201 19870228    42.6
19870301 19870331    31.4
19870401 19870430     0.2
19870501 19870531     1.8
19870601 19870630    10.0
19870701 19870731     2.4
19870801 19870831    19.0
19870901 19870930     2.6
19871001 19871031     4.8
19871101 19871130     1.0
19871201 19871231    18.0
19880101 19880131     0.0
19880201 19880229     0.0
19880301 19880331    32.4
19880401 19880430     0.6
19880501 19880531    52.4
19880601 19880630    11.3
19880701 19880731    13.4
19880801 19880831     5.8
19880901 19880930     2.0
19881001 19881031     0.0
19881101 19881130     0.4
19881201 19881231    81.4
19890101 19890131     0.6
19890201 19890228     5.2
19890301 19890331   178.6
19890401 19890430     4.2
19890501 19890531     7.8
19890601 19890630    21.0
19890701 19890731    30.6
19890801 19890831     0.4
19890901 19890930     0.0
19891001 19891031    20.4
19891101 19891130    30.6
19891201 19891231     6.2
19900101 19900131    60.2
19900201 19900228     0.6
19900301 19900331     4.8
19900401 19900430     6.4
19900501 19900531    33.0
19900601 19900630     3.5
19900701 19900731     5.4
19900801 19900831    11.0
19900901 19900930     0.2
19901001 19901031     3.2
19901101 19901130     0.0
19901201 19901231     1.7
19910101 19910131     7.8
19910201 19910228     0.0
19910301 19910331     9.6
19910401 19910430     0.0
19910501 19910531     0.0
19910601 19910630    36.4
19910701 19910731    14.5
19910801 19910831     0.2
19910901 19910930     0.4
19911001 19911031     0.0
19911101 19911130    18.0
19911201 19911231     0.6
19920101 19920131     5.0
19920201 19920229    42.1
19920301 19920331    17.0
19920401 19920430     4.0
19920501 19920531    26.2
19920601 19920630     2.4
19920701 19920731     0.4
19920801 19920831    60.8
19920901 19920930    11.6
19921001 19921031    34.8
19921101 19921130     8.4
19921201 19921231    29.0
19930101 19930131     8.6
19930201 19930228     6.4
19930301 19930331    22.8
19930401 19930430     0.0
19930501 19930531    34.6
19930601 19930630     2.7
19930701 19930731    49.8
19930801 19930831     2.9
19930901 19930930     3.0
19931001 19931031    60.2
19931101 19931130     5.2
19931201 19931231    48.0
19940101 19940131    12.4
19940201 19940228    38.0
19940301 19940331     0.0
19940401 19940430     0.0
19940501 19940531     3.2
19940601 19940630    15.9
19940701 19940731     2.8
19940801 19940831     0.0
19940901 19940930     1.0
19941001 19941031     0.0
19941101 19941130     0.6
19941201 19941231     1.2
19950101 19950131    59.2
19950201 19950228    17.6
19950301 19950331     0.0
19950401 19950430    15.4
19950501 19950531    21.4
19950601 19950630    18.2
19950701 19950731     2.6
19950801 19950831     0.0
19950901 19950930    13.4
19951001 19951031    32.5
19951101 19951130    46.4
19951201 19951231    34.0
19960101 19960131     0.6
19960201 19960229     0.2
19960301 19960331     1.0
19960401 19960430     0.0
19960501 19960531     0.0
19960601 19960630    12.2
19960701 19960731    32.4
19960801 19960831     3.2
19960901 19960930    21.1
19961001 19961031     2.0
19961101 19961130     3.4
19961201 19961231    20.4
19970101 19970131    14.2
19970201 19970228   124.4
19970301 19970331     2.0
19970401 19970430     0.0
19970501 19970531    17.6
19970601 19970630     4.8
19970701 19970731     0.0
19970801 19970831     6.3
19970901 19970930    18.4
19971001 19971031     6.0
19971101 19971130    17.0
19971201 19971231     2.0
19980101 19980131    15.4
19980201 19980228    16.4
19980301 19980331     0.0
19980401 19980430     8.1
19980501 19980531    21.1
19980601 19980630     0.0
19980701 19980731    53.9
19980801 19980831     3.2
19980901 19980930    27.6
19981001 19981031     5.4
19981101 19981130    33.1
19981201 19981231     5.8
19990101 19990131     0.0
19990201 19990228     4.4
19990301 19990331     1.8
19990401 19990430     0.6
19990501 19990531     1.8
19990601 19990630     0.3
19990701 19990731     2.0
19990801 19990831     5.0
19990901 19990930     4.0
19991001 19991031    24.2
19991101 19991130     4.6
19991201 19991231    29.4
20000101 20000131     6.2
20000201 20000229    77.0
20000301 20000331     6.4
20000401 20000430    45.0
20000501 20000531    14.2
20000601 20000630     0.6
20000701 20000731     5.6
20000801 20000831     4.5
20000901 20000930     2.4
20001001 20001031    19.6
20001101 20001130    29.4
20001201 20001231    12.4
20010101 20010131    80.7
20010201 20010228    17.0
20010301 20010331    21.3
20010401 20010430     3.9
20010501 20010531     3.4
20010601 20010630    70.6
20010701 20010731     1.2
20010801 20010831     0.0
20010901 20010930    13.4
20011001 20011031    52.2
20011101 20011130     4.3
20011201 20011231    16.2
20020101 20020131     5.6
20020201 20020228     5.2
20020301 20020331     0.0
20020401 20020430     0.0
20020501 20020531     4.0
20020601 20020630     3.0
20020701 20020731     0.0
20020801 20020831     1.0
20020901 20020930     3.0
20021001 20021031     0.0
20021101 20021130    11.4
20021201 20021231     8.8
20030101 20030131    21.2
20030201 20030228    47.6
20030301 20030331     0.0
20030401 20030430    12.3
20030501 20030531     1.0
20030601 20030630     4.4
20030701 20030731     0.2
20030801 20030831    20.0
20030901 20030930     5.0
20031001 20031031     1.8
20031101 20031130     3.2
20031201 20031231    10.2
20040101 20040131     0.8
20040201 20040229     7.0
20040301 20040331     0.0
20040401 20040430     2.2
20040501 20040531    19.5
20040601 20040630    42.0
20040701 20040731     1.5
20040801 20040831    12.7
20040901 20040930     1.6
20041001 20041031     8.6
20041101 20041130     8.2
20041201 20041231     3.2
20050101 20050131     0.2
20050201 20050228     0.0
20050301 20050331     0.0
20050401 20050430     0.0
20050501 20050531     0.4
20050601 20050630    26.2
20050701 20050731    27.0
20050801 20050831     0.3
20050901 20050930    19.3
20051001 20051031    45.4
20051101 20051130     4.2
20051201 20051231     1.6
20060101 20060131    21.3
20060201 20060228    11.6
20060301 20060331     0.5
20060401 20060430     9.2
20060501 20060531     0.0
20060601 20060630     0.0
20060701 20060731    14.6
20060801 20060831     0.0
20060901 20060930     0.0
20061001 20061031     1.2
20061101 20061130     9.2
20061201 20061231    15.2
20070101 20070131    37.0
20070201 20070228     0.0
20070301 20070331    20.5
20070401 20070430     1.5
20070501 20070531     2.4
20070601 20070630     0.9
20070701 20070731     0.4
20070801 20070831     0.0
20070901 20070930     0.0
20071001 20071031     0.0
20071101 20071130     3.2
20071201 20071231    12.4
20080101 20080131     0.0
20080201 20080229    22.3
20080301 20080331     0.0
20080401 20080430     1.8
20080501 20080531     0.0
20080601 20080630    19.2
20080701 20080731     2.2
20080801 20080831    17.6
20080901 20080930     0.0
20081001 20081031     0.6
20081101 20081130    38.7
20081201 20081231    53.4
20090101 20090131     0.0
20090201 20090228     0.0
20090301 20090331     2.8
20090401 20090430    24.0
20090501 20090531     5.7
20090601 20090630     0.1
20090701 20090731     2.5
20090801 20090831     6.4
20090901 20090930    23.2
20091001 20091031     1.0
20091101 20091130    42.0
20091201 20091231    26.4
20100101 20100131     0.4
20100201 20100228    55.2
20100301 20100331     4.6
20100401 20100430    31.8
20100501 20100531    13.6
20100601 20100630     0.4
20100701 20100731    52.6
20100801 20100831    27.6
20100901 20100930    71.5
20101001 20101031    33.2
20101101 20101130    35.0
20101201 20101231    27.4
20110101 20110131    36.0
20110201 20110228    10.4
20110301 20110331    55.9
20110401 20110430     0.0
20110501 20110531     1.1
20110601 20110630     0.0
20110701 20110731     7.2
20110801 20110831     1.3
20110901 20110930     5.8
20111001 20111031     9.5
20111101 20111130    28.8
20111201 20111231    16.4
20120101 20120131     7.4
20120201 20120229    71.3
20120301 20120331    31.0
20120401 20120430     0.0
20120501 20120531     0.0
20120601 20120630    14.2
20120701 20120731     2.4
20120801 20120831     0.5
20120901 20120930     2.0
20121001 20121031     0.2
20121101 20121130     3.3
20121201 20121231     5.6
20130101 20130131     1.2
20130201 20130228    19.0
20130301 20130331    15.8
20130401 20130430     3.4
20130501 20130531    14.6
20130601 20130630    32.9
20130701 20130731     1.2
20130801 20130831     0.0
20130901 20130930     0.0
20131001 20131031     3.0
20131101 20131130     0.0
20131201 20131231    12.9
20140101 20140131     0.0
20140201 20140228    55.0
20140301 20140331     5.6
20140401 20140430    42.5
20140501 20140531     9.4
20140601 20140630     0.0
20140701 20140731     0.1
20140801 20140831    22.7
20140901 20140930    15.1
20141001 20141031     0.4
20141101 20141130     6.2
20141201 20141231     7.2
