PRCP       092037 19040101 20041031 missing_value=99999.9 SWAN ISLAND LIGHTHOUSE                    
19040101 19040131    82.6
19040201 19040229    45.5
19040301 19040331    15.5
19040401 19040430    49.5
19040501 19040531    59.7
19040601 19040630    34.3
19040701 19040731    49.8
19040801 19040831    27.7
19040901 19040930    28.4
19041001 19041031    29.7
19041101 19041130    35.1
19041201 19041231    31.8
19050101 19050131    40.4
19050201 19050228     9.9
19050301 19050331    17.3
19050401 19050430    27.7
19050501 19050531   210.6
19050601 19050630   104.4
19050701 19050731    88.6
19050801 19050831    11.7
19050901 19050930    34.0
19051001 19051031    66.5
19051101 19051130    32.8
19051201 19051231    20.1
19060101 19060131     1.0
19060201 19060228     4.6
19060301 19060331    83.8
19060401 19060430    54.1
19060501 19060531    61.5
19060601 19060630    74.9
19060701 19060731   137.4
19060801 19060831    43.7
19060901 19060930    18.8
19061001 19061031   108.7
19061101 19061130    39.6
19061201 19061231    43.4
19070101 19070131    28.9
19070201 19070228    63.2
19070301 19070331    44.0
19070401 19070430    87.5
19070501 19070531    14.0
19070601 19070630    32.8
19070701 19070731    38.1
19070801 19070831    53.8
19070901 19070930    33.7
19071001 19071031    70.2
19071101 19071130     9.1
19071201 19071231    77.0
19080101 19080131    11.9
19080201 19080229    17.3
19080301 19080331    47.5
19080401 19080430    16.8
19080501 19080531    53.6
19080601 19080630    36.3
19080701 19080731    32.1
19080801 19080831    14.3
19080901 19080930    43.8
19081001 19081031    23.3
19081101 19081130     9.9
19081201 19081231    21.0
19090101 19090131    45.9
19090201 19090228    28.7
19090301 19090331    50.2
19090401 19090430    27.2
19090501 19090531    59.3
19090601 19090630    79.4
19090701 19090731    55.9
19090801 19090831    73.1
19090901 19090930    53.3
19091001 19091031    28.7
19091101 19091130    20.3
19091201 19091231    21.3
19100101 19100131    20.7
19100201 19100228     7.4
19100301 19100331    17.7
19100401 19100430    37.7
19100501 19100531    41.8
19100601 19100630    83.1
19100701 19100731    75.4
19100801 19100831    81.5
19100901 19100930    78.8
19101001 19101031    69.2
19101101 19101130    37.9
19101201 19101231    84.0
19110101 19110131    24.4
19110201 19110228    40.2
19110301 19110331   148.7
19110401 19110430    50.5
19110501 19110531    70.6
19110601 19110630    75.3
19110701 19110731    36.6
19110801 19110831    40.1
19110901 19110930    35.0
19111001 19111031    43.6
19111101 19111130     7.1
19111201 19111231    65.5
19120101 19120131    10.9
19120201 19120229     3.1
19120301 19120331    40.1
19120401 19120430    63.7
19120501 19120531    40.3
19120601 19120630    80.4
19120701 19120731    93.5
19120801 19120831    52.6
19120901 19120930   100.7
19121001 19121031    37.8
19121101 19121130    28.0
19121201 19121231    67.6
19130101 19130131     3.1
19130201 19130228    12.9
19130301 19130331    89.6
19130401 19130430    40.0
19130501 19130531    27.7
19130601 19130630    48.7
19130701 19130731    56.7
19130801 19130831    62.1
19130901 19130930    28.1
19131001 19131031    43.1
19131101 19131130    35.8
19131201 19131231    25.4
19140101 19140131    47.8
19140201 19140228     2.8
19140301 19140331    98.7
19140401 19140430   100.6
19140501 19140531    55.7
19140601 19140630    19.5
19140701 19140731    97.8
19140801 19140831    10.7
19140901 19140930    12.7
19141001 19141031     2.1
19141101 19141130    33.5
19141201 19141231   106.7
19150101 19150131     1.5
19150201 19150228     5.9
19150301 19150331    20.3
19150401 19150430    52.3
19150501 19150531    53.8
19150601 19150630    75.7
19150701 19150731    38.3
19150801 19150831   106.1
19150901 19150930    62.5
19151001 19151031    34.3
19151101 19151130    19.3
19151201 19151231     6.1
19160101 19160131   127.1
19160201 19160229    38.2
19160301 19160331     7.3
19160401 19160430    59.4
19160501 19160531    42.0
19160601 19160630    87.7
19160701 19160731    46.3
19160801 19160831    82.6
19160901 19160930   102.3
19161001 19161031    71.5
19161101 19161130   102.7
19161201 19161231   111.9
19170101 19170131    40.4
19170201 19170228    25.4
19170301 19170331    50.5
19170401 19170430   126.0
19170501 19170531   121.9
19170601 19170630    91.1
19170701 19170731    75.9
19170801 19170831    67.8
19170901 19170930    79.5
19171001 19171031    97.5
19171101 19171130    60.5
19171201 19171231     6.8
19180101 19180131    30.5
19180201 19180228    10.3
19180301 19180331    52.8
19180401 19180430    61.7
19180501 19180531    75.8
19180601 19180630   103.4
19180701 19180731    65.5
19180801 19180831    31.8
19180901 19180930    25.5
19181001 19181031    62.3
19181101 19181130    11.5
19181201 19181231    19.6
19190101 19190131    40.1
19190201 19190228    65.6
19190301 19190331    37.2
19190401 19190430    19.9
19190501 19190531    45.1
19190601 19190630    59.3
19190701 19190731    44.6
19190801 19190831    21.3
19190901 19190930    34.9
19191001 19191031    45.7
19191101 19191130    15.0
19191201 19191231    40.6
19200101 19200131    24.6
19200201 19200229    22.0
19200301 19200331    43.5
19200401 19200430    82.9
19200501 19200531    43.8
19200601 19200630   119.7
19200701 19200731    44.3
19200801 19200831    87.7
19200901 19200930    47.5
19201001 19201031    31.7
19201101 19201130    29.9
19201201 19201231    28.4
19210101 19210131    64.3
19210201 19210228    21.1
19210301 19210331     9.7
19210401 19210430    42.5
19210501 19210531    85.1
19210601 19210630    53.5
19210701 19210731    64.0
19210801 19210831    49.9
19210901 19210930    55.0
19211001 19211031    34.7
19211101 19211130    50.6
19211201 19211231    48.5
19220101 19220131    37.7
19220201 19220228    68.3
19220301 19220331    15.2
19220401 19220430    36.4
19220501 19220531    34.1
19220601 19220630    99.6
19220701 19220731    71.7
19220801 19220831    21.3
19220901 19220930    20.9
19221001 19221031   106.9
19221101 19221130    40.9
19221201 19221231    55.5
19230101 19230131    36.6
19230201 19230228    12.7
19230301 19230331    14.8
19230401 19230430     8.1
19230501 19230531   110.8
19230601 19230630    64.1
19230701 19230731    39.6
19230801 19230831    30.4
19230901 19230930    79.3
19231001 19231031    59.3
19231101 19231130    59.6
19231201 19231231    86.0
19240101 19240131    79.9
19240201 19240229   101.5
19240301 19240331    70.5
19240401 19240430    39.5
19240501 19240531    42.5
19240601 19240630    37.1
19240701 19240731    34.0
19240801 19240831    77.1
19240901 19240930    56.1
19241001 19241031    61.2
19241101 19241130    39.3
19241201 19241231    10.8
19250101 19250131    29.4
19250201 19250228    49.7
19250301 19250331    18.7
19250401 19250430    33.4
19250501 19250531    64.6
19250601 19250630    30.8
19250701 19250731    47.6
19250801 19250831    44.7
19250901 19250930    33.2
19251001 19251031    52.8
19251101 19251130    10.0
19251201 19251231    11.0
19260101 19260131    12.5
19260201 19260228    11.0
19260301 19260331     6.5
19260401 19260430    69.1
19260501 19260531    49.9
19260601 19260630    45.6
19260701 19260731    81.6
19260801 19260831    80.0
19260901 19260930    36.3
19261001 19261031    91.2
19261101 19261130    43.7
19261201 19261231    47.2
19270101 19270131    42.9
19270201 19270228    22.7
19270301 19270331    91.8
19270401 19270430     7.7
19270501 19270531    48.6
19270601 19270630    22.2
19270701 19270731    64.0
19270801 19270831    64.8
19270901 19270930    28.8
19271001 19271031    31.6
19271101 19271130    25.8
19271201 19271231    37.3
19280101 19280131    45.3
19280201 19280229    54.6
19280301 19280331    50.7
19280401 19280430    92.2
19280501 19280531    46.8
19280601 19280630   104.6
19280701 19280731    55.1
19280801 19280831    43.9
19280901 19280930    99.9
19281001 19281031   119.2
19281101 19281130    39.5
19281201 19281231    50.8
19290101 19290131    24.9
19290201 19290228    27.9
19290301 19290331    32.9
19290401 19290430   166.0
19290501 19290531    53.6
19290601 19290630    85.8
19290701 19290731    30.1
19290801 19290831    49.7
19290901 19290930    37.3
19291001 19291031    65.8
19291101 19291130    84.9
19291201 19291231    83.0
19300101 19300131     2.8
19300201 19300228    67.6
19300301 19300331     5.3
19300401 19300430    53.1
19300501 19300531    50.3
19300601 19300630    34.0
19300701 19300731   100.1
19300801 19300831    67.2
19300901 19300930    39.3
19301001 19301031   104.0
19301101 19301130    46.8
19301201 19301231   107.9
19310101 19310131    22.6
19310201 19310228    26.3
19310301 19310331   142.5
19310401 19310430    36.6
19310501 19310531    86.3
19310601 19310630   121.8
19310701 19310731    92.6
19310801 19310831    32.6
19310901 19310930    42.0
19311001 19311031    46.6
19311101 19311130    40.6
19311201 19311231     6.2
19320101 19320131     9.1
19320201 19320229    22.3
19320301 19320331    87.9
19320401 19320430    84.8
19320501 19320531     1.3
19320601 19320630   114.3
19320701 19320731    48.8
19320801 19320831    87.0
19320901 19320930    20.2
19321001 19321031   100.6
19321101 19321130    71.3
19321201 19321231    56.8
19330101 19330131    39.3
19330201 19330228    13.8
19330301 19330331    32.7
19330401 19330430    56.5
19330501 19330531    66.9
19330601 19330630    24.6
19330701 19330731    37.3
19330801 19330831    78.7
19330901 19330930    73.4
19331001 19331031    58.2
19331101 19331130    15.5
19331201 19331231    40.7
19340101 19340131    24.2
19340201 19340228    75.0
19340301 19340331    39.5
19340401 19340430   108.3
19340501 19340531     9.3
19340601 19340630    24.7
19340701 19340731    71.1
19340801 19340831    38.6
19340901 19340930    71.0
19341001 19341031   108.9
19341101 19341130    69.9
19341201 19341231    76.1
19350101 19350131    77.4
19350201 19350228   107.9
19350301 19350331    48.8
19350401 19350430   108.5
19350501 19350531    66.8
19350601 19350630    56.8
19350701 19350731    37.1
19350801 19350831    66.0
19350901 19350930    44.8
19351001 19351031    30.6
19351101 19351130    42.3
19351201 19351231    17.8
19360101 19360131    31.1
19360201 19360229    35.1
19360301 19360331    46.2
19360401 19360430    38.4
19360501 19360531    39.5
19360601 19360630   115.1
19360701 19360731    84.2
19360801 19360831   138.9
19360901 19360930    36.0
19361001 19361031    56.4
19361101 19361130    59.3
19361201 19361231    78.3
19370101 19370131    97.1
19370201 19370228    34.3
19370301 19370331    85.8
19370401 19370430    13.6
19370501 19370531    38.4
19370601 19370630    48.1
19370701 19370731    24.2
19370801 19370831    20.9
19370901 19370930    90.6
19371001 19371031    52.1
19371101 19371130    35.2
19371201 19371231    44.1
19380101 19380131    23.6
19380201 19380228    88.1
19380301 19380331    48.6
19380401 19380430    45.1
19380501 19380531    46.8
19380601 19380630   136.4
19380701 19380731    91.8
19380801 19380831    35.5
19380901 19380930    25.7
19381001 19381031    31.7
19381101 19381130    24.2
19381201 19381231    32.7
19390101 19390131     2.0
19390201 19390228   110.2
19390301 19390331    44.0
19390401 19390430    52.6
19390501 19390531    57.1
19390601 19390630   298.6
19390701 19390731    27.4
19390801 19390831   260.3
19390901 19390930    52.4
19391001 19391031    69.7
19391101 19391130    61.4
19391201 19391231    60.7
19400101 19400131    51.1
19400201 19400229    16.2
19400301 19400331    15.5
19400401 19400430    54.3
19400501 19400531    35.3
19400601 19400630    23.5
19400701 19400731    40.4
19400801 19400831    19.1
19400901 19400930    42.9
19401001 19401031     7.5
19401101 19401130    91.1
19401201 19401231    61.6
19410101 19410131    57.2
19410201 19410228    12.4
19410301 19410331    64.1
19410401 19410430     8.3
19410501 19410531     9.2
19410601 19410630    40.6
19410701 19410731    36.6
19410801 19410831    41.7
19410901 19410930    59.5
19411001 19411031    31.6
19411101 19411130    34.1
19411201 19411231    26.2
19420101 19420131    25.5
19420201 19420228    20.1
19420301 19420331    12.3
19420401 19420430    34.4
19420501 19420531   144.1
19420601 19420630    61.5
19420701 19420731   154.8
19420801 19420831    84.2
19420901 19420930    39.7
19421001 19421031    43.3
19421101 19421130    12.4
19421201 19421231    40.7
19430101 19430131    27.4
19430201 19430228    26.7
19430301 19430331     2.0
19430401 19430430    72.4
19430501 19430531    26.8
19430601 19430630    37.5
19430701 19430731    51.0
19430801 19430831    47.3
19430901 19430930    51.1
19431001 19431031    29.3
19431101 19431130    45.9
19431201 19431231     9.9
19440101 19440131    69.9
19440201 19440229    25.9
19440301 19440331    53.0
19440401 19440430    33.1
19440501 19440531    77.0
19440601 19440630    21.1
19440701 19440731    43.6
19440801 19440831    17.2
19440901 19440930    30.1
19441001 19441031    61.8
19441101 19441130    36.0
19441201 19441231    71.9
19450101 19450131    34.6
19450201 19450228    82.2
19450301 19450331     9.2
19450401 19450430    36.0
19450501 19450531    41.9
19450601 19450630    57.3
19450701 19450731    19.3
19450801 19450831    98.6
19450901 19450930    48.1
19451001 19451031    42.4
19451101 19451130    29.2
19451201 19451231    37.6
19460101 19460131    82.1
19460201 19460228   137.3
19460301 19460331   117.6
19460401 19460430    71.7
19460501 19460531    24.1
19460601 19460630   104.7
19460701 19460731   105.0
19460801 19460831    52.4
19460901 19460930    53.9
19461001 19461031    23.5
19461101 19461130    25.7
19461201 19461231    38.8
19470101 19470131    10.6
19470201 19470228    21.6
19470301 19470331    62.4
19470401 19470430    24.7
19470501 19470531    40.4
19470601 19470630   129.7
19470701 19470731   110.0
19470801 19470831   101.9
19470901 19470930    44.1
19471001 19471031    83.9
19471101 19471130    69.7
19471201 19471231    61.1
19480101 19480131    21.2
19480201 19480229    25.5
19480301 19480331    15.0
19480401 19480430    15.3
19480501 19480531    51.6
19480601 19480630    18.9
19480701 19480731    60.7
19480801 19480831    19.8
19480901 19480930    31.0
19481001 19481031   180.7
19481101 19481130    31.7
19481201 19481231    20.2
19490101 19490131    41.4
19490201 19490228    50.0
19490301 19490331    50.3
19490401 19490430     5.2
19490501 19490531    42.6
19490601 19490630   116.5
19490701 19490731    66.9
19490801 19490831    26.0
19490901 19490930    10.8
19491001 19491031   141.9
19491101 19491130   114.9
19491201 19491231    39.9
19500101 19500131    29.9
19500201 19500228     5.5
19500301 19500331    41.0
19500401 19500430    29.7
19500501 19500531    77.5
19500601 19500630    30.2
19500701 19500731    33.8
19500801 19500831    41.6
19500901 19500930    47.4
19501001 19501031    75.7
19501101 19501130    58.0
19501201 19501231    44.5
19510101 19510131     9.6
19510201 19510228    29.4
19510301 19510331     7.1
19510401 19510430    66.8
19510501 19510531    36.0
19510601 19510630    35.6
19510701 19510731    61.0
19510801 19510831    37.0
19510901 19510930    20.5
19511001 19511031    34.1
19511101 19511130    52.8
19511201 19511231    50.5
19520101 19520131    21.4
19520201 19520229    20.3
19520301 19520331     3.5
19520401 19520430    83.9
19520501 19520531   132.5
19520601 19520630   144.2
19520701 19520731    62.5
19520801 19520831    41.0
19520901 19520930    79.8
19521001 19521031   113.5
19521101 19521130   121.3
19521201 19521231     5.9
19530101 19530131    34.7
19530201 19530228    23.4
19530301 19530331    19.7
19530401 19530430    52.0
19530501 19530531    46.2
19530601 19530630    57.3
19530701 19530731    40.5
19530801 19530831    59.2
19530901 19530930    80.1
19531001 19531031    74.1
19531101 19531130    72.2
19531201 19531231    26.8
19540101 19540131     9.6
19540201 19540228    49.4
19540301 19540331    30.1
19540401 19540430    49.6
19540501 19540531    27.5
19540601 19540630    91.0
19540701 19540731    35.3
19540801 19540831    74.7
19540901 19540930    29.8
19541001 19541031    18.6
19541101 19541130    47.0
19541201 19541231    33.6
19550101 19550131    17.5
19550201 19550228    47.8
19550301 19550331    21.6
19550401 19550430    56.0
19550501 19550531    80.7
19550601 19550630   124.2
19550701 19550731    54.6
19550801 19550831   202.2
19550901 19550930    59.4
19551001 19551031    84.0
19551101 19551130    36.4
19551201 19551231    72.9
19560101 19560131    59.1
19560201 19560229    79.3
19560301 19560331    92.0
19560401 19560430   131.3
19560501 19560531    73.8
19560601 19560630   135.9
19560701 19560731    32.3
19560801 19560831    52.2
19560901 19560930    32.2
19561001 19561031    70.1
19561101 19561130    33.2
19561201 19561231    29.3
19570101 19570131    13.7
19570201 19570228    22.7
19570301 19570331    27.4
19570401 19570430    74.1
19570501 19570531    32.7
19570601 19570630    25.4
19570701 19570731    33.5
19570801 19570831    17.2
19570901 19570930    35.0
19571001 19571031    55.7
19571101 19571130    74.3
19571201 19571231    58.4
19580101 19580131     4.3
19580201 19580228    21.8
19580301 19580331    45.2
19580401 19580430     7.4
19580501 19580531   113.9
19580601 19580630    25.7
19580701 19580731    95.3
19580801 19580831    97.3
19580901 19580930    13.8
19581001 19581031   135.5
19581101 19581130    30.2
19581201 19581231    65.7
19590101 19590131    18.6
19590201 19590228    48.3
19590301 19590331    23.1
19590401 19590430    27.9
19590501 19590531     5.9
19590601 19590630    44.8
19590701 19590731    59.1
19590801 19590831    50.2
19590901 19590930    90.0
19591001 19591031    15.3
19591101 19591130    31.9
19591201 19591231    39.1
19600101 19600131     5.7
19600201 19600229    22.7
19600301 19600331    38.1
19600401 19600430    97.6
19600501 19600531   219.3
19600601 19600630    20.8
19600701 19600731    84.7
19600801 19600831    63.6
19600901 19600930    39.5
19601001 19601031    49.8
19601101 19601130    56.8
19601201 19601231     5.8
19610101 19610131     8.4
19610201 19610228    22.3
19610301 19610331    18.6
19610401 19610430    99.1
19610501 19610531    21.4
19610601 19610630    47.3
19610701 19610731    46.6
19610801 19610831    27.1
19610901 19610930    15.3
19611001 19611031    43.2
19611101 19611130    35.8
19611201 19611231    55.8
19620101 19620131    48.1
19620201 19620228    61.0
19620301 19620331    11.1
19620401 19620430    15.2
19620501 19620531   137.7
19620601 19620630    86.2
19620701 19620731    65.5
19620801 19620831    91.9
19620901 19620930    34.2
19621001 19621031    62.2
19621101 19621130    38.4
19621201 19621231    25.5
19630101 19630131    63.8
19630201 19630228    36.1
19630301 19630331    44.1
19630401 19630430     2.1
19630501 19630531    45.8
19630601 19630630    39.7
19630701 19630731    57.1
19630801 19630831    31.7
19630901 19630930    62.3
19631001 19631031    60.8
19631101 19631130    18.7
19631201 19631231    23.7
19640101 19640131     9.7
19640201 19640229   140.2
19640301 19640331    29.0
19640401 19640430    48.2
19640501 19640531    74.5
19640601 19640630    97.7
19640701 19640731   128.7
19640801 19640831    53.9
19640901 19640930    45.9
19641001 19641031    55.2
19641101 19641130    58.5
19641201 19641231   119.9
19650101 19650131    36.6
19650201 19650228     0.5
19650301 19650331    39.6
19650401 19650430   103.7
19650501 19650531    84.7
19650601 19650630    20.1
19650701 19650731    63.9
19650801 19650831    41.3
19650901 19650930    39.8
19651001 19651031    16.5
19651101 19651130    52.5
19651201 19651231    48.0
19660101 19660131    14.2
19660201 19660228    49.8
19660301 19660331    37.1
19660401 19660430    56.2
19660501 19660531    44.2
19660601 19660630    30.6
19660701 19660731    56.0
19660801 19660831    36.3
19660901 19660930   117.0
19661001 19661031    55.1
19661101 19661130    29.4
19661201 19661231    44.5
19670101 19670131    11.8
19670201 19670228    13.5
19670301 19670331     3.1
19670401 19670430     9.1
19670501 19670531    22.9
19670601 19670630    20.0
19670701 19670731   120.8
19670801 19670831   119.3
19670901 19670930    72.5
19671001 19671031    22.0
19671101 19671130    35.7
19671201 19671231    41.9
19680101 19680131     9.8
19680201 19680229     6.3
19680301 19680331    36.4
19680401 19680430    82.6
19680501 19680531    94.0
19680601 19680630    30.2
19680701 19680731    33.9
19680801 19680831   102.9
19680901 19680930    14.9
19681001 19681031    64.7
19681101 19681130    80.5
19681201 19681231    19.9
19690101 19690131    27.2
19690201 19690228    43.0
19690301 19690331    47.3
19690401 19690430    44.0
19690501 19690531   102.5
19690601 19690630    22.3
19690701 19690731    41.0
19690801 19690831    56.7
19690901 19690930    68.6
19691001 19691031    16.1
19691101 19691130    75.5
19691201 19691231    83.1
19700101 19700131    49.9
19700201 19700228    33.4
19700301 19700331   142.1
19700401 19700430    68.7
19700501 19700531    57.9
19700601 19700630    86.6
19700701 19700731    76.6
19700801 19700831   120.2
19700901 19700930    65.4
19701001 19701031    12.5
19701101 19701130    57.4
19701201 19701231   159.4
19710101 19710131    27.7
19710201 19710228    55.9
19710301 19710331    28.0
19710401 19710430    92.3
19710501 19710531   156.9
19710601 19710630   138.8
19710701 19710731    27.6
19710801 19710831   240.4
19710901 19710930    59.7
19711001 19711031   108.9
19711101 19711130    64.9
19711201 19711231    45.7
19720101 19720131    52.7
19720201 19720229    29.2
19720301 19720331     3.9
19720401 19720430    36.3
19720501 19720531    14.3
19720601 19720630    44.8
19720701 19720731   128.7
19720801 19720831    66.5
19720901 19720930    25.8
19721001 19721031    14.5
19721101 19721130    73.5
19721201 19721231     8.7
19730101 19730131    22.6
19730201 19730228   116.9
19730301 19730331    71.0
19730401 19730430    71.1
19730501 19730531    94.3
19730601 19730630    74.4
19730701 19730731    37.1
19730801 19730831    72.1
19730901 19730930    51.9
19731001 19731031    58.2
19731101 19731130    47.3
19731201 19731231    52.3
19740101 19740131    24.3
19740201 19740228    13.2
19740301 19740331    12.6
19740401 19740430   166.9
19740501 19740531    89.0
19740601 19740630    28.4
19740701 19740731   155.0
19740801 19740831    56.1
19740901 19740930    63.6
19741001 19741031    48.0
19741101 19741130    66.2
19741201 19741231    60.6
19750101 19750131    56.8
19750201 19750228     9.0
19750301 19750331    47.0
19750401 19750430    21.2
19750501 19750531   111.6
19750601 19750630    40.5
19750701 19750731    93.4
19750801 19750831    51.0
19750901 19750930    58.8
19751001 19751031    71.6
19751101 19751130    67.6
19751201 19751231    30.2
19760101 19760131    10.4
19760201 19760229    20.9
19760301 19760331    70.4
19760401 19760430     7.6
19760501 19760531    22.6
19760601 19760630    46.2
19760701 19760731    19.0
19760801 19760831    56.4
19760901 19760930    37.9
19761001 19761031    81.0
19761101 19761130    63.8
19761201 19761231   106.4
19770101 19770131    35.2
19770201 19770228    97.8
19770301 19770331    77.5
19770401 19770430    10.4
19770501 19770531    42.5
19770601 19770630    48.2
19770701 19770731    43.8
19770801 19770831    24.7
19770901 19770930    30.0
19771001 19771031    24.4
19771101 19771130    75.3
19771201 19771231     2.2
19780101 19780131    40.7
19780201 19780228    80.3
19780301 19780331    47.8
19780401 19780430    39.4
19780501 19780531    43.6
19780601 19780630    65.7
19780701 19780731    53.6
19780801 19780831    22.4
19780901 19780930    40.1
19781001 19781031    34.6
19781101 19781130    55.3
19781201 19781231    46.4
19790101 19790131    30.4
19790201 19790228    11.6
19790301 19790331    43.8
19790401 19790430    46.8
19790501 19790531    73.2
19790601 19790630    27.2
19790701 19790731    26.6
19790801 19790831    52.5
19790901 19790930    89.0
19791001 19791031    66.6
19791101 19791130    16.4
19791201 19791231    14.6
19800101 19800131    29.6
19800201 19800229    15.0
19800301 19800331    54.8
19800401 19800430    71.2
19800501 19800531    42.0
19800601 19800630    63.8
19800701 19800731    32.8
19800801 19800831    49.2
19800901 19800930    30.8
19801001 19801031    32.4
19801101 19801130    46.6
19801201 19801231    45.8
19810101 19810131    28.9
19810201 19810228    11.3
19810301 19810331    62.4
19810401 19810430    18.0
19810501 19810531    30.2
19810601 19810630    57.2
19810701 19810731    38.0
19810801 19810831   120.4
19810901 19810930    20.2
19811001 19811031    46.2
19811101 19811130    52.2
19811201 19811231    52.4
19820101 19820131    27.7
19820201 19820228     6.4
19820301 19820331    92.2
19820401 19820430    42.2
19820501 19820531    30.9
19820601 19820630    63.1
19820701 19820731    87.2
19820801 19820831    15.8
19820901 19820930    33.5
19821001 19821031     6.8
19821101 19821130    10.6
19821201 19821231    71.4
19830101 19830131    17.4
19830201 19830228     0.8
19830301 19830331    70.1
19830401 19830430   100.4
19830501 19830531    56.0
19830601 19830630    53.6
19830701 19830731    33.3
19830801 19830831    67.9
19830901 19830930    63.9
19831001 19831031    25.8
19831101 19831130    28.2
19831201 19831231    35.8
19840101 19840131    33.7
19840201 19840229    11.2
19840301 19840331    55.2
19840401 19840430    25.4
19840501 19840531    16.6
19840601 19840630    30.8
19840701 19840731    83.2
19840801 19840831   138.6
19840901 19840930    76.8
19841001 19841031    14.6
19841101 19841130    45.3
19841201 19841231    46.3
19850101 19850131    14.2
19850201 19850228    18.6
19850301 19850331    43.6
19850401 19850430    75.0
19850501 19850531   102.4
19850601 19850630    42.6
19850701 19850731    58.0
19850801 19850831    72.8
19850901 19850930    21.5
19851001 19851031    36.3
19851101 19851130    59.1
19851201 19851231   134.8
19860101 19860131    79.2
19860201 19860228    15.0
19860301 19860331    13.6
19860401 19860430    38.0
19860501 19860531   112.6
19860601 19860630    32.6
19860701 19860731    84.0
19860801 19860831    40.6
19860901 19860930    69.8
19861001 19861031    55.4
19861101 19861130     5.6
19861201 19861231    48.2
19870101 19870131    81.6
19870201 19870228     8.4
19870301 19870331    32.2
19870401 19870430    10.2
19870501 19870531   126.5
19870601 19870630    40.2
19870701 19870731    84.2
19870801 19870831    16.0
19870901 19870930    17.0
19871001 19871031    25.8
19871101 19871130    68.6
19871201 19871231    62.6
19880101 19880131    25.6
19880201 19880229    10.4
19880301 19880331    20.2
19880401 19880430    16.6
19880501 19880531   115.8
19880601 19880630    50.8
19880701 19880731    86.6
19880801 19880831    55.2
19880901 19880930    39.8
19881001 19881031    66.0
19881101 19881130    47.4
19881201 19881231    42.8
19890101 19890131    25.6
19890201 19890228    17.2
19890301 19890331    90.2
19890401 19890430    56.2
19890501 19890531    68.8
19890601 19890630    45.2
19890701 19890731   105.4
19890801 19890831    48.4
19890901 19890930    41.4
19891001 19891031    69.4
19891101 19891130    37.4
19891201 19891231    40.2
19900101 19900131     6.6
19900201 19900228    23.8
19900301 19900331    35.6
19900401 19900430   102.2
19900501 19900531    21.2
19900601 19900630    70.0
19900701 19900731    43.4
19900801 19900831    47.0
19900901 19900930    22.4
19901001 19901031    38.6
19901101 19901130    50.0
19901201 19901231    37.4
19910101 19910131    56.8
19910201 19910228     7.2
19910301 19910331    62.4
19910401 19910430    28.4
19910501 19910531     9.2
19910601 19910630    50.4
19910701 19910731    54.0
19910801 19910831   137.2
19910901 19910930    61.0
19911001 19911031    31.0
19911101 19911130    35.8
19911201 19911231    53.0
19920101 19920131    79.0
19920201 19920229    30.4
19920301 19920331     2.2
19920401 19920430    86.2
19920501 19920531    40.0
19920601 19920630    52.6
19920701 19920731    55.4
19920801 19920831    85.2
19920901 19920930    48.4
19921001 19921031    36.8
19921101 19921130    71.8
19921201 19921231    37.2
19930101 19930131    80.2
19930201 19930228    49.4
19930301 19930331    28.6
19930401 19930430    11.7
19930501 19930531    21.2
19930601 19930630    48.6
19930701 19930731    78.0
19930801 19930831    43.3
19930901 19930930    57.8
19931001 19931031    57.6
19931101 19931130    17.4
19931201 19931231   125.6
19940101 19940131    24.6
19940201 19940228    33.6
19940301 19940331    21.8
19940401 19940430    23.4
19940501 19940531    56.4
19940601 19940630    45.0
19940701 19940731    10.9
19940801 19940831    36.4
19940901 19940930    19.8
19941001 19941031    22.0
19941101 19941130    58.8
19941201 19941231    25.8
19950101 19950131   106.4
19950201 19950228    17.4
19950301 19950331    18.6
19950401 19950430    32.8
19950501 19950531    52.0
19950601 19950630    76.8
19950701 19950731    44.6
19950801 19950831    15.2
19950901 19950930    25.4
19951001 19951031    36.0
19951101 19951130    63.6
19951201 19951231    54.2
19960101 19960131    83.4
19960201 19960229    41.5
19960301 19960331    33.4
19960401 19960430    45.8
19960501 19960531    16.8
19960601 19960630    67.4
19960701 19960731    69.2
19960801 19960831    59.6
19960901 19960930    58.2
19961001 19961031    24.4
19961101 19961130    57.0
19961201 19961231    13.0
19970101 19970131    25.8
19970201 19970228    18.8
19970301 19970331    30.9
19970401 19970430     8.8
19970501 19970531    58.0
19970601 19970630    26.6
19970701 19970731     8.8
19970801 19970831    46.2
19970901 19970930   124.6
19971001 19971031    23.4
19971101 19971130    29.8
19971201 19971231     9.6
19980101 19980131   106.2
19980201 19980228    37.8
19980301 19980331     4.0
19980401 19980430   105.8
19980501 19980531    27.0
19980601 19980630    50.2
19980701 19980731    57.8
19980801 19980831    20.6
19980901 19980930    38.6
19981001 19981031    73.4
19981101 19981130    51.2
19981201 19981231    72.8
19990101 19990131    35.6
19990201 19990228    29.8
19990301 19990331    21.0
19990401 19990430    40.2
19990501 19990531    73.0
19990601 19990630    31.4
19990701 19990731    19.6
19990801 19990831    39.2
19990901 19990930    30.2
19991001 19991031    37.2
19991101 19991130    33.2
19991201 19991231   113.8
20000101 20000131   147.4
20000201 20000229    13.2
20000301 20000331    26.8
20000401 20000430    43.0
20000501 20000531    53.0
20000601 20000630    35.2
20000701 20000731    54.0
20000801 20000831    61.6
20000901 20000930    70.2
20001001 20001031    50.8
20001101 20001130    33.4
20001201 20001231    26.8
20010101 20010131    59.8
20010201 20010228     8.0
20010301 20010331    98.6
20010401 20010430    30.4
20010501 20010531    34.4
20010601 20010630    45.6
20010701 20010731    53.8
20010801 20010831   114.8
20010901 20010930    20.0
20011001 20011031   121.0
20011101 20011130    70.2
20011201 20011231    40.8
20020101 20020131    68.4
20020201 20020228    45.0
20020301 20020331    16.2
20020401 20020430    38.4
20020501 20020531    15.4
20020601 20020630    61.6
20020701 20020731    45.0
20020801 20020831    35.8
20020901 20020930    56.5
20021001 20021031    58.4
20021101 20021130    48.4
20021201 20021231     5.2
20030101 20030131    29.2
20030201 20030228     5.0
20030301 20030331   121.2
20030401 20030430   103.2
20030501 20030531    37.9
20030601 20030630    56.2
20030701 20030731    46.6
20030801 20030831    76.0
20030901 20030930    88.8
20031001 20031031    57.8
20031101 20031130    33.2
20031201 20031231    24.2
20040101 20040131   185.6
20040201 20040229    13.2
20040301 20040331    32.0
20040401 20040430    37.8
20040501 20040531    34.6
20040601 20040630    64.0
20040701 20040731    45.6
20040801 20040831    43.6
20040901 20040930    32.4
20041001 20041031    38.8
