PRCP       028004 18891201 20180131 missing_value=99999.9 PALMERVILLE                               
18891201 18891231   275.2
18900101 18900131   311.1
18900201 18900228   265.9
18900301 18900331   254.3
18900401 18900430    12.7
18900501 18900531    82.0
18900601 18900630     0.3
18900701 18900731    14.5
18900801 18900831     0.0
18900901 18900930    22.3
18901001 18901031    43.0
18901101 18901130   104.2
18901201 18901231    40.1
18910101 18910131   309.6
18910201 18910228   314.2
18910301 18910331   171.4
18910401 18910430    48.5
18910501 18910531     6.9
18910601 18910630     8.1
18910701 18910731     0.0
18910801 18910831     2.5
18910901 18910930     0.0
18911001 18911031    46.3
18911101 18911130    34.8
18911201 18911231   139.9
18920101 18920131   149.1
18920201 18920229    50.3
18920301 18920331   248.3
18920401 18920430    11.3
18920501 18920531     9.4
18920601 18920630     0.5
18920701 18920731    21.8
18920801 18920831     0.0
18920901 18920930    19.6
18921001 18921031    43.6
18921101 18921130    49.3
18921201 18921231   285.4
18930101 18930131   159.9
18930201 18930228   160.7
18930301 18930331   139.7
18930401 18930430     5.3
18930501 18930531     6.4
18930601 18930630     0.0
18930701 18930731     0.0
18930801 18930831    14.3
18930901 18930930     0.0
18931001 18931031    28.7
18931101 18931130    61.7
18931201 18931231   126.7
18940101 18940131   346.1
18940201 18940228   334.5
18940301 18940331    61.6
18940401 18940430   119.9
18940501 18940531    31.0
18940601 18940630    22.4
18940701 18940731     8.7
18940801 18940831     6.4
18940901 18940930     9.5
18941001 18941031    56.1
18941101 18941130   150.6
18941201 18941231   320.0
18950101 18950131   388.7
18950201 18950228   226.2
18950301 18950331    33.6
18950401 18950430    44.7
18950501 18950531     0.0
18950601 18950630    12.2
18950701 18950731     0.5
18950801 18950831     0.0
18950901 18950930     0.0
18951001 18951031     4.0
18951101 18951130     6.9
18951201 18951231   210.2
18960101 18960131   415.1
18960201 18960229   384.6
18960301 18960331   145.3
18960401 18960430    27.8
18960501 18960531     5.9
18960601 18960630     0.3
18960701 18960731     7.7
18960801 18960831     7.7
18960901 18960930     0.0
18961001 18961031     0.0
18961101 18961130     4.1
18961201 18961231   127.0
18970101 18970131   191.9
18970201 18970228   347.7
18970301 18970331   125.7
18970401 18970430     0.3
18970501 18970531    20.8
18970601 18970630    13.6
18970701 18970731     6.9
18970801 18970831     0.8
18970901 18970930    31.3
18971001 18971031    20.5
18971101 18971130    10.6
18971201 18971231   346.2
18980101 18980131   383.1
18980201 18980228   239.9
18980301 18980331   424.6
18980401 18980430    36.1
18980501 18980531     0.0
18980601 18980630    30.0
18980701 18980731     3.6
18980801 18980831     7.9
18980901 18980930    12.5
18981001 18981031     4.3
18981101 18981130     4.3
18981201 18981231   121.9
18990101 18990131   266.3
18990201 18990228    84.7
18990301 18990331   345.0
18990401 18990430   184.1
18990501 18990531     1.3
18990601 18990630     0.0
18990701 18990731     4.6
18990801 18990831    17.7
18990901 18990930     0.0
18991001 18991031     8.8
18991101 18991130   100.9
18991201 18991231    28.2
19000101 19000131   268.3
19000201 19000228    54.2
19000301 19000331   133.2
19000401 19000430    16.0
19000501 19000531    10.9
19000601 19000630     3.0
19000701 19000731     0.0
19000801 19000831     0.0
19000901 19000930     1.0
19001001 19001031     6.1
19001101 19001130    78.4
19001201 19001231    55.8
19010101 19010131   311.6
19010201 19010228   110.2
19010301 19010331   175.3
19010401 19010430    52.9
19010501 19010531    21.8
19010601 19010630     6.6
19010701 19010731     0.0
19010801 19010831    11.1
19010901 19010930    13.5
19011001 19011031    52.8
19011101 19011130    34.8
19011201 19011231   153.3
19020101 19020131   191.7
19020201 19020228   310.2
19020301 19020331    50.5
19020401 19020430     5.5
19020501 19020531     1.5
19020601 19020630     0.5
19020701 19020731     0.0
19020801 19020831     0.0
19020901 19020930     0.0
19021001 19021031     0.0
19021101 19021130    37.9
19021201 19021231   119.0
19030101 19030131   649.3
19030201 19030228   173.8
19030301 19030331   336.6
19030401 19030430    86.6
19030501 19030531    11.2
19030601 19030630     8.1
19030701 19030731    18.6
19030801 19030831     6.8
19030901 19030930     0.0
19031001 19031031    23.1
19031101 19031130    93.0
19031201 19031231   359.7
19040101 19040131   346.9
19040201 19040229   199.4
19040301 19040331   363.6
19040401 19040430    99.5
19040501 19040531     2.0
19040601 19040630     0.0
19040701 19040731     0.0
19040801 19040831     0.0
19040901 19040930    20.8
19041001 19041031    11.2
19041101 19041130    72.9
19041201 19041231   122.4
19050101 19050131   295.1
19050201 19050228    50.9
19050301 19050331    32.0
19050401 19050430    58.9
19050501 19050531     6.4
19050601 19050630     1.8
19050701 19050731     0.8
19050801 19050831     0.0
19050901 19050930     0.5
19051001 19051031     0.0
19051101 19051130    59.9
19051201 19051231     4.9
19060101 19060131   160.1
19060201 19060228   339.0
19060301 19060331   157.5
19060401 19060430    10.9
19060501 19060531     0.0
19060601 19060630     0.0
19060701 19060731     0.0
19060801 19060831     0.0
19060901 19060930    38.9
19061001 19061031    17.2
19061101 19061130   213.4
19061201 19061231   334.3
19070101 19070131   222.3
19070201 19070228   261.5
19070301 19070331    51.0
19070401 19070430    29.7
19070501 19070531    26.4
19070601 19070630    52.8
19070701 19070731     0.0
19070801 19070831     0.0
19070901 19070930     0.0
19071001 19071031    25.5
19071101 19071130    74.4
19071201 19071231   461.4
19080101 19080131   332.1
19080201 19080229   204.0
19080301 19080331   418.7
19080401 19080430     4.8
19080501 19080531     2.1
19080601 19080630     4.1
19080701 19080731     3.6
19080801 19080831     0.0
19080901 19080930     2.8
19081001 19081031    64.1
19081101 19081130    15.1
19081201 19081231    16.5
19090101 19090131   255.0
19090201 19090228   207.3
19090301 19090331   347.1
19090401 19090430   136.5
19090501 19090531     0.0
19090601 19090630    50.9
19090701 19090731     2.3
19090801 19090831     0.0
19090901 19090930     7.6
19091001 19091031    33.5
19091101 19091130    80.7
19091201 19091231   117.8
19100101 19100131   502.4
19100201 19100228   570.6
19100301 19100331   115.5
19100401 19100430    38.7
19100501 19100531    16.9
19100601 19100630     8.2
19100701 19100731     0.0
19100801 19100831     0.0
19100901 19100930    87.5
19101001 19101031    18.8
19101101 19101130    89.4
19101201 19101231   285.4
19110101 19110131   239.1
19110201 19110228   379.3
19110301 19110331   392.4
19110401 19110430   469.8
19110501 19110531     2.1
19110601 19110630     0.0
19110701 19110731     2.3
19110801 19110831     0.0
19110901 19110930     0.0
19111001 19111031    10.9
19111101 19111130    11.9
19111201 19111231   195.2
19120101 19120131   166.3
19120201 19120229   114.1
19120301 19120331   254.7
19120401 19120430    14.0
19120501 19120531     0.0
19120601 19120630    33.8
19120701 19120731     0.0
19120801 19120831     0.0
19120901 19120930     0.0
19121001 19121031    64.7
19121101 19121130    18.5
19121201 19121231    68.1
19130101 19130131   553.8
19130201 19130228   648.8
19130301 19130331   285.4
19130401 19130430   118.9
19130501 19130531    64.3
19130601 19130630     5.0
19130701 19130731     0.0
19130801 19130831     0.0
19130901 19130930     0.0
19131001 19131031     1.5
19131101 19131130    12.0
19131201 19131231   408.9
19140101 19140131   179.0
19140201 19140228   140.0
19140301 19140331   300.9
19140401 19140430    61.5
19140501 19140531     3.1
19140601 19140630    56.1
19140701 19140731     2.8
19140801 19140831     3.8
19140901 19140930     0.0
19141001 19141031     0.0
19141101 19141130    30.8
19141201 19141231    69.7
19150101 19150131    82.4
19150201 19150228   261.5
19150301 19150331   115.0
19150401 19150430     6.4
19150501 19150531    28.7
19150601 19150630     0.0
19150701 19150731     4.1
19150801 19150831     0.0
19150901 19150930    14.7
19151001 19151031     0.0
19151101 19151130    64.5
19151201 19151231   202.4
19160101 19160131   232.2
19160201 19160229   174.6
19160301 19160331    73.1
19160401 19160430    93.4
19160501 19160531     5.1
19160601 19160630     0.0
19160701 19160731    21.3
19160801 19160831     2.3
19160901 19160930     1.3
19161001 19161031    60.2
19161101 19161130    51.4
19161201 19161231   239.5
19170101 19170131   172.2
19170201 19170228   371.7
19170301 19170331   129.0
19170401 19170430    74.7
19170501 19170531    39.4
19170601 19170630     7.3
19170701 19170731     0.0
19170801 19170831     3.0
19170901 19170930     0.0
19171001 19171031    55.1
19171101 19171130   167.2
19171201 19171231   224.0
19180101 19180131   322.9
19180201 19180228   371.1
19180301 19180331    45.5
19180401 19180430    19.5
19180501 19180531     1.3
19180601 19180630     0.0
19180701 19180731     0.0
19180801 19180831     0.0
19180901 19180930     1.5
19181001 19181031     0.0
19181101 19181130    18.3
19181201 19181231    63.5
19190101 19190131   140.1
19190201 19190228   103.9
19190301 19190331   108.2
19190401 19190430    20.9
19190501 19190531    29.7
19190601 19190630     0.0
19190701 19190731     0.0
19190801 19190831     0.0
19190901 19190930     0.8
19191001 19191031    14.0
19191101 19191130     9.9
19191201 19191231    55.9
19200101 19200131   262.1
19200201 19200229   214.0
19200301 19200331    79.4
19200401 19200430    16.0
19200501 19200531    77.8
19200601 19200630     0.0
19200701 19200731    15.7
19200801 19200831     0.0
19200901 19200930    15.2
19201001 19201031     8.4
19201101 19201130    19.0
19201201 19201231   112.5
19210101 19210131   265.6
19210201 19210228   177.5
19210301 19210331   310.7
19210401 19210430    94.3
19210501 19210531    16.2
19210601 19210630     8.7
19210701 19210731    14.2
19210801 19210831     0.0
19210901 19210930    25.4
19211001 19211031     2.3
19211101 19211130    57.4
19211201 19211231   188.4
19220101 19220131   184.3
19220201 19220228   453.3
19220301 19220331   129.4
19220401 19220430     7.0
19220501 19220531     9.2
19220601 19220630    13.0
19220701 19220731    27.0
19220801 19220831     0.0
19220901 19220930     0.0
19221001 19221031     5.6
19221101 19221130    65.8
19221201 19221231    87.8
19230101 19230131   152.1
19230201 19230228   114.0
19230301 19230331   136.2
19230401 19230430    17.3
19230501 19230531     1.3
19230601 19230630    31.8
19230701 19230731     1.0
19230801 19230831    10.2
19230901 19230930     0.0
19231001 19231031    56.6
19231101 19231130    17.0
19231201 19231231   140.8
19240101 19240131   209.0
19240201 19240229   236.9
19240301 19240331   263.1
19240401 19240430    67.9
19240501 19240531     1.5
19240601 19240630    15.2
19240701 19240731     0.0
19240801 19240831     5.3
19240901 19240930    46.8
19241001 19241031    20.3
19241101 19241130   106.6
19241201 19241231   144.7
19250101 19250131   203.7
19250201 19250228   318.4
19250301 19250331   419.9
19250401 19250430    49.4
19250501 19250531     3.0
19250601 19250630     1.8
19250701 19250731     5.3
19250801 19250831     0.0
19250901 19250930     2.0
19251001 19251031     7.1
19251101 19251130    59.5
19251201 19251231   213.2
19260101 19260131   227.3
19260201 19260228    69.1
19260301 19260331   110.3
19260401 19260430    13.8
19260501 19260531     9.1
19260601 19260630    12.8
19260701 19260731     0.0
19260801 19260831     0.0
19260901 19260930    22.0
19261001 19261031     0.0
19261101 19261130     7.4
19261201 19261231   131.2
19270101 19270131   170.6
19270201 19270228   334.5
19270301 19270331    93.8
19270401 19270430    47.0
19270501 19270531     0.0
19270601 19270630    73.6
19270701 19270731     9.6
19270801 19270831     0.0
19270901 19270930     0.0
19271001 19271031     7.8
19271101 19271130    56.8
19271201 19271231   200.4
19280101 19280131   132.2
19280201 19280229   404.6
19280301 19280331   198.7
19280401 19280430    29.9
19280501 19280531     0.0
19280601 19280630     0.0
19280701 19280731     0.0
19280801 19280831     0.0
19280901 19280930     0.5
19281001 19281031    11.7
19281101 19281130    44.5
19281201 19281231    83.5
19290101 19290131   441.9
19290201 19290228   217.8
19290301 19290331   157.0
19290401 19290430    35.4
19290501 19290531     0.0
19290601 19290630     2.3
19290701 19290731     0.0
19290801 19290831     0.0
19290901 19290930     0.0
19291001 19291031     7.6
19291101 19291130    49.2
19291201 19291231    75.9
19300101 19300131   554.5
19300201 19300228   257.1
19300301 19300331    68.6
19300401 19300430    16.3
19300501 19300531    25.4
19300601 19300630    10.7
19300701 19300731     0.0
19300801 19300831     0.0
19300901 19300930     0.0
19301001 19301031    83.6
19301101 19301130    62.1
19301201 19301231   145.9
19310101 19310131   329.9
19310201 19310228   109.7
19310301 19310331    53.3
19310401 19310430   109.0
19310501 19310531     2.3
19310601 19310630     0.0
19310701 19310731     0.0
19310801 19310831     0.5
19310901 19310930    15.0
19311001 19311031     0.0
19311101 19311130    86.2
19311201 19311231   196.9
19320101 19320131   249.7
19320201 19320229   159.7
19320301 19320331    65.3
19320401 19320430    11.9
19320501 19320531    12.9
19320601 19320630     6.4
19320701 19320731     0.0
19320801 19320831     0.0
19320901 19320930     0.0
19321001 19321031     8.4
19321101 19321130    14.5
19321201 19321231   347.0
19330101 19330131   256.8
19330201 19330228   506.3
19330301 19330331   131.7
19330401 19330430    14.2
19330501 19330531    24.6
19330601 19330630    19.8
19330701 19330731     3.8
19330801 19330831     1.0
19330901 19330930     7.5
19331001 19331031    75.8
19331101 19331130   146.4
19331201 19331231   208.4
19340101 19340131   270.0
19340201 19340228   411.9
19340301 19340331   213.7
19340401 19340430   104.4
19340501 19340531    34.1
19340601 19340630    14.2
19340701 19340731    12.2
19340801 19340831     0.0
19340901 19340930     1.5
19341001 19341031    14.5
19341101 19341130    61.7
19341201 19341231    55.7
19350101 19350131   125.4
19350201 19350228   191.0
19350301 19350331   269.6
19350401 19350430     6.1
19350501 19350531    48.8
19350601 19350630     9.2
19350701 19350731     4.6
19350801 19350831     0.0
19350901 19350930     0.0
19351001 19351031    11.2
19351101 19351130    25.7
19351201 19351231    41.9
19360101 19360131   245.4
19360201 19360229   299.3
19360301 19360331   276.2
19360401 19360430    83.9
19360501 19360531     6.6
19360601 19360630    28.5
19360701 19360731     2.3
19360801 19360831     0.0
19360901 19360930     6.9
19361001 19361031    11.1
19361101 19361130    36.8
19361201 19361231   142.0
19370101 19370131   182.7
19370201 19370228   162.6
19370301 19370331   241.1
19370401 19370430     0.0
19370501 19370531     0.0
19370601 19370630     0.0
19370701 19370731     7.9
19370801 19370831     0.0
19370901 19370930     0.0
19371001 19371031     4.6
19371101 19371130    84.8
19371201 19371231    97.5
19380101 19380131   293.0
19380201 19380228   280.5
19380301 19380331    51.9
19380401 19380430    59.1
19380501 19380531     5.0
19380601 19380630     1.8
19380701 19380731    56.7
19380801 19380831     3.6
19380901 19380930     0.0
19381001 19381031    35.1
19381101 19381130   113.4
19381201 19381231     2.5
19390101 19390131   150.5
19390201 19390228   315.2
19390301 19390331   226.5
19390401 19390430    95.6
19390501 19390531     2.1
19390601 19390630    36.4
19390701 19390731     0.0
19390801 19390831     0.0
19390901 19390930     0.0
19391001 19391031    37.4
19391101 19391130   140.6
19391201 19391231    80.0
19400101 19400131   221.2
19400201 19400229   375.5
19400301 19400331   226.4
19400401 19400430    43.9
19400501 19400531     7.4
19400601 19400630     3.6
19400701 19400731     0.0
19400801 19400831     0.0
19400901 19400930     0.0
19401001 19401031     0.0
19401101 19401130    69.4
19401201 19401231    15.2
19410101 19410131   246.0
19410201 19410228   158.3
19410301 19410331   188.8
19410401 19410430    17.0
19410501 19410531    14.0
19410601 19410630     1.3
19410701 19410731     0.0
19410801 19410831     0.0
19410901 19410930     0.0
19411001 19411031     0.0
19411101 19411130    49.3
19411201 19411231    48.0
19420101 19420131     2.5
19420201 19420228   288.8
19420301 19420331     3.8
19420401 19420430    37.7
19420501 19420531     1.3
19420601 19420630     5.6
19420701 19420731    29.2
19420801 19420831     1.0
19420901 19420930     0.0
19421001 19421031    32.0
19421101 19421130    22.8
19421201 19421231   294.9
19430101 19430131   106.5
19430201 19430228   445.6
19430301 19430331   161.9
19430401 19430430    14.5
19430501 19430531     1.0
19430601 19430630    42.1
19430701 19430731     0.0
19430801 19430831     0.0
19430901 19430930    40.9
19431001 19431031    10.9
19431101 19431130     8.7
19431201 19431231   111.6
19440101 19440131   322.7
19440201 19440229   533.1
19440301 19440331   212.7
19440401 19440430    10.6
19440501 19440531     0.0
19440601 19440630    30.0
19440701 19440731    55.6
19440801 19440831     6.4
19440901 19440930     0.3
19441001 19441031     1.5
19441101 19441130     1.3
19441201 19441231   203.9
19450101 19450131   180.3
19450201 19450228   227.2
19450301 19450331   322.9
19450401 19450430   122.0
19450501 19450531    16.3
19450601 19450630     2.1
19450701 19450731     0.0
19450801 19450831     0.0
19450901 19450930     0.8
19451001 19451031     7.1
19451101 19451130     3.6
19451201 19451231    69.3
19460101 19460131   343.4
19460201 19460228   228.5
19460301 19460331   110.0
19460401 19460430     9.0
19460501 19460531     5.8
19460601 19460630     0.0
19460701 19460731     0.0
19460801 19460831     0.0
19460901 19460930     0.0
19461001 19461031     0.8
19461101 19461130     7.1
19461201 19461231   194.5
19470101 19470131   167.4
19470201 19470228   220.9
19470301 19470331   177.2
19470401 19470430     0.0
19470501 19470531     0.8
19470601 19470630    26.7
19470701 19470731     0.0
19470801 19470831    92.7
19470901 19470930    97.5
19471001 19471031     3.8
19471101 19471130    20.4
19471201 19471231   124.6
19480101 19480131   270.6
19480201 19480229   126.2
19480301 19480331   105.2
19480401 19480430   159.0
19480501 19480531     3.0
19480601 19480630     1.6
19480701 19480731    13.7
19480801 19480831     0.3
19480901 19480930     0.0
19481001 19481031     0.0
19481101 19481130   125.0
19481201 19481231   168.4
19490101 19490131   349.0
19490201 19490228   289.2
19490301 19490331   250.5
19490401 19490430    46.2
19490501 19490531     0.5
19490601 19490630     0.5
19490701 19490731     0.0
19490801 19490831     0.0
19490901 19490930     0.0
19491001 19491031    11.4
19491101 19491130   115.9
19491201 19491231   363.8
19500101 19500131   180.2
19500201 19500228    99.3
19500301 19500331    98.3
19500401 19500430    56.2
19500501 19500531     6.4
19500601 19500630    45.7
19500701 19500731    44.5
19500801 19500831     0.8
19500901 19500930     0.3
19501001 19501031    29.5
19501101 19501130   123.2
19501201 19501231   303.7
19510101 19510131   244.7
19510201 19510228   276.4
19510301 19510331    42.5
19510401 19510430     0.0
19510501 19510531     6.1
19510601 19510630     0.0
19510701 19510731     0.0
19510801 19510831     0.0
19510901 19510930     2.3
19511001 19511031     1.3
19511101 19511130    40.5
19511201 19511231    54.8
19520101 19520131   146.5
19520201 19520229    99.8
19520301 19520331    58.9
19520401 19520430     5.8
19520501 19520531     3.4
19520601 19520630    24.7
19520701 19520731     0.8
19520801 19520831     0.3
19520901 19520930     0.0
19521001 19521031    14.0
19521101 19521130   187.2
19521201 19521231   194.0
19530101 19530131   365.2
19530201 19530228   232.8
19530301 19530331    59.5
19530401 19530430    11.4
19530501 19530531     5.5
19530601 19530630     0.0
19530701 19530731     0.0
19530801 19530831    14.2
19530901 19530930     0.0
19531001 19531031    22.4
19531101 19531130    16.5
19531201 19531231   121.1
19540101 19540131   348.2
19540201 19540228   191.1
19540301 19540331   193.3
19540401 19540430    80.8
19540501 19540531     9.6
19540601 19540630     0.8
19540701 19540731     4.6
19540801 19540831     0.8
19540901 19540930     0.0
19541001 19541031    34.1
19541101 19541130    74.3
19541201 19541231    26.9
19550101 19550131   245.2
19550201 19550228   311.7
19550301 19550331   501.5
19550401 19550430    39.5
19550501 19550531    11.3
19550601 19550630     3.6
19550701 19550731     0.0
19550801 19550831     0.0
19550901 19550930     0.3
19551001 19551031    47.7
19551101 19551130    14.2
19551201 19551231   133.6
19560101 19560131   369.1
19560201 19560229   369.4
19560301 19560331   165.2
19560401 19560430    39.2
19560501 19560531    90.2
19560601 19560630    19.0
19560701 19560731     0.0
19560801 19560831    12.7
19560901 19560930    81.6
19561001 19561031    13.8
19561101 19561130   100.2
19561201 19561231   191.2
19570101 19570131   261.3
19570201 19570228   272.6
19570301 19570331   263.4
19570401 19570430    39.4
19570501 19570531    22.7
19570601 19570630     1.8
19570701 19570731     0.0
19570801 19570831     5.8
19570901 19570930     0.3
19571001 19571031    15.2
19571101 19571130    82.0
19571201 19571231    22.8
19580101 19580131   364.3
19580201 19580228   291.3
19580301 19580331   123.4
19580401 19580430    51.9
19580501 19580531     1.8
19580601 19580630     8.9
19580701 19580731     0.0
19580801 19580831     0.0
19580901 19580930     0.0
19581001 19581031     4.9
19581101 19581130    60.7
19581201 19581231    77.5
19590101 19590131   263.7
19590201 19590228   233.3
19590301 19590331   118.2
19590401 19590430    25.7
19590501 19590531    19.5
19590601 19590630     0.5
19590701 19590731     6.8
19590801 19590831     0.5
19590901 19590930     0.5
19591001 19591031     2.5
19591101 19591130    53.3
19591201 19591231   234.9
19600101 19600131   104.0
19600201 19600229   267.2
19600301 19600331    91.8
19600401 19600430    11.5
19600501 19600531   170.9
19600601 19600630     4.4
19600701 19600731     0.5
19600801 19600831     0.3
19600901 19600930    12.4
19601001 19601031    40.9
19601101 19601130   154.4
19601201 19601231   161.6
19610101 19610131   125.3
19610201 19610228   161.1
19610301 19610331   226.7
19610401 19610430    11.2
19610501 19610531     7.9
19610601 19610630     0.0
19610701 19610731     0.0
19610801 19610831     1.3
19610901 19610930     2.3
19611001 19611031     5.0
19611101 19611130    58.6
19611201 19611231   218.1
19620101 19620131   371.4
19620201 19620228   417.6
19620301 19620331    81.8
19620401 19620430    32.2
19620501 19620531     7.9
19620601 19620630     4.3
19620701 19620731     0.0
19620801 19620831     0.0
19620901 19620930    21.6
19621001 19621031     0.0
19621101 19621130    59.2
19621201 19621231   224.3
19630101 19630131   345.4
19630201 19630228   463.0
19630301 19630331   114.5
19630401 19630430    91.0
19630501 19630531     2.6
19630601 19630630     0.0
19630701 19630731     0.0
19630801 19630831     1.0
19630901 19630930     0.0
19631001 19631031     3.5
19631101 19631130    11.2
19631201 19631231   146.6
19640101 19640131   319.0
19640201 19640229   223.7
19640301 19640331   612.4
19640401 19640430    50.5
19640501 19640531     7.2
19640601 19640630    28.8
19640701 19640731     0.0
19640801 19640831     0.0
19640901 19640930    10.2
19641001 19641031    57.0
19641101 19641130   190.5
19641201 19641231    70.7
19650101 19650131   244.3
19650201 19650228   148.6
19650301 19650331   209.6
19650401 19650430    64.6
19650501 19650531    32.3
19650601 19650630    72.7
19650701 19650731     0.0
19650801 19650831     0.0
19650901 19650930     0.0
19651001 19651031     0.0
19651101 19651130    11.2
19651201 19651231   119.9
19660101 19660131   130.6
19660201 19660228   185.1
19660301 19660331    33.9
19660401 19660430     6.4
19660501 19660531     1.5
19660601 19660630     1.3
19660701 19660731     0.0
19660801 19660831     0.0
19660901 19660930     0.0
19661001 19661031     1.0
19661101 19661130    66.1
19661201 19661231    22.4
19670101 19670131   105.7
19670201 19670228   279.6
19670301 19670331   304.0
19670401 19670430     8.7
19670501 19670531     2.1
19670601 19670630    93.7
19670701 19670731     0.3
19670801 19670831    11.9
19670901 19670930     0.0
19671001 19671031    16.8
19671101 19671130    50.9
19671201 19671231   202.1
19680101 19680131   352.1
19680201 19680229   278.9
19680301 19680331   105.1
19680401 19680430    22.7
19680501 19680531     8.2
19680601 19680630     0.0
19680701 19680731    17.8
19680801 19680831     0.0
19680901 19680930     0.0
19681001 19681031    32.0
19681101 19681130    22.6
19681201 19681231   236.5
19690101 19690131   217.1
19690201 19690228    77.2
19690301 19690331   151.6
19690401 19690430    16.5
19690501 19690531    13.3
19690601 19690630    19.2
19690701 19690731    16.1
19690801 19690831     0.0
19690901 19690930     0.0
19691001 19691031     3.3
19691101 19691130     9.4
19691201 19691231   225.7
19700101 19700131   220.1
19700201 19700228   252.4
19700301 19700331   153.6
19700401 19700430    18.3
19700501 19700531     0.0
19700601 19700630     0.8
19700701 19700731     0.0
19700801 19700831    64.5
19700901 19700930     0.0
19701001 19701031    22.9
19701101 19701130    51.3
19701201 19701231   183.2
19710101 19710131   234.7
19710201 19710228   497.6
19710301 19710331   213.2
19710401 19710430    98.0
19710501 19710531     6.9
19710601 19710630    18.9
19710701 19710731    17.3
19710801 19710831     0.0
19710901 19710930     0.0
19711001 19711031    25.7
19711101 19711130    51.1
19711201 19711231   105.8
19720101 19720131   145.4
19720201 19720229   355.2
19720301 19720331   325.7
19720401 19720430    30.8
19720501 19720531    58.7
19720601 19720630    16.5
19720701 19720731     0.0
19720801 19720831     0.0
19720901 19720930     1.8
19721001 19721031     0.0
19721101 19721130    39.9
19721201 19721231    25.8
19730101 19730131   190.3
19730201 19730228   518.1
19730301 19730331   135.6
19730401 19730430    45.9
19730501 19730531     2.5
19730601 19730630     0.0
19730701 19730731     1.3
19730801 19730831     0.5
19730901 19730930    24.9
19731001 19731031    45.2
19731101 19731130   317.0
19731201 19731231   313.2
19740101 19740131   473.2
19740201 19740228   400.0
19740301 19740331   350.0
19740401 19740430     4.2
19740501 19740531    11.0
19740601 19740630     1.0
19740701 19740731     0.0
19740801 19740831    13.0
19740901 19740930     0.0
19741001 19741031    13.8
19741101 19741130    73.0
19741201 19741231   149.6
19750101 19750131   440.2
19750201 19750228   161.8
19750301 19750331   222.2
19750401 19750430    72.2
19750501 19750531     5.6
19750601 19750630    13.2
19750701 19750731     0.8
19750801 19750831     4.8
19750901 19750930    70.8
19751001 19751031    21.6
19751101 19751130    30.8
19751201 19751231   328.8
19760101 19760131   332.4
19760201 19760229   224.8
19760301 19760331   416.0
19760401 19760430    30.6
19760501 19760531    18.2
19760601 19760630     5.4
19760701 19760731     0.0
19760801 19760831     8.2
19760901 19760930     0.0
19761001 19761031     3.2
19761101 19761130   104.0
19761201 19761231   289.5
19770101 19770131   205.6
19770201 19770228   542.8
19770301 19770331   329.4
19770401 19770430   124.8
19770501 19770531    32.0
19770601 19770630    21.4
19770701 19770731     0.0
19770801 19770831     0.8
19770901 19770930     1.6
19771001 19771031     0.0
19771101 19771130    30.6
19771201 19771231    95.1
19780101 19780131   127.0
19780201 19780228   140.6
19780301 19780331    35.2
19780401 19780430   101.2
19780501 19780531    57.4
19780601 19780630     0.0
19780701 19780731     6.0
19780801 19780831     0.0
19780901 19780930     0.0
19781001 19781031    20.6
19781101 19781130    39.8
19781201 19781231   203.6
19790101 19790131   813.2
19790201 19790228   310.6
19790301 19790331   256.2
19790401 19790430    99.4
19790501 19790531     0.0
19790601 19790630    46.0
19790701 19790731     2.4
19790801 19790831     0.0
19790901 19790930     0.0
19791001 19791031    23.8
19791101 19791130     4.2
19791201 19791231    18.0
19800101 19800131   186.0
19800201 19800229   163.4
19800301 19800331   222.4
19800401 19800430    39.1
19800501 19800531    10.4
19800601 19800630     2.6
19800701 19800731     0.0
19800801 19800831     1.4
19800901 19800930     0.0
19801001 19801031     8.2
19801101 19801130     1.6
19801201 19801231   172.6
19810101 19810131   388.0
19810201 19810228   493.6
19810301 19810331    41.6
19810401 19810430    28.6
19810501 19810531    55.4
19810601 19810630     9.4
19810701 19810731     0.8
19810801 19810831     0.0
19810901 19810930     0.0
19811001 19811031    44.0
19811101 19811130    72.2
19811201 19811231   121.0
19820101 19820131   109.2
19820201 19820228    94.6
19820301 19820331   128.6
19820401 19820430    70.9
19820501 19820531     1.4
19820601 19820630     8.0
19820701 19820731     0.2
19820801 19820831     2.4
19820901 19820930     2.4
19821001 19821031     0.0
19821101 19821130    41.0
19821201 19821231   122.0
19830101 19830131    75.2
19830201 19830228   112.0
19830301 19830331   231.4
19830401 19830430   228.8
19830501 19830531    41.0
19830601 19830630    10.4
19830701 19830731     0.4
19830801 19830831     4.0
19830901 19830930     0.2
19831001 19831031     3.6
19831101 19831130   102.6
19831201 19831231   135.6
19840101 19840131   379.8
19840201 19840229   352.2
19840301 19840331    33.4
19840401 19840430    30.6
19840501 19840531    22.8
19840601 19840630     0.0
19840701 19840731     0.0
19840801 19840831     0.0
19840901 19840930     9.6
19841001 19841031     0.0
19841101 19841130    69.1
19841201 19841231   198.8
19850101 19850131    97.8
19850201 19850228    92.6
19850301 19850331   190.8
19850401 19850430    30.8
19850501 19850531     7.0
19850601 19850630     1.4
19850701 19850731    12.8
19850801 19850831     0.0
19850901 19850930     0.6
19851001 19851031    26.2
19851101 19851130   103.8
19851201 19851231   118.2
19860101 19860131   254.0
19860201 19860228   283.0
19860301 19860331    35.9
19860401 19860430    55.0
19860501 19860531     1.6
19860601 19860630     1.4
19860701 19860731     1.6
19860801 19860831     1.0
19860901 19860930     0.6
19861001 19861031    40.8
19861101 19861130    13.8
19861201 19861231    92.6
19870101 19870131   198.4
19870201 19870228   206.2
19870301 19870331   149.0
19870401 19870430     6.6
19870501 19870531     4.2
19870601 19870630    25.4
19870701 19870731    21.8
19870801 19870831     0.0
19870901 19870930     1.8
19871001 19871031    18.2
19871101 19871130    37.2
19871201 19871231   139.6
19880101 19880131    31.2
19880201 19880229   199.4
19880301 19880331    67.2
19880401 19880430    20.8
19880501 19880531    18.4
19880601 19880630     0.6
19880701 19880731     0.0
19880801 19880831     0.2
19880901 19880930     1.0
19881001 19881031    23.0
19881101 19881130    33.8
19881201 19881231   197.6
19890101 19890131   142.2
19890201 19890228   139.8
19890301 19890331   106.6
19890401 19890430    18.0
19890501 19890531    52.9
19890601 19890630     2.2
19890701 19890731     0.0
19890801 19890831     3.0
19890901 19890930     0.0
19891001 19891031    23.2
19891101 19891130   174.4
19891201 19891231    67.8
19900101 19900131    98.8
19900201 19900228    10.0
19900301 19900331   141.6
19900401 19900430    47.7
19900501 19900531    43.6
19900601 19900630    31.4
19900701 19900731     0.0
19900801 19900831     0.0
19900901 19900930     0.0
19901001 19901031     1.0
19901101 19901130     2.8
19901201 19901231   160.2
19910101 19910131   576.2
19910201 19910228   365.8
19910301 19910331    17.4
19910401 19910430    15.2
19910501 19910531    32.4
19910601 19910630     0.0
19910701 19910731     0.0
19910801 19910831     0.0
19910901 19910930     0.0
19911001 19911031     0.0
19911101 19911130    62.2
19911201 19911231   100.8
19920101 19920131   179.0
19920201 19920229   266.4
19920301 19920331    86.6
19920401 19920430    60.6
19920501 19920531    13.8
19920601 19920630     0.0
19920701 19920731     0.6
19920801 19920831     0.4
19920901 19920930    40.2
19921001 19921031     0.0
19921101 19921130    17.0
19921201 19921231   169.2
19930101 19930131   123.4
19930201 19930228   451.4
19930301 19930331    40.0
19930401 19930430     7.6
19930501 19930531     0.0
19930601 19930630     0.0
19930701 19930731    10.2
19930801 19930831     0.0
19930901 19930930     0.6
19931001 19931031    43.6
19931101 19931130    36.0
19931201 19931231    45.4
19940101 19940131   188.4
19940201 19940228   163.8
19940301 19940331   298.4
19940401 19940430    21.0
19940501 19940531     6.0
19940601 19940630     0.0
19940701 19940731     0.6
19940801 19940831     3.0
19940901 19940930     0.0
19941001 19941031     3.6
19941101 19941130    12.0
19941201 19941231   208.4
19950101 19950131   136.0
19950201 19950228   387.4
19950301 19950331   335.8
19950401 19950430    28.8
19950501 19950531     5.4
19950601 19950630     0.0
19950701 19950731     0.0
19950801 19950831    14.8
19950901 19950930     0.0
19951001 19951031    18.2
19951101 19951130   128.4
19951201 19951231   133.0
19960101 19960131   472.0
19960201 19960229   218.2
19960301 19960331   297.6
19960401 19960430    41.8
19960501 19960531     6.4
19960601 19960630     0.0
19960701 19960731    26.0
19960801 19960831     0.0
19960901 19960930     0.6
19961001 19961031    75.8
19961101 19961130    24.0
19961201 19961231   173.4
19970101 19970131   176.8
19970201 19970228   130.2
19970301 19970331   250.0
19970401 19970430     0.0
19970501 19970531     6.4
19970601 19970630     7.4
19970701 19970731     1.2
19970801 19970831     0.0
19970901 19970930     1.2
19971001 19971031     0.6
19971101 19971130    32.0
19971201 19971231   306.0
19980101 19980131   600.8
19980201 19980228   216.8
19980301 19980331   122.4
19980401 19980430    82.0
19980501 19980531    24.8
19980601 19980630     1.4
19980701 19980731     0.0
19980801 19980831     0.0
19980901 19980930     8.9
19981001 19981031    29.6
19981101 19981130   121.8
19981201 19981231   145.0
19990101 19990131   406.8
19990201 19990228   363.4
19990301 19990331   214.6
19990401 19990430    86.2
19990501 19990531     7.0
19990601 19990630    10.8
19990701 19990731 99999.9
19990801 19990831    10.8
19990901 19990930     0.2
19991001 19991031     0.0
19991101 19991130   139.6
19991201 19991231   151.0
20000101 20000131   242.9
20000201 20000229   491.2
20000301 20000331   114.5
20000401 20000430    61.4
20000501 20000531     2.2
20000601 20000630    17.0
20000701 20000731     0.0
20000801 20000831     1.6
20000901 20000930     0.0
20001001 20001031     8.0
20001101 20001130   262.0
20001201 20001231   165.2
20010101 20010131    71.0
20010201 20010228   346.0
20010301 20010331   132.6
20010401 20010430    10.8
20010501 20010531     0.0
20010601 20010630     2.4
20010701 20010731     0.0
20010801 20010831     0.0
20010901 20010930     0.0
20011001 20011031     2.0
20011101 20011130    89.6
20011201 20011231   219.6
20020101 20020131   320.6
20020201 20020228   348.0
20020301 20020331   106.2
20020401 20020430    49.0
20020501 20020531     3.6
20020601 20020630     4.8
20020701 20020731     0.0
20020801 20020831    10.2
20020901 20020930     7.0
20021001 20021031     0.0
20021101 20021130     8.0
20021201 20021231    67.0
20030101 20030131   109.2
20030201 20030228   205.2
20030301 20030331   154.4
20030401 20030430     3.2
20030501 20030531     0.4
20030601 20030630    10.0
20030701 20030731     0.0
20030801 20030831     0.0
20030901 20030930     0.0
20031001 20031031    25.4
20031101 20031130    13.4
20031201 20031231   182.4
20040101 20040131   223.6
20040201 20040229   287.0
20040301 20040331   137.0
20040401 20040430    80.4
20040501 20040531    50.6
20040601 20040630     0.6
20040701 20040731     1.2
20040801 20040831     0.0
20040901 20040930     1.0
20041001 20041031    10.2
20041101 20041130    59.2
20041201 20041231   125.8
20050101 20050131   292.7
20050201 20050228   135.4
20050301 20050331   119.4
20050401 20050430     5.6
20050501 20050531     0.0
20050601 20050630     1.6
20050701 20050731     0.0
20050801 20050831    10.8
20050901 20050930     4.6
20051001 20051031    56.2
20051101 20051130    37.0
20051201 20051231    69.6
20060101 20060131   400.0
20060201 20060228   136.4
20060301 20060331   111.0
20060401 20060430   120.0
20060501 20060531   143.4
20060601 20060630    71.2
20060701 20060731    28.8
20060801 20060831     0.2
20060901 20060930    30.8
20061001 20061031     1.6
20061101 20061130     5.0
20061201 20061231    73.2
20070101 20070131   405.6
20070201 20070228   419.2
20070301 20070331   325.4
20070401 20070430     1.2
20070501 20070531    11.8
20070601 20070630    25.8
20070701 20070731     0.0
20070801 20070831     3.4
20070901 20070930     7.0
20071001 20071031   122.6
20071101 20071130    22.0
20071201 20071231   355.8
20080101 20080131   231.2
20080201 20080229   490.0
20080301 20080331   192.8
20080401 20080430     9.0
20080501 20080531     4.4
20080601 20080630     0.0
20080701 20080731    13.0
20080801 20080831     0.8
20080901 20080930    25.4
20081001 20081031     7.0
20081101 20081130    49.0
20081201 20081231   193.2
20090101 20090131   632.4
20090201 20090228   340.0
20090301 20090331   161.0
20090401 20090430    17.4
20090501 20090531    12.2
20090601 20090630     0.0
20090701 20090731     0.0
20090801 20090831     0.0
20090901 20090930     0.0
20091001 20091031     0.4
20091101 20091130    14.8
20091201 20091231   132.0
20100101 20100131   535.0
20100201 20100228   268.0
20100301 20100331   121.6
20100401 20100430    99.2
20100501 20100531     1.0
20100601 20100630     8.6
20100701 20100731     0.0
20100801 20100831     2.0
20100901 20100930   127.2
20101001 20101031    64.8
20101101 20101130   206.0
20101201 20101231   238.6
20110101 20110131   379.8
20110201 20110228   360.4
20110301 20110331   284.2
20110401 20110430    83.0
20110501 20110531     0.0
20110601 20110630   307.2
20110701 20110731     0.0
20110801 20110831     0.0
20110901 20110930     0.0
20111001 20111031    16.8
20111101 20111130    31.8
20111201 20111231 99999.9
20120101 20120131   210.4
20120201 20120229   246.8
20120301 20120331   169.8
20120401 20120430    43.2
20120501 20120531    19.2
20120601 20120630     7.2
20120701 20120731     0.8
20120801 20120831     0.4
20120901 20120930     0.0
20121001 20121031    24.6
20121101 20121130    20.0
20121201 20121231    68.0
20130101 20130131   421.4
20130201 20130228    60.8
20130301 20130331   207.2
20130401 20130430   229.6
20130501 20130531    11.0
20130601 20130630     0.0
20130701 20130731     0.0
20130801 20130831     2.6
20130901 20130930     0.2
20131001 20131031    40.8
20131101 20131130   162.4
20131201 20131231    30.8
20140101 20140131   119.8
20140201 20140228   341.4
20140301 20140331    90.2
20140401 20140430    86.2
20140501 20140531     6.4
20140601 20140630    47.0
20140701 20140731     0.0
20140801 20140831     6.4
20140901 20140930     0.0
20141001 20141031     2.6
20141101 20141130     1.0
20141201 20141231    35.6
20150101 20150131   224.0
20150201 20150228    86.8
20150301 20150331    39.0
20150401 20150430    14.0
20150501 20150531     0.0
20150601 20150630     3.0
20150701 20150731     1.6
20150801 20150831     0.0
20150901 20150930     0.0
20151001 20151031     5.4
20151101 20151130    60.4
20151201 20151231   281.0
20160101 20160131   150.4
20160201 20160229   167.0
20160301 20160331   298.4
20160401 20160430     9.4
20160501 20160531    45.6
20160601 20160630     5.2
20160701 20160731     0.6
20160801 20160831     0.0
20160901 20160930     8.0
20161001 20161031    50.8
20161101 20161130    57.4
20161201 20161231    36.6
20170101 20170131   183.8
20170201 20170228   142.4
20170301 20170331   149.6
20170401 20170430    20.6
20170501 20170531     0.6
20170601 20170630     2.0
20170701 20170731     0.0
20170801 20170831     0.0
20170901 20170930     0.6
20171001 20171031   110.0
20171101 20171130    49.0
20171201 20171231     9.0
20180101 20180131   282.4
