PRCP       018063 19070101 20180131 missing_value=99999.9 PENONG                                    
19070101 19070131     0.0
19070201 19070228     0.0
19070301 19070331     0.0
19070401 19070430     9.9
19070501 19070531    41.7
19070601 19070630    55.6
19070701 19070731    32.1
19070801 19070831    49.0
19070901 19070930     9.9
19071001 19071031     6.1
19071101 19071130    52.7
19071201 19071231     5.6
19080101 19080131    14.8
19080201 19080229     1.3
19080301 19080331     7.6
19080401 19080430     7.2
19080501 19080531    52.6
19080601 19080630   108.4
19080701 19080731    28.9
19080801 19080831    28.2
19080901 19080930    46.7
19081001 19081031    24.4
19081101 19081130     0.0
19081201 19081231     5.8
19090101 19090131     1.3
19090201 19090228     0.0
19090301 19090331     0.0
19090401 19090430    33.6
19090501 19090531    27.0
19090601 19090630    25.6
19090701 19090731    60.3
19090801 19090831    99.8
19090901 19090930     3.3
19091001 19091031    37.6
19091101 19091130    12.0
19091201 19091231     0.0
19100101 19100131     0.0
19100201 19100228     0.0
19100301 19100331    16.0
19100401 19100430     0.0
19100501 19100531    49.3
19100601 19100630    21.9
19100701 19100731    58.8
19100801 19100831     8.1
19100901 19100930    32.3
19101001 19101031    53.5
19101101 19101130    16.8
19101201 19101231     0.0
19110101 19110131     0.0
19110201 19110228    22.9
19110301 19110331     2.5
19110401 19110430     4.1
19110501 19110531    57.1
19110601 19110630    58.4
19110701 19110731    30.7
19110801 19110831    78.6
19110901 19110930    36.8
19111001 19111031    10.1
19111101 19111130     0.0
19111201 19111231     1.5
19120101 19120131     0.0
19120201 19120229    15.5
19120301 19120331    40.6
19120401 19120430     7.2
19120501 19120531    26.4
19120601 19120630    67.7
19120701 19120731    28.6
19120801 19120831    26.3
19120901 19120930    14.3
19121001 19121031    36.6
19121101 19121130    26.1
19121201 19121231     4.1
19130101 19130131     0.5
19130201 19130228   174.0
19130301 19130331    19.9
19130401 19130430     4.1
19130501 19130531    31.0
19130601 19130630     9.2
19130701 19130731    13.9
19130801 19130831    33.0
19130901 19130930    25.8
19131001 19131031    36.9
19131101 19131130     5.3
19131201 19131231    35.3
19140101 19140131     2.0
19140201 19140228     0.0
19140301 19140331    39.1
19140401 19140430    13.9
19140501 19140531    11.0
19140601 19140630    13.2
19140701 19140731    23.0
19140801 19140831     9.0
19140901 19140930    21.7
19141001 19141031    20.6
19141101 19141130    23.8
19141201 19141231     5.8
19150101 19150131     6.8
19150201 19150228    34.5
19150301 19150331     5.3
19150401 19150430    22.8
19150501 19150531    55.4
19150601 19150630    46.4
19150701 19150731    34.2
19150801 19150831    87.0
19150901 19150930    21.9
19151001 19151031     5.1
19151101 19151130     1.3
19151201 19151231     7.9
19160101 19160131    14.4
19160201 19160229     0.0
19160301 19160331     1.3
19160401 19160430     7.0
19160501 19160531    43.3
19160601 19160630    89.8
19160701 19160731   163.4
19160801 19160831    47.6
19160901 19160930    60.3
19161001 19161031    25.9
19161101 19161130    34.0
19161201 19161231     3.8
19170101 19170131    25.0
19170201 19170228    13.8
19170301 19170331    23.9
19170401 19170430    14.0
19170501 19170531    79.6
19170601 19170630    55.8
19170701 19170731    54.4
19170801 19170831    50.6
19170901 19170930    68.2
19171001 19171031    17.5
19171101 19171130    25.4
19171201 19171231    25.8
19180101 19180131     0.5
19180201 19180228     0.0
19180301 19180331    10.7
19180401 19180430    14.3
19180501 19180531    43.7
19180601 19180630    38.1
19180701 19180731    26.6
19180801 19180831    53.3
19180901 19180930     1.3
19181001 19181031    35.9
19181101 19181130     6.7
19181201 19181231    16.8
19190101 19190131    20.8
19190201 19190228    50.9
19190301 19190331     3.1
19190401 19190430    14.3
19190501 19190531    24.1
19190601 19190630    21.7
19190701 19190731    26.2
19190801 19190831    18.6
19190901 19190930    29.9
19191001 19191031    17.5
19191101 19191130     0.8
19191201 19191231    38.9
19200101 19200131     1.8
19200201 19200229     0.0
19200301 19200331     7.1
19200401 19200430    15.1
19200501 19200531    37.1
19200601 19200630    78.2
19200701 19200731    30.1
19200801 19200831    58.2
19200901 19200930    49.3
19201001 19201031    22.6
19201101 19201130    45.3
19201201 19201231     4.6
19210101 19210131     1.3
19210201 19210228    53.2
19210301 19210331     7.6
19210401 19210430    32.5
19210501 19210531   122.4
19210601 19210630   107.6
19210701 19210731    20.3
19210801 19210831    31.3
19210901 19210930    18.6
19211001 19211031    23.8
19211101 19211130    28.5
19211201 19211231     9.7
19220101 19220131    40.2
19220201 19220228     0.0
19220301 19220331     6.6
19220401 19220430    56.9
19220501 19220531    37.4
19220601 19220630    40.2
19220701 19220731    66.1
19220801 19220831    25.7
19220901 19220930    13.2
19221001 19221031     3.0
19221101 19221130     1.3
19221201 19221231    49.3
19230101 19230131     1.3
19230201 19230228     1.0
19230301 19230331     3.6
19230401 19230430     1.3
19230501 19230531    45.0
19230601 19230630    56.5
19230701 19230731    73.3
19230801 19230831    54.7
19230901 19230930    54.1
19231001 19231031    21.2
19231101 19231130     0.0
19231201 19231231    61.2
19240101 19240131     5.1
19240201 19240229    61.9
19240301 19240331    22.1
19240401 19240430     5.6
19240501 19240531    37.3
19240601 19240630    56.1
19240701 19240731     2.1
19240801 19240831    44.0
19240901 19240930    22.9
19241001 19241031    50.5
19241101 19241130     8.2
19241201 19241231    11.4
19250101 19250131     2.3
19250201 19250228     3.0
19250301 19250331     4.8
19250401 19250430    29.2
19250501 19250531    38.4
19250601 19250630    40.8
19250701 19250731    56.0
19250801 19250831    31.7
19250901 19250930    27.3
19251001 19251031    12.8
19251101 19251130     7.9
19251201 19251231     3.0
19260101 19260131     0.0
19260201 19260228     0.0
19260301 19260331     5.2
19260401 19260430    11.4
19260501 19260531    42.9
19260601 19260630    30.7
19260701 19260731    14.7
19260801 19260831    39.0
19260901 19260930     8.4
19261001 19261031     2.3
19261101 19261130     0.3
19261201 19261231    12.5
19270101 19270131     1.5
19270201 19270228     6.3
19270301 19270331    30.0
19270401 19270430     2.4
19270501 19270531    20.9
19270601 19270630    56.3
19270701 19270731    49.1
19270801 19270831    39.5
19270901 19270930    10.0
19271001 19271031     6.1
19271101 19271130    11.5
19271201 19271231     8.4
19280101 19280131    14.0
19280201 19280229    14.0
19280301 19280331     1.0
19280401 19280430     1.3
19280501 19280531    20.4
19280601 19280630    42.5
19280701 19280731    33.8
19280801 19280831    12.1
19280901 19280930    11.6
19281001 19281031    28.3
19281101 19281130     0.0
19281201 19281231     2.3
19290101 19290131     2.8
19290201 19290228     0.3
19290301 19290331     9.6
19290401 19290430     7.4
19290501 19290531    20.2
19290601 19290630    36.0
19290701 19290731    22.7
19290801 19290831    34.5
19290901 19290930    18.1
19291001 19291031    14.6
19291101 19291130    34.4
19291201 19291231     4.8
19300101 19300131     0.0
19300201 19300228     4.6
19300301 19300331     1.1
19300401 19300430    12.5
19300501 19300531    26.2
19300601 19300630     1.1
19300701 19300731    21.9
19300801 19300831    55.6
19300901 19300930    12.2
19301001 19301031    50.5
19301101 19301130    10.1
19301201 19301231    23.4
19310101 19310131     4.3
19310201 19310228     0.0
19310301 19310331    85.3
19310401 19310430    51.4
19310501 19310531   126.9
19310601 19310630    91.2
19310701 19310731    82.4
19310801 19310831    30.8
19310901 19310930    29.5
19311001 19311031     5.9
19311101 19311130    32.1
19311201 19311231     0.0
19320101 19320131     0.0
19320201 19320229    45.9
19320301 19320331     0.8
19320401 19320430    64.8
19320501 19320531    29.5
19320601 19320630    53.7
19320701 19320731    37.0
19320801 19320831    76.7
19320901 19320930    56.9
19321001 19321031    37.6
19321101 19321130     5.6
19321201 19321231    18.4
19330101 19330131     5.5
19330201 19330228     0.0
19330301 19330331    22.8
19330401 19330430    35.1
19330501 19330531    45.7
19330601 19330630    23.1
19330701 19330731    70.5
19330801 19330831    49.9
19330901 19330930    22.6
19331001 19331031    17.1
19331101 19331130    28.2
19331201 19331231     3.6
19340101 19340131     0.8
19340201 19340228    15.2
19340301 19340331    10.7
19340401 19340430    32.2
19340501 19340531     0.0
19340601 19340630    43.8
19340701 19340731    31.8
19340801 19340831    61.7
19340901 19340930    25.8
19341001 19341031    14.8
19341101 19341130    31.1
19341201 19341231     1.0
19350101 19350131     9.8
19350201 19350228     0.0
19350301 19350331    51.2
19350401 19350430    27.7
19350501 19350531    20.3
19350601 19350630    27.7
19350701 19350731    27.2
19350801 19350831    44.5
19350901 19350930    62.7
19351001 19351031    48.9
19351101 19351130    22.1
19351201 19351231    22.1
19360101 19360131     6.9
19360201 19360229     5.6
19360301 19360331     1.0
19360401 19360430     9.9
19360501 19360531    51.4
19360601 19360630    44.0
19360701 19360731    40.8
19360801 19360831    28.1
19360901 19360930     4.4
19361001 19361031    36.0
19361101 19361130    12.0
19361201 19361231    21.5
19370101 19370131     5.9
19370201 19370228     4.1
19370301 19370331     5.1
19370401 19370430     9.5
19370501 19370531    52.9
19370601 19370630    54.1
19370701 19370731    30.1
19370801 19370831    49.0
19370901 19370930    31.3
19371001 19371031     9.7
19371101 19371130    73.1
19371201 19371231    26.3
19380101 19380131     5.9
19380201 19380228    65.3
19380301 19380331     1.8
19380401 19380430    37.1
19380501 19380531    41.2
19380601 19380630    69.7
19380701 19380731    59.9
19380801 19380831    52.2
19380901 19380930     5.3
19381001 19381031    10.5
19381101 19381130     5.1
19381201 19381231     9.1
19390101 19390131     8.4
19390201 19390228     5.1
19390301 19390331    52.8
19390401 19390430    10.1
19390501 19390531    32.8
19390601 19390630    53.5
19390701 19390731    61.4
19390801 19390831    80.3
19390901 19390930     4.5
19391001 19391031    23.4
19391101 19391130    26.2
19391201 19391231     6.6
19400101 19400131    46.5
19400201 19400229     7.9
19400301 19400331    27.4
19400401 19400430    35.2
19400501 19400531    58.9
19400601 19400630    10.1
19400701 19400731    34.3
19400801 19400831     2.8
19400901 19400930    20.9
19401001 19401031    25.2
19401101 19401130    14.0
19401201 19401231     5.4
19410101 19410131    10.9
19410201 19410228     8.9
19410301 19410331    46.1
19410401 19410430    20.9
19410501 19410531     7.6
19410601 19410630    21.6
19410701 19410731    63.4
19410801 19410831    58.3
19410901 19410930    51.3
19411001 19411031    34.9
19411101 19411130    22.4
19411201 19411231     4.4
19420101 19420131    24.2
19420201 19420228     4.0
19420301 19420331    17.2
19420401 19420430     9.4
19420501 19420531    43.3
19420601 19420630    73.8
19420701 19420731    54.3
19420801 19420831    52.8
19420901 19420930    32.0
19421001 19421031    10.2
19421101 19421130    61.1
19421201 19421231    21.8
19430101 19430131     0.0
19430201 19430228    28.0
19430301 19430331     0.8
19430401 19430430    21.3
19430501 19430531    16.8
19430601 19430630    49.9
19430701 19430731    41.3
19430801 19430831    38.3
19430901 19430930    18.6
19431001 19431031    11.9
19431101 19431130     8.7
19431201 19431231     4.6
19440101 19440131     0.8
19440201 19440229     0.8
19440301 19440331     1.8
19440401 19440430    77.8
19440501 19440531    50.1
19440601 19440630    24.4
19440701 19440731    43.1
19440801 19440831     7.2
19440901 19440930     9.7
19441001 19441031     7.1
19441101 19441130    18.2
19441201 19441231    10.0
19450101 19450131    12.2
19450201 19450228    51.4
19450301 19450331     0.0
19450401 19450430     1.5
19450501 19450531    44.2
19450601 19450630    38.4
19450701 19450731     9.8
19450801 19450831    10.1
19450901 19450930    25.1
19451001 19451031    15.0
19451101 19451130    51.6
19451201 19451231    64.3
19460101 19460131    14.4
19460201 19460228    38.0
19460301 19460331    16.1
19460401 19460430    25.8
19460501 19460531    20.5
19460601 19460630    61.0
19460701 19460731    24.6
19460801 19460831    25.2
19460901 19460930     2.7
19461001 19461031    15.8
19461101 19461130    11.8
19461201 19461231    33.1
19470101 19470131     3.8
19470201 19470228    14.8
19470301 19470331    30.6
19470401 19470430    19.7
19470501 19470531    29.8
19470601 19470630    27.6
19470701 19470731    45.9
19470801 19470831    42.9
19470901 19470930    56.8
19471001 19471031    60.8
19471101 19471130    27.5
19471201 19471231    11.5
19480101 19480131     1.3
19480201 19480229     5.8
19480301 19480331     1.5
19480401 19480430    13.8
19480501 19480531    38.4
19480601 19480630    23.9
19480701 19480731    38.4
19480801 19480831    68.9
19480901 19480930     2.3
19481001 19481031    28.8
19481101 19481130    41.2
19481201 19481231    15.5
19490101 19490131     3.3
19490201 19490228    29.7
19490301 19490331     0.0
19490401 19490430     8.4
19490501 19490531    49.8
19490601 19490630    43.3
19490701 19490731    41.7
19490801 19490831    34.0
19490901 19490930    59.0
19491001 19491031    30.0
19491101 19491130    35.3
19491201 19491231    14.5
19500101 19500131     2.3
19500201 19500228    19.5
19500301 19500331     0.8
19500401 19500430    13.0
19500501 19500531    27.6
19500601 19500630    42.1
19500701 19500731    32.8
19500801 19500831    69.3
19500901 19500930    15.4
19501001 19501031    69.2
19501101 19501130    17.9
19501201 19501231    49.8
19510101 19510131     2.1
19510201 19510228     0.0
19510301 19510331    18.8
19510401 19510430    36.7
19510501 19510531    64.1
19510601 19510630    54.0
19510701 19510731   131.0
19510801 19510831    72.6
19510901 19510930    10.1
19511001 19511031    24.6
19511101 19511130     0.8
19511201 19511231    10.0
19520101 19520131    23.4
19520201 19520229     5.9
19520301 19520331     6.3
19520401 19520430    55.6
19520501 19520531    92.1
19520601 19520630    21.7
19520701 19520731    34.8
19520801 19520831    31.0
19520901 19520930    15.8
19521001 19521031    47.2
19521101 19521130    31.9
19521201 19521231     3.6
19530101 19530131     7.7
19530201 19530228    46.8
19530301 19530331     4.9
19530401 19530430    13.2
19530501 19530531    13.0
19530601 19530630    83.0
19530701 19530731    30.0
19530801 19530831    61.6
19530901 19530930    18.4
19531001 19531031    25.6
19531101 19531130     9.9
19531201 19531231    58.5
19540101 19540131    18.8
19540201 19540228     2.0
19540301 19540331     3.6
19540401 19540430    53.5
19540501 19540531    26.1
19540601 19540630   103.1
19540701 19540731    21.0
19540801 19540831    22.3
19540901 19540930    21.4
19541001 19541031    29.4
19541101 19541130     8.7
19541201 19541231    34.2
19550101 19550131     3.3
19550201 19550228    41.6
19550301 19550331     6.6
19550401 19550430    16.0
19550501 19550531    64.6
19550601 19550630    92.2
19550701 19550731    30.5
19550801 19550831    48.6
19550901 19550930    14.7
19551001 19551031    25.5
19551101 19551130    43.0
19551201 19551231     5.1
19560101 19560131     3.3
19560201 19560229     0.0
19560301 19560331     1.5
19560401 19560430    83.1
19560501 19560531   112.3
19560601 19560630    81.0
19560701 19560731    66.4
19560801 19560831    39.3
19560901 19560930    26.9
19561001 19561031    76.1
19561101 19561130     7.9
19561201 19561231     8.6
19570101 19570131     0.8
19570201 19570228     5.8
19570301 19570331     5.1
19570401 19570430     6.3
19570501 19570531    13.0
19570601 19570630    62.0
19570701 19570731    62.9
19570801 19570831    30.6
19570901 19570930    26.8
19571001 19571031     3.6
19571101 19571130     2.0
19571201 19571231    55.6
19580101 19580131     0.0
19580201 19580228     0.0
19580301 19580331    46.1
19580401 19580430     9.9
19580501 19580531    60.3
19580601 19580630    16.5
19580701 19580731    36.0
19580801 19580831    70.4
19580901 19580930    62.5
19581001 19581031    50.1
19581101 19581130    24.9
19581201 19581231    16.5
19590101 19590131     0.0
19590201 19590228    10.7
19590301 19590331     6.0
19590401 19590430     6.1
19590501 19590531    12.8
19590601 19590630    10.9
19590701 19590731    40.9
19590801 19590831     7.7
19590901 19590930    24.6
19591001 19591031    14.2
19591101 19591130    22.8
19591201 19591231    18.8
19600101 19600131    40.3
19600201 19600229    55.9
19600301 19600331     3.8
19600401 19600430    67.2
19600501 19600531    42.0
19600601 19600630    25.6
19600701 19600731    49.7
19600801 19600831    34.8
19600901 19600930    86.5
19601001 19601031     5.4
19601101 19601130    20.0
19601201 19601231     4.3
19610101 19610131     0.0
19610201 19610228     8.9
19610301 19610331     5.6
19610401 19610430    37.6
19610501 19610531     7.6
19610601 19610630    44.9
19610701 19610731    44.0
19610801 19610831    44.3
19610901 19610930    13.2
19611001 19611031     5.6
19611101 19611130    21.3
19611201 19611231     3.8
19620101 19620131     0.0
19620201 19620228     3.0
19620301 19620331    17.2
19620401 19620430     1.0
19620501 19620531    72.1
19620601 19620630     9.4
19620701 19620731    38.6
19620801 19620831    33.2
19620901 19620930    37.9
19621001 19621031    51.3
19621101 19621130     3.8
19621201 19621231     2.3
19630101 19630131     9.4
19630201 19630228     9.7
19630301 19630331     2.5
19630401 19630430    29.9
19630501 19630531    40.0
19630601 19630630    64.6
19630701 19630731    84.1
19630801 19630831    38.7
19630901 19630930     8.6
19631001 19631031     0.0
19631101 19631130     0.8
19631201 19631231     0.5
19640101 19640131     5.3
19640201 19640229     6.1
19640301 19640331     1.3
19640401 19640430    33.0
19640501 19640531    72.3
19640601 19640630    31.0
19640701 19640731    45.7
19640801 19640831    29.9
19640901 19640930    71.3
19641001 19641031    23.3
19641101 19641130    39.1
19641201 19641231     0.0
19650101 19650131     0.0
19650201 19650228     0.0
19650301 19650331     0.8
19650401 19650430     5.3
19650501 19650531    30.6
19650601 19650630    17.1
19650701 19650731    40.4
19650801 19650831    47.1
19650901 19650930    21.8
19651001 19651031    11.2
19651101 19651130     6.9
19651201 19651231     5.3
19660101 19660131     0.0
19660201 19660228    24.1
19660301 19660331    40.7
19660401 19660430     6.6
19660501 19660531    59.7
19660601 19660630    42.5
19660701 19660731    25.5
19660801 19660831    34.3
19660901 19660930    50.5
19661001 19661031    64.4
19661101 19661130    26.2
19661201 19661231    83.6
19670101 19670131    36.3
19670201 19670228    20.3
19670301 19670331     1.6
19670401 19670430     2.6
19670501 19670531     8.4
19670601 19670630    19.8
19670701 19670731    57.2
19670801 19670831    39.1
19670901 19670930    11.9
19671001 19671031     3.8
19671101 19671130     6.6
19671201 19671231     2.8
19680101 19680131    32.8
19680201 19680229    10.7
19680301 19680331   107.7
19680401 19680430    31.7
19680501 19680531    62.6
19680601 19680630    73.7
19680701 19680731    43.2
19680801 19680831    88.2
19680901 19680930    22.8
19681001 19681031    19.2
19681101 19681130    18.3
19681201 19681231    36.1
19690101 19690131    11.9
19690201 19690228    41.2
19690301 19690331    60.6
19690401 19690430    10.4
19690501 19690531    64.6
19690601 19690630    56.2
19690701 19690731    32.5
19690801 19690831    23.3
19690901 19690930    40.9
19691001 19691031     1.3
19691101 19691130     2.8
19691201 19691231     3.8
19700101 19700131     4.1
19700201 19700228     0.3
19700301 19700331     1.6
19700401 19700430     6.7
19700501 19700531    37.7
19700601 19700630    21.3
19700701 19700731    22.1
19700801 19700831    62.4
19700901 19700930    48.4
19701001 19701031     9.4
19701101 19701130     9.4
19701201 19701231     3.6
19710101 19710131     5.6
19710201 19710228     1.8
19710301 19710331    49.8
19710401 19710430   117.8
19710501 19710531    33.0
19710601 19710630    43.4
19710701 19710731    41.4
19710801 19710831    62.4
19710901 19710930    18.3
19711001 19711031     6.8
19711101 19711130    70.8
19711201 19711231    19.8
19720101 19720131    16.6
19720201 19720229    10.7
19720301 19720331     0.0
19720401 19720430    10.0
19720501 19720531     7.1
19720601 19720630    23.1
19720701 19720731    56.7
19720801 19720831    96.8
19720901 19720930    10.5
19721001 19721031    22.4
19721101 19721130     9.7
19721201 19721231     2.3
19730101 19730131    15.0
19730201 19730228     3.3
19730301 19730331    77.3
19730401 19730430    22.6
19730501 19730531    33.0
19730601 19730630    39.7
19730701 19730731    59.2
19730801 19730831   123.3
19730901 19730930    44.6
19731001 19731031    24.5
19731101 19731130    18.1
19731201 19731231    41.2
19740101 19740131     3.2
19740201 19740228     6.0
19740301 19740331     4.2
19740401 19740430    58.8
19740501 19740531    63.4
19740601 19740630    28.4
19740701 19740731    56.6
19740801 19740831    30.0
19740901 19740930    63.2
19741001 19741031   123.4
19741101 19741130    10.6
19741201 19741231     1.2
19750101 19750131    19.0
19750201 19750228    50.6
19750301 19750331    14.0
19750401 19750430    26.6
19750501 19750531    43.0
19750601 19750630    24.8
19750701 19750731    36.6
19750801 19750831    28.2
19750901 19750930    43.2
19751001 19751031    51.4
19751101 19751130    48.4
19751201 19751231     4.0
19760101 19760131    19.0
19760201 19760229    50.6
19760301 19760331     2.4
19760401 19760430    14.4
19760501 19760531    22.6
19760601 19760630    37.8
19760701 19760731     6.6
19760801 19760831    21.5
19760901 19760930    47.8
19761001 19761031    57.4
19761101 19761130    41.6
19761201 19761231     2.8
19770101 19770131    10.2
19770201 19770228    13.4
19770301 19770331     2.0
19770401 19770430     2.4
19770501 19770531    67.2
19770601 19770630    16.2
19770701 19770731    15.0
19770801 19770831    16.0
19770901 19770930    28.6
19771001 19771031    16.4
19771101 19771130    18.0
19771201 19771231     5.4
19780101 19780131    18.4
19780201 19780228     0.0
19780301 19780331     6.8
19780401 19780430    11.8
19780501 19780531    35.2
19780601 19780630    61.8
19780701 19780731   102.0
19780801 19780831    64.2
19780901 19780930    84.0
19781001 19781031     9.2
19781101 19781130    46.0
19781201 19781231    10.2
19790101 19790131     0.0
19790201 19790228     2.0
19790301 19790331     3.4
19790401 19790430    38.4
19790501 19790531    90.9
19790601 19790630    18.4
19790701 19790731    84.2
19790801 19790831    52.1
19790901 19790930    88.4
19791001 19791031     6.0
19791101 19791130    39.0
19791201 19791231     4.5
19800101 19800131     1.0
19800201 19800229     3.0
19800301 19800331     0.0
19800401 19800430    23.6
19800501 19800531    36.8
19800601 19800630    40.7
19800701 19800731    32.2
19800801 19800831    11.2
19800901 19800930    18.6
19801001 19801031    58.3
19801101 19801130    30.6
19801201 19801231    34.8
19810101 19810131    17.2
19810201 19810228    76.2
19810301 19810331    20.0
19810401 19810430     0.0
19810501 19810531    42.1
19810601 19810630    84.6
19810701 19810731    38.6
19810801 19810831    44.2
19810901 19810930     0.4
19811001 19811031    10.3
19811101 19811130    34.0
19811201 19811231     0.4
19820101 19820131     4.6
19820201 19820228    12.7
19820301 19820331    35.8
19820401 19820430     7.8
19820501 19820531    32.4
19820601 19820630    31.4
19820701 19820731    16.6
19820801 19820831     4.4
19820901 19820930    27.0
19821001 19821031     4.0
19821101 19821130     0.2
19821201 19821231    15.4
19830101 19830131     1.6
19830201 19830228     4.4
19830301 19830331    91.2
19830401 19830430   120.8
19830501 19830531    20.2
19830601 19830630     8.6
19830701 19830731    85.8
19830801 19830831    29.2
19830901 19830930    21.6
19831001 19831031    15.6
19831101 19831130     9.0
19831201 19831231     8.0
19840101 19840131     7.6
19840201 19840229     0.2
19840301 19840331     5.0
19840401 19840430    34.0
19840501 19840531    25.6
19840601 19840630     8.2
19840701 19840731    99.3
19840801 19840831    43.9
19840901 19840930    64.0
19841001 19841031    20.4
19841101 19841130     3.0
19841201 19841231    21.2
19850101 19850131     0.0
19850201 19850228     0.0
19850301 19850331     0.0
19850401 19850430    13.4
19850501 19850531     8.0
19850601 19850630    26.5
19850701 19850731    18.1
19850801 19850831    63.7
19850901 19850930     5.8
19851001 19851031    40.9
19851101 19851130     8.4
19851201 19851231    21.5
19860101 19860131     2.4
19860201 19860228     9.2
19860301 19860331     0.0
19860401 19860430    10.8
19860501 19860531    21.4
19860601 19860630    37.6
19860701 19860731   120.2
19860801 19860831    50.4
19860901 19860930    14.8
19861001 19861031    37.0
19861101 19861130     9.8
19861201 19861231    18.0
19870101 19870131 99999.9
19870201 19870228    38.0
19870301 19870331     1.2
19870401 19870430 99999.9
19870501 19870531    43.3
19870601 19870630    35.6
19870701 19870731    47.0
19870801 19870831    18.8
19870901 19870930    16.6
19871001 19871031 99999.9
19871101 19871130     9.4
19871201 19871231    14.0
19880101 19880131    11.8
19880201 19880229    19.4
19880301 19880331     4.6
19880401 19880430     1.8
19880501 19880531    42.2
19880601 19880630    16.2
19880701 19880731    33.7
19880801 19880831     4.4
19880901 19880930    18.2
19881001 19881031     3.6
19881101 19881130    10.3
19881201 19881231    37.0
19890101 19890131     4.2
19890201 19890228     0.0
19890301 19890331    12.6
19890401 19890430    37.5
19890501 19890531    63.7
19890601 19890630    49.0
19890701 19890731   121.8
19890801 19890831    24.7
19890901 19890930    11.8
19891001 19891031     6.3
19891101 19891130    16.2
19891201 19891231    13.6
19900101 19900131     3.0
19900201 19900228    21.0
19900301 19900331     0.8
19900401 19900430     9.6
19900501 19900531    38.8
19900601 19900630    31.4
19900701 19900731    57.6
19900801 19900831    24.2
19900901 19900930    26.9
19901001 19901031    27.2
19901101 19901130     0.0
19901201 19901231    24.8
19910101 19910131     3.4
19910201 19910228     0.0
19910301 19910331     1.0
19910401 19910430    30.8
19910501 19910531    15.8
19910601 19910630    58.8
19910701 19910731    38.2
19910801 19910831    30.9
19910901 19910930    22.6
19911001 19911031    12.2
19911101 19911130    30.7
19911201 19911231     2.6
19920101 19920131     5.0
19920201 19920229     3.6
19920301 19920331    15.6
19920401 19920430    19.3
19920501 19920531    26.6
19920601 19920630    34.4
19920701 19920731    22.4
19920801 19920831    79.0
19920901 19920930    57.8
19921001 19921031    92.8
19921101 19921130    36.2
19921201 19921231    72.4
19930101 19930131    49.0
19930201 19930228     1.2
19930301 19930331     3.4
19930401 19930430     0.8
19930501 19930531    33.0
19930601 19930630    12.2
19930701 19930731    31.0
19930801 19930831    40.4
19930901 19930930    35.8
19931001 19931031    45.8
19931101 19931130    24.4
19931201 19931231    31.2
19940101 19940131     2.1
19940201 19940228    12.4
19940301 19940331     0.0
19940401 19940430     0.4
19940501 19940531     9.5
19940601 19940630    34.2
19940701 19940731    35.4
19940801 19940831    19.5
19940901 19940930     6.4
19941001 19941031    21.8
19941101 19941130    11.6
19941201 19941231     3.6
19950101 19950131    42.6
19950201 19950228     0.8
19950301 19950331    11.8
19950401 19950430    15.4
19950501 19950531    40.0
19950601 19950630    66.6
19950701 19950731    57.6
19950801 19950831    23.6
19950901 19950930    16.6
19951001 19951031    17.2
19951101 19951130     5.2
19951201 19951231    14.8
19960101 19960131     0.4
19960201 19960229     4.2
19960301 19960331    10.2
19960401 19960430     8.4
19960501 19960531    18.6
19960601 19960630    44.0
19960701 19960731    61.4
19960801 19960831    51.4
19960901 19960930    51.8
19961001 19961031    16.4
19961101 19961130     7.2
19961201 19961231     9.4
19970101 19970131    13.1
19970201 19970228    16.0
19970301 19970331     7.6
19970401 19970430     3.2
19970501 19970531    59.8
19970601 19970630    14.6
19970701 19970731     9.0
19970801 19970831    39.6
19970901 19970930    96.8
19971001 19971031    28.8
19971101 19971130    15.8
19971201 19971231    40.8
19980101 19980131     3.2
19980201 19980228     3.4
19980301 19980331    19.8
19980401 19980430    30.6
19980501 19980531    19.8
19980601 19980630    38.4
19980701 19980731    86.4
19980801 19980831     7.4
19980901 19980930    23.0
19981001 19981031    10.2
19981101 19981130    34.4
19981201 19981231     3.4
19990101 19990131    11.0
19990201 19990228     7.0
19990301 19990331    14.8
19990401 19990430     0.0
19990501 19990531    20.8
19990601 19990630    17.0
19990701 19990731    18.6
19990801 19990831    14.2
19990901 19990930    54.6
19991001 19991031    54.8
19991101 19991130    12.5
19991201 19991231     6.4
20000101 20000131    12.2
20000201 20000229    30.6
20000301 20000331    22.2
20000401 20000430    12.8
20000501 20000531    31.0
20000601 20000630    28.3
20000701 20000731    33.0
20000801 20000831    50.2
20000901 20000930    24.0
20001001 20001031    30.2
20001101 20001130     9.4
20001201 20001231     0.6
20010101 20010131     9.2
20010201 20010228     7.5
20010301 20010331     5.2
20010401 20010430     6.2
20010501 20010531 99999.9
20010601 20010630 99999.9
20010701 20010731 99999.9
20010801 20010831 99999.9
20010901 20010930 99999.9
20011001 20011031    29.8
20011101 20011130    33.0
20011201 20011231    52.4
20020101 20020131     9.0
20020201 20020228     0.0
20020301 20020331     2.8
20020401 20020430    11.6
20020501 20020531     4.2
20020601 20020630    46.6
20020701 20020731    29.4
20020801 20020831    15.0
20020901 20020930    19.4
20021001 20021031    11.8
20021101 20021130     8.2
20021201 20021231    15.8
20030101 20030131     6.0
20030201 20030228    57.2
20030301 20030331     1.0
20030401 20030430     3.0
20030501 20030531    17.6
20030601 20030630    44.6
20030701 20030731    40.8
20030801 20030831    88.6
20030901 20030930     7.2
20031001 20031031    30.4
20031101 20031130    10.2
20031201 20031231     4.6
20040101 20040131     0.0
20040201 20040229     7.2
20040301 20040331     8.0
20040401 20040430    29.4
20040501 20040531    14.8
20040601 20040630    46.8
20040701 20040731    54.0
20040801 20040831    87.0
20040901 20040930    24.8
20041001 20041031     0.6
20041101 20041130    24.4
20041201 20041231    12.0
20050101 20050131     8.0
20050201 20050228     1.2
20050301 20050331     0.0
20050401 20050430 99999.9
20050501 20050531     6.6
20050601 20050630    55.8
20050701 20050731    25.6
20050801 20050831    29.6
20050901 20050930    53.0
20051001 20051031    43.2
20051101 20051130    32.4
20051201 20051231    10.6
20060101 20060131    50.6
20060201 20060228    22.0
20060301 20060331    45.0
20060401 20060430    23.4
20060501 20060531    14.8
20060601 20060630    25.4
20060701 20060731    49.4
20060801 20060831     3.8
20060901 20060930     2.0
20061001 20061031     0.0
20061101 20061130     8.0
20061201 20061231     1.6
20070101 20070131     2.2
20070201 20070228     4.4
20070301 20070331    55.0
20070401 20070430    45.6
20070501 20070531    33.6
20070601 20070630    11.4
20070701 20070731    10.2
20070801 20070831    11.4
20070901 20070930 99999.9
20071001 20071031 99999.9
20071101 20071130    14.0
20071201 20071231    23.6
20080101 20080131     3.4
20080201 20080229 99999.9
20080301 20080331 99999.9
20080401 20080430 99999.9
20080501 20080531    20.6
20080601 20080630    18.0
20080701 20080731    50.8
20080801 20080831    33.4
20080901 20080930     5.0
20081001 20081031     2.6
20081101 20081130    26.4
20081201 20081231    98.2
20090101 20090131 99999.9
20090201 20090228 99999.9
20090301 20090331    47.0
20090401 20090430    29.2
20090501 20090531     8.6
20090601 20090630    48.0
20090701 20090731    76.0
20090801 20090831 99999.9
20090901 20090930    41.4
20091001 20091031 99999.9
20091101 20091130 99999.9
20091201 20091231     8.4
20100101 20100131     7.4
20100201 20100228     0.8
20100301 20100331    15.4
20100401 20100430    19.8
20100501 20100531    44.2
20100601 20100630    42.0
20100701 20100731    37.8
20100801 20100831    44.0
20100901 20100930    43.8
20101001 20101031    49.4
20101101 20101130    15.6
20101201 20101231    44.8
20110101 20110131     4.0
20110201 20110228    59.8
20110301 20110331    23.2
20110401 20110430 99999.9
20110501 20110531    36.2
20110601 20110630    19.2
20110701 20110731    42.6
20110801 20110831    37.2
20110901 20110930    25.4
20111001 20111031    46.8
20111101 20111130    15.2
20111201 20111231    38.2
20120101 20120131    18.2
20120201 20120229    19.2
20120301 20120331     1.0
20120401 20120430     4.2
20120501 20120531    35.4
20120601 20120630    47.0
20120701 20120731    27.2
20120801 20120831    16.2
20120901 20120930     4.6
20121001 20121031     2.0
20121101 20121130     5.2
20121201 20121231 99999.9
20130101 20130131     1.4
20130201 20130228    14.0
20130301 20130331     8.6
20130401 20130430    52.6
20130501 20130531    34.4
20130601 20130630    36.8
20130701 20130731    49.6
20130801 20130831    16.4
20130901 20130930    15.6
20131001 20131031     2.4
20131101 20131130    25.0
20131201 20131231    29.6
20140101 20140131    24.4
20140201 20140228   112.2
20140301 20140331     3.4
20140401 20140430    17.2
20140501 20140531    77.0
20140601 20140630    52.2
20140701 20140731    27.0
20140801 20140831     5.2
20140901 20140930     9.8
20141001 20141031     0.0
20141101 20141130     5.0
20141201 20141231     0.2
20150101 20150131     6.2
20150201 20150228     0.0
20150301 20150331     5.6
20150401 20150430    50.8
20150501 20150531    14.4
20150601 20150630    38.6
20150701 20150731    44.4
20150801 20150831    49.8
20150901 20150930    15.6
20151001 20151031     2.6
20151101 20151130    11.4
20151201 20151231     1.6
20160101 20160131    18.8
20160201 20160229    30.8
20160301 20160331    40.2
20160401 20160430     8.4
20160501 20160531    34.4
20160601 20160630    72.4
20160701 20160731    25.0
20160801 20160831    21.2
20160901 20160930    48.6
20161001 20161031    23.6
20161101 20161130     4.2
20161201 20161231    35.0
20170101 20170131    57.0
20170201 20170228    39.4
20170301 20170331     0.0
20170401 20170430    27.2
20170501 20170531    16.2
20170601 20170630     0.4
20170701 20170731    27.2
20170801 20170831    35.0
20170901 20170930    17.0
20171001 20171031    36.8
20171101 20171130    10.2
20171201 20171231    47.0
20180101 20180131    31.8
