PRCP       059019 19280101 20171231 missing_value=99999.9 THE RACECOURSE                            
19280101 19280131   291.0
19280201 19280229   662.8
19280301 19280331   103.6
19280401 19280430   197.9
19280501 19280531    37.1
19280601 19280630   202.9
19280701 19280731    54.9
19280801 19280831    13.0
19280901 19280930     7.1
19281001 19281031    55.6
19281101 19281130    45.1
19281201 19281231   214.8
19290101 19290131    91.8
19290201 19290228   370.4
19290301 19290331   131.0
19290401 19290430   134.4
19290501 19290531    17.7
19290601 19290630   102.5
19290701 19290731    29.5
19290801 19290831    47.0
19290901 19290930    91.1
19291001 19291031   123.6
19291101 19291130    52.0
19291201 19291231   100.9
19300101 19300131   158.3
19300201 19300228   103.6
19300301 19300331   173.7
19300401 19300430    96.4
19300501 19300531    92.5
19300601 19300630   237.8
19300701 19300731    36.8
19300801 19300831    33.9
19300901 19300930     5.9
19301001 19301031    61.0
19301101 19301130    42.7
19301201 19301231    25.1
19310101 19310131    74.6
19310201 19310228   110.7
19310301 19310331   156.2
19310401 19310430   107.6
19310501 19310531   109.0
19310601 19310630    37.6
19310701 19310731    57.2
19310801 19310831     8.7
19310901 19310930    32.8
19311001 19311031    19.8
19311101 19311130    89.6
19311201 19311231   172.4
19320101 19320131   105.9
19320201 19320229    69.8
19320301 19320331   101.7
19320401 19320430   147.8
19320501 19320531    70.1
19320601 19320630    17.3
19320701 19320731    56.7
19320801 19320831    17.3
19320901 19320930   137.8
19321001 19321031    60.2
19321101 19321130   210.7
19321201 19321231    79.4
19330101 19330131   308.7
19330201 19330228    53.0
19330301 19330331    33.5
19330401 19330430    76.7
19330501 19330531    12.4
19330601 19330630   176.1
19330701 19330731   152.3
19330801 19330831    35.6
19330901 19330930   130.1
19331001 19331031   162.1
19331101 19331130   146.8
19331201 19331231   200.8
19340101 19340131    94.9
19340201 19340228   222.5
19340301 19340331    67.9
19340401 19340430   154.3
19340501 19340531    84.8
19340601 19340630    13.7
19340701 19340731   111.3
19340801 19340831    89.4
19340901 19340930    89.5
19341001 19341031    90.3
19341101 19341130   142.1
19341201 19341231   181.9
19350101 19350131   156.7
19350201 19350228    90.8
19350301 19350331    46.1
19350401 19350430    31.0
19350501 19350531    20.2
19350601 19350630    15.0
19350701 19350731    99.3
19350801 19350831    10.7
19350901 19350930   101.7
19351001 19351031    38.6
19351101 19351130    25.4
19351201 19351231    99.6
19360101 19360131   178.1
19360201 19360229   162.7
19360301 19360331   148.1
19360401 19360430   110.2
19360501 19360531    84.7
19360601 19360630    39.3
19360701 19360731    39.9
19360801 19360831    21.9
19360901 19360930    60.2
19361001 19361031    11.4
19361101 19361130    25.2
19361201 19361231   226.1
19370101 19370131    87.6
19370201 19370228   219.2
19370301 19370331   244.5
19370401 19370430    42.0
19370501 19370531     4.5
19370601 19370630   117.1
19370701 19370731    36.5
19370801 19370831    36.9
19370901 19370930    29.0
19371001 19371031    78.3
19371101 19371130   178.7
19371201 19371231   123.8
19380101 19380131   168.5
19380201 19380228   160.9
19380301 19380331    28.9
19380401 19380430   178.6
19380501 19380531   136.8
19380601 19380630    31.7
19380701 19380731    31.5
19380801 19380831    58.7
19380901 19380930    24.9
19381001 19381031    45.5
19381101 19381130   153.1
19381201 19381231    45.2
19390101 19390131   145.6
19390201 19390228    15.0
19390301 19390331   340.5
19390401 19390430    85.1
19390501 19390531    12.7
19390601 19390630    49.0
19390701 19390731    23.2
19390801 19390831    67.1
19390901 19390930    50.8
19391001 19391031    94.5
19391101 19391130    81.9
19391201 19391231   134.4
19400101 19400131    96.7
19400201 19400229    80.8
19400301 19400331   155.2
19400401 19400430    45.8
19400501 19400531     8.9
19400601 19400630    35.8
19400701 19400731     9.4
19400801 19400831    18.0
19400901 19400930    12.7
19401001 19401031    34.3
19401101 19401130    71.9
19401201 19401231   137.4
19410101 19410131   277.0
19410201 19410228    58.7
19410301 19410331    25.4
19410401 19410430     1.5
19410501 19410531    65.5
19410601 19410630    43.2
19410701 19410731    24.8
19410801 19410831     7.1
19410901 19410930     5.4
19411001 19411031    73.1
19411101 19411130    79.1
19411201 19411231    15.4
19420101 19420131    48.3
19420201 19420228   161.2
19420301 19420331   120.5
19420401 19420430    19.4
19420501 19420531    13.0
19420601 19420630   123.9
19420701 19420731    92.5
19420801 19420831    12.0
19420901 19420930    17.5
19421001 19421031   281.6
19421101 19421130   185.7
19421201 19421231   176.5
19430101 19430131   137.3
19430201 19430228    33.7
19430301 19430331    42.1
19430401 19430430    40.8
19430501 19430531   114.1
19430601 19430630    38.9
19430701 19430731    19.1
19430801 19430831    78.5
19430901 19430930    61.4
19431001 19431031    78.5
19431101 19431130   193.9
19431201 19431231   227.0
19440101 19440131   246.6
19440201 19440229    45.2
19440301 19440331    47.5
19440401 19440430    25.7
19440501 19440531    31.2
19440601 19440630    32.3
19440701 19440731    89.4
19440801 19440831   305.1
19440901 19440930    31.0
19441001 19441031    48.3
19441101 19441130    54.6
19441201 19441231   106.9
19450101 19450131    82.6
19450201 19450228   119.1
19450301 19450331    26.7
19450401 19450430    70.4
19450501 19450531    81.3
19450601 19450630   454.9
19450701 19450731   145.0
19450801 19450831    38.9
19450901 19450930    41.4
19451001 19451031    31.8
19451101 19451130   135.9
19451201 19451231   119.1
19460101 19460131   121.2
19460201 19460228    98.0
19460301 19460331   381.0
19460401 19460430    70.4
19460501 19460531    10.1
19460601 19460630     6.4
19460701 19460731     3.1
19460801 19460831     2.0
19460901 19460930    75.7
19461001 19461031    52.9
19461101 19461130    54.1
19461201 19461231   102.6
19470101 19470131   195.1
19470201 19470228   222.5
19470301 19470331   215.9
19470401 19470430   156.7
19470501 19470531    66.0
19470601 19470630    12.4
19470701 19470731    12.4
19470801 19470831    42.9
19470901 19470930    61.5
19471001 19471031    57.7
19471101 19471130   187.5
19471201 19471231   234.2
19480101 19480131   125.2
19480201 19480229    77.7
19480301 19480331   168.9
19480401 19480430    31.2
19480501 19480531   120.1
19480601 19480630   440.2
19480701 19480731    24.9
19480801 19480831    43.2
19480901 19480930    59.2
19481001 19481031    24.1
19481101 19481130    87.6
19481201 19481231   148.8
19490101 19490131   112.5
19490201 19490228   169.7
19490301 19490331   281.4
19490401 19490430    65.8
19490501 19490531    39.9
19490601 19490630    85.3
19490701 19490731   102.9
19490801 19490831   210.6
19490901 19490930    86.6
19491001 19491031   175.8
19491101 19491130   185.7
19491201 19491231    96.3
19500101 19500131   248.2
19500201 19500228   230.1
19500301 19500331   118.4
19500401 19500430   142.7
19500501 19500531    28.2
19500601 19500630   725.2
19500701 19500731   244.1
19500801 19500831   118.1
19500901 19500930    88.1
19501001 19501031   140.5
19501101 19501130   222.5
19501201 19501231    88.9
19510101 19510131   279.4
19510201 19510228   137.7
19510301 19510331   150.1
19510401 19510430    18.3
19510501 19510531    19.8
19510601 19510630   171.2
19510701 19510731     4.9
19510801 19510831    35.1
19510901 19510930     5.8
19511001 19511031    16.5
19511101 19511130    48.5
19511201 19511231    47.1
19520101 19520131    94.3
19520201 19520229   188.8
19520301 19520331   101.9
19520401 19520430    46.2
19520501 19520531    70.6
19520601 19520630    51.7
19520701 19520731    87.2
19520801 19520831   305.9
19520901 19520930    19.6
19521001 19521031   152.7
19521101 19521130    26.5
19521201 19521231    88.8
19530101 19530131   107.8
19530201 19530228   295.6
19530301 19530331   168.3
19530401 19530430    38.6
19530501 19530531    50.9
19530601 19530630     0.0
19530701 19530731    17.4
19530801 19530831    42.0
19530901 19530930    15.1
19531001 19531031    59.2
19531101 19531130    50.1
19531201 19531231    80.4
19540101 19540131    98.3
19540201 19540228   567.9
19540301 19540331    28.4
19540401 19540430    64.5
19540501 19540531   116.1
19540601 19540630    57.2
19540701 19540731   200.9
19540801 19540831    84.6
19540901 19540930   168.4
19541001 19541031   168.7
19541101 19541130   128.3
19541201 19541231   141.0
19550101 19550131   162.1
19550201 19550228   164.8
19550301 19550331   202.9
19550401 19550430   154.4
19550501 19550531   122.2
19550601 19550630    37.6
19550701 19550731    39.4
19550801 19550831     1.0
19550901 19550930    43.2
19551001 19551031    89.2
19551101 19551130    18.8
19551201 19551231   191.5
19560101 19560131   254.5
19560201 19560229   464.3
19560301 19560331   195.2
19560401 19560430   108.2
19560501 19560531   107.4
19560601 19560630   113.3
19560701 19560731    23.1
19560801 19560831    21.8
19560901 19560930    54.9
19561001 19561031    59.9
19561101 19561130    27.2
19561201 19561231   121.7
19570101 19570131   112.0
19570201 19570228   222.1
19570301 19570331    88.9
19570401 19570430    33.5
19570501 19570531     0.3
19570601 19570630    16.0
19570701 19570731    43.7
19570801 19570831   159.3
19570901 19570930     4.6
19571001 19571031    73.7
19571101 19571130    31.8
19571201 19571231   114.8
19580101 19580131   176.3
19580201 19580228    89.2
19580301 19580331    77.5
19580401 19580430   118.1
19580501 19580531    22.9
19580601 19580630   160.6
19580701 19580731     9.1
19580801 19580831    85.0
19580901 19580930    68.4
19581001 19581031    43.1
19581101 19581130    29.7
19581201 19581231   170.6
19590101 19590131   507.4
19590201 19590228   128.3
19590301 19590331   267.2
19590401 19590430    79.8
19590501 19590531    35.6
19590601 19590630    82.6
19590701 19590731    71.4
19590801 19590831    42.7
19590901 19590930    71.4
19591001 19591031    70.4
19591101 19591130   338.6
19591201 19591231   180.4
19600101 19600131    91.3
19600201 19600229   172.1
19600301 19600331   122.4
19600401 19600430    50.4
19600501 19600531    75.8
19600601 19600630    39.9
19600701 19600731    36.4
19600801 19600831    20.7
19600901 19600930    20.0
19601001 19601031    55.5
19601101 19601130    64.1
19601201 19601231    74.1
19610101 19610131    88.3
19610201 19610228   206.5
19610301 19610331    74.4
19610401 19610430    64.8
19610501 19610531    37.7
19610601 19610630    65.5
19610701 19610731    55.4
19610801 19610831    76.0
19610901 19610930   111.8
19611001 19611031   136.2
19611101 19611130    95.8
19611201 19611231   116.9
19620101 19620131   235.4
19620201 19620228   118.9
19620301 19620331   165.3
19620401 19620430   339.5
19620501 19620531    93.8
19620601 19620630     5.2
19620701 19620731   401.4
19620801 19620831    60.3
19620901 19620930    43.1
19621001 19621031    77.4
19621101 19621130   112.3
19621201 19621231   261.1
19630101 19630131   192.6
19630201 19630228    60.2
19630301 19630331   139.0
19630401 19630430   124.5
19630501 19630531   367.3
19630601 19630630   123.9
19630701 19630731    11.2
19630801 19630831    51.5
19630901 19630930    26.7
19631001 19631031   138.8
19631101 19631130   125.9
19631201 19631231   211.0
19640101 19640131   108.8
19640201 19640229   111.9
19640301 19640331   298.8
19640401 19640430   139.8
19640501 19640531    36.1
19640601 19640630    21.1
19640701 19640731    41.9
19640801 19640831    31.4
19640901 19640930    42.2
19641001 19641031    82.2
19641101 19641130    93.3
19641201 19641231    66.6
19650101 19650131   162.1
19650201 19650228    74.0
19650301 19650331    10.5
19650401 19650430    57.5
19650501 19650531    30.9
19650601 19650630    89.9
19650701 19650731   296.2
19650801 19650831    28.2
19650901 19650930    32.1
19651001 19651031    74.9
19651101 19651130    88.1
19651201 19651231   145.5
19660101 19660131   101.7
19660201 19660228    75.0
19660301 19660331    82.6
19660401 19660430    57.4
19660501 19660531    40.4
19660601 19660630    53.7
19660701 19660731     9.2
19660801 19660831    92.7
19660901 19660930    45.3
19661001 19661031   100.1
19661101 19661130   114.9
19661201 19661231   111.8
19670101 19670131   307.2
19670201 19670228    62.7
19670301 19670331   225.7
19670401 19670430   218.5
19670501 19670531    29.8
19670601 19670630   614.2
19670701 19670731    36.6
19670801 19670831    63.3
19670901 19670930    47.0
19671001 19671031   237.7
19671101 19671130    36.3
19671201 19671231    64.5
19680101 19680131   385.1
19680201 19680229    65.6
19680301 19680331   100.5
19680401 19680430     6.5
19680501 19680531    46.0
19680601 19680630     5.1
19680701 19680731    32.2
19680801 19680831   240.7
19680901 19680930    23.4
19681001 19681031    37.1
19681101 19681130    82.2
19681201 19681231    95.9
19690101 19690131    91.9
19690201 19690228   132.2
19690301 19690331    60.1
19690401 19690430    49.3
19690501 19690531    98.8
19690601 19690630    72.7
19690701 19690731    16.9
19690801 19690831   189.4
19690901 19690930    31.3
19691001 19691031   127.7
19691101 19691130   101.7
19691201 19691231   106.4
19700101 19700131   227.8
19700201 19700228    96.8
19700301 19700331   120.1
19700401 19700430    50.3
19700501 19700531    13.2
19700601 19700630    27.7
19700701 19700731     1.3
19700801 19700831    37.2
19700901 19700930   119.0
19701001 19701031    53.4
19701101 19701130    84.3
19701201 19701231   205.3
19710101 19710131   273.8
19710201 19710228   339.9
19710301 19710331   167.3
19710401 19710430    93.6
19710501 19710531    26.5
19710601 19710630   130.1
19710701 19710731    54.8
19710801 19710831    40.3
19710901 19710930    75.6
19711001 19711031    18.5
19711101 19711130   139.7
19711201 19711231   190.5
19720101 19720131   222.6
19720201 19720229   147.5
19720301 19720331   165.2
19720401 19720430    36.4
19720501 19720531    76.5
19720601 19720630    53.6
19720701 19720731     3.3
19720801 19720831    28.6
19720901 19720930    59.2
19721001 19721031   334.1
19721101 19721130   133.1
19721201 19721231   136.8
19730101 19730131   123.6
19730201 19730228   177.4
19730301 19730331    46.3
19730401 19730430    31.4
19730501 19730531    72.1
19730601 19730630    24.1
19730701 19730731   396.8
19730801 19730831    15.2
19730901 19730930    33.0
19731001 19731031    80.3
19731101 19731130   121.7
19731201 19731231   196.2
19740101 19740131   432.7
19740201 19740228    63.8
19740301 19740331   337.8
19740401 19740430   166.2
19740501 19740531    63.0
19740601 19740630   183.3
19740701 19740731     9.2
19740801 19740831    63.8
19740901 19740930     9.6
19741001 19741031    85.8
19741101 19741130   128.5
19741201 19741231    90.0
19750101 19750131    83.0
19750201 19750228   104.8
19750301 19750331   170.0
19750401 19750430    51.2
19750501 19750531    33.0
19750601 19750630    62.4
19750701 19750731    22.0
19750801 19750831    13.0
19750901 19750930    91.8
19751001 19751031   102.8
19751101 19751130   360.2
19751201 19751231   197.2
19760101 19760131   179.2
19760201 19760229   264.2
19760301 19760331   194.6
19760401 19760430    54.6
19760501 19760531    47.2
19760601 19760630   328.2
19760701 19760731    44.6
19760801 19760831    15.2
19760901 19760930    33.4
19761001 19761031    62.7
19761101 19761130   108.4
19761201 19761231    58.1
19770101 19770131   110.2
19770201 19770228   205.8
19770301 19770331   152.2
19770401 19770430    43.8
19770501 19770531   306.2
19770601 19770630    47.0
19770701 19770731    11.8
19770801 19770831    16.2
19770901 19770930    33.3
19771001 19771031    27.2
19771101 19771130   129.8
19771201 19771231    85.0
19780101 19780131   249.4
19780201 19780228    41.8
19780301 19780331   318.4
19780401 19780430    72.8
19780501 19780531    62.4
19780601 19780630    72.4
19780701 19780731    16.4
19780801 19780831    22.8
19780901 19780930    47.6
19781001 19781031    76.5
19781101 19781130    33.8
19781201 19781231   147.4
19790101 19790131   169.4
19790201 19790228    50.8
19790301 19790331   141.2
19790401 19790430    10.6
19790501 19790531    60.2
19790601 19790630    79.8
19790701 19790731    37.6
19790801 19790831    10.8
19790901 19790930    15.0
19791001 19791031    88.0
19791101 19791130   102.4
19791201 19791231    12.6
19800101 19800131   179.6
19800201 19800229    36.8
19800301 19800331    81.8
19800401 19800430    27.8
19800501 19800531   344.4
19800601 19800630    28.7
19800701 19800731     8.0
19800801 19800831     9.0
19800901 19800930     1.0
19801001 19801031    73.0
19801101 19801130    29.0
19801201 19801231   120.8
19810101 19810131    32.0
19810201 19810228   253.0
19810301 19810331    13.2
19810401 19810430   178.2
19810501 19810531   139.6
19810601 19810630    23.4
19810701 19810731    37.8
19810801 19810831    10.4
19810901 19810930    30.6
19811001 19811031    57.0
19811101 19811130   120.6
19811201 19811231   141.2
19820101 19820131   110.2
19820201 19820228    96.0
19820301 19820331   227.6
19820401 19820430    63.4
19820501 19820531    19.0
19820601 19820630    13.4
19820701 19820731    32.4
19820801 19820831    29.8
19820901 19820930   101.8
19821001 19821031   218.4
19821101 19821130    47.4
19821201 19821231   194.6
19830101 19830131   111.4
19830201 19830228   111.4
19830301 19830331    91.8
19830401 19830430   133.6
19830501 19830531   153.0
19830601 19830630   147.4
19830701 19830731    49.8
19830801 19830831    63.0
19830901 19830930    34.2
19831001 19831031    91.6
19831101 19831130    96.8
19831201 19831231   200.8
19840101 19840131   291.8
19840201 19840229   194.2
19840301 19840331   139.2
19840401 19840430   299.0
19840501 19840531    75.8
19840601 19840630    50.0
19840701 19840731    60.6
19840801 19840831     8.6
19840901 19840930    34.4
19841001 19841031    91.0
19841101 19841130   111.8
19841201 19841231    64.6
19850101 19850131    40.4
19850201 19850228   121.0
19850301 19850331    92.0
19850401 19850430   127.5
19850501 19850531   200.6
19850601 19850630    32.2
19850701 19850731   294.0
19850801 19850831    33.8
19850901 19850930    46.7
19851001 19851031   173.8
19851101 19851130    70.5
19851201 19851231   161.2
19860101 19860131   122.8
19860201 19860228   174.8
19860301 19860331    42.4
19860401 19860430    21.2
19860501 19860531    58.0
19860601 19860630    27.6
19860701 19860731    52.0
19860801 19860831    40.8
19860901 19860930    45.0
19861001 19861031    60.4
19861101 19861130   137.2
19861201 19861231    41.0
19870101 19870131   270.0
19870201 19870228    64.6
19870301 19870331   123.6
19870401 19870430    45.6
19870501 19870531   134.0
19870601 19870630    58.2
19870701 19870731    43.8
19870801 19870831   135.6
19870901 19870930    10.2
19871001 19871031    94.6
19871101 19871130    78.4
19871201 19871231   112.3
19880101 19880131   182.6
19880201 19880229    53.8
19880301 19880331    86.8
19880401 19880430   382.4
19880501 19880531    43.2
19880601 19880630   106.6
19880701 19880731   150.4
19880801 19880831    49.6
19880901 19880930   161.5
19881001 19881031    18.0
19881101 19881130    82.6
19881201 19881231   213.0
19890101 19890131   160.2
19890201 19890228    95.0
19890301 19890331   175.8
19890401 19890430   524.2
19890501 19890531    72.9
19890601 19890630   191.6
19890701 19890731    65.8
19890801 19890831    16.6
19890901 19890930    15.2
19891001 19891031    33.0
19891101 19891130   189.8
19891201 19891231   172.6
19900101 19900131   108.2
19900201 19900228   300.2
19900301 19900331   104.6
19900401 19900430   215.8
19900501 19900531   198.4
19900601 19900630    60.0
19900701 19900731    76.0
19900801 19900831    25.6
19900901 19900930    59.0
19901001 19901031    33.8
19901101 19901130    40.2
19901201 19901231   103.8
19910101 19910131   318.6
19910201 19910228   133.0
19910301 19910331    71.9
19910401 19910430    43.6
19910501 19910531    66.0
19910601 19910630    81.6
19910701 19910731    64.4
19910801 19910831     3.0
19910901 19910930     5.1
19911001 19911031    33.0
19911101 19911130    34.5
19911201 19911231   177.0
19920101 19920131   152.8
19920201 19920229   253.2
19920301 19920331    74.7
19920401 19920430   149.6
19920501 19920531    49.0
19920601 19920630    21.6
19920701 19920731    25.0
19920801 19920831    23.4
19920901 19920930    30.2
19921001 19921031    71.2
19921101 19921130    94.7
19921201 19921231   154.1
19930101 19930131   279.4
19930201 19930228   157.2
19930301 19930331   185.6
19930401 19930430    58.4
19930501 19930531    22.2
19930601 19930630    43.4
19930701 19930731    74.2
19930801 19930831    52.0
19930901 19930930    28.4
19931001 19931031    45.2
19931101 19931130    57.0
19931201 19931231   139.8
19940101 19940131    95.9
19940201 19940228   135.2
19940301 19940331   153.6
19940401 19940430    26.2
19940501 19940531    26.8
19940601 19940630    19.6
19940701 19940731    22.4
19940801 19940831    13.9
19940901 19940930    18.0
19941001 19941031    19.2
19941101 19941130   103.8
19941201 19941231   185.2
19950101 19950131   121.2
19950201 19950228   221.8
19950301 19950331   284.9
19950401 19950430    24.8
19950501 19950531   131.6
19950601 19950630    33.0
19950701 19950731     4.8
19950801 19950831     3.2
19950901 19950930    62.2
19951001 19951031    62.4
19951101 19951130   148.2
19951201 19951231   126.4
19960101 19960131   296.4
19960201 19960229   171.6
19960301 19960331    99.8
19960401 19960430    29.6
19960501 19960531   447.6
19960601 19960630    53.4
19960701 19960731    41.0
19960801 19960831    35.6
19960901 19960930    44.2
19961001 19961031    35.6
19961101 19961130   132.6
19961201 19961231   144.0
19970101 19970131    92.0
19970201 19970228   318.8
19970301 19970331   128.6
19970401 19970430    18.8
19970501 19970531    81.2
19970601 19970630    56.0
19970701 19970731    24.4
19970801 19970831     8.0
19970901 19970930    48.6
19971001 19971031    82.6
19971101 19971130   151.0
19971201 19971231   143.6
19980101 19980131    45.4
19980201 19980228   106.8
19980301 19980331    44.4
19980401 19980430    49.6
19980501 19980531    43.1
19980601 19980630    51.5
19980701 19980731    99.6
19980801 19980831   108.6
19980901 19980930   133.6
19981001 19981031    57.4
19981101 19981130   121.4
19981201 19981231   115.6
19990101 19990131   174.8
19990201 19990228   240.0
19990301 19990331   150.2
19990401 19990430   143.6
19990501 19990531    97.0
19990601 19990630   191.8
19990701 19990731   286.8
19990801 19990831    78.6
19990901 19990930    70.8
19991001 19991031    79.8
19991101 19991130   131.0
19991201 19991231   108.0
20000101 20000131   209.0
20000201 20000229   109.0
20000301 20000331   147.8
20000401 20000430   148.0
20000501 20000531    87.2
20000601 20000630    52.2
20000701 20000731    45.4
20000801 20000831    40.2
20000901 20000930    11.6
20001001 20001031    56.8
20001101 20001130   201.2
20001201 20001231   137.4
20010101 20010131   169.6
20010201 20010228   430.6
20010301 20010331   711.2
20010401 20010430    67.4
20010501 20010531   114.6
20010601 20010630    12.6
20010701 20010731    61.0
20010801 20010831    25.4
20010901 20010930    35.0
20011001 20011031    21.4
20011101 20011130   199.2
20011201 20011231   177.2
20020101 20020131   187.6
20020201 20020228   149.2
20020301 20020331   167.0
20020401 20020430    61.6
20020501 20020531    31.8
20020601 20020630    38.0
20020701 20020731     2.4
20020801 20020831    97.0
20020901 20020930    23.2
20021001 20021031    53.2
20021101 20021130   138.2
20021201 20021231    50.0
20030101 20030131    54.4
20030201 20030228   266.0
20030301 20030331    84.0
20030401 20030430   103.2
20030501 20030531   173.2
20030601 20030630    49.4
20030701 20030731    12.2
20030801 20030831    11.6
20030901 20030930     6.2
20031001 20031031   111.8
20031101 20031130    83.8
20031201 20031231    94.2
20040101 20040131   212.0
20040201 20040229   146.2
20040301 20040331   250.8
20040401 20040430    59.0
20040501 20040531     3.4
20040601 20040630     5.6
20040701 20040731    46.4
20040801 20040831    31.6
20040901 20040930    50.8
20041001 20041031   192.4
20041101 20041130   127.6
20041201 20041231   139.6
20050101 20050131   240.8
20050201 20050228    89.8
20050301 20050331    46.0
20050401 20050430    49.6
20050501 20050531    77.0
20050601 20050630   143.6
20050701 20050731    24.2
20050801 20050831    16.6
20050901 20050930   106.0
20051001 20051031    89.6
20051101 20051130   107.0
20051201 20051231    71.0
20060101 20060131   294.6
20060201 20060228   208.8
20060301 20060331   399.6
20060401 20060430    57.2
20060501 20060531     9.4
20060601 20060630    53.8
20060701 20060731    63.2
20060801 20060831   147.4
20060901 20060930   186.4
20061001 20061031    82.2
20061101 20061130   128.6
20061201 20061231    89.0
20070101 20070131   102.0
20070201 20070228   154.8
20070301 20070331   134.0
20070401 20070430    79.6
20070501 20070531    34.2
20070601 20070630    69.2
20070701 20070731     7.8
20070801 20070831   313.8
20070901 20070930    80.2
20071001 20071031    76.0
20071101 20071130   115.8
20071201 20071231   193.6
20080101 20080131 99999.9
20080201 20080229   207.2
20080301 20080331    47.2
20080401 20080430   200.2
20080501 20080531    33.0
20080601 20080630 99999.9
20080701 20080731    80.4
20080801 20080831    45.4
20080901 20080930   147.2
20081001 20081031    69.8
20081101 20081130   182.2
20081201 20081231    98.0
20090101 20090131    76.0
20090201 20090228   328.0
20090301 20090331   203.2
20090401 20090430   223.6
20090501 20090531   592.5
20090601 20090630   148.6
20090701 20090731    45.2
20090801 20090831     2.6
20090901 20090930    28.2
20091001 20091031   139.2
20091101 20091130    44.4
20091201 20091231   218.8
20100101 20100131    93.6
20100201 20100228   188.2
20100301 20100331   275.4
20100401 20100430    35.8
20100501 20100531    55.6
20100601 20100630    61.0
20100701 20100731    68.0
20100801 20100831    42.8
20100901 20100930    67.6
20101001 20101031   212.4
20101101 20101130   230.8
20101201 20101231 99999.9
20110101 20110131   290.4
20110201 20110228    85.6
20110301 20110331   144.2
20110401 20110430   210.6
20110501 20110531 99999.9
20110601 20110630   559.8
20110701 20110731    37.4
20110801 20110831   181.4
20110901 20110930    78.6
20111001 20111031    70.4
20111101 20111130   227.6
20111201 20111231    95.4
20120101 20120131   426.2
20120201 20120229   116.4
20120301 20120331    93.4
20120401 20120430    68.3
20120501 20120531    38.6
20120601 20120630   122.8
20120701 20120731    75.6
20120801 20120831     6.0
20120901 20120930    30.6
20121001 20121031    24.2
20121101 20121130   158.6
20121201 20121231   184.4
20130101 20130131   396.4
20130201 20130228   643.4
20130301 20130331    92.0
20130401 20130430    50.0
20130501 20130531    91.0
20130601 20130630    99.0
20130701 20130731    79.4
20130801 20130831     7.0
20130901 20130930    28.8
20131001 20131031    24.6
20131101 20131130   135.6
20131201 20131231    69.2
20140101 20140131    38.4
20140201 20140228   103.2
20140301 20140331   141.6
20140401 20140430    64.0
20140501 20140531    18.0
20140601 20140630    30.0
20140701 20140731    25.0
20140801 20140831   231.6
20140901 20140930    31.0
20141001 20141031    26.0
20141101 20141130   112.6
20141201 20141231   275.4
20150101 20150131   133.2
20150201 20150228   191.2
20150301 20150331 99999.9
20150401 20150430   112.6
20150501 20150531   163.6
20150601 20150630    53.6
20150701 20150731    28.8
20150801 20150831    59.6
20150901 20150930    62.6
20151001 20151031    48.1
20151101 20151130    68.0
20151201 20151231   116.2
20160101 20160131   136.2
20160201 20160229    75.0
20160301 20160331    38.6
20160401 20160430    96.0
20160501 20160531    14.6
20160601 20160630   250.4
20160701 20160731    54.2
20160801 20160831   238.8
20160901 20160930    58.2
20161001 20161031    59.0
20161101 20161130    38.4
20161201 20161231    88.2
20170101 20170131   108.2
20170201 20170228    95.4
20170301 20170331   548.6
20170401 20170430    65.6
20170501 20170531    44.6
20170601 20170630   159.8
20170701 20170731     8.6
20170801 20170831     4.0
20170901 20170930     1.4
20171001 20171031   215.2
20171101 20171130   109.0
20171201 20171231   129.0
