PRCP       087034 18770101 20161231 missing_value=99999.9 LOVELY BANKS RESERVOIR                    
18770101 18770131    13.7
18770201 18770228    11.4
18770301 18770331    64.8
18770401 18770430    28.7
18770501 18770531    67.6
18770601 18770630    13.0
18770701 18770731    28.7
18770801 18770831    25.7
18770901 18770930    47.2
18771001 18771031    20.8
18771101 18771130    31.0
18771201 18771231    10.4
18780101 18780131     0.0
18780201 18780228    75.9
18780301 18780331    82.3
18780401 18780430    51.3
18780501 18780531    15.2
18780601 18780630    63.0
18780701 18780731    30.0
18780801 18780831    45.5
18780901 18780930    45.2
18781001 18781031    57.9
18781101 18781130    31.2
18781201 18781231     6.9
18790101 18790131     8.9
18790201 18790228    11.9
18790301 18790331    25.9
18790401 18790430    14.5
18790501 18790531   114.0
18790601 18790630    22.9
18790701 18790731    24.4
18790801 18790831    31.8
18790901 18790930    21.1
18791001 18791031    67.1
18791101 18791130    56.9
18791201 18791231    11.4
18800101 18800131     8.6
18800201 18800229    23.4
18800301 18800331    68.6
18800401 18800430    87.6
18800501 18800531    57.2
18800601 18800630    63.2
18800701 18800731    40.1
18800801 18800831    40.9
18800901 18800930   162.1
18801001 18801031    38.6
18801101 18801130    32.0
18801201 18801231    19.8
18810101 18810131    21.3
18810201 18810228    11.9
18810301 18810331    34.3
18810401 18810430    21.3
18810501 18810531    41.9
18810601 18810630    36.6
18810701 18810731    18.5
18810801 18810831    25.9
18810901 18810930    19.6
18811001 18811031    57.7
18811101 18811130    88.4
18811201 18811231    32.5
18820101 18820131     5.6
18820201 18820228     2.3
18820301 18820331    16.5
18820401 18820430    46.0
18820501 18820531    62.2
18820601 18820630    35.1
18820701 18820731    45.2
18820801 18820831    22.6
18820901 18820930    35.3
18821001 18821031    39.6
18821101 18821130    82.3
18821201 18821231    27.2
18830101 18830131    10.2
18830201 18830228    43.9
18830301 18830331    49.3
18830401 18830430    39.6
18830501 18830531    43.9
18830601 18830630    37.6
18830701 18830731    36.3
18830801 18830831    17.8
18830901 18830930    47.2
18831001 18831031    48.0
18831101 18831130    40.6
18831201 18831231    22.6
18840101 18840131    35.8
18840201 18840229    13.0
18840301 18840331    37.8
18840401 18840430    15.2
18840501 18840531    40.9
18840601 18840630    24.6
18840701 18840731    19.6
18840801 18840831    36.8
18840901 18840930    21.8
18841001 18841031    36.8
18841101 18841130    38.9
18841201 18841231    35.8
18850101 18850131    24.6
18850201 18850228    45.5
18850301 18850331    37.3
18850401 18850430    59.7
18850501 18850531    14.5
18850601 18850630    50.8
18850701 18850731    86.4
18850801 18850831    25.4
18850901 18850930    68.1
18851001 18851031    26.7
18851101 18851130    54.1
18851201 18851231    23.6
18860101 18860131   158.5
18860201 18860228    34.5
18860301 18860331    23.1
18860401 18860430    11.9
18860501 18860531    20.8
18860601 18860630    10.7
18860701 18860731    23.6
18860801 18860831    82.3
18860901 18860930    26.7
18861001 18861031    55.9
18861101 18861130    28.7
18861201 18861231    68.6
18870101 18870131    21.6
18870201 18870228    51.1
18870301 18870331     7.1
18870401 18870430    49.3
18870501 18870531    22.1
18870601 18870630    66.5
18870701 18870731    65.0
18870801 18870831    17.8
18870901 18870930    41.9
18871001 18871031    63.2
18871101 18871130    79.2
18871201 18871231    74.2
18880101 18880131    41.9
18880201 18880229    15.7
18880301 18880331    39.1
18880401 18880430    30.0
18880501 18880531    53.1
18880601 18880630    23.6
18880701 18880731    25.7
18880801 18880831    42.9
18880901 18880930    22.1
18881001 18881031    36.1
18881101 18881130    12.7
18881201 18881231    11.9
18890101 18890131    69.1
18890201 18890228    30.0
18890301 18890331     0.0
18890401 18890430    73.9
18890501 18890531    27.9
18890601 18890630    73.2
18890701 18890731    30.7
18890801 18890831    37.8
18890901 18890930    39.9
18891001 18891031    76.2
18891101 18891130    53.6
18891201 18891231    21.3
18900101 18900131    40.4
18900201 18900228    14.5
18900301 18900331    44.7
18900401 18900430    37.6
18900501 18900531    43.2
18900601 18900630    52.8
18900701 18900731    53.3
18900801 18900831    57.9
18900901 18900930    34.0
18901001 18901031    57.2
18901101 18901130    67.1
18901201 18901231    32.0
18910101 18910131     6.9
18910201 18910228     0.8
18910301 18910331    47.8
18910401 18910430    37.8
18910501 18910531    46.5
18910601 18910630    90.2
18910701 18910731    66.3
18910801 18910831    36.8
18910901 18910930    29.5
18911001 18911031    65.0
18911101 18911130    54.9
18911201 18911231    42.7
18920101 18920131     5.8
18920201 18920229    12.4
18920301 18920331    37.3
18920401 18920430    79.8
18920501 18920531    54.1
18920601 18920630    21.3
18920701 18920731    40.8
18920801 18920831    35.1
18920901 18920930    60.0
18921001 18921031    67.2
18921101 18921130    57.2
18921201 18921231    42.8
18930101 18930131    10.7
18930201 18930228     5.8
18930301 18930331    66.5
18930401 18930430    33.1
18930501 18930531    95.5
18930601 18930630    67.0
18930701 18930731    41.2
18930801 18930831    24.6
18930901 18930930    76.8
18931001 18931031    76.8
18931101 18931130    78.2
18931201 18931231    35.6
18940101 18940131     5.4
18940201 18940228    36.7
18940301 18940331    14.1
18940401 18940430    56.4
18940501 18940531    19.5
18940601 18940630    51.1
18940701 18940731    44.4
18940801 18940831    33.0
18940901 18940930    43.7
18941001 18941031   115.8
18941101 18941130     7.5
18941201 18941231    67.8
18950101 18950131    36.9
18950201 18950228     2.8
18950301 18950331    33.4
18950401 18950430    39.7
18950501 18950531    27.9
18950601 18950630    41.5
18950701 18950731    48.1
18950801 18950831    56.8
18950901 18950930    97.4
18951001 18951031    23.0
18951101 18951130     2.6
18951201 18951231    53.6
18960101 18960131    48.2
18960201 18960229    78.9
18960301 18960331    32.3
18960401 18960430    67.5
18960501 18960531   111.0
18960601 18960630    43.0
18960701 18960731    58.0
18960801 18960831    94.5
18960901 18960930    39.8
18961001 18961031    18.6
18961101 18961130    15.5
18961201 18961231    16.6
18970101 18970131    80.6
18970201 18970228    81.0
18970301 18970331    20.9
18970401 18970430    17.8
18970501 18970531    50.2
18970601 18970630    29.1
18970701 18970731    34.6
18970801 18970831    49.6
18970901 18970930    35.3
18971001 18971031    40.5
18971101 18971130    40.9
18971201 18971231    18.3
18980101 18980131     7.7
18980201 18980228     4.1
18980301 18980331     9.6
18980401 18980430    35.6
18980501 18980531    75.1
18980601 18980630    60.5
18980701 18980731    41.8
18980801 18980831    12.5
18980901 18980930    68.7
18981001 18981031    25.4
18981101 18981130    20.6
18981201 18981231    20.0
18990101 18990131    35.4
18990201 18990228    36.6
18990301 18990331    65.5
18990401 18990430    94.8
18990501 18990531    59.2
18990601 18990630   103.3
18990701 18990731    32.7
18990801 18990831    42.1
18990901 18990930    31.5
18991001 18991031    49.8
18991101 18991130    46.0
18991201 18991231    21.2
19000101 19000131    46.6
19000201 19000228     7.3
19000301 19000331    52.1
19000401 19000430    75.8
19000501 19000531    57.4
19000601 19000630    49.2
19000701 19000731    24.8
19000801 19000831    49.6
19000901 19000930    59.0
19001001 19001031    16.5
19001101 19001130    11.7
19001201 19001231    20.9
19010101 19010131    64.5
19010201 19010228     8.9
19010301 19010331    32.0
19010401 19010430   112.2
19010501 19010531    15.0
19010601 19010630    52.7
19010701 19010731    37.7
19010801 19010831    36.8
19010901 19010930    54.0
19011001 19011031    44.7
19011101 19011130    28.7
19011201 19011231    14.5
19020101 19020131    25.5
19020201 19020228    31.0
19020301 19020331    87.7
19020401 19020430     5.4
19020501 19020531    13.1
19020601 19020630    54.0
19020701 19020731    12.2
19020801 19020831    25.4
19020901 19020930    48.1
19021001 19021031    25.7
19021101 19021130    13.0
19021201 19021231    82.9
19030101 19030131    20.4
19030201 19030228    23.8
19030301 19030331    47.8
19030401 19030430    71.3
19030501 19030531    13.6
19030601 19030630    41.0
19030701 19030731    40.2
19030801 19030831    25.6
19030901 19030930    69.4
19031001 19031031    60.2
19031101 19031130   110.8
19031201 19031231    45.3
19040101 19040131    86.4
19040201 19040229    70.7
19040301 19040331    16.9
19040401 19040430     9.9
19040501 19040531    45.0
19040601 19040630    42.3
19040701 19040731    43.4
19040801 19040831    30.4
19040901 19040930    32.1
19041001 19041031    38.7
19041101 19041130    37.3
19041201 19041231     3.0
19050101 19050131    31.6
19050201 19050228    20.4
19050301 19050331    22.4
19050401 19050430    48.6
19050501 19050531    79.3
19050601 19050630    25.5
19050701 19050731    68.9
19050801 19050831    24.3
19050901 19050930    43.6
19051001 19051031    57.9
19051101 19051130    32.7
19051201 19051231    46.9
19060101 19060131     3.5
19060201 19060228     5.1
19060301 19060331    85.3
19060401 19060430    10.8
19060501 19060531    44.1
19060601 19060630    56.3
19060701 19060731    47.2
19060801 19060831    65.3
19060901 19060930    67.1
19061001 19061031    91.6
19061101 19061130    62.4
19061201 19061231    14.3
19070101 19070131    13.0
19070201 19070228    13.0
19070301 19070331    32.6
19070401 19070430    68.5
19070501 19070531    46.2
19070601 19070630    26.1
19070701 19070731    40.4
19070801 19070831    53.7
19070901 19070930    20.0
19071001 19071031    34.1
19071101 19071130    31.3
19071201 19071231   105.8
19080101 19080131     8.2
19080201 19080229    10.0
19080301 19080331    51.3
19080401 19080430     8.1
19080501 19080531    31.3
19080601 19080630    56.9
19080701 19080731    38.6
19080801 19080831    23.8
19080901 19080930    66.4
19081001 19081031    51.4
19081101 19081130    27.8
19081201 19081231     5.9
19090101 19090131    62.8
19090201 19090228    27.3
19090301 19090331    42.1
19090401 19090430    48.7
19090501 19090531    53.3
19090601 19090630    57.9
19090701 19090731    35.9
19090801 19090831    96.9
19090901 19090930    28.6
19091001 19091031    21.7
19091101 19091130    14.2
19091201 19091231    43.0
19100101 19100131    28.3
19100201 19100228    11.7
19100301 19100331    55.0
19100401 19100430    14.5
19100501 19100531    46.2
19100601 19100630    30.7
19100701 19100731    87.1
19100801 19100831    36.7
19100901 19100930    88.6
19101001 19101031    69.0
19101101 19101130    60.3
19101201 19101231    53.6
19110101 19110131    35.3
19110201 19110228    93.9
19110301 19110331   107.1
19110401 19110430    19.7
19110501 19110531    65.3
19110601 19110630    56.5
19110701 19110731    33.8
19110801 19110831    17.4
19110901 19110930   134.6
19111001 19111031    28.5
19111101 19111130    13.6
19111201 19111231   105.8
19120101 19120131     2.5
19120201 19120229    17.7
19120301 19120331    18.0
19120401 19120430    41.6
19120501 19120531    17.8
19120601 19120630    51.8
19120701 19120731    41.0
19120801 19120831    25.6
19120901 19120930   101.8
19121001 19121031    29.4
19121101 19121130    57.0
19121201 19121231    41.2
19130101 19130131     7.4
19130201 19130228    24.0
19130301 19130331   191.7
19130401 19130430    18.6
19130501 19130531    59.5
19130601 19130630    29.0
19130701 19130731    32.5
19130801 19130831    40.9
19130901 19130930    51.1
19131001 19131031    29.4
19131101 19131130    40.2
19131201 19131231    33.4
19140101 19140131    27.5
19140201 19140228     2.1
19140301 19140331    15.8
19140401 19140430    44.7
19140501 19140531    19.9
19140601 19140630    16.8
19140701 19140731    33.4
19140801 19140831    14.5
19140901 19140930    25.8
19141001 19141031     3.6
19141101 19141130    50.8
19141201 19141231    97.0
19150101 19150131    40.9
19150201 19150228     7.0
19150301 19150331     8.2
19150401 19150430    50.3
19150501 19150531    61.7
19150601 19150630    73.6
19150701 19150731    39.6
19150801 19150831    32.8
19150901 19150930    58.6
19151001 19151031    46.8
19151101 19151130    23.4
19151201 19151231    15.5
19160101 19160131    56.4
19160201 19160229    29.4
19160301 19160331     5.9
19160401 19160430    49.2
19160501 19160531    22.5
19160601 19160630    57.8
19160701 19160731    48.2
19160801 19160831    43.0
19160901 19160930   152.3
19161001 19161031    56.8
19161101 19161130    80.1
19161201 19161231    74.3
19170101 19170131    22.1
19170201 19170228    33.7
19170301 19170331    44.7
19170401 19170430    39.4
19170501 19170531    46.7
19170601 19170630    30.9
19170701 19170731    38.4
19170801 19170831    42.2
19170901 19170930    59.0
19171001 19171031    82.5
19171101 19171130    54.3
19171201 19171231    25.7
19180101 19180131    14.2
19180201 19180228    18.9
19180301 19180331    73.2
19180401 19180430    22.6
19180501 19180531    49.1
19180601 19180630    45.5
19180701 19180731    40.7
19180801 19180831    43.4
19180901 19180930    40.7
19181001 19181031    47.6
19181101 19181130     6.6
19181201 19181231    20.2
19190101 19190131     9.3
19190201 19190228    85.6
19190301 19190331    83.7
19190401 19190430     5.8
19190501 19190531    41.7
19190601 19190630    40.0
19190701 19190731    38.0
19190801 19190831    24.4
19190901 19190930    36.9
19191001 19191031    24.2
19191101 19191130    16.0
19191201 19191231    87.7
19200101 19200131     4.6
19200201 19200229     3.6
19200301 19200331    25.3
19200401 19200430    17.4
19200501 19200531    42.0
19200601 19200630    40.8
19200701 19200731    21.1
19200801 19200831    55.0
19200901 19200930    61.6
19201001 19201031    40.6
19201101 19201130    73.9
19201201 19201231    20.8
19210101 19210131    61.5
19210201 19210228    70.1
19210301 19210331    16.6
19210401 19210430    12.0
19210501 19210531    68.1
19210601 19210630    28.0
19210701 19210731    56.3
19210801 19210831    45.9
19210901 19210930    71.4
19211001 19211031    57.7
19211101 19211130    49.2
19211201 19211231    33.2
19220101 19220131    10.8
19220201 19220228    25.0
19220301 19220331    10.3
19220401 19220430    34.3
19220501 19220531    76.3
19220601 19220630    56.6
19220701 19220731    54.4
19220801 19220831    66.7
19220901 19220930    48.7
19221001 19221031    77.2
19221101 19221130    16.6
19221201 19221231    67.1
19230101 19230131    43.9
19230201 19230228     6.0
19230301 19230331     3.8
19230401 19230430     1.2
19230501 19230531    49.7
19230601 19230630    79.5
19230701 19230731    74.3
19230801 19230831    30.8
19230901 19230930    39.6
19231001 19231031    70.4
19231101 19231130    41.5
19231201 19231231    69.8
19240101 19240131    52.9
19240201 19240229   125.6
19240301 19240331    99.3
19240401 19240430    41.6
19240501 19240531    29.6
19240601 19240630    33.1
19240701 19240731    24.6
19240801 19240831    64.5
19240901 19240930    44.9
19241001 19241031    50.4
19241101 19241130    83.2
19241201 19241231    79.9
19250101 19250131    29.7
19250201 19250228    30.7
19250301 19250331    13.2
19250401 19250430    19.3
19250501 19250531    59.2
19250601 19250630    22.9
19250701 19250731    37.3
19250801 19250831    26.4
19250901 19250930    28.2
19251001 19251031    15.1
19251101 19251130    72.1
19251201 19251231     7.4
19260101 19260131    28.4
19260201 19260228     7.4
19260301 19260331    35.4
19260401 19260430    29.3
19260501 19260531    46.1
19260601 19260630    35.7
19260701 19260731    41.0
19260801 19260831    29.2
19260901 19260930    44.1
19261001 19261031    44.7
19261101 19261130    19.4
19261201 19261231    17.2
19270101 19270131     5.9
19270201 19270228    11.8
19270301 19270331    26.8
19270401 19270430    10.2
19270501 19270531    44.7
19270601 19270630     9.8
19270701 19270731    58.6
19270801 19270831    42.5
19270901 19270930    14.1
19271001 19271031    33.8
19271101 19271130    21.4
19271201 19271231    52.4
19280101 19280131    57.6
19280201 19280229   143.0
19280301 19280331    73.2
19280401 19280430    29.6
19280501 19280531    34.9
19280601 19280630    37.1
19280701 19280731    11.3
19280801 19280831    14.0
19280901 19280930    34.6
19281001 19281031    71.1
19281101 19281130    16.4
19281201 19281231    12.5
19290101 19290131    23.3
19290201 19290228    45.3
19290301 19290331    31.3
19290401 19290430    61.3
19290501 19290531    22.8
19290601 19290630    38.7
19290701 19290731    25.9
19290801 19290831    41.8
19290901 19290930    32.0
19291001 19291031    46.2
19291101 19291130    63.6
19291201 19291231    53.5
19300101 19300131     2.0
19300201 19300228    58.0
19300301 19300331     7.6
19300401 19300430    30.3
19300501 19300531    70.7
19300601 19300630    41.5
19300701 19300731    36.4
19300801 19300831    64.6
19300901 19300930    39.8
19301001 19301031    55.8
19301101 19301130    41.5
19301201 19301231   104.2
19310101 19310131     6.6
19310201 19310228    25.3
19310301 19310331    63.7
19310401 19310430    61.8
19310501 19310531    57.3
19310601 19310630    67.6
19310701 19310731    41.7
19310801 19310831    29.2
19310901 19310930    32.5
19311001 19311031    24.9
19311101 19311130    79.6
19311201 19311231     7.4
19320101 19320131     1.3
19320201 19320229    50.9
19320301 19320331    80.8
19320401 19320430    76.4
19320501 19320531    15.2
19320601 19320630    27.4
19320701 19320731    38.6
19320801 19320831    65.1
19320901 19320930    27.1
19321001 19321031    59.9
19321101 19321130    13.8
19321201 19321231    42.2
19330101 19330131    12.9
19330201 19330228     8.2
19330301 19330331    11.5
19330401 19330430    33.0
19330501 19330531    50.2
19330601 19330630    27.6
19330701 19330731    43.5
19330801 19330831    34.4
19330901 19330930    27.4
19331001 19331031    23.0
19331101 19331130    66.4
19331201 19331231   146.4
19340101 19340131    58.1
19340201 19340228    17.6
19340301 19340331     7.7
19340401 19340430    91.2
19340501 19340531    10.2
19340601 19340630    30.2
19340701 19340731    35.6
19340801 19340831    53.0
19340901 19340930    39.2
19341001 19341031   120.4
19341101 19341130   142.3
19341201 19341231    64.5
19350101 19350131    30.5
19350201 19350228    33.3
19350301 19350331    29.5
19350401 19350430   135.9
19350501 19350531    24.0
19350601 19350630    34.6
19350701 19350731    30.7
19350801 19350831    44.6
19350901 19350930    34.8
19351001 19351031    49.3
19351101 19351130    23.8
19351201 19351231    16.5
19360101 19360131    24.2
19360201 19360229     8.7
19360301 19360331    36.8
19360401 19360430    35.4
19360501 19360531    22.1
19360601 19360630    42.4
19360701 19360731   115.6
19360801 19360831    56.0
19360901 19360930    22.6
19361001 19361031    48.7
19361101 19361130    43.3
19361201 19361231    59.0
19370101 19370131    45.6
19370201 19370228    34.4
19370301 19370331    25.5
19370401 19370430     9.4
19370501 19370531    43.7
19370601 19370630    16.3
19370701 19370731    36.8
19370801 19370831    37.6
19370901 19370930    26.2
19371001 19371031    66.3
19371101 19371130    10.4
19371201 19371231    36.4
19380101 19380131    29.8
19380201 19380228    31.6
19380301 19380331    28.7
19380401 19380430    31.9
19380501 19380531    19.3
19380601 19380630    87.1
19380701 19380731    53.2
19380801 19380831    17.4
19380901 19380930    27.5
19381001 19381031    13.8
19381101 19381130    45.8
19381201 19381231     8.6
19390101 19390131     2.1
19390201 19390228    95.2
19390301 19390331     4.9
19390401 19390430    67.1
19390501 19390531    44.3
19390601 19390630    79.3
19390701 19390731    25.4
19390801 19390831    89.1
19390901 19390930    46.9
19391001 19391031    49.3
19391101 19391130   104.9
19391201 19391231    18.3
19400101 19400131    40.7
19400201 19400229     8.6
19400301 19400331     8.9
19400401 19400430    46.2
19400501 19400531    20.0
19400601 19400630    20.4
19400701 19400731    33.4
19400801 19400831    12.3
19400901 19400930    55.9
19401001 19401031    16.3
19401101 19401130    49.6
19401201 19401231    42.5
19410101 19410131    93.4
19410201 19410228    18.6
19410301 19410331    58.2
19410401 19410430    49.9
19410501 19410531     6.8
19410601 19410630    51.9
19410701 19410731    39.2
19410801 19410831    56.2
19410901 19410930    73.9
19411001 19411031    27.9
19411101 19411130    45.1
19411201 19411231    22.2
19420101 19420131    22.1
19420201 19420228    33.6
19420301 19420331    41.0
19420401 19420430    27.7
19420501 19420531    71.4
19420601 19420630    23.2
19420701 19420731    34.2
19420801 19420831    48.4
19420901 19420930    55.5
19421001 19421031    52.1
19421101 19421130    60.4
19421201 19421231    23.7
19430101 19430131    39.2
19430201 19430228    16.7
19430301 19430331     9.9
19430401 19430430    45.4
19430501 19430531     9.4
19430601 19430630    58.5
19430701 19430731    45.0
19430801 19430831    41.5
19430901 19430930    74.7
19431001 19431031    20.3
19431101 19431130    25.8
19431201 19431231    19.8
19440101 19440131    23.9
19440201 19440229     7.1
19440301 19440331    18.6
19440401 19440430    39.6
19440501 19440531    63.6
19440601 19440630    13.9
19440701 19440731    19.4
19440801 19440831    20.4
19440901 19440930    27.7
19441001 19441031    51.1
19441101 19441130    26.4
19441201 19441231    46.2
19450101 19450131    41.4
19450201 19450228    64.6
19450301 19450331     1.3
19450401 19450430     8.2
19450501 19450531    80.1
19450601 19450630    32.2
19450701 19450731    73.8
19450801 19450831    38.8
19450901 19450930    33.4
19451001 19451031    47.7
19451101 19451130    62.3
19451201 19451231    18.9
19460101 19460131    66.8
19460201 19460228   101.1
19460301 19460331    49.5
19460401 19460430    41.2
19460501 19460531    39.4
19460601 19460630    63.4
19460701 19460731    34.3
19460801 19460831    36.7
19460901 19460930    54.9
19461001 19461031    36.5
19461101 19461130    28.8
19461201 19461231    83.0
19470101 19470131    13.3
19470201 19470228    62.6
19470301 19470331    77.1
19470401 19470430    51.3
19470501 19470531    11.4
19470601 19470630    55.0
19470701 19470731    53.1
19470801 19470831    40.0
19470901 19470930    46.9
19471001 19471031    79.7
19471101 19471130    51.6
19471201 19471231    91.5
19480101 19480131    20.0
19480201 19480229    14.7
19480301 19480331     8.6
19480401 19480430    60.6
19480501 19480531    61.4
19480601 19480630    43.5
19480701 19480731    35.2
19480801 19480831    16.1
19480901 19480930    43.3
19481001 19481031    96.6
19481101 19481130    32.3
19481201 19481231    34.3
19490101 19490131    12.2
19490201 19490228   104.9
19490301 19490331   111.2
19490401 19490430     7.5
19490501 19490531    40.2
19490601 19490630    61.5
19490701 19490731    35.2
19490801 19490831    30.4
19490901 19490930    46.8
19491001 19491031   133.7
19491101 19491130    92.1
19491201 19491231    24.4
19500101 19500131     8.9
19500201 19500228    73.2
19500301 19500331    73.1
19500401 19500430   117.2
19500501 19500531    51.3
19500601 19500630    24.5
19500701 19500731    37.7
19500801 19500831    41.4
19500901 19500930    75.0
19501001 19501031    54.7
19501101 19501130    55.2
19501201 19501231    56.4
19510101 19510131    17.8
19510201 19510228   120.4
19510301 19510331     8.6
19510401 19510430    80.5
19510501 19510531    77.3
19510601 19510630    49.6
19510701 19510731    54.4
19510801 19510831   124.2
19510901 19510930    40.8
19511001 19511031    38.7
19511101 19511130    40.0
19511201 19511231    35.2
19520101 19520131    12.3
19520201 19520229    35.8
19520301 19520331    15.0
19520401 19520430    49.0
19520501 19520531    79.0
19520601 19520630   110.0
19520701 19520731    63.0
19520801 19520831    34.6
19520901 19520930    55.7
19521001 19521031   104.6
19521101 19521130    86.1
19521201 19521231    54.0
19530101 19530131    30.1
19530201 19530228    16.6
19530301 19530331     3.7
19530401 19530430    27.2
19530501 19530531    42.5
19530601 19530630    36.8
19530701 19530731    49.7
19530801 19530831    65.0
19530901 19530930    54.3
19531001 19531031    75.8
19531101 19531130    69.2
19531201 19531231    19.5
19540101 19540131    40.0
19540201 19540228    62.6
19540301 19540331    10.8
19540401 19540430    69.1
19540501 19540531    38.1
19540601 19540630    46.3
19540701 19540731    26.3
19540801 19540831    45.2
19540901 19540930    46.0
19541001 19541031    65.5
19541101 19541130   123.9
19541201 19541231    65.1
19550101 19550131    22.9
19550201 19550228    62.1
19550301 19550331    72.4
19550401 19550430    27.3
19550501 19550531    48.3
19550601 19550630    70.7
19550701 19550731    35.7
19550801 19550831    86.3
19550901 19550930    62.7
19551001 19551031    77.9
19551101 19551130    30.0
19551201 19551231    36.7
19560101 19560131    49.4
19560201 19560229     6.7
19560301 19560331    38.0
19560401 19560430    45.7
19560501 19560531    55.3
19560601 19560630    34.6
19560701 19560731    57.5
19560801 19560831    53.4
19560901 19560930    59.1
19561001 19561031    63.1
19561101 19561130    35.5
19561201 19561231    33.2
19570101 19570131     1.3
19570201 19570228    38.7
19570301 19570331    24.1
19570401 19570430    25.7
19570501 19570531    32.5
19570601 19570630    40.4
19570701 19570731    62.8
19570801 19570831    40.7
19570901 19570930    58.9
19571001 19571031    65.6
19571101 19571130    22.9
19571201 19571231    45.7
19580101 19580131    12.2
19580201 19580228    59.8
19580301 19580331    11.2
19580401 19580430    24.6
19580501 19580531    67.3
19580601 19580630    23.1
19580701 19580731    74.7
19580801 19580831    70.3
19580901 19580930    37.3
19581001 19581031    85.0
19581101 19581130    40.2
19581201 19581231    34.6
19590101 19590131     7.7
19590201 19590228    59.9
19590301 19590331    90.5
19590401 19590430    14.8
19590501 19590531    15.3
19590601 19590630    36.8
19590701 19590731    31.9
19590801 19590831    56.8
19590901 19590930    63.8
19591001 19591031    48.4
19591101 19591130    38.5
19591201 19591231    68.5
19600101 19600131    24.9
19600201 19600229    46.9
19600301 19600331    10.2
19600401 19600430   119.9
19600501 19600531    72.3
19600601 19600630    20.0
19600701 19600731    59.6
19600801 19600831    43.0
19600901 19600930    71.8
19601001 19601031    21.1
19601101 19601130    77.2
19601201 19601231    19.5
19610101 19610131     6.1
19610201 19610228    28.6
19610301 19610331    48.9
19610401 19610430    48.4
19610501 19610531    26.9
19610601 19610630    51.1
19610701 19610731    38.4
19610801 19610831    45.7
19610901 19610930    19.1
19611001 19611031    30.5
19611101 19611130    29.1
19611201 19611231    50.1
19620101 19620131    24.8
19620201 19620228    27.2
19620301 19620331    14.5
19620401 19620430    23.5
19620501 19620531    77.2
19620601 19620630    40.5
19620701 19620731    50.6
19620801 19620831    53.9
19620901 19620930    78.4
19621001 19621031    71.0
19621101 19621130    15.5
19621201 19621231    30.4
19630101 19630131    89.2
19630201 19630228    45.9
19630301 19630331    30.3
19630401 19630430    21.3
19630501 19630531    89.8
19630601 19630630    52.3
19630701 19630731    52.3
19630801 19630831    24.4
19630901 19630930    76.6
19631001 19631031    34.7
19631101 19631130     9.9
19631201 19631231    24.5
19640101 19640131     3.0
19640201 19640229    98.9
19640301 19640331    28.5
19640401 19640430   100.4
19640501 19640531    48.9
19640601 19640630    31.1
19640701 19640731    87.1
19640801 19640831    40.9
19640901 19640930    69.2
19641001 19641031    82.5
19641101 19641130    57.5
19641201 19641231    62.9
19650101 19650131    12.6
19650201 19650228     1.3
19650301 19650331    11.3
19650401 19650430    80.9
19650501 19650531    46.5
19650601 19650630    37.8
19650701 19650731    72.5
19650801 19650831   112.1
19650901 19650930    30.2
19651001 19651031    18.9
19651101 19651130    70.1
19651201 19651231    59.7
19660101 19660131    34.7
19660201 19660228    53.4
19660301 19660331    85.7
19660401 19660430    34.8
19660501 19660531    31.9
19660601 19660630    20.9
19660701 19660731    46.5
19660801 19660831    62.1
19660901 19660930    74.0
19661001 19661031    78.1
19661101 19661130    51.5
19661201 19661231    68.7
19670101 19670131    19.1
19670201 19670228     1.3
19670301 19670331    14.3
19670401 19670430    14.4
19670501 19670531    25.8
19670601 19670630    27.5
19670701 19670731    22.3
19670801 19670831    66.5
19670901 19670930    37.1
19671001 19671031     9.3
19671101 19671130    14.1
19671201 19671231    33.7
19680101 19680131    21.1
19680201 19680229     9.5
19680301 19680331    11.5
19680401 19680430    98.1
19680501 19680531    57.7
19680601 19680630    45.0
19680701 19680731    36.9
19680801 19680831    55.3
19680901 19680930    20.1
19681001 19681031    47.7
19681101 19681130    39.0
19681201 19681231    35.7
19690101 19690131    14.8
19690201 19690228    58.5
19690301 19690331    22.6
19690401 19690430    21.5
19690501 19690531    68.5
19690601 19690630    10.9
19690701 19690731    50.5
19690801 19690831    54.2
19690901 19690930    48.2
19691001 19691031    16.4
19691101 19691130    35.0
19691201 19691231    27.3
19700101 19700131   102.0
19700201 19700228     1.3
19700301 19700331    97.4
19700401 19700430    62.3
19700501 19700531    57.7
19700601 19700630    35.5
19700701 19700731    29.6
19700801 19700831    69.1
19700901 19700930    51.6
19701001 19701031    34.4
19701101 19701130   109.2
19701201 19701231    85.6
19710101 19710131    72.0
19710201 19710228    83.3
19710301 19710331    20.1
19710401 19710430    53.0
19710501 19710531    41.7
19710601 19710630    59.5
19710701 19710731    23.0
19710801 19710831    34.0
19710901 19710930    45.8
19711001 19711031    67.8
19711101 19711130    60.7
19711201 19711231    64.1
19720101 19720131    48.7
19720201 19720229    97.1
19720301 19720331    43.7
19720401 19720430    49.1
19720501 19720531    31.6
19720601 19720630    23.3
19720701 19720731    27.3
19720801 19720831    30.4
19720901 19720930    17.4
19721001 19721031    41.8
19721101 19721130    40.6
19721201 19721231     2.6
19730101 19730131    41.3
19730201 19730228   206.8
19730301 19730331    53.4
19730401 19730430    27.3
19730501 19730531    63.1
19730601 19730630    81.7
19730701 19730731    27.6
19730801 19730831    64.9
19730901 19730930    52.5
19731001 19731031    81.2
19731101 19731130    70.5
19731201 19731231    34.5
19740101 19740131    59.5
19740201 19740228    24.2
19740301 19740331   106.0
19740401 19740430    78.2
19740501 19740531    88.4
19740601 19740630    25.4
19740701 19740731    87.2
19740801 19740831    72.6
19740901 19740930    60.2
19741001 19741031    61.8
19741101 19741130    31.4
19741201 19741231    25.2
19750101 19750131    27.8
19750201 19750228     3.7
19750301 19750331    54.4
19750401 19750430    19.4
19750501 19750531    33.0
19750601 19750630    29.2
19750701 19750731    38.2
19750801 19750831    81.0
19750901 19750930    72.2
19751001 19751031   159.0
19751101 19751130    49.2
19751201 19751231    21.0
19760101 19760131     5.8
19760201 19760229    13.8
19760301 19760331    54.6
19760401 19760430    10.6
19760501 19760531    14.4
19760601 19760630    45.2
19760701 19760731    11.2
19760801 19760831    56.2
19760901 19760930   103.4
19761001 19761031    97.2
19761101 19761130    70.5
19761201 19761231    47.4
19770101 19770131    34.4
19770201 19770228    64.4
19770301 19770331    28.6
19770401 19770430    33.2
19770501 19770531    65.2
19770601 19770630    68.6
19770701 19770731    45.2
19770801 19770831    29.4
19770901 19770930    49.4
19771001 19771031    23.0
19771101 19771130    40.6
19771201 19771231    15.4
19780101 19780131    35.8
19780201 19780228    24.0
19780301 19780331    43.0
19780401 19780430    52.0
19780501 19780531    83.8
19780601 19780630    55.8
19780701 19780731    85.8
19780801 19780831    76.0
19780901 19780930    59.6
19781001 19781031    49.2
19781101 19781130   107.4
19781201 19781231   103.0
19790101 19790131    40.8
19790201 19790228    19.0
19790301 19790331     6.0
19790401 19790430    20.8
19790501 19790531    49.2
19790601 19790630    16.2
19790701 19790731    14.0
19790801 19790831    63.4
19790901 19790930    76.2
19791001 19791031    46.8
19791101 19791130    23.0
19791201 19791231    32.8
19800101 19800131    67.1
19800201 19800229     5.4
19800301 19800331     7.2
19800401 19800430    53.8
19800501 19800531    35.6
19800601 19800630    39.2
19800701 19800731    31.6
19800801 19800831    40.0
19800901 19800930    39.0
19801001 19801031    85.8
19801101 19801130    37.0
19801201 19801231    47.0
19810101 19810131   111.8
19810201 19810228    27.6
19810301 19810331    45.4
19810401 19810430    16.4
19810501 19810531    64.8
19810601 19810630    64.4
19810701 19810731    59.8
19810801 19810831    81.8
19810901 19810930    20.4
19811001 19811031    93.0
19811101 19811130    37.6
19811201 19811231    18.4
19820101 19820131    35.4
19820201 19820228     1.2
19820301 19820331    32.4
19820401 19820430    21.4
19820501 19820531    33.0
19820601 19820630    21.8
19820701 19820731    12.6
19820801 19820831    11.4
19820901 19820930    31.2
19821001 19821031    32.2
19821101 19821130     8.0
19821201 19821231    50.4
19830101 19830131    16.0
19830201 19830228     9.2
19830301 19830331    72.4
19830401 19830430    45.4
19830501 19830531    78.2
19830601 19830630    37.4
19830701 19830731    68.6
19830801 19830831    41.4
19830901 19830930    82.8
19831001 19831031   123.0
19831101 19831130    46.4
19831201 19831231    10.6
19840101 19840131    78.4
19840201 19840229    21.8
19840301 19840331    47.0
19840401 19840430    42.0
19840501 19840531    13.8
19840601 19840630    13.8
19840701 19840731    47.0
19840801 19840831    57.0
19840901 19840930    90.4
19841001 19841031    31.0
19841101 19841130    37.6
19841201 19841231    31.4
19850101 19850131     5.4
19850201 19850228     5.2
19850301 19850331    46.0
19850401 19850430    39.8
19850501 19850531    39.6
19850601 19850630    48.4
19850701 19850731    40.2
19850801 19850831    54.0
19850901 19850930    22.1
19851001 19851031    57.4
19851101 19851130    55.2
19851201 19851231    97.0
19860101 19860131    15.6
19860201 19860228     9.2
19860301 19860331     5.8
19860401 19860430    40.4
19860501 19860531    78.8
19860601 19860630    28.2
19860701 19860731    56.8
19860801 19860831    26.0
19860901 19860930    61.6
19861001 19861031    87.0
19861101 19861130    21.0
19861201 19861231    50.2
19870101 19870131    68.6
19870201 19870228    55.0
19870301 19870331    28.8
19870401 19870430    20.8
19870501 19870531   100.4
19870601 19870630    33.4
19870701 19870731    44.3
19870801 19870831    32.8
19870901 19870930    39.6
19871001 19871031    33.1
19871101 19871130    44.2
19871201 19871231    95.0
19880101 19880131    75.4
19880201 19880229     7.4
19880301 19880331    16.8
19880401 19880430    14.6
19880501 19880531    65.2
19880601 19880630    45.1
19880701 19880731    32.1
19880801 19880831    53.6
19880901 19880930    48.4
19881001 19881031    30.2
19881101 19881130   163.6
19881201 19881231    79.0
19890101 19890131    47.2
19890201 19890228    28.0
19890301 19890331    83.7
19890401 19890430   120.0
19890501 19890531    63.0
19890601 19890630    72.2
19890701 19890731    58.6
19890801 19890831    57.3
19890901 19890930    54.8
19891001 19891031    81.0
19891101 19891130    23.6
19891201 19891231    26.5
19900101 19900131     2.4
19900201 19900228   102.4
19900301 19900331    27.8
19900401 19900430    48.8
19900501 19900531     7.8
19900601 19900630    44.4
19900701 19900731    70.6
19900801 19900831    48.6
19900901 19900930    53.0
19901001 19901031    81.2
19901101 19901130    26.2
19901201 19901231    40.6
19910101 19910131    76.4
19910201 19910228     1.2
19910301 19910331    20.0
19910401 19910430    17.6
19910501 19910531    18.8
19910601 19910630   107.4
19910701 19910731    28.4
19910801 19910831    50.6
19910901 19910930    62.8
19911001 19911031    19.8
19911101 19911130    31.2
19911201 19911231    96.6
19920101 19920131    19.0
19920201 19920229    19.0
19920301 19920331    42.2
19920401 19920430    58.0
19920501 19920531    57.8
19920601 19920630    45.0
19920701 19920731    26.6
19920801 19920831    60.8
19920901 19920930   102.6
19921001 19921031    90.4
19921101 19921130    86.0
19921201 19921231   137.2
19930101 19930131    90.6
19930201 19930228    34.2
19930301 19930331     8.6
19930401 19930430    18.8
19930501 19930531    11.0
19930601 19930630    42.4
19930701 19930731    47.8
19930801 19930831    34.6
19930901 19930930   101.6
19931001 19931031    52.0
19931101 19931130    59.0
19931201 19931231    90.0
19940101 19940131    29.4
19940201 19940228   119.0
19940301 19940331    20.2
19940401 19940430    20.6
19940501 19940531    24.6
19940601 19940630    28.4
19940701 19940731    14.6
19940801 19940831    29.4
19940901 19940930    34.2
19941001 19941031    48.7
19941101 19941130    38.6
19941201 19941231    22.8
19950101 19950131    65.0
19950201 19950228    19.4
19950301 19950331    55.2
19950401 19950430    70.8
19950501 19950531    43.4
19950601 19950630    60.0
19950701 19950731    49.0
19950801 19950831    32.4
19950901 19950930    46.8
19951001 19951031    89.4
19951101 19951130    72.4
19951201 19951231    34.4
19960101 19960131    42.2
19960201 19960229    52.6
19960301 19960331    28.8
19960401 19960430    49.8
19960501 19960531    17.2
19960601 19960630    49.4
19960701 19960731    82.2
19960801 19960831    44.6
19960901 19960930    76.8
19961001 19961031    26.6
19961101 19961130    24.6
19961201 19961231    13.8
19970101 19970131    29.4
19970201 19970228     7.8
19970301 19970331     9.4
19970401 19970430    10.6
19970501 19970531    60.0
19970601 19970630    22.4
19970701 19970731    10.6
19970801 19970831    28.6
19970901 19970930    67.4
19971001 19971031    54.6
19971101 19971130    96.0
19971201 19971231     2.4
19980101 19980131    37.0
19980201 19980228    35.2
19980301 19980331     7.4
19980401 19980430    48.8
19980501 19980531    19.8
19980601 19980630    53.4
19980701 19980731    34.4
19980801 19980831    24.4
19980901 19980930    28.2
19981001 19981031    62.6
19981101 19981130    69.6
19981201 19981231    47.6
19990101 19990131    37.0
19990201 19990228    58.0
19990301 19990331    69.2
19990401 19990430    26.8
19990501 19990531    50.4
19990601 19990630    27.4
19990701 19990731    32.6
19990801 19990831    87.4
19990901 19990930    19.8
19991001 19991031    43.2
19991101 19991130    25.4
19991201 19991231    63.6
20000101 20000131    24.6
20000201 20000229    39.0
20000301 20000331     6.4
20000401 20000430    44.4
20000501 20000531    65.0
20000601 20000630    33.5
20000701 20000731    43.8
20000801 20000831    32.2
20000901 20000930    74.8
20001001 20001031   143.0
20001101 20001130    25.6
20001201 20001231    15.2
20010101 20010131    20.6
20010201 20010228    34.0
20010301 20010331    83.2
20010401 20010430   167.6
20010501 20010531    12.0
20010601 20010630    44.8
20010701 20010731    22.0
20010801 20010831    55.4
20010901 20010930    24.8
20011001 20011031    55.6
20011101 20011130    60.6
20011201 20011231    41.8
20020101 20020131    22.4
20020201 20020228    53.6
20020301 20020331     9.6
20020401 20020430    30.2
20020501 20020531    33.9
20020601 20020630    48.2
20020701 20020731    44.6
20020801 20020831    28.2
20020901 20020930    35.8
20021001 20021031    23.4
20021101 20021130    24.2
20021201 20021231    10.4
20030101 20030131    25.0
20030201 20030228    19.0
20030301 20030331    20.2
20030401 20030430    39.4
20030501 20030531    11.8
20030601 20030630    17.4
20030701 20030731    64.2
20030801 20030831    57.2
20030901 20030930    37.0
20031001 20031031    98.0
20031101 20031130    37.4
20031201 20031231    22.8
20040101 20040131    50.4
20040201 20040229    23.0
20040301 20040331    23.0
20040401 20040430    42.2
20040501 20040531    23.6
20040601 20040630    37.0
20040701 20040731    40.6
20040801 20040831    60.6
20040901 20040930    56.8
20041001 20041031    34.8
20041101 20041130    77.6
20041201 20041231    55.8
20050101 20050131    63.6
20050201 20050228   126.4
20050301 20050331     7.0
20050401 20050430    13.1
20050501 20050531     8.6
20050601 20050630    37.6
20050701 20050731    38.2
20050801 20050831    57.8
20050901 20050930    49.6
20051001 20051031    39.4
20051101 20051130    39.8
20051201 20051231    36.6
20060101 20060131    59.2
20060201 20060228    19.4
20060301 20060331     7.6
20060401 20060430    33.8
20060501 20060531    31.8
20060601 20060630    16.8
20060701 20060731    28.0
20060801 20060831    30.8
20060901 20060930    31.8
20061001 20061031    10.8
20061101 20061130    14.9
20061201 20061231     7.6
20070101 20070131    26.6
20070201 20070228    18.9
20070301 20070331    25.4
20070401 20070430    22.0
20070501 20070531    16.8
20070601 20070630    52.1
20070701 20070731    68.0
20070801 20070831    21.3
20070901 20070930    17.4
20071001 20071031    20.6
20071101 20071130    95.0
20071201 20071231    37.4
20080101 20080131    13.2
20080201 20080229    13.5
20080301 20080331    13.3
20080401 20080430     5.4
20080501 20080531    29.0
20080601 20080630    17.0
20080701 20080731    42.8
20080801 20080831    30.4
20080901 20080930    18.8
20081001 20081031    12.8
20081101 20081130    16.8
20081201 20081231    71.8
20090101 20090131     1.0
20090201 20090228     1.6
20090301 20090331    30.7
20090401 20090430    33.0
20090501 20090531    16.6
20090601 20090630    27.0
20090701 20090731    27.0
20090801 20090831    58.6
20090901 20090930    66.8
20091001 20091031    26.7
20091101 20091130   106.2
20091201 20091231    31.6
20100101 20100131    13.4
20100201 20100228    38.4
20100301 20100331    51.0
20100401 20100430    38.8
20100501 20100531    37.8
20100601 20100630    35.7
20100701 20100731    33.0
20100801 20100831    60.8
20100901 20100930    48.7
20101001 20101031   105.7
20101101 20101130   105.0
20101201 20101231    29.0
20110101 20110131   105.0
20110201 20110228    89.8
20110301 20110331    16.6
20110401 20110430    33.8
20110501 20110531    27.4
20110601 20110630    29.2
20110701 20110731    31.4
20110801 20110831    14.0
20110901 20110930    29.0
20111001 20111031    78.1
20111101 20111130    82.1
20111201 20111231    10.8
20120101 20120131    27.6
20120201 20120229     4.0
20120301 20120331    25.6
20120401 20120430 99999.9
20120501 20120531    57.0
20120601 20120630   100.4
20120701 20120731    39.0
20120801 20120831    50.2
20120901 20120930    65.6
20121001 20121031    18.8
20121101 20121130    30.4
20121201 20121231    24.8
20130101 20130131     4.0
20130201 20130228    37.6
20130301 20130331    21.6
20130401 20130430 99999.9
20130501 20130531    35.3
20130601 20130630    93.0
20130701 20130731    65.2
20130801 20130831    50.9
20130901 20130930    50.2
20131001 20131031    53.5
20131101 20131130    47.3
20131201 20131231    23.0
20140101 20140131    25.4
20140201 20140228 99999.9
20140301 20140331    25.6
20140401 20140430    50.4
20140501 20140531    26.4
20140601 20140630    52.2
20140701 20140731    31.7
20140801 20140831    54.1
20140901 20140930    24.2
20141001 20141031    20.6
20141101 20141130    47.8
20141201 20141231    47.4
20150101 20150131    57.8
20150201 20150228    35.8
20150301 20150331    19.8
20150401 20150430 99999.9
20150501 20150531 99999.9
20150601 20150630 99999.9
20150701 20150731 99999.9
20150801 20150831 99999.9
20150901 20150930    28.0
20151001 20151031 99999.9
20151101 20151130    26.9
20151201 20151231 99999.9
20160101 20160131 99999.9
20160201 20160229 99999.9
20160301 20160331 99999.9
20160401 20160430 99999.9
20160501 20160531 99999.9
20160601 20160630 99999.9
20160701 20160731 99999.9
20160801 20160831 99999.9
20160901 20160930 99999.9
20161001 20161031     1.6
20161101 20161130    10.2
20161201 20161231     4.0
