PRCP       025018 19080801 20171130 missing_value=99999.9 SCHELLS WELL                              
19080801 19080831    35.6
19080901 19080930    83.1
19081001 19081031    78.2
19081101 19081130    11.2
19081201 19081231    11.9
19090101 19090131    15.5
19090201 19090228     6.9
19090301 19090331    11.9
19090401 19090430     3.6
19090501 19090531    93.5
19090601 19090630    76.2
19090701 19090731    49.0
19090801 19090831   105.2
19090901 19090930    47.5
19091001 19091031    12.7
19091101 19091130    25.4
19091201 19091231     0.0
19100101 19100131    10.7
19100201 19100228     8.9
19100301 19100331    68.6
19100401 19100430     0.0
19100501 19100531    56.6
19100601 19100630    51.6
19100701 19100731    72.9
19100801 19100831    18.3
19100901 19100930    64.0
19101001 19101031    30.2
19101101 19101130    19.3
19101201 19101231    12.2
19110101 19110131    45.7
19110201 19110228    76.2
19110301 19110331    30.0
19110401 19110430     1.8
19110501 19110531    28.7
19110601 19110630    22.9
19110701 19110731    23.9
19110801 19110831    21.3
19110901 19110930    62.0
19111001 19111031    10.4
19111101 19111130    20.3
19111201 19111231    38.4
19120101 19120131     0.0
19120201 19120229     6.1
19120301 19120331    11.4
19120401 19120430     3.3
19120501 19120531     0.0
19120601 19120630   105.4
19120701 19120731    27.9
19120801 19120831    35.1
19120901 19120930    52.8
19121001 19121031    11.9
19121101 19121130    56.6
19121201 19121231    21.3
19130101 19130131     3.0
19130201 19130228    41.9
19130301 19130331    72.4
19130401 19130430     9.9
19130501 19130531    32.3
19130601 19130630     0.0
19130701 19130731    15.5
19130801 19130831     0.0
19130901 19130930    90.7
19131001 19131031    38.6
19131101 19131130    14.5
19131201 19131231    17.3
19140101 19140131     5.3
19140201 19140228    10.4
19140301 19140331    28.3
19140401 19140430    18.6
19140501 19140531     7.2
19140601 19140630     7.2
19140701 19140731     8.2
19140801 19140831     1.3
19140901 19140930     3.8
19141001 19141031     0.4
19141101 19141130    34.8
19141201 19141231    25.6
19150101 19150131    12.7
19150201 19150228     0.0
19150301 19150331     0.0
19150401 19150430    18.3
19150501 19150531    37.7
19150601 19150630    63.2
19150701 19150731    24.4
19150801 19150831    33.6
19150901 19150930    74.9
19151001 19151031    25.1
19151101 19151130     4.6
19151201 19151231    24.1
19160101 19160131    16.8
19160201 19160229     3.3
19160301 19160331    14.8
19160401 19160430    16.6
19160501 19160531    12.6
19160601 19160630    56.9
19160701 19160731    61.7
19160801 19160831    89.3
19160901 19160930    57.1
19161001 19161031    40.5
19161101 19161130    52.2
19161201 19161231    41.3
19170101 19170131    11.4
19170201 19170228    38.8
19170301 19170331    18.6
19170401 19170430    13.7
19170501 19170531    38.2
19170601 19170630    27.7
19170701 19170731    35.6
19170801 19170831    58.3
19170901 19170930    60.0
19171001 19171031    64.5
19171101 19171130    47.0
19171201 19171231    21.1
19180101 19180131     3.1
19180201 19180228     8.9
19180301 19180331    14.3
19180401 19180430    29.8
19180501 19180531    44.1
19180601 19180630    26.6
19180701 19180731    41.5
19180801 19180831    59.2
19180901 19180930    10.0
19181001 19181031    33.6
19181101 19181130     1.8
19181201 19181231     2.6
19190101 19190131     4.3
19190201 19190228   104.2
19190301 19190331     4.3
19190401 19190430     2.8
19190501 19190531    43.0
19190601 19190630    12.7
19190701 19190731     9.5
19190801 19190831    19.8
19190901 19190930    24.2
19191001 19191031     8.1
19191101 19191130    14.7
19191201 19191231    55.2
19200101 19200131     8.6
19200201 19200229     0.5
19200301 19200331     6.1
19200401 19200430     4.3
19200501 19200531    16.7
19200601 19200630    61.7
19200701 19200731    20.8
19200801 19200831    71.0
19200901 19200930    82.2
19201001 19201031    77.9
19201101 19201130    21.0
19201201 19201231    38.1
19210101 19210131    39.1
19210201 19210228    21.8
19210301 19210331    33.0
19210401 19210430     2.3
19210501 19210531    56.5
19210601 19210630    18.9
19210701 19210731    30.4
19210801 19210831    46.4
19210901 19210930    43.0
19211001 19211031    24.7
19211101 19211130    35.8
19211201 19211231    18.1
19220101 19220131    11.7
19220201 19220228    14.2
19220301 19220331     0.3
19220401 19220430    24.2
19220501 19220531    71.2
19220601 19220630    28.1
19220701 19220731    30.5
19220801 19220831    24.6
19220901 19220930    23.8
19221001 19221031    24.2
19221101 19221130     1.9
19221201 19221231    31.5
19230101 19230131     6.6
19230201 19230228     2.1
19230301 19230331     0.0
19230401 19230430     0.3
19230501 19230531    46.7
19230601 19230630    98.1
19230701 19230731    63.1
19230801 19230831    43.8
19230901 19230930    49.0
19231001 19231031    23.2
19231101 19231130     3.8
19231201 19231231    27.5
19240101 19240131    46.6
19240201 19240229    46.6
19240301 19240331    19.5
19240401 19240430     8.2
19240501 19240531    21.9
19240601 19240630    40.1
19240701 19240731     4.6
19240801 19240831    32.4
19240901 19240930    52.6
19241001 19241031    38.8
19241101 19241130    54.7
19241201 19241231    18.6
19250101 19250131    28.2
19250201 19250228    35.3
19250301 19250331    12.7
19250401 19250430     6.4
19250501 19250531    90.4
19250601 19250630    15.6
19250701 19250731    40.1
19250801 19250831     8.9
19250901 19250930    50.7
19251001 19251031     0.3
19251101 19251130    11.7
19251201 19251231     2.0
19260101 19260131     3.3
19260201 19260228     5.4
19260301 19260331     3.3
19260401 19260430    36.9
19260501 19260531    50.1
19260601 19260630    34.4
19260701 19260731    29.4
19260801 19260831    42.7
19260901 19260930    67.0
19261001 19261031    21.2
19261101 19261130     2.9
19261201 19261231    12.0
19270101 19270131     8.9
19270201 19270228    11.5
19270301 19270331     7.2
19270401 19270430     0.0
19270501 19270531    15.5
19270601 19270630    14.0
19270701 19270731    43.9
19270801 19270831    27.4
19270901 19270930    26.7
19271001 19271031     4.8
19271101 19271130    16.0
19271201 19271231    18.1
19280101 19280131    20.4
19280201 19280229    58.5
19280301 19280331    16.0
19280401 19280430    14.3
19280501 19280531    20.9
19280601 19280630    40.0
19280701 19280731    24.0
19280801 19280831     7.6
19280901 19280930    17.8
19281001 19281031    29.3
19281101 19281130     0.8
19281201 19281231     3.8
19290101 19290131     4.9
19290201 19290228    19.8
19290301 19290331    16.2
19290401 19290430     7.2
19290501 19290531    12.8
19290601 19290630    29.4
19290701 19290731    14.7
19290801 19290831    14.4
19290901 19290930    35.0
19291001 19291031     7.4
19291101 19291130    25.6
19291201 19291231    58.7
19300101 19300131     0.0
19300201 19300228    24.4
19300301 19300331    12.4
19300401 19300430     6.5
19300501 19300531    21.8
19300601 19300630    12.5
19300701 19300731    40.3
19300801 19300831    50.7
19300901 19300930    16.9
19301001 19301031    75.6
19301101 19301130    10.9
19301201 19301231    17.9
19310101 19310131     6.1
19310201 19310228     1.8
19310301 19310331    18.6
19310401 19310430    33.3
19310501 19310531    35.3
19310601 19310630    60.5
19310701 19310731    29.7
19310801 19310831    26.8
19310901 19310930    43.6
19311001 19311031    16.3
19311101 19311130    12.6
19311201 19311231     3.8
19320101 19320131     2.5
19320201 19320229    45.3
19320301 19320331    28.2
19320401 19320430    26.1
19320501 19320531    20.8
19320601 19320630    99.0
19320701 19320731    35.5
19320801 19320831    62.4
19320901 19320930    10.8
19321001 19321031    15.8
19321101 19321130     1.1
19321201 19321231    20.3
19330101 19330131    63.0
19330201 19330228     0.0
19330301 19330331    14.0
19330401 19330430    23.9
19330501 19330531    41.3
19330601 19330630     7.6
19330701 19330731    14.8
19330801 19330831    50.8
19330901 19330930    40.4
19331001 19331031    11.2
19331101 19331130    32.6
19331201 19331231    52.8
19340101 19340131    26.1
19340201 19340228     9.2
19340301 19340331    11.5
19340401 19340430    44.3
19340501 19340531     0.0
19340601 19340630     8.7
19340701 19340731    15.1
19340801 19340831    42.4
19340901 19340930    29.5
19341001 19341031    76.2
19341101 19341130    41.8
19341201 19341231    11.7
19350101 19350131    15.1
19350201 19350228     0.8
19350301 19350331    22.4
19350401 19350430    26.7
19350501 19350531    22.3
19350601 19350630    22.4
19350701 19350731    28.9
19350801 19350831    47.0
19350901 19350930    46.9
19351001 19351031    27.4
19351101 19351130     3.6
19351201 19351231     9.7
19360101 19360131    61.8
19360201 19360229    11.7
19360301 19360331     3.6
19360401 19360430    11.8
19360501 19360531    50.2
19360601 19360630    26.2
19360701 19360731    62.5
19360801 19360831    23.1
19360901 19360930     9.9
19361001 19361031    43.3
19361101 19361130     4.7
19361201 19361231    51.8
19370101 19370131    38.3
19370201 19370228    19.3
19370301 19370331    14.7
19370401 19370430     4.8
19370501 19370531    22.4
19370601 19370630    32.7
19370701 19370731    21.0
19370801 19370831    70.6
19370901 19370930    21.2
19371001 19371031    44.5
19371101 19371130     6.9
19371201 19371231    24.2
19380101 19380131    31.8
19380201 19380228    19.5
19380301 19380331     0.0
19380401 19380430    37.1
19380501 19380531     4.2
19380601 19380630    22.4
19380701 19380731    53.3
19380801 19380831    22.7
19380901 19380930     3.3
19381001 19381031     3.3
19381101 19381130    12.7
19381201 19381231     0.0
19390101 19390131     5.6
19390201 19390228    27.0
19390301 19390331     0.0
19390401 19390430    25.4
19390501 19390531    41.8
19390601 19390630    32.1
19390701 19390731    13.5
19390801 19390831    33.0
19390901 19390930    12.5
19391001 19391031    11.2
19391101 19391130    56.9
19391201 19391231     1.8
19400101 19400131    13.2
19400201 19400229     4.3
19400301 19400331     4.8
19400401 19400430    66.4
19400501 19400531    12.5
19400601 19400630     6.5
19400701 19400731    20.6
19400801 19400831    14.8
19400901 19400930    29.1
19401001 19401031    10.6
19401101 19401130    13.7
19401201 19401231    22.2
19410101 19410131   132.1
19410201 19410228     7.1
19410301 19410331    37.7
19410401 19410430    15.0
19410501 19410531    10.4
19410601 19410630    56.9
19410701 19410731    67.1
19410801 19410831    51.4
19410901 19410930    46.8
19411001 19411031    70.9
19411101 19411130    24.0
19411201 19411231    12.7
19420101 19420131    31.3
19420201 19420228    18.3
19420301 19420331     0.3
19420401 19420430    25.5
19420501 19420531    51.1
19420601 19420630    43.5
19420701 19420731    37.6
19420801 19420831    46.7
19420901 19420930    62.3
19421001 19421031    31.8
19421101 19421130    20.1
19421201 19421231     7.9
19430101 19430131     5.4
19430201 19430228    27.2
19430301 19430331     6.4
19430401 19430430    25.1
19430501 19430531     5.4
19430601 19430630    23.8
19430701 19430731    19.7
19430801 19430831    28.2
19430901 19430930    36.4
19431001 19431031    32.9
19431101 19431130    27.9
19431201 19431231    27.9
19440101 19440131    16.2
19440201 19440229    13.7
19440301 19440331     1.3
19440401 19440430    15.7
19440501 19440531    64.4
19440601 19440630    12.8
19440701 19440731    33.7
19440801 19440831    13.5
19440901 19440930    13.2
19441001 19441031    35.4
19441101 19441130    22.8
19441201 19441231    48.3
19450101 19450131     6.9
19450201 19450228     7.4
19450301 19450331     0.3
19450401 19450430     0.8
19450501 19450531    30.6
19450601 19450630    57.1
19450701 19450731    21.2
19450801 19450831    37.2
19450901 19450930    31.4
19451001 19451031    55.4
19451101 19451130    51.2
19451201 19451231    32.0
19460101 19460131    27.4
19460201 19460228    88.0
19460301 19460331    62.7
19460401 19460430     6.7
19460501 19460531    27.1
19460601 19460630    44.3
19460701 19460731    38.1
19460801 19460831    32.6
19460901 19460930    11.5
19461001 19461031    10.6
19461101 19461130    26.4
19461201 19461231    26.0
19470101 19470131     1.3
19470201 19470228    47.7
19470301 19470331    52.6
19470401 19470430    20.2
19470501 19470531     3.8
19470601 19470630    28.2
19470701 19470731    55.1
19470801 19470831    37.8
19470901 19470930    53.3
19471001 19471031    50.7
19471101 19471130    26.5
19471201 19471231    45.3
19480101 19480131     0.3
19480201 19480229     5.6
19480301 19480331     2.0
19480401 19480430    70.0
19480501 19480531    16.9
19480601 19480630    15.5
19480701 19480731    15.4
19480801 19480831    43.0
19480901 19480930    10.6
19481001 19481031    73.2
19481101 19481130    16.8
19481201 19481231    42.2
19490101 19490131     6.4
19490201 19490228    48.1
19490301 19490331     2.3
19490401 19490430     1.0
19490501 19490531    99.4
19490601 19490630    15.3
19490701 19490731    17.3
19490801 19490831    13.8
19490901 19490930    37.6
19491001 19491031    51.3
19491101 19491130    31.0
19491201 19491231     2.3
19500101 19500131     1.0
19500201 19500228   117.3
19500301 19500331    80.3
19500401 19500430     3.6
19500501 19500531    76.5
19500601 19500630    26.1
19500701 19500731    21.9
19500801 19500831    30.0
19500901 19500930    30.3
19501001 19501031    27.7
19501101 19501130    24.4
19501201 19501231    19.5
19510101 19510131     9.4
19510201 19510228     6.4
19510301 19510331     1.0
19510401 19510430    29.2
19510501 19510531    40.2
19510601 19510630   114.8
19510701 19510731    41.1
19510801 19510831    69.2
19510901 19510930     6.8
19511001 19511031    43.1
19511101 19511130     1.6
19511201 19511231    24.2
19520101 19520131    36.6
19520201 19520229    11.7
19520301 19520331     2.0
19520401 19520430    18.1
19520501 19520531    69.5
19520601 19520630    37.4
19520701 19520731    22.8
19520801 19520831    27.9
19520901 19520930    17.8
19521001 19521031    44.4
19521101 19521130    36.1
19521201 19521231     6.6
19530101 19530131    16.0
19530201 19530228     0.3
19530301 19530331     0.0
19530401 19530430    11.6
19530501 19530531     9.2
19530601 19530630    61.1
19530701 19530731    48.0
19530801 19530831    55.5
19530901 19530930    21.2
19531001 19531031    36.0
19531101 19531130    27.2
19531201 19531231    28.0
19540101 19540131    90.0
19540201 19540228     0.0
19540301 19540331     1.0
19540401 19540430    84.1
19540501 19540531    19.8
19540601 19540630    24.1
19540701 19540731    52.2
19540801 19540831    38.4
19540901 19540930    18.1
19541001 19541031    64.0
19541101 19541130    36.4
19541201 19541231    45.9
19550101 19550131     0.5
19550201 19550228    81.1
19550301 19550331    22.8
19550401 19550430     5.8
19550501 19550531   101.1
19550601 19550630   150.8
19550701 19550731    18.7
19550801 19550831    33.0
19550901 19550930    27.5
19551001 19551031    26.0
19551101 19551130    31.9
19551201 19551231    17.2
19560101 19560131    16.8
19560201 19560229     5.6
19560301 19560331   154.0
19560401 19560430    61.8
19560501 19560531    96.6
19560601 19560630    38.4
19560701 19560731    58.1
19560801 19560831    21.3
19560901 19560930    36.6
19561001 19561031    28.9
19561101 19561130    29.4
19561201 19561231     1.3
19570101 19570131     0.5
19570201 19570228    22.3
19570301 19570331    12.7
19570401 19570430     1.3
19570501 19570531    13.1
19570601 19570630    29.5
19570701 19570731    25.4
19570801 19570831    15.9
19570901 19570930    13.8
19571001 19571031    28.4
19571101 19571130    10.3
19571201 19571231     6.6
19580101 19580131     2.5
19580201 19580228     0.3
19580301 19580331    15.4
19580401 19580430    13.2
19580501 19580531    36.9
19580601 19580630     0.5
19580701 19580731    41.2
19580801 19580831    63.5
19580901 19580930    42.8
19581001 19581031    45.9
19581101 19581130    52.6
19581201 19581231     5.4
19590101 19590131     0.0
19590201 19590228    21.9
19590301 19590331    23.7
19590401 19590430     2.8
19590501 19590531     8.9
19590601 19590630     8.1
19590701 19590731    15.9
19590801 19590831    14.1
19590901 19590930    27.3
19591001 19591031    39.8
19591101 19591130    14.5
19591201 19591231    19.1
19600101 19600131    17.8
19600201 19600229    36.6
19600301 19600331     7.9
19600401 19600430    32.3
19600501 19600531    72.6
19600601 19600630    14.8
19600701 19600731    48.8
19600801 19600831    25.4
19600901 19600930    57.3
19601001 19601031     8.6
19601101 19601130    45.5
19601201 19601231     0.0
19610101 19610131     1.3
19610201 19610228    20.9
19610301 19610331     8.6
19610401 19610430    57.1
19610501 19610531    11.6
19610601 19610630    30.0
19610701 19610731    55.7
19610801 19610831    19.9
19610901 19610930    50.5
19611001 19611031     0.0
19611101 19611130    44.2
19611201 19611231    24.2
19620101 19620131    59.2
19620201 19620228     0.0
19620301 19620331     0.0
19620401 19620430     0.0
19620501 19620531    29.2
19620601 19620630    12.4
19620701 19620731    11.2
19620801 19620831    16.7
19620901 19620930     8.1
19621001 19621031    45.2
19621101 19621130     5.1
19621201 19621231    47.8
19630101 19630131    47.8
19630201 19630228     3.6
19630301 19630331     2.8
19630401 19630430    39.7
19630501 19630531    82.2
19630601 19630630    52.4
19630701 19630731    52.4
19630801 19630831    48.6
19630901 19630930    13.2
19631001 19631031    18.2
19631101 19631130     5.6
19631201 19631231     6.6
19640101 19640131    19.1
19640201 19640229    27.7
19640301 19640331     0.0
19640401 19640430    40.5
19640501 19640531    14.0
19640601 19640630    13.7
19640701 19640731    31.0
19640801 19640831    54.4
19640901 19640930    98.1
19641001 19641031    28.6
19641101 19641130    38.1
19641201 19641231    40.1
19650101 19650131     0.8
19650201 19650228     0.0
19650301 19650331     2.1
19650401 19650430    26.4
19650501 19650531    21.6
19650601 19650630    28.7
19650701 19650731    54.2
19650801 19650831    71.7
19650901 19650930    34.0
19651001 19651031     1.0
19651101 19651130    27.7
19651201 19651231     5.8
19660101 19660131    12.4
19660201 19660228    25.1
19660301 19660331     3.3
19660401 19660430     2.8
19660501 19660531    19.5
19660601 19660630    29.4
19660701 19660731    30.5
19660801 19660831     9.1
19660901 19660930    18.6
19661001 19661031    20.8
19661101 19661130     1.8
19661201 19661231    65.5
19670101 19670131     0.8
19670201 19670228    29.7
19670301 19670331     7.6
19670401 19670430     0.0
19670501 19670531    27.4
19670601 19670630     6.1
19670701 19670731    24.7
19670801 19670831    32.8
19670901 19670930    15.0
19671001 19671031     7.0
19671101 19671130     0.0
19671201 19671231     9.7
19680101 19680131    68.9
19680201 19680229    14.0
19680301 19680331    48.7
19680401 19680430    21.7
19680501 19680531    57.1
19680601 19680630    48.0
19680701 19680731    33.3
19680801 19680831    47.7
19680901 19680930     9.2
19681001 19681031    26.4
19681101 19681130    22.6
19681201 19681231    21.3
19690101 19690131     0.0
19690201 19690228    71.2
19690301 19690331    56.5
19690401 19690430     9.9
19690501 19690531    35.6
19690601 19690630    10.7
19690701 19690731    58.8
19690801 19690831    12.7
19690901 19690930    17.1
19691001 19691031     0.5
19691101 19691130    10.9
19691201 19691231    25.0
19700101 19700131     5.1
19700201 19700228     0.0
19700301 19700331     8.1
19700401 19700430    43.4
19700501 19700531    13.5
19700601 19700630    23.0
19700701 19700731    13.9
19700801 19700831    35.2
19700901 19700930    59.3
19701001 19701031    16.0
19701101 19701130    63.5
19701201 19701231    18.1
19710101 19710131     1.8
19710201 19710228    20.6
19710301 19710331    21.1
19710401 19710430    67.1
19710501 19710531    28.7
19710601 19710630    52.4
19710701 19710731    21.1
19710801 19710831    13.8
19710901 19710930    49.0
19711001 19711031     8.4
19711101 19711130    41.9
19711201 19711231    11.2
19720101 19720131    43.9
19720201 19720229     7.6
19720301 19720331     0.0
19720401 19720430    16.0
19720501 19720531     8.7
19720601 19720630     6.6
19720701 19720731    20.2
19720801 19720831    37.3
19720901 19720930     9.5
19721001 19721031    10.2
19721101 19721130    42.2
19721201 19721231    16.5
19730101 19730131    21.8
19730201 19730228   113.1
19730301 19730331    32.3
19730401 19730430    20.4
19730501 19730531    28.5
19730601 19730630    40.8
19730701 19730731    53.8
19730801 19730831    42.9
19730901 19730930    26.2
19731001 19731031   149.6
19731101 19731130    45.4
19731201 19731231    13.2
19740101 19740131   156.6
19740201 19740228    60.6
19740301 19740331    36.2
19740401 19740430    63.4
19740501 19740531    63.8
19740601 19740630    18.3
19740701 19740731    56.0
19740801 19740831    37.0
19740901 19740930    58.2
19741001 19741031    55.0
19741101 19741130     3.6
19741201 19741231     0.4
19750101 19750131     7.5
19750201 19750228     0.0
19750301 19750331    34.2
19750401 19750430     8.2
19750501 19750531    14.2
19750601 19750630     4.2
19750701 19750731    34.6
19750801 19750831    19.8
19750901 19750930    45.0
19751001 19751031    61.2
19751101 19751130    10.6
19751201 19751231    19.8
19760101 19760131    12.8
19760201 19760229     9.8
19760301 19760331     1.8
19760401 19760430    18.0
19760501 19760531     4.8
19760601 19760630    23.6
19760701 19760731    28.0
19760801 19760831    25.2
19760901 19760930    28.2
19761001 19761031    62.8
19761101 19761130    25.2
19761201 19761231     8.8
19770101 19770131     7.4
19770201 19770228     8.0
19770301 19770331    12.6
19770401 19770430     6.0
19770501 19770531    24.9
19770601 19770630    34.6
19770701 19770731     7.6
19770801 19770831     9.2
19770901 19770930    23.4
19771001 19771031    23.0
19771101 19771130    59.0
19771201 19771231    11.2
19780101 19780131     3.6
19780201 19780228     3.8
19780301 19780331    13.6
19780401 19780430     6.8
19780501 19780531    24.0
19780601 19780630    39.0
19780701 19780731    80.6
19780801 19780831    36.6
19780901 19780930    35.2
19781001 19781031    29.0
19781101 19781130    55.4
19781201 19781231     4.0
19790101 19790131    33.0
19790201 19790228    36.0
19790301 19790331     1.2
19790401 19790430    16.8
19790501 19790531    30.0
19790601 19790630     7.4
19790701 19790731    11.8
19790801 19790831    41.6
19790901 19790930    68.4
19791001 19791031    48.8
19791101 19791130    36.2
19791201 19791231     2.4
19800101 19800131     5.2
19800201 19800229     0.0
19800301 19800331     3.8
19800401 19800430    66.4
19800501 19800531    28.8
19800601 19800630    57.6
19800701 19800731    35.4
19800801 19800831    13.0
19800901 19800930     7.4
19801001 19801031    52.0
19801101 19801130     3.2
19801201 19801231    12.0
19810101 19810131     9.0
19810201 19810228    11.6
19810301 19810331     5.0
19810401 19810430     0.0
19810501 19810531    35.2
19810601 19810630    47.4
19810701 19810731    76.8
19810801 19810831    55.8
19810901 19810930    17.2
19811001 19811031    11.6
19811101 19811130    23.4
19811201 19811231     0.0
19820101 19820131    10.2
19820201 19820228    11.2
19820301 19820331    15.0
19820401 19820430    23.2
19820501 19820531    11.0
19820601 19820630    18.4
19820701 19820731     5.0
19820801 19820831     7.8
19820901 19820930     3.2
19821001 19821031     4.8
19821101 19821130     0.0
19821201 19821231     4.6
19830101 19830131     1.0
19830201 19830228     2.2
19830301 19830331    61.2
19830401 19830430    11.8
19830501 19830531    19.6
19830601 19830630     5.8
19830701 19830731    42.2
19830801 19830831    36.0
19830901 19830930    67.0
19831001 19831031    38.4
19831101 19831130    28.6
19831201 19831231    91.8
19840101 19840131    49.0
19840201 19840229     1.0
19840301 19840331     5.0
19840401 19840430     5.8
19840501 19840531     7.6
19840601 19840630     2.0
19840701 19840731    48.4
19840801 19840831    62.6
19840901 19840930    18.2
19841001 19841031    12.2
19841101 19841130    21.0
19841201 19841231     5.4
19850101 19850131     3.4
19850201 19850228     0.0
19850301 19850331     4.0
19850401 19850430    31.4
19850501 19850531    29.0
19850601 19850630    15.8
19850701 19850731     6.6
19850801 19850831    61.8
19850901 19850930    10.0
19851001 19851031    94.0
19851101 19851130    25.2
19851201 19851231     9.8
19860101 19860131     2.4
19860201 19860228     1.2
19860301 19860331     0.0
19860401 19860430    12.4
19860501 19860531    20.4
19860601 19860630    11.6
19860701 19860731    80.6
19860801 19860831    59.2
19860901 19860930    32.4
19861001 19861031    52.6
19861101 19861130    19.6
19861201 19861231    41.2
19870101 19870131    35.0
19870201 19870228    22.2
19870301 19870331     9.4
19870401 19870430    13.0
19870501 19870531    36.8
19870601 19870630    48.6
19870701 19870731    41.6
19870801 19870831    24.0
19870901 19870930     8.0
19871001 19871031    46.0
19871101 19871130     9.0
19871201 19871231    45.2
19880101 19880131    26.2
19880201 19880229    16.8
19880301 19880331     6.8
19880401 19880430    18.4
19880501 19880531    37.6
19880601 19880630    48.2
19880701 19880731    21.0
19880801 19880831     7.6
19880901 19880930    33.4
19881001 19881031    13.2
19881101 19881130    40.8
19881201 19881231    14.4
19890101 19890131     1.6
19890201 19890228     2.4
19890301 19890331    27.6
19890401 19890430     0.8
19890501 19890531    26.4
19890601 19890630    28.8
19890701 19890731    23.4
19890801 19890831    34.6
19890901 19890930    15.6
19891001 19891031    16.8
19891101 19891130    13.0
19891201 19891231     0.0
19900101 19900131     6.4
19900201 19900228     2.0
19900301 19900331     4.6
19900401 19900430    12.0
19900501 19900531    11.8
19900601 19900630    39.3
19900701 19900731    48.4
19900801 19900831    41.8
19900901 19900930    19.0
19901001 19901031     8.0
19901101 19901130    10.2
19901201 19901231    12.4
19910101 19910131     5.4
19910201 19910228     0.8
19910301 19910331     6.4
19910401 19910430    18.6
19910501 19910531     0.0
19910601 19910630    60.6
19910701 19910731    58.8
19910801 19910831    23.0
19910901 19910930    34.0
19911001 19911031     0.6
19911101 19911130    18.4
19911201 19911231     0.0
19920101 19920131     0.4
19920201 19920229    18.6
19920301 19920331     9.6
19920401 19920430    53.2
19920501 19920531    65.1
19920601 19920630    22.9
19920701 19920731    15.4
19920801 19920831    63.8
19920901 19920930    75.8
19921001 19921031    71.1
19921101 19921130    37.8
19921201 19921231    76.8
19930101 19930131    23.3
19930201 19930228     6.0
19930301 19930331     3.0
19930401 19930430     0.0
19930501 19930531    11.8
19930601 19930630    15.3
19930701 19930731    56.9
19930801 19930831    18.4
19930901 19930930    74.5
19931001 19931031    55.1
19931101 19931130    33.8
19931201 19931231    27.4
19940101 19940131     6.4
19940201 19940228    18.7
19940301 19940331     0.0
19940401 19940430     1.0
19940501 19940531     8.5
19940601 19940630    54.0
19940701 19940731    17.4
19940801 19940831     5.6
19940901 19940930    17.5
19941001 19941031     8.7
19941101 19941130     8.6
19941201 19941231     4.6
19950101 19950131    49.0
19950201 19950228    27.2
19950301 19950331     0.8
19950401 19950430    35.0
19950501 19950531    28.8
19950601 19950630    63.6
19950701 19950731    62.0
19950801 19950831     9.9
19950901 19950930    19.0
19951001 19951031    65.2
19951101 19951130     5.5
19951201 19951231     5.6
19960101 19960131    25.6
19960201 19960229    13.7
19960301 19960331    20.6
19960401 19960430     5.2
19960501 19960531     7.8
19960601 19960630    42.4
19960701 19960731    53.8
19960801 19960831    51.0
19960901 19960930    56.6
19961001 19961031    14.8
19961101 19961130     5.6
19961201 19961231    11.0
19970101 19970131     8.4
19970201 19970228    51.4
19970301 19970331     0.0
19970401 19970430     0.4
19970501 19970531    24.2
19970601 19970630    10.4
19970701 19970731     1.0
19970801 19970831    39.0
19970901 19970930    60.9
19971001 19971031    28.4
19971101 19971130    12.2
19971201 19971231    29.0
19980101 19980131    54.0
19980201 19980228    31.2
19980301 19980331     6.1
19980401 19980430    42.9
19980501 19980531     7.0
19980601 19980630    74.2
19980701 19980731    31.4
19980801 19980831    34.4
19980901 19980930    37.8
19981001 19981031    33.1
19981101 19981130    76.9
19981201 19981231    11.4
19990101 19990131     4.0
19990201 19990228    19.0
19990301 19990331    21.7
19990401 19990430     9.5
19990501 19990531    21.0
19990601 19990630    21.3
19990701 19990731    47.1
19990801 19990831    21.2
19990901 19990930    18.1
19991001 19991031    50.3
19991101 19991130    39.5
19991201 19991231    19.0
20000101 20000131     4.0
20000201 20000229    55.6
20000301 20000331    14.3
20000401 20000430    50.1
20000501 20000531    30.0
20000601 20000630    20.0
20000701 20000731    30.7
20000801 20000831    22.5
20000901 20000930    37.3
20001001 20001031    34.9
20001101 20001130    13.7
20001201 20001231    20.0
20010101 20010131     2.0
20010201 20010228    11.2
20010301 20010331    28.4
20010401 20010430     2.4
20010501 20010531    14.9
20010601 20010630    30.6
20010701 20010731    23.8
20010801 20010831    34.6
20010901 20010930    45.0
20011001 20011031    53.8
20011101 20011130    16.2
20011201 20011231     2.4
20020101 20020131    17.7
20020201 20020228     8.0
20020301 20020331     4.5
20020401 20020430     4.4
20020501 20020531    22.0
20020601 20020630    16.2
20020701 20020731    13.1
20020801 20020831    11.1
20020901 20020930    22.7
20021001 20021031     7.4
20021101 20021130    19.8
20021201 20021231     9.5
20030101 20030131     0.8
20030201 20030228    47.0
20030301 20030331     1.8
20030401 20030430    11.3
20030501 20030531    34.2
20030601 20030630    29.2
20030701 20030731    16.0
20030801 20030831    50.7
20030901 20030930    21.2
20031001 20031031    39.4
20031101 20031130    17.2
20031201 20031231    36.0
20040101 20040131     5.2
20040201 20040229     1.5
20040301 20040331     6.2
20040401 20040430     2.4
20040501 20040531    13.2
20040601 20040630    51.2
20040701 20040731    20.8
20040801 20040831    39.3
20040901 20040930    23.4
20041001 20041031     1.6
20041101 20041130    19.0
20041201 20041231    66.7
20050101 20050131    55.7
20050201 20050228    10.7
20050301 20050331     8.2
20050401 20050430     8.6
20050501 20050531     2.4
20050601 20050630    79.5
20050701 20050731    16.1
20050801 20050831    25.2
20050901 20050930    31.1
20051001 20051031    63.0
20051101 20051130    41.6
20051201 20051231    31.4
20060101 20060131    12.3
20060201 20060228     6.4
20060301 20060331     7.8
20060401 20060430    33.0
20060501 20060531    14.2
20060601 20060630     5.2
20060701 20060731    28.8
20060801 20060831     7.6
20060901 20060930     8.4
20061001 20061031     0.0
20061101 20061130    20.4
20061201 20061231     5.4
20070101 20070131    78.2
20070201 20070228     7.6
20070301 20070331    22.4
20070401 20070430    53.2
20070501 20070531    18.8
20070601 20070630     7.6
20070701 20070731    22.6
20070801 20070831     2.4
20070901 20070930     8.2
20071001 20071031    11.8
20071101 20071130    34.2
20071201 20071231    10.8
20080101 20080131    30.0
20080201 20080229     0.0
20080301 20080331     0.0
20080401 20080430    13.4
20080501 20080531    37.2
20080601 20080630    12.0
20080701 20080731    25.0
20080801 20080831    40.2
20080901 20080930     8.0
20081001 20081031     8.2
20081101 20081130    13.6
20081201 20081231    44.0
20090101 20090131     0.0
20090201 20090228     0.0
20090301 20090331    13.0
20090401 20090430    30.6
20090501 20090531    11.2
20090601 20090630    30.6
20090701 20090731    35.4
20090801 20090831    14.0
20090901 20090930    27.4
20091001 20091031    21.0
20091101 20091130    52.4
20091201 20091231    30.4
20100101 20100131 99999.9
20100201 20100228    42.6
20100301 20100331    34.4
20100401 20100430    36.4
20100501 20100531    32.8
20100601 20100630    16.2
20100701 20100731    23.6
20100801 20100831    50.4
20100901 20100930    44.0
20101001 20101031    40.2
20101101 20101130    33.2
20101201 20101231   120.4
20110101 20110131   158.2
20110201 20110228    54.3
20110301 20110331    74.7
20110401 20110430     4.0
20110501 20110531    29.5
20110601 20110630    16.6
20110701 20110731    27.6
20110801 20110831    44.8
20110901 20110930    12.4
20111001 20111031    15.2
20111101 20111130    77.6
20111201 20111231    45.2
20120101 20120131    14.6
20120201 20120229     1.4
20120301 20120331    54.8
20120401 20120430     8.0
20120501 20120531    22.0
20120601 20120630    17.6
20120701 20120731    31.0
20120801 20120831    19.8
20120901 20120930     8.4
20121001 20121031     6.8
20121101 20121130     7.2
20121201 20121231    13.6
20130101 20130131     3.4
20130201 20130228    14.8
20130301 20130331     2.4
20130401 20130430    19.1
20130501 20130531    33.2
20130601 20130630    41.2
20130701 20130731    40.2
20130801 20130831    23.8
20130901 20130930    48.0
20131001 20131031    13.6
20131101 20131130     4.6
20131201 20131231    18.4
20140101 20140131     3.0
20140201 20140228    95.4
20140301 20140331    17.0
20140401 20140430    78.8
20140501 20140531    32.2
20140601 20140630    18.0
20140701 20140731    25.2
20140801 20140831    14.6
20140901 20140930    15.4
20141001 20141031     0.0
20141101 20141130    20.2
20141201 20141231     7.6
20150101 20150131    55.0
20150201 20150228     0.4
20150301 20150331     0.4
20150401 20150430    35.0
20150501 20150531    20.6
20150601 20150630     9.8
20150701 20150731    23.4
20150801 20150831    24.6
20150901 20150930    34.0
20151001 20151031     8.3
20151101 20151130    15.8
20151201 20151231     0.0
20160101 20160131    20.4
20160201 20160229     0.0
20160301 20160331    12.4
20160401 20160430     3.8
20160501 20160531    49.2
20160601 20160630    30.0
20160701 20160731    36.4
20160801 20160831    36.0
20160901 20160930   114.2
20161001 20161031    20.6
20161101 20161130    11.9
20161201 20161231    40.6
20170101 20170131    30.8
20170201 20170228    45.0
20170301 20170331     9.4
20170401 20170430    37.4
20170501 20170531    31.8
20170601 20170630    12.0
20170701 20170731    15.0
20170801 20170831    40.0
20170901 20170930     7.6
20171001 20171031    17.8
20171101 20171130    45.4
