PRCP       014042 19100901 20130430 missing_value=99999.9 OENPELLI                                  
19100901 19100930    35.6
19101001 19101031    49.8
19101101 19101130    60.4
19101201 19101231   371.2
19110101 19110131   348.5
19110201 19110228   287.5
19110301 19110331    73.3
19110401 19110430   341.6
19110501 19110531     0.0
19110601 19110630     0.0
19110701 19110731     0.0
19110801 19110831     0.0
19110901 19110930     0.0
19111001 19111031   167.7
19111101 19111130   123.6
19111201 19111231   262.2
19120101 19120131   396.8
19120201 19120229   252.6
19120301 19120331   402.2
19120401 19120430    24.4
19120501 19120531     0.0
19120601 19120630     0.0
19120701 19120731     0.0
19120801 19120831     0.0
19120901 19120930     0.0
19121001 19121031    81.7
19121101 19121130    56.7
19121201 19121231   184.6
19130101 19130131   574.7
19130201 19130228   349.1
19130301 19130331   531.7
19130401 19130430    22.1
19130501 19130531    11.2
19130601 19130630     0.0
19130701 19130731     0.0
19130801 19130831     0.0
19130901 19130930     0.0
19131001 19131031     0.0
19131101 19131130    55.0
19131201 19131231   178.0
19140101 19140131   388.4
19140201 19140228   164.4
19140301 19140331   459.1
19140401 19140430    31.5
19140501 19140531    42.3
19140601 19140630     0.0
19140701 19140731     0.0
19140801 19140831     0.0
19140901 19140930     0.0
19141001 19141031     0.0
19141101 19141130     6.4
19141201 19141231   135.9
19150101 19150131   183.4
19150201 19150228   301.3
19150301 19150331   151.8
19150401 19150430     8.6
19150501 19150531    46.0
19150601 19150630     0.0
19150701 19150731     0.0
19150801 19150831    10.2
19150901 19150930    12.2
19151001 19151031    17.5
19151101 19151130    93.2
19151201 19151231   583.3
19160101 19160131   449.3
19160201 19160229   237.5
19160301 19160331   229.6
19160401 19160430    31.7
19160501 19160531     4.1
19160601 19160630     0.0
19160701 19160731     0.0
19160801 19160831     0.0
19160901 19160930     0.0
19161001 19161031   106.4
19161101 19161130   221.5
19161201 19161231   201.8
19170101 19170131   526.0
19170201 19170228   272.0
19170301 19170331   324.5
19170401 19170430   130.2
19170501 19170531    17.8
19170601 19170630    10.9
19170701 19170731     0.0
19170801 19170831     0.0
19170901 19170930    11.9
19171001 19171031   114.5
19171101 19171130   127.5
19171201 19171231   248.8
19180101 19180131   336.6
19180201 19180228   505.1
19180301 19180331   115.4
19180401 19180430    33.9
19180501 19180531    19.8
19180601 19180630     0.0
19180701 19180731     0.0
19180801 19180831     0.0
19180901 19180930     0.0
19181001 19181031     6.4
19181101 19181130    61.4
19181201 19181231   144.3
19190101 19190131   776.7
19190201 19190228   215.7
19190301 19190331   358.5
19190401 19190430   111.6
19190501 19190531     0.0
19190601 19190630     0.0
19190701 19190731     0.0
19190801 19190831     0.0
19190901 19190930     3.8
19191001 19191031     0.0
19191101 19191130    56.3
19191201 19191231   165.6
19200101 19200131   223.6
19200201 19200229   488.5
19200301 19200331    75.2
19200401 19200430    94.0
19200501 19200531     0.0
19200601 19200630     2.3
19200701 19200731     0.0
19200801 19200831     0.0
19200901 19200930     0.0
19201001 19201031     3.8
19201101 19201130    88.8
19201201 19201231   262.8
19210101 19210131   389.3
19210201 19210228   239.6
19210301 19210331   384.1
19210401 19210430    37.1
19210501 19210531     0.0
19210601 19210630     0.0
19210701 19210731     2.3
19210801 19210831     0.0
19210901 19210930     0.0
19211001 19211031    63.5
19211101 19211130   157.4
19211201 19211231   314.9
19220101 19220131   406.7
19220201 19220228   336.9
19220301 19220331   314.0
19220401 19220430    28.5
19220501 19220531     0.0
19220601 19220630     0.0
19220701 19220731     3.0
19220801 19220831     0.3
19220901 19220930     0.6
19221001 19221031    66.8
19221101 19221130    21.1
19221201 19221231   205.7
19230101 19230131   287.6
19230201 19230228   193.2
19230301 19230331   373.4
19230401 19230430    44.7
19230501 19230531     3.3
19230601 19230630     3.0
19230701 19230731     0.1
19230801 19230831     0.3
19230901 19230930     1.0
19231001 19231031    13.9
19231101 19231130    60.9
19231201 19231231   528.8
19240101 19240131   175.1
19240201 19240229   176.4
19240301 19240331   230.1
19240401 19240430     2.8
19240501 19240531     2.8
19240601 19240630     0.0
19240701 19240731     1.0
19240801 19240831     0.0
19240901 19240930     0.0
19241001 19241031     5.9
19241101 19241130   157.0
19241201 19241231   244.2
19250101 19250131   269.3
19250201 19250228   280.2
19250301 19250331   303.1
19250401 19250430   208.4
19250501 19250531     1.1
19250601 19250630     0.0
19250701 19250731     0.0
19250801 19250831     0.0
19250901 19250930     0.0
19251001 19251031     1.8
19251101 19251130    10.9
19251201 19251231    55.2
19260101 19260131   372.4
19260201 19260228   210.2
19260301 19260331   156.4
19260401 19260430    10.6
19260501 19260531     0.5
19260601 19260630     0.0
19260701 19260731     0.0
19260801 19260831     0.0
19260901 19260930     0.3
19261001 19261031    45.5
19261101 19261130   110.0
19261201 19261231   258.3
19270101 19270131   234.5
19270201 19270228   271.1
19270301 19270331   223.8
19270401 19270430    56.9
19270501 19270531     4.6
19270601 19270630     1.3
19270701 19270731     0.0
19270801 19270831     0.0
19270901 19270930     2.3
19271001 19271031   101.5
19271101 19271130   222.4
19271201 19271231   323.0
19280101 19280131   134.8
19280201 19280229   196.3
19280301 19280331   351.3
19280401 19280430    26.9
19280501 19280531     0.0
19280601 19280630     0.0
19280701 19280731     0.0
19280801 19280831     0.0
19280901 19280930     0.0
19281001 19281031     0.0
19281101 19281130    98.3
19281201 19281231   142.9
19290101 19290131   245.3
19290201 19290228   295.0
19290301 19290331   287.4
19290401 19290430    98.0
19290501 19290531     0.0
19290601 19290630     0.0
19290701 19290731     0.0
19290801 19290831     0.0
19290901 19290930     0.0
19291001 19291031     0.0
19291101 19291130   193.8
19291201 19291231   161.9
19300101 19300131   310.3
19300201 19300228   499.7
19300301 19300331   593.6
19300401 19300430    11.7
19300501 19300531     0.0
19300601 19300630     0.0
19300701 19300731     0.0
19300801 19300831     0.0
19300901 19300930     0.0
19301001 19301031     0.0
19301101 19301130    91.5
19301201 19301231   242.4
19310101 19310131   352.0
19310201 19310228   218.9
19310301 19310331   291.5
19310401 19310430    48.5
19310501 19310531     0.8
19310601 19310630     0.0
19310701 19310731     0.0
19310801 19310831     0.0
19310901 19310930     0.0
19311001 19311031     0.0
19311101 19311130   190.8
19311201 19311231   193.0
19320101 19320131   460.7
19320201 19320229   176.9
19320301 19320331   514.5
19320401 19320430    30.0
19320501 19320531     5.6
19320601 19320630     0.0
19320701 19320731     0.0
19320801 19320831     0.0
19320901 19320930     0.0
19321001 19321031     9.6
19321101 19321130   128.0
19321201 19321231   179.2
19330101 19330131   290.5
19330201 19330228   234.2
19330301 19330331   298.5
19330401 19330430     4.6
19330501 19330531     0.0
19330601 19330630    34.7
19330701 19330731     0.0
19330801 19330831     0.0
19330901 19330930     2.5
19331001 19331031    30.0
19331101 19331130    91.6
19331201 19331231   299.7
19340101 19340131   281.3
19340201 19340228   264.1
19340301 19340331   473.1
19340401 19340430    49.0
19340501 19340531    24.3
19340601 19340630     0.0
19340701 19340731     0.0
19340801 19340831     0.0
19340901 19340930    22.1
19341001 19341031    22.6
19341101 19341130    56.3
19341201 19341231   183.6
19350101 19350131   333.0
19350201 19350228   150.9
19350301 19350331   301.8
19350401 19350430     4.3
19350501 19350531     0.3
19350601 19350630    20.0
19350701 19350731     0.0
19350801 19350831     0.0
19350901 19350930     0.0
19351001 19351031     2.0
19351101 19351130    71.4
19351201 19351231   189.1
19360101 19360131   242.5
19360201 19360229   280.1
19360301 19360331   225.5
19360401 19360430    11.4
19360501 19360531     0.0
19360601 19360630     0.0
19360701 19360731    41.9
19360801 19360831     0.0
19360901 19360930     0.0
19361001 19361031    21.6
19361101 19361130    59.4
19361201 19361231   269.8
19370101 19370131   272.1
19370201 19370228   242.5
19370301 19370331   306.8
19370401 19370430    31.5
19370501 19370531     0.0
19370601 19370630     0.0
19370701 19370731     0.0
19370801 19370831     0.0
19370901 19370930     3.3
19371001 19371031    19.1
19371101 19371130    86.7
19371201 19371231   129.9
19380101 19380131   378.0
19380201 19380228   497.8
19380301 19380331   101.3
19380401 19380430    68.3
19380501 19380531    10.6
19380601 19380630     1.5
19380701 19380731     0.0
19380801 19380831     0.0
19380901 19380930     0.0
19381001 19381031    10.9
19381101 19381130   169.6
19381201 19381231   134.5
19390101 19390131   391.3
19390201 19390228   186.2
19390301 19390331   245.9
19390401 19390430    24.7
19390501 19390531     1.0
19390601 19390630     5.1
19390701 19390731     0.0
19390801 19390831     0.0
19390901 19390930     0.0
19391001 19391031     6.7
19391101 19391130    74.9
19391201 19391231   122.3
19400101 19400131   520.9
19400201 19400229   221.3
19400301 19400331   418.4
19400401 19400430    64.5
19400501 19400531     8.6
19400601 19400630     0.0
19400701 19400731     0.0
19400801 19400831     0.0
19400901 19400930     0.0
19401001 19401031     0.0
19401101 19401130    58.4
19401201 19401231   231.4
19410101 19410131   397.1
19410201 19410228   273.6
19410301 19410331   240.8
19410401 19410430   101.4
19410501 19410531    10.7
19410601 19410630     0.5
19410701 19410731     0.0
19410801 19410831     0.0
19410901 19410930     0.3
19411001 19411031     1.0
19411101 19411130    97.5
19411201 19411231    92.8
19420101 19420131   232.7
19420201 19420228   248.2
19420301 19420331    47.8
19420401 19420430     0.0
19420501 19420531     0.0
19420601 19420630     0.0
19420701 19420731     0.0
19420801 19420831     0.0
19420901 19420930     9.7
19421001 19421031    69.4
19421101 19421130    76.3
19421201 19421231   374.9
19430101 19430131   228.1
19430201 19430228   639.7
19430301 19430331   112.2
19430401 19430430    93.4
19430501 19430531     0.0
19430601 19430630     0.0
19430701 19430731     0.0
19430801 19430831     0.0
19430901 19430930     0.0
19431001 19431031     4.1
19431101 19431130   276.5
19431201 19431231   214.1
19440101 19440131   214.1
19440201 19440229   281.8
19440301 19440331   243.6
19440401 19440430    48.2
19440501 19440531     0.0
19440601 19440630     0.0
19440701 19440731     0.0
19440801 19440831     0.0
19440901 19440930     0.0
19441001 19441031     0.0
19441101 19441130   114.6
19441201 19441231   352.1
19450101 19450131   334.3
19450201 19450228   234.8
19450301 19450331   312.5
19450401 19450430    69.0
19450501 19450531    23.9
19450601 19450630     0.0
19450701 19450731     0.0
19450801 19450831     0.0
19450901 19450930    10.9
19451001 19451031    19.1
19451101 19451130    40.8
19451201 19451231   206.1
19460101 19460131   245.9
19460201 19460228   384.5
19460301 19460331   211.1
19460401 19460430     0.0
19460501 19460531     0.0
19460601 19460630     0.3
19460701 19460731     0.0
19460801 19460831     0.0
19460901 19460930     0.3
19461001 19461031     0.5
19461101 19461130    53.6
19461201 19461231   118.6
19470101 19470131   190.1
19470201 19470228   362.4
19470301 19470331   284.6
19470401 19470430    44.8
19470501 19470531     3.3
19470601 19470630     0.5
19470701 19470731     0.0
19470801 19470831     1.6
19470901 19470930    32.8
19471001 19471031    26.7
19471101 19471130    91.8
19471201 19471231   179.2
19480101 19480131   153.1
19480201 19480229   279.6
19480301 19480331    98.0
19480401 19480430   413.9
19480501 19480531     2.3
19480601 19480630     0.0
19480701 19480731     0.0
19480801 19480831     0.0
19480901 19480930     0.0
19481001 19481031     0.0
19481101 19481130   276.4
19481201 19481231   196.1
19490101 19490131   258.1
19490201 19490228   214.1
19490301 19490331   353.2
19490401 19490430    44.7
19490501 19490531     0.0
19490601 19490630     0.0
19490701 19490731     0.0
19490801 19490831     0.0
19490901 19490930     0.0
19491001 19491031     9.0
19491101 19491130   178.5
19491201 19491231   237.6
19500101 19500131   447.3
19500201 19500228   320.0
19500301 19500331   164.8
19500401 19500430    34.2
19500501 19500531     0.3
19500601 19500630     0.0
19500701 19500731     0.0
19500801 19500831     0.0
19500901 19500930    18.1
19501001 19501031    81.9
19501101 19501130   199.5
19501201 19501231   395.4
19510101 19510131   197.3
19510201 19510228   231.2
19510301 19510331   135.1
19510401 19510430     3.6
19510501 19510531     0.0
19510601 19510630     0.0
19510701 19510731     0.0
19510801 19510831     0.3
19510901 19510930     0.3
19511001 19511031    59.7
19511101 19511130    19.1
19511201 19511231   129.3
19520101 19520131   257.4
19520201 19520229   113.4
19520301 19520331   174.9
19520401 19520430     0.0
19520501 19520531    18.8
19520601 19520630     0.0
19520701 19520731     0.0
19520801 19520831     0.0
19520901 19520930     0.0
19521001 19521031    19.8
19521101 19521130   163.3
19521201 19521231   142.2
19530101 19530131   285.2
19530201 19530228   167.7
19530301 19530331   194.6
19530401 19530430   169.7
19530501 19530531     0.0
19530601 19530630     0.0
19530701 19530731     0.0
19530801 19530831     0.0
19530901 19530930     0.0
19531001 19531031    17.8
19531101 19531130    86.0
19531201 19531231   176.9
19540101 19540131   332.1
19540201 19540228   192.9
19540301 19540331   274.4
19540401 19540430   257.5
19540501 19540531     0.0
19540601 19540630     0.0
19540701 19540731     0.0
19540801 19540831     0.0
19540901 19540930     0.0
19541001 19541031   102.5
19541101 19541130    30.2
19541201 19541231   152.4
19550101 19550131   227.9
19550201 19550228   347.3
19550301 19550331   165.3
19550401 19550430    72.3
19550501 19550531    66.5
19550601 19550630     7.2
19550701 19550731    21.1
19550801 19550831     0.0
19550901 19550930     0.0
19551001 19551031    34.5
19551101 19551130   232.2
19551201 19551231    65.7
19560101 19560131   310.4
19560201 19560229   420.2
19560301 19560331   341.4
19560401 19560430   143.1
19560501 19560531    89.8
19560601 19560630     0.3
19560701 19560731    63.2
19560801 19560831     5.8
19560901 19560930     0.5
19561001 19561031    51.6
19561101 19561130   158.0
19561201 19561231   248.2
19570101 19570131   399.2
19570201 19570228   353.9
19570301 19570331   491.2
19570401 19570430    72.4
19570501 19570531     1.8
19570601 19570630     0.0
19570701 19570731     0.0
19570801 19570831     0.0
19570901 19570930     0.0
19571001 19571031     0.8
19571101 19571130    68.8
19571201 19571231   319.5
19580101 19580131   246.7
19580201 19580228   225.7
19580301 19580331   278.7
19580401 19580430    86.9
19580501 19580531    99.2
19580601 19580630     8.7
19580701 19580731     1.3
19580801 19580831     3.8
19580901 19580930     0.0
19581001 19581031    19.9
19581101 19581130   148.3
19581201 19581231   120.3
19590101 19590131   323.0
19590201 19590228   279.5
19590301 19590331   216.8
19590401 19590430   339.8
19590501 19590531    21.2
19590601 19590630     0.0
19590701 19590731     0.0
19590801 19590831     0.0
19590901 19590930     0.0
19591001 19591031     0.0
19591101 19591130    31.5
19591201 19591231   272.1
19600101 19600131   317.1
19600201 19600229   296.6
19600301 19600331   336.8
19600401 19600430    43.3
19600501 19600531    21.9
19600601 19600630     0.0
19600701 19600731     0.3
19600801 19600831     0.3
19600901 19600930    14.7
19601001 19601031     2.8
19601101 19601130    95.6
19601201 19601231   244.8
19610101 19610131   373.6
19610201 19610228   155.7
19610301 19610331    74.3
19610401 19610430    10.0
19610501 19610531     0.0
19610601 19610630     0.0
19610701 19610731    19.8
19610801 19610831     0.0
19610901 19610930     0.0
19611001 19611031    20.4
19611101 19611130    75.6
19611201 19611231   163.9
19620101 19620131   497.4
19620201 19620228   654.9
19620301 19620331    57.3
19620401 19620430    12.7
19620501 19620531     0.0
19620601 19620630     0.6
19620701 19620731     0.0
19620801 19620831     0.0
19620901 19620930    12.8
19621001 19621031    53.6
19621101 19621130    54.2
19621201 19621231   281.6
19630101 19630131   213.0
19630201 19630228   263.3
19630301 19630331   207.4
19630401 19630430    86.7
19630501 19630531     1.0
19630601 19630630     0.0
19630701 19630731     0.0
19630801 19630831     0.0
19630901 19630930     0.0
19631001 19631031     0.0
19631101 19631130    56.4
19631201 19631231   276.2
19640101 19640131   416.1
19640201 19640229   379.7
19640301 19640331   415.1
19640401 19640430   142.1
19640501 19640531    11.7
19640601 19640630     0.3
19640701 19640731     0.0
19640801 19640831     0.0
19640901 19640930    16.5
19641001 19641031    93.1
19641101 19641130   248.5
19641201 19641231   166.7
19650101 19650131   365.1
19650201 19650228   350.7
19650301 19650331   529.8
19650401 19650430     0.3
19650501 19650531     6.4
19650601 19650630     0.6
19650701 19650731     0.0
19650801 19650831     0.0
19650901 19650930     0.0
19651001 19651031     1.0
19651101 19651130     3.0
19651201 19651231   502.8
19660101 19660131   276.3
19660201 19660228   236.4
19660301 19660331   169.2
19660401 19660430     3.2
19660501 19660531     0.0
19660601 19660630     0.0
19660701 19660731     0.0
19660801 19660831     0.0
19660901 19660930     0.0
19661001 19661031    26.4
19661101 19661130   100.5
19661201 19661231   195.6
19670101 19670131   217.9
19670201 19670228   480.6
19670301 19670331   158.4
19670401 19670430    34.8
19670501 19670531     0.6
19670601 19670630     0.3
19670701 19670731     0.0
19670801 19670831     0.0
19670901 19670930     0.0
19671001 19671031     0.5
19671101 19671130    39.5
19671201 19671231   164.6
19680101 19680131   401.2
19680201 19680229   507.3
19680301 19680331   161.5
19680401 19680430    69.1
19680501 19680531   193.6
19680601 19680630     0.0
19680701 19680731     2.0
19680801 19680831    14.2
19680901 19680930     0.0
19681001 19681031     1.8
19681101 19681130    59.2
19681201 19681231   267.1
19690101 19690131   426.5
19690201 19690228   633.3
19690301 19690331   490.5
19690401 19690430     0.0
19690501 19690531     1.0
19690601 19690630     0.0
19690701 19690731     0.0
19690801 19690831     0.0
19690901 19690930     0.5
19691001 19691031    15.0
19691101 19691130   120.3
19691201 19691231   241.3
19700101 19700131   277.7
19700201 19700228   196.1
19700301 19700331   154.7
19700401 19700430    13.4
19700501 19700531     1.3
19700601 19700630     0.0
19700701 19700731     0.0
19700801 19700831     0.0
19700901 19700930    26.2
19701001 19701031    10.4
19701101 19701130   148.4
19701201 19701231   138.8
19710101 19710131   287.2
19710201 19710228   251.2
19710301 19710331   442.7
19710401 19710430    92.2
19710501 19710531     2.5
19710601 19710630     0.0
19710701 19710731     0.0
19710801 19710831     0.0
19710901 19710930    16.8
19711001 19711031    91.2
19711101 19711130   125.9
19711201 19711231   362.5
19720101 19720131   246.2
19720201 19720229   407.1
19720301 19720331   312.3
19720401 19720430    26.7
19720501 19720531    12.5
19720601 19720630     0.0
19720701 19720731     0.0
19720801 19720831     0.0
19720901 19720930     0.0
19721001 19721031     0.0
19721101 19721130   151.5
19721201 19721231   106.1
19730101 19730131   531.7
19730201 19730228   216.5
19730301 19730331   183.1
19730401 19730430    29.7
19730501 19730531     8.1
19730601 19730630    41.2
19730701 19730731     0.0
19730801 19730831     0.0
19730901 19730930     1.8
19731001 19731031     2.8
19731101 19731130   366.1
19731201 19731231   231.9
19740101 19740131   465.8
19740201 19740228   255.8
19740301 19740331   301.0
19740401 19740430    84.6
19740501 19740531    39.6
19740601 19740630     0.0
19740701 19740731     0.0
19740801 19740831    10.6
19740901 19740930     0.2
19741001 19741031    15.4
19741101 19741130   100.8
19741201 19741231   359.2
19750101 19750131   188.7
19750201 19750228   526.3
19750301 19750331   441.0
19750401 19750430   153.7
19750501 19750531     0.0
19750601 19750630     0.0
19750701 19750731     0.0
19750801 19750831     0.0
19750901 19750930    10.2
19751001 19751031    80.2
19751101 19751130   132.6
19751201 19751231   298.4
19760101 19760131   320.0
19760201 19760229   491.3
19760301 19760331   545.9
19760401 19760430   130.4
19760501 19760531     2.6
19760601 19760630     0.0
19760701 19760731     0.0
19760801 19760831     0.0
19760901 19760930     1.2
19761001 19761031    84.9
19761101 19761130   125.4
19761201 19761231   188.8
19770101 19770131   480.6
19770201 19770228   329.8
19770301 19770331   454.8
19770401 19770430    75.6
19770501 19770531    12.5
19770601 19770630     0.0
19770701 19770731     0.0
19770801 19770831     0.0
19770901 19770930     0.0
19771001 19771031     0.0
19771101 19771130    71.8
19771201 19771231   190.0
19780101 19780131   220.9
19780201 19780228   414.6
19780301 19780331   131.1
19780401 19780430    76.4
19780501 19780531    49.2
19780601 19780630     3.2
19780701 19780731    12.8
19780801 19780831     0.0
19780901 19780930     7.0
19781001 19781031    70.4
19781101 19781130   142.7
19781201 19781231   217.6
19790101 19790131   399.8
19790201 19790228   320.4
19790301 19790331   248.2
19790401 19790430    27.2
19790501 19790531     0.0
19790601 19790630     0.0
19790701 19790731     0.2
19790801 19790831     0.0
19790901 19790930     0.0
19791001 19791031    39.4
19791101 19791130    44.4
19791201 19791231   160.6
19800101 19800131   546.4
19800201 19800229   530.8
19800301 19800331   320.8
19800401 19800430    50.2
19800501 19800531    10.8
19800601 19800630     0.0
19800701 19800731     0.0
19800801 19800831     5.0
19800901 19800930     0.0
19801001 19801031    17.4
19801101 19801130    31.5
19801201 19801231   167.8
19810101 19810131   360.4
19810201 19810228   547.8
19810301 19810331   601.8
19810401 19810430    28.4
19810501 19810531    16.0
19810601 19810630     0.0
19810701 19810731     4.8
19810801 19810831     0.1
19810901 19810930    26.8
19811001 19811031    22.5
19811101 19811130   309.3
19811201 19811231   286.0
19820101 19820131   337.9
19820201 19820228   384.9
19820301 19820331   218.2
19820401 19820430    15.0
19820501 19820531     1.0
19820601 19820630     0.0
19820701 19820731     0.0
19820801 19820831     0.0
19820901 19820930     4.4
19821001 19821031     0.0
19821101 19821130    42.8
19821201 19821231    85.8
19830101 19830131   173.6
19830201 19830228   209.4
19830301 19830331   528.7
19830401 19830430   166.1
19830501 19830531    54.8
19830601 19830630     0.0
19830701 19830731     0.0
19830801 19830831     0.0
19830901 19830930     0.0
19831001 19831031    27.6
19831101 19831130    96.4
19831201 19831231    68.8
19840101 19840131   261.8
19840201 19840229   626.8
19840301 19840331   464.4
19840401 19840430     2.4
19840501 19840531     6.2
19840601 19840630     0.0
19840701 19840731     0.0
19840801 19840831     0.0
19840901 19840930    70.2
19841001 19841031    13.0
19841101 19841130    82.4
19841201 19841231   432.2
19850101 19850131   267.4
19850201 19850228   292.2
19850301 19850331   332.6
19850401 19850430   390.2
19850501 19850531     0.0
19850601 19850630     0.4
19850701 19850731     0.0
19850801 19850831     0.0
19850901 19850930     7.2
19851001 19851031     0.8
19851101 19851130   135.6
19851201 19851231   185.2
19860101 19860131   524.6
19860201 19860228   191.4
19860301 19860331   118.6
19860401 19860430    85.8
19860501 19860531     0.0
19860601 19860630     0.0
19860701 19860731    40.8
19860801 19860831    19.2
19860901 19860930    14.2
19861001 19861031    65.2
19861101 19861130   101.4
19861201 19861231   142.8
19870101 19870131   342.8
19870201 19870228   383.3
19870301 19870331   169.2
19870401 19870430    37.8
19870501 19870531     1.2
19870601 19870630     0.0
19870701 19870731     0.0
19870801 19870831     0.0
19870901 19870930     0.0
19871001 19871031     1.2
19871101 19871130    79.0
19871201 19871231   206.4
19880101 19880131   208.2
19880201 19880229   201.2
19880301 19880331   298.4
19880401 19880430    69.4
19880501 19880531    57.2
19880601 19880630     0.0
19880701 19880731     0.0
19880801 19880831     0.0
19880901 19880930     0.0
19881001 19881031     0.4
19881101 19881130   184.2
19881201 19881231   233.2
19890101 19890131   156.0
19890201 19890228   232.0
19890301 19890331   409.2
19890401 19890430   210.0
19890501 19890531    62.8
19890601 19890630     0.0
19890701 19890731     0.2
19890801 19890831     0.0
19890901 19890930     0.0
19891001 19891031     3.8
19891101 19891130 99999.9
19891201 19891231 99999.9
19900101 19900131   266.3
19900201 19900228   153.8
19900301 19900331   256.0
19900401 19900430    99.0
19900501 19900531    91.0
19900601 19900630     2.2
19900701 19900731     0.0
19900801 19900831     0.0
19900901 19900930     0.0
19901001 19901031     0.0
19901101 19901130    40.2
19901201 19901231   193.8
19910101 19910131   700.4
19910201 19910228   657.8
19910301 19910331   132.4
19910401 19910430    71.8
19910501 19910531     0.0
19910601 19910630     0.0
19910701 19910731     0.0
19910801 19910831     0.0
19910901 19910930     0.0
19911001 19911031     0.0
19911101 19911130    50.8
19911201 19911231    65.9
19920101 19920131   243.3
19920201 19920229   385.7
19920301 19920331   134.4
19920401 19920430    64.8
19920501 19920531     0.0
19920601 19920630     0.0
19920701 19920731     0.0
19920801 19920831     0.0
19920901 19920930    42.8
19921001 19921031     8.4
19921101 19921130    54.6
19921201 19921231   245.3
19930101 19930131   350.2
19930201 19930228   587.0
19930301 19930331   179.0
19930401 19930430    11.0
19930501 19930531     1.7
19930601 19930630     0.0
19930701 19930731     0.0
19930801 19930831     0.0
19930901 19930930     2.2
19931001 19931031     5.0
19931101 19931130   110.7
19931201 19931231   164.5
19940101 19940131   203.8
19940201 19940228   255.2
19940301 19940331   239.0
19940401 19940430   105.4
19940501 19940531     4.1
19940601 19940630     0.0
19940701 19940731     0.0
19940801 19940831     0.0
19940901 19940930     0.0
19941001 19941031    13.0
19941101 19941130    12.5
19941201 19941231   304.6
19950101 19950131   750.1
19950201 19950228   478.0
19950301 19950331   275.0
19950401 19950430   162.2
19950501 19950531     3.3
19950601 19950630     0.6
19950701 19950731     0.0
19950801 19950831     0.0
19950901 19950930     0.0
19951001 19951031    34.1
19951101 19951130    61.9
19951201 19951231   257.0
19960101 19960131   213.6
19960201 19960229   243.8
19960301 19960331   186.8
19960401 19960430   240.5
19960501 19960531     5.4
19960601 19960630     0.0
19960701 19960731     0.0
19960801 19960831     0.0
19960901 19960930     0.0
19961001 19961031     5.7
19961101 19961130    87.8
19961201 19961231   329.5
19970101 19970131   549.6
19970201 19970228   317.0
19970301 19970331   234.7
19970401 19970430     2.9
19970501 19970531     5.1
19970601 19970630     0.0
19970701 19970731     0.0
19970801 19970831     0.0
19970901 19970930     0.0
19971001 19971031    14.4
19971101 19971130   104.9
19971201 19971231   258.7
19980101 19980131   522.1
19980201 19980228   328.9
19980301 19980331   121.1
19980401 19980430   191.6
19980501 19980531    13.3
19980601 19980630     0.0
19980701 19980731     0.0
19980801 19980831     1.5
19980901 19980930     8.0
19981001 19981031    60.3
19981101 19981130   156.0
19981201 19981231   336.7
19990101 19990131   245.5
19990201 19990228   368.5
19990301 19990331   309.4
19990401 19990430   132.6
19990501 19990531     0.0
19990601 19990630     1.0
19990701 19990731     0.0
19990801 19990831     0.0
19990901 19990930     0.0
19991001 19991031    10.7
19991101 19991130   216.6
19991201 19991231   268.5
20000101 20000131   269.4
20000201 20000229   308.2
20000301 20000331   340.8
20000401 20000430   192.7
20000501 20000531    59.6
20000601 20000630     0.8
20000701 20000731     0.0
20000801 20000831     0.0
20000901 20000930     0.0
20001001 20001031    37.8
20001101 20001130   297.8
20001201 20001231   266.4
20010101 20010131   499.8
20010201 20010228   458.4
20010301 20010331   367.2
20010401 20010430   136.6
20010501 20010531     0.6
20010601 20010630     0.0
20010701 20010731     0.0
20010801 20010831     0.0
20010901 20010930     0.0
20011001 20011031    37.4
20011101 20011130   187.7
20011201 20011231   162.6
20020101 20020131 99999.9
20020201 20020228   658.0
20020301 20020331   216.9
20020401 20020430    31.7
20020501 20020531     0.0
20020601 20020630     0.0
20020701 20020731     0.0
20020801 20020831     0.0
20020901 20020930     0.6
20021001 20021031    38.8
20021101 20021130    88.6
20021201 20021231   165.6
20030101 20030131   410.4
20030201 20030228   561.6
20030301 20030331   328.0
20030401 20030430     1.2
20030501 20030531     1.2
20030601 20030630     0.0
20030701 20030731     0.0
20030801 20030831     0.0
20030901 20030930     5.4
20031001 20031031     0.0
20031101 20031130    79.5
20031201 20031231   402.6
20040101 20040131   493.8
20040201 20040229   398.2
20040301 20040331   361.4
20040401 20040430    14.8
20040501 20040531   117.4
20040601 20040630    11.0
20040701 20040731     0.0
20040801 20040831     0.0
20040901 20040930     0.0
20041001 20041031     0.2
20041101 20041130    39.0
20041201 20041231   248.6
20050101 20050131   272.7
20050201 20050228   205.6
20050301 20050331   392.5
20050401 20050430    31.8
20050501 20050531     1.2
20050601 20050630     0.0
20050701 20050731     0.0
20050801 20050831     0.0
20050901 20050930     4.6
20051001 20051031    33.0
20051101 20051130   177.2
20051201 20051231   210.3
20060101 20060131   494.8
20060201 20060228   192.9
20060301 20060331   382.1
20060401 20060430   401.7
20060501 20060531     0.2
20060601 20060630     0.0
20060701 20060731     0.2
20060801 20060831     0.0
20060901 20060930     0.0
20061001 20061031     0.0
20061101 20061130    55.2
20061201 20061231    44.2
20070101 20070131   154.0
20070201 20070228   589.2
20070301 20070331  1082.7
20070401 20070430    30.5
20070501 20070531     2.3
20070601 20070630     0.0
20070701 20070731     0.0
20070801 20070831     4.0
20070901 20070930     0.0
20071001 20071031     0.0
20071101 20071130    65.6
20071201 20071231    75.6
20080101 20080131   127.2
20080201 20080229   603.2
20080301 20080331   223.0
20080401 20080430    12.4
20080501 20080531     0.0
20080601 20080630     0.0
20080701 20080731     0.0
20080801 20080831     0.0
20080901 20080930     0.0
20081001 20081031    45.8
20081101 20081130   111.4
20081201 20081231   219.1
20090101 20090131   269.1
20090201 20090228 99999.9
20090301 20090331 99999.9
20090401 20090430 99999.9
20090501 20090531 99999.9
20090601 20090630     0.0
20090701 20090731     0.0
20090801 20090831     0.0
20090901 20090930     0.0
20091001 20091031     0.2
20091101 20091130    76.4
20091201 20091231   287.9
20100101 20100131   558.4
20100201 20100228   586.7
20100301 20100331   101.0
20100401 20100430   252.4
20100501 20100531     7.5
20100601 20100630     0.0
20100701 20100731     1.2
20100801 20100831    25.6
20100901 20100930     9.8
20101001 20101031 99999.9
20101101 20101130   118.0
20101201 20101231   234.4
20110101 20110131   525.9
20110201 20110228   378.2
20110301 20110331   394.1
20110401 20110430   281.0
20110501 20110531     0.0
20110601 20110630     0.0
20110701 20110731     0.0
20110801 20110831     1.0
20110901 20110930     0.0
20111001 20111031    28.1
20111101 20111130   179.2
20111201 20111231   484.0
20120101 20120131   352.8
20120201 20120229   208.0
20120301 20120331   492.6
20120401 20120430    14.4
20120501 20120531    42.6
20120601 20120630     0.0
20120701 20120731     0.0
20120801 20120831     0.0
20120901 20120930    22.0
20121001 20121031     3.0
20121101 20121130    45.0
20121201 20121231   190.8
20130101 20130131   282.0
20130201 20130228   137.6
20130301 20130331   371.6
20130401 20130430    64.8
