PRCP       050052 18800201 20180131 missing_value=99999.9 CONDOBOLIN AG RESEARCH STN                
18800201 18800229    55.1
18800301 18800331 99999.9
18800401 18800430    22.0
18800501 18800531    60.6
18800601 18800630    19.2
18800701 18800731    18.7
18800801 18800831     5.5
18800901 18800930    26.4
18801001 18801031     5.0
18801101 18801130    45.6
18801201 18801231 99999.9
18810101 18810131    15.0
18810201 18810228    56.8
18810301 18810331    43.9
18810401 18810430     0.0
18810501 18810531    50.8
18810601 18810630    26.7
18810701 18810731     5.0
18810801 18810831    38.1
18810901 18810930    32.4
18811001 18811031    21.4
18811101 18811130    35.5
18811201 18811231     8.0
18820101 18820131     0.0
18820201 18820228     0.0
18820301 18820331     5.7
18820401 18820430    40.4
18820501 18820531    29.5
18820601 18820630    17.2
18820701 18820731     4.9
18820801 18820831    53.9
18820901 18820930     6.4
18821001 18821031    80.3
18821101 18821130    59.9
18821201 18821231    42.5
18830101 18830131     0.0
18830201 18830228    29.3
18830301 18830331    14.7
18830401 18830430     7.9
18830501 18830531    32.5
18830601 18830630    19.3
18830701 18830731    23.8
18830801 18830831    30.2
18830901 18830930    36.8
18831001 18831031    75.1
18831101 18831130    40.2
18831201 18831231     0.0
18840101 18840131     1.0
18840201 18840229     7.9
18840301 18840331    19.0
18840401 18840430    38.5
18840501 18840531    34.3
18840601 18840630    65.1
18840701 18840731     4.8
18840801 18840831    20.3
18840901 18840930    33.5
18841001 18841031    26.6
18841101 18841130    30.2
18841201 18841231    15.3
18850101 18850131   197.4
18850201 18850228    23.9
18850301 18850331    10.1
18850401 18850430    47.3
18850501 18850531     9.5
18850601 18850630    38.5
18850701 18850731     3.3
18850801 18850831    23.0
18850901 18850930    42.0
18851001 18851031    22.7
18851101 18851130    13.0
18851201 18851231    27.8
18860101 18860131    28.3
18860201 18860228     9.5
18860301 18860331     2.0
18860401 18860430    19.2
18860501 18860531    32.9
18860601 18860630    11.6
18860701 18860731    24.7
18860801 18860831    89.4
18860901 18860930    12.3
18861001 18861031    44.5
18861101 18861130   104.7
18861201 18861231   100.4
18870101 18870131    71.3
18870201 18870228    95.1
18870301 18870331    95.3
18870401 18870430    41.1
18870501 18870531    13.0
18870601 18870630    36.6
18870701 18870731    36.2
18870801 18870831    48.6
18870901 18870930    14.7
18871001 18871031    41.5
18871101 18871130    29.3
18871201 18871231    94.2
18880101 18880131     8.4
18880201 18880229    65.9
18880301 18880331     2.3
18880401 18880430     0.0
18880501 18880531    23.5
18880601 18880630    11.5
18880701 18880731    11.8
18880801 18880831     8.1
18880901 18880930    40.5
18881001 18881031     7.3
18881101 18881130     2.3
18881201 18881231    19.0
18890101 18890131    12.3
18890201 18890228    30.7
18890301 18890331     0.4
18890401 18890430    80.5
18890501 18890531    99.1
18890601 18890630    41.7
18890701 18890731     8.0
18890801 18890831    29.9
18890901 18890930    41.9
18891001 18891031    58.8
18891101 18891130    44.3
18891201 18891231    24.2
18900101 18900131    16.5
18900201 18900228    98.9
18900301 18900331   187.4
18900401 18900430    15.0
18900501 18900531    61.7
18900601 18900630    73.0
18900701 18900731    60.3
18900801 18900831    25.0
18900901 18900930    53.5
18901001 18901031    55.1
18901101 18901130     9.3
18901201 18901231    19.1
18910101 18910131   145.7
18910201 18910228    11.9
18910301 18910331    19.0
18910401 18910430    69.2
18910501 18910531    35.3
18910601 18910630    68.2
18910701 18910731    39.3
18910801 18910831    52.6
18910901 18910930    54.0
18911001 18911031    37.0
18911101 18911130    31.5
18911201 18911231     8.8
18920101 18920131    29.0
18920201 18920229     5.7
18920301 18920331     8.0
18920401 18920430    17.9
18920501 18920531    45.9
18920601 18920630    32.0
18920701 18920731    40.7
18920801 18920831    41.4
18920901 18920930    91.3
18921001 18921031    54.4
18921101 18921130    24.5
18921201 18921231     6.5
18930101 18930131    13.9
18930201 18930228     5.5
18930301 18930331    41.6
18930401 18930430    70.4
18930501 18930531    71.8
18930601 18930630    39.5
18930701 18930731    22.8
18930801 18930831    28.3
18930901 18930930    27.7
18931001 18931031    27.7
18931101 18931130    47.2
18931201 18931231    22.3
18940101 18940131    98.4
18940201 18940228    54.0
18940301 18940331    64.2
18940401 18940430    84.9
18940501 18940531    16.6
18940601 18940630    46.6
18940701 18940731    40.1
18940801 18940831    44.1
18940901 18940930    49.6
18941001 18941031    42.2
18941101 18941130    12.1
18941201 18941231    44.8
18950101 18950131    76.0
18950201 18950228    32.9
18950301 18950331     0.3
18950401 18950430     9.5
18950501 18950531    20.3
18950601 18950630    20.5
18950701 18950731    25.1
18950801 18950831    33.6
18950901 18950930    30.8
18951001 18951031    32.4
18951101 18951130     5.1
18951201 18951231    21.7
18960101 18960131    23.1
18960201 18960229   113.8
18960301 18960331    15.2
18960401 18960430    16.7
18960501 18960531    52.3
18960601 18960630    15.8
18960701 18960731     6.3
18960801 18960831    20.0
18960901 18960930    16.2
18961001 18961031    15.8
18961101 18961130    45.8
18961201 18961231     6.7
18970101 18970131    84.6
18970201 18970228     4.9
18970301 18970331     1.0
18970401 18970430     0.7
18970501 18970531     7.5
18970601 18970630    46.1
18970701 18970731    43.2
18970801 18970831    45.0
18970901 18970930    45.9
18971001 18971031    28.3
18971101 18971130    16.6
18971201 18971231     7.0
18980101 18980131    10.4
18980201 18980228    35.0
18980301 18980331    29.0
18980401 18980430     1.6
18980501 18980531    24.4
18980601 18980630    72.4
18980701 18980731    21.2
18980801 18980831    58.4
18980901 18980930    12.4
18981001 18981031    21.0
18981101 18981130    11.1
18981201 18981231    25.0
18990101 18990131    11.3
18990201 18990228    17.0
18990301 18990331     6.6
18990401 18990430    38.3
18990501 18990531     3.7
18990601 18990630    64.8
18990701 18990731    31.0
18990801 18990831    28.8
18990901 18990930     2.9
18991001 18991031    50.7
18991101 18991130    26.0
18991201 18991231     1.0
19000101 19000131    30.4
19000201 19000228     1.6
19000301 19000331    42.2
19000401 19000430    55.8
19000501 19000531    64.9
19000601 19000630    47.7
19000701 19000731    63.9
19000801 19000831    17.7
19000901 19000930    24.8
19001001 19001031     5.1
19001101 19001130    15.7
19001201 19001231     7.7
19010101 19010131    22.5
19010201 19010228     0.5
19010301 19010331    78.8
19010401 19010430    28.0
19010501 19010531     7.3
19010601 19010630    17.6
19010701 19010731    24.4
19010801 19010831    70.5
19010901 19010930    17.3
19011001 19011031    32.4
19011101 19011130     7.7
19011201 19011231     0.0
19020101 19020131    12.8
19020201 19020228     0.3
19020301 19020331    28.3
19020401 19020430     0.3
19020501 19020531     4.2
19020601 19020630    12.2
19020701 19020731    22.0
19020801 19020831    19.1
19020901 19020930    21.6
19021001 19021031    29.2
19021101 19021130    16.3
19021201 19021231    63.7
19030101 19030131     0.5
19030201 19030228     1.3
19030301 19030331    16.0
19030401 19030430    71.7
19030501 19030531    32.3
19030601 19030630    32.5
19030701 19030731    29.7
19030801 19030831    23.1
19030901 19030930    88.1
19031001 19031031    28.9
19031101 19031130     5.5
19031201 19031231    28.2
19040101 19040131    56.7
19040201 19040229     3.1
19040301 19040331    15.0
19040401 19040430    10.2
19040501 19040531    29.9
19040601 19040630    13.2
19040701 19040731    92.3
19040801 19040831     9.3
19040901 19040930    13.8
19041001 19041031    74.4
19041101 19041130    14.3
19041201 19041231    65.5
19050101 19050131    14.7
19050201 19050228    14.0
19050301 19050331    14.4
19050401 19050430   139.7
19050501 19050531    38.6
19050601 19050630    51.4
19050701 19050731    42.0
19050801 19050831     6.6
19050901 19050930    24.3
19051001 19051031    49.0
19051101 19051130     2.3
19051201 19051231    14.3
19060101 19060131     0.7
19060201 19060228    23.7
19060301 19060331    96.7
19060401 19060430    16.2
19060501 19060531    47.7
19060601 19060630    33.1
19060701 19060731    17.2
19060801 19060831    42.1
19060901 19060930    91.9
19061001 19061031    40.2
19061101 19061130    57.0
19061201 19061231    39.9
19070101 19070131    34.9
19070201 19070228    11.5
19070301 19070331    14.7
19070401 19070430    12.2
19070501 19070531     3.3
19070601 19070630    45.6
19070701 19070731    38.0
19070801 19070831    34.7
19070901 19070930    24.6
19071001 19071031    17.1
19071101 19071130    36.2
19071201 19071231    55.0
19080101 19080131    39.9
19080201 19080229    76.7
19080301 19080331     1.3
19080401 19080430    16.3
19080501 19080531    24.1
19080601 19080630    27.9
19080701 19080731    32.9
19080801 19080831    28.4
19080901 19080930    37.8
19081001 19081031     8.2
19081101 19081130    16.2
19081201 19081231     9.2
19090101 19090131    37.7
19090201 19090228    35.2
19090301 19090331    76.7
19090401 19090430    12.3
19090501 19090531    30.7
19090601 19090630    71.4
19090701 19090731     9.4
19090801 19090831    52.4
19090901 19090930    24.7
19091001 19091031    16.3
19091101 19091130     7.7
19091201 19091231    15.4
19100101 19100131    93.4
19100201 19100228     0.0
19100301 19100331    80.2
19100401 19100430     5.0
19100501 19100531    23.1
19100601 19100630    67.3
19100701 19100731    34.5
19100801 19100831    13.5
19100901 19100930    43.2
19101001 19101031    26.4
19101101 19101130    51.8
19101201 19101231    38.2
19110101 19110131   116.4
19110201 19110228    68.9
19110301 19110331    42.4
19110401 19110430     0.4
19110501 19110531    31.1
19110601 19110630    13.4
19110701 19110731    26.5
19110801 19110831     4.5
19110901 19110930    42.6
19111001 19111031     8.0
19111101 19111130    45.3
19111201 19111231    67.5
19120101 19120131    13.3
19120201 19120229     8.0
19120301 19120331    34.8
19120401 19120430     1.6
19120501 19120531     0.0
19120601 19120630    37.3
19120701 19120731    95.6
19120801 19120831    61.9
19120901 19120930    31.8
19121001 19121031    15.2
19121101 19121130    10.0
19121201 19121231    22.1
19130101 19130131    22.2
19130201 19130228    41.0
19130301 19130331    73.3
19130401 19130430     6.2
19130501 19130531    59.5
19130601 19130630    43.2
19130701 19130731    12.7
19130801 19130831     7.3
19130901 19130930    10.1
19131001 19131031    35.5
19131101 19131130     2.6
19131201 19131231    23.6
19140101 19140131    18.4
19140201 19140228     4.9
19140301 19140331    34.0
19140401 19140430    28.9
19140501 19140531    18.7
19140601 19140630    14.8
19140701 19140731    24.7
19140801 19140831     0.9
19140901 19140930    20.3
19141001 19141031    16.8
19141101 19141130    54.8
19141201 19141231    36.8
19150101 19150131     1.1
19150201 19150228     9.6
19150301 19150331     1.6
19150401 19150430     5.3
19150501 19150531    46.0
19150601 19150630    33.1
19150701 19150731    47.9
19150801 19150831    26.4
19150901 19150930    38.1
19151001 19151031    20.3
19151101 19151130     0.9
19151201 19151231    52.8
19160101 19160131    30.9
19160201 19160229    23.0
19160301 19160331    14.3
19160401 19160430    62.9
19160501 19160531    18.4
19160601 19160630   115.8
19160701 19160731    51.2
19160801 19160831    60.9
19160901 19160930    49.7
19161001 19161031    65.5
19161101 19161130    59.1
19161201 19161231    64.9
19170101 19170131    89.0
19170201 19170228    34.8
19170301 19170331     3.7
19170401 19170430    11.4
19170501 19170531    26.4
19170601 19170630    61.0
19170701 19170731    61.3
19170801 19170831    49.1
19170901 19170930    33.3
19171001 19171031    63.6
19171101 19171130   111.6
19171201 19171231    31.6
19180101 19180131    43.9
19180201 19180228    20.9
19180301 19180331    15.2
19180401 19180430    34.9
19180501 19180531    24.5
19180601 19180630    24.0
19180701 19180731    20.5
19180801 19180831    50.8
19180901 19180930    13.3
19181001 19181031    16.7
19181101 19181130     8.1
19181201 19181231    13.7
19190101 19190131     9.7
19190201 19190228    30.3
19190301 19190331    16.1
19190401 19190430    11.2
19190501 19190531    80.3
19190601 19190630     5.8
19190701 19190731     3.6
19190801 19190831    21.6
19190901 19190930    17.5
19191001 19191031     9.3
19191101 19191130     2.9
19191201 19191231    75.9
19200101 19200131     7.5
19200201 19200229     2.2
19200301 19200331    49.6
19200401 19200430    22.5
19200501 19200531     6.6
19200601 19200630    72.3
19200701 19200731    49.0
19200801 19200831    38.6
19200901 19200930    61.0
19201001 19201031    24.8
19201101 19201130    18.6
19201201 19201231    60.1
19210101 19210131    26.7
19210201 19210228    29.0
19210301 19210331    25.7
19210401 19210430    48.1
19210501 19210531    53.8
19210601 19210630    74.4
19210701 19210731    19.0
19210801 19210831    29.3
19210901 19210930    30.4
19211001 19211031    26.9
19211101 19211130     8.4
19211201 19211231   105.8
19220101 19220131    17.1
19220201 19220228    10.1
19220301 19220331     0.3
19220401 19220430    22.5
19220501 19220531    27.1
19220601 19220630    26.7
19220701 19220731    49.9
19220801 19220831    20.5
19220901 19220930    22.1
19221001 19221031    19.0
19221101 19221130     0.0
19221201 19221231    90.1
19230101 19230131    33.6
19230201 19230228     0.0
19230301 19230331     7.1
19230401 19230430     1.6
19230501 19230531    16.1
19230601 19230630    94.8
19230701 19230731    42.7
19230801 19230831    12.9
19230901 19230930    27.4
19231001 19231031    44.0
19231101 19231130    23.4
19231201 19231231    47.9
19240101 19240131    15.9
19240201 19240229    70.7
19240301 19240331     0.4
19240401 19240430    20.5
19240501 19240531    31.3
19240601 19240630    38.1
19240701 19240731    47.3
19240801 19240831    64.9
19240901 19240930    42.7
19241001 19241031    25.6
19241101 19241130   186.4
19241201 19241231    19.0
19250101 19250131    67.5
19250201 19250228    34.6
19250301 19250331    27.7
19250401 19250430     4.2
19250501 19250531    59.1
19250601 19250630    74.7
19250701 19250731    32.5
19250801 19250831    20.2
19250901 19250930    15.6
19251001 19251031    25.2
19251101 19251130    55.1
19251201 19251231    29.7
19260101 19260131    26.7
19260201 19260228     1.6
19260301 19260331   144.4
19260401 19260430   111.2
19260501 19260531    54.4
19260601 19260630    30.3
19260701 19260731    30.5
19260801 19260831    27.8
19260901 19260930    51.2
19261001 19261031    11.3
19261101 19261130     2.1
19261201 19261231    16.9
19270101 19270131    59.6
19270201 19270228     4.0
19270301 19270331    16.6
19270401 19270430    25.5
19270501 19270531    22.0
19270601 19270630    20.0
19270701 19270731    14.3
19270801 19270831    15.2
19270901 19270930    23.5
19271001 19271031    37.2
19271101 19271130    50.4
19271201 19271231    19.0
19280101 19280131   103.2
19280201 19280229   148.3
19280301 19280331    66.8
19280401 19280430    62.1
19280501 19280531    12.1
19280601 19280630    30.0
19280701 19280731    45.6
19280801 19280831    17.8
19280901 19280930     7.7
19281001 19281031    17.1
19281101 19281130     6.8
19281201 19281231     2.3
19290101 19290131     2.3
19290201 19290228    47.2
19290301 19290331    36.7
19290401 19290430    25.7
19290501 19290531    14.9
19290601 19290630     7.1
19290701 19290731     6.6
19290801 19290831    35.6
19290901 19290930    36.1
19291001 19291031    19.4
19291101 19291130    16.7
19291201 19291231    58.3
19300101 19300131     3.7
19300201 19300228     7.5
19300301 19300331    43.0
19300401 19300430    24.9
19300501 19300531    30.0
19300601 19300630    49.5
19300701 19300731    28.6
19300801 19300831    52.2
19300901 19300930     8.1
19301001 19301031    78.6
19301101 19301130    20.0
19301201 19301231    58.3
19310101 19310131    20.4
19310201 19310228     6.8
19310301 19310331    59.5
19310401 19310430    48.6
19310501 19310531   133.2
19310601 19310630    98.9
19310701 19310731    27.1
19310801 19310831    14.1
19310901 19310930    26.0
19311001 19311031     9.5
19311101 19311130    25.8
19311201 19311231   105.1
19320101 19320131     2.4
19320201 19320229    19.2
19320301 19320331    46.0
19320401 19320430    70.3
19320501 19320531    18.6
19320601 19320630    28.4
19320701 19320731    49.4
19320801 19320831    35.8
19320901 19320930    72.5
19321001 19321031    20.5
19321101 19321130    28.8
19321201 19321231    17.2
19330101 19330131    37.8
19330201 19330228     0.0
19330301 19330331    15.0
19330401 19330430    15.7
19330501 19330531    15.8
19330601 19330630    23.2
19330701 19330731    48.1
19330801 19330831    22.7
19330901 19330930    36.2
19331001 19331031    34.6
19331101 19331130    52.5
19331201 19331231    75.3
19340101 19340131    25.8
19340201 19340228   122.9
19340301 19340331     6.6
19340401 19340430    42.5
19340501 19340531     0.0
19340601 19340630    34.7
19340701 19340731    55.5
19340801 19340831    35.1
19340901 19340930    26.2
19341001 19341031    71.2
19341101 19341130    99.8
19341201 19341231    37.9
19350101 19350131    47.4
19350201 19350228    21.4
19350301 19350331     6.2
19350401 19350430    45.4
19350501 19350531    17.0
19350601 19350630    12.3
19350701 19350731    37.4
19350801 19350831     9.7
19350901 19350930    25.0
19351001 19351031    35.9
19351101 19351130     4.0
19351201 19351231    20.7
19360101 19360131    46.0
19360201 19360229    86.0
19360301 19360331    53.8
19360401 19360430     7.3
19360501 19360531    17.1
19360601 19360630    55.7
19360701 19360731    62.7
19360801 19360831    39.3
19360901 19360930    17.8
19361001 19361031    11.0
19361101 19361130     3.7
19361201 19361231   120.8
19370101 19370131    34.6
19370201 19370228     6.8
19370301 19370331    68.5
19370401 19370430    18.7
19370501 19370531    29.0
19370601 19370630    36.6
19370701 19370731     4.8
19370801 19370831    34.0
19370901 19370930    18.9
19371001 19371031    23.6
19371101 19371130    25.7
19371201 19371231    22.1
19380101 19380131    28.3
19380201 19380228    25.6
19380301 19380331     0.9
19380401 19380430    41.4
19380501 19380531    11.9
19380601 19380630    48.6
19380701 19380731    38.1
19380801 19380831    30.4
19380901 19380930     5.5
19381001 19381031    47.1
19381101 19381130    20.5
19381201 19381231     2.3
19390101 19390131     2.1
19390201 19390228    68.9
19390301 19390331    48.9
19390401 19390430    46.0
19390501 19390531     9.0
19390601 19390630    43.0
19390701 19390731    21.4
19390801 19390831    54.4
19390901 19390930     8.2
19391001 19391031    32.9
19391101 19391130    59.6
19391201 19391231    10.6
19400101 19400131    13.7
19400201 19400229     0.0
19400301 19400331     0.0
19400401 19400430    79.1
19400501 19400531     3.3
19400601 19400630     3.6
19400701 19400731     9.9
19400801 19400831     1.3
19400901 19400930    37.9
19401001 19401031     0.0
19401101 19401130    21.6
19401201 19401231    32.2
19410101 19410131   168.3
19410201 19410228    16.7
19410301 19410331    42.5
19410401 19410430     2.4
19410501 19410531    24.0
19410601 19410630    34.3
19410701 19410731    23.0
19410801 19410831     7.0
19410901 19410930    15.2
19411001 19411031     1.7
19411101 19411130    13.6
19411201 19411231    26.2
19420101 19420131     1.5
19420201 19420228    30.2
19420301 19420331    25.2
19420401 19420430     1.9
19420501 19420531    81.9
19420601 19420630    78.3
19420701 19420731    16.7
19420801 19420831    24.7
19420901 19420930    20.0
19421001 19421031    42.0
19421101 19421130    31.5
19421201 19421231    55.1
19430101 19430131    21.0
19430201 19430228     7.4
19430301 19430331     0.0
19430401 19430430    68.2
19430501 19430531    36.4
19430601 19430630     9.6
19430701 19430731    19.3
19430801 19430831    30.6
19430901 19430930    36.8
19431001 19431031    20.6
19431101 19431130    88.1
19431201 19431231    20.6
19440101 19440131     0.0
19440201 19440229     3.3
19440301 19440331    35.6
19440401 19440430    22.2
19440501 19440531    38.2
19440601 19440630     6.2
19440701 19440731     3.5
19440801 19440831    41.8
19440901 19440930     7.5
19441001 19441031    16.8
19441101 19441130    16.2
19441201 19441231    10.3
19450101 19450131    86.8
19450201 19450228    33.9
19450301 19450331    15.9
19450401 19450430    15.4
19450501 19450531    11.4
19450601 19450630    61.5
19450701 19450731    12.1
19450801 19450831    30.1
19450901 19450930    10.7
19451001 19451031    24.7
19451101 19451130    21.2
19451201 19451231    22.1
19460101 19460131    58.8
19460201 19460228    71.5
19460301 19460331    37.8
19460401 19460430    12.4
19460501 19460531    10.0
19460601 19460630    15.2
19460701 19460731    10.6
19460801 19460831     5.5
19460901 19460930     3.7
19461001 19461031    11.3
19461101 19461130    36.9
19461201 19461231    39.4
19470101 19470131     5.3
19470201 19470228    74.4
19470301 19470331    10.6
19470401 19470430    23.0
19470501 19470531    27.9
19470601 19470630    22.3
19470701 19470731    51.9
19470801 19470831    24.8
19470901 19470930    30.9
19471001 19471031    23.5
19471101 19471130    47.3
19471201 19471231   187.2
19480101 19480131    55.7
19480201 19480229    21.6
19480301 19480331     0.0
19480401 19480430    28.5
19480501 19480531    23.3
19480601 19480630    90.9
19480701 19480731     0.0
19480801 19480831    36.3
19480901 19480930    41.1
19481001 19481031     9.9
19481101 19481130     8.7
19481201 19481231    12.2
19490101 19490131     9.5
19490201 19490228    30.4
19490301 19490331    97.2
19490401 19490430    16.0
19490501 19490531    68.8
19490601 19490630    26.7
19490701 19490731    32.1
19490801 19490831    22.3
19490901 19490930    35.2
19491001 19491031    86.2
19491101 19491130    71.0
19491201 19491231    17.3
19500101 19500131    56.1
19500201 19500228    90.3
19500301 19500331   197.8
19500401 19500430    80.4
19500501 19500531    31.5
19500601 19500630    48.2
19500701 19500731    78.3
19500801 19500831    36.9
19500901 19500930    71.6
19501001 19501031   101.1
19501101 19501130    79.9
19501201 19501231     0.0
19510101 19510131    25.4
19510201 19510228     9.4
19510301 19510331    10.1
19510401 19510430    16.4
19510501 19510531    30.2
19510601 19510630    26.8
19510701 19510731    34.1
19510801 19510831    36.4
19510901 19510930    26.0
19511001 19511031     8.2
19511101 19511130     9.9
19511201 19511231    20.7
19520101 19520131     0.0
19520201 19520229     0.0
19520301 19520331    33.9
19520401 19520430    43.8
19520501 19520531    59.6
19520601 19520630    26.2
19520701 19520731    46.0
19520801 19520831    29.0
19520901 19520930     9.8
19521001 19521031    51.8
19521101 19521130    20.7
19521201 19521231    10.4
19530101 19530131    77.9
19530201 19530228    31.1
19530301 19530331     0.0
19530401 19530430     0.8
19530501 19530531    22.8
19530601 19530630     8.7
19530701 19530731     0.0
19530801 19530831    60.7
19530901 19530930    24.6
19531001 19531031    45.8
19531101 19531130    47.5
19531201 19531231    17.5
19540101 19540131    93.7
19540201 19540228    63.6
19540301 19540331     0.0
19540401 19540430    24.5
19540501 19540531     3.7
19540601 19540630    21.9
19540701 19540731     0.0
19540801 19540831    22.2
19540901 19540930    16.4
19541001 19541031    55.4
19541101 19541130    86.5
19541201 19541231   102.9
19550101 19550131    24.4
19550201 19550228   143.2
19550301 19550331     7.2
19550401 19550430    34.3
19550501 19550531    38.6
19550601 19550630    39.2
19550701 19550731    31.2
19550801 19550831    53.5
19550901 19550930    24.3
19551001 19551031   159.8
19551101 19551130    28.1
19551201 19551231    20.8
19560101 19560131    71.1
19560201 19560229    83.0
19560301 19560331   204.1
19560401 19560430   114.9
19560501 19560531    67.2
19560601 19560630    63.7
19560701 19560731    68.3
19560801 19560831    29.4
19560901 19560930    13.8
19561001 19561031    98.0
19561101 19561130     9.1
19561201 19561231     0.5
19570101 19570131    11.2
19570201 19570228    36.4
19570301 19570331     3.6
19570401 19570430    12.2
19570501 19570531     1.0
19570601 19570630    22.4
19570701 19570731    64.2
19570801 19570831    26.9
19570901 19570930     0.0
19571001 19571031     3.1
19571101 19571130     8.1
19571201 19571231    24.2
19580101 19580131    47.0
19580201 19580228    56.4
19580301 19580331    56.5
19580401 19580430    21.1
19580501 19580531    24.1
19580601 19580630     5.9
19580701 19580731    41.8
19580801 19580831    39.7
19580901 19580930    31.6
19581001 19581031    33.2
19581101 19581130     5.4
19581201 19581231    28.1
19590101 19590131    30.2
19590201 19590228    45.7
19590301 19590331   130.3
19590401 19590430    18.8
19590501 19590531     9.9
19590601 19590630    14.8
19590701 19590731    47.0
19590801 19590831     3.3
19590901 19590930     8.2
19591001 19591031    67.2
19591101 19591130     7.9
19591201 19591231    33.1
19600101 19600131    99.2
19600201 19600229    37.3
19600301 19600331    13.8
19600401 19600430     6.3
19600501 19600531    31.3
19600601 19600630    10.2
19600701 19600731    39.1
19600801 19600831    63.6
19600901 19600930    34.2
19601001 19601031    31.2
19601101 19601130    35.6
19601201 19601231    18.3
19610101 19610131    22.7
19610201 19610228    11.0
19610301 19610331    26.4
19610401 19610430    85.3
19610501 19610531     2.0
19610601 19610630    35.4
19610701 19610731    31.0
19610801 19610831    74.3
19610901 19610930     4.3
19611001 19611031    74.9
19611101 19611130   114.9
19611201 19611231    98.9
19620101 19620131   124.0
19620201 19620228    24.4
19620301 19620331    20.9
19620401 19620430     2.3
19620501 19620531    43.5
19620601 19620630     8.0
19620701 19620731    26.7
19620801 19620831    52.8
19620901 19620930    13.4
19621001 19621031    47.3
19621101 19621130    19.5
19621201 19621231    96.7
19630101 19630131    36.4
19630201 19630228    49.8
19630301 19630331   100.3
19630401 19630430    58.6
19630501 19630531   122.0
19630601 19630630    39.7
19630701 19630731    45.7
19630801 19630831    20.8
19630901 19630930    29.7
19631001 19631031    32.3
19631101 19631130    23.9
19631201 19631231    60.4
19640101 19640131    24.9
19640201 19640229     6.9
19640301 19640331     4.6
19640401 19640430    44.6
19640501 19640531    35.8
19640601 19640630    40.3
19640701 19640731    19.5
19640801 19640831    14.8
19640901 19640930    62.1
19641001 19641031    46.0
19641101 19641130    36.6
19641201 19641231    10.7
19650101 19650131     0.0
19650201 19650228     1.6
19650301 19650331     2.4
19650401 19650430    24.1
19650501 19650531    28.5
19650601 19650630    22.0
19650701 19650731    25.7
19650801 19650831    41.5
19650901 19650930    19.9
19651001 19651031    75.1
19651101 19651130    19.1
19651201 19651231    90.4
19660101 19660131     6.9
19660201 19660228     8.4
19660301 19660331    50.3
19660401 19660430     1.1
19660501 19660531    43.1
19660601 19660630     9.8
19660701 19660731    35.8
19660801 19660831    55.7
19660901 19660930    48.5
19661001 19661031    90.4
19661101 19661130    68.0
19661201 19661231    75.7
19670101 19670131    26.7
19670201 19670228    10.8
19670301 19670331    54.9
19670401 19670430     0.0
19670501 19670531    21.6
19670601 19670630    33.4
19670701 19670731     1.7
19670801 19670831    38.9
19670901 19670930    13.5
19671001 19671031    45.8
19671101 19671130     9.4
19671201 19671231     1.3
19680101 19680131    43.2
19680201 19680229     8.9
19680301 19680331    52.2
19680401 19680430    19.6
19680501 19680531   104.2
19680601 19680630    10.9
19680701 19680731    39.3
19680801 19680831    32.4
19680901 19680930    19.8
19681001 19681031    26.7
19681101 19681130    50.1
19681201 19681231    57.6
19690101 19690131    18.4
19690201 19690228   116.1
19690301 19690331   108.2
19690401 19690430    46.7
19690501 19690531    63.0
19690601 19690630    32.9
19690701 19690731    67.2
19690801 19690831    28.3
19690901 19690930    28.1
19691001 19691031    67.1
19691101 19691130   112.5
19691201 19691231     6.0
19700101 19700131    27.6
19700201 19700228     5.4
19700301 19700331    45.3
19700401 19700430    45.0
19700501 19700531    24.0
19700601 19700630    13.7
19700701 19700731     3.3
19700801 19700831    29.6
19700901 19700930    95.6
19701001 19701031    37.7
19701101 19701130    25.4
19701201 19701231    34.8
19710101 19710131    50.6
19710201 19710228    71.6
19710301 19710331    33.5
19710401 19710430    11.7
19710501 19710531    14.3
19710601 19710630    20.0
19710701 19710731    29.3
19710801 19710831    32.5
19710901 19710930     6.0
19711001 19711031     3.3
19711101 19711130    70.3
19711201 19711231    80.5
19720101 19720131    96.7
19720201 19720229    14.7
19720301 19720331    21.6
19720401 19720430    16.8
19720501 19720531    41.2
19720601 19720630     7.6
19720701 19720731     8.2
19720801 19720831    26.2
19720901 19720930     6.4
19721001 19721031    22.9
19721101 19721130    18.6
19721201 19721231     6.4
19730101 19730131    43.7
19730201 19730228   103.5
19730301 19730331    22.6
19730401 19730430    10.3
19730501 19730531    25.9
19730601 19730630    35.0
19730701 19730731    24.5
19730801 19730831    52.1
19730901 19730930    19.8
19731001 19731031    95.3
19731101 19731130    87.3
19731201 19731231    77.7
19740101 19740131   145.4
19740201 19740228    58.5
19740301 19740331    18.1
19740401 19740430   141.6
19740501 19740531    13.6
19740601 19740630    21.2
19740701 19740731    36.0
19740801 19740831    46.8
19740901 19740930    53.7
19741001 19741031    94.0
19741101 19741130    12.2
19741201 19741231     0.9
19750101 19750131    17.6
19750201 19750228    45.0
19750301 19750331     6.0
19750401 19750430     6.8
19750501 19750531     7.4
19750601 19750630    28.4
19750701 19750731    24.0
19750801 19750831    31.9
19750901 19750930    69.8
19751001 19751031   132.4
19751101 19751130     0.4
19751201 19751231    39.2
19760101 19760131   233.2
19760201 19760229   117.4
19760301 19760331    16.8
19760401 19760430     9.0
19760501 19760531    15.6
19760601 19760630     1.6
19760701 19760731    68.4
19760801 19760831    16.2
19760901 19760930    37.4
19761001 19761031   144.2
19761101 19761130    36.0
19761201 19761231    25.8
19770101 19770131    13.6
19770201 19770228    56.4
19770301 19770331    27.6
19770401 19770430    31.6
19770501 19770531   117.2
19770601 19770630    27.0
19770701 19770731     9.0
19770801 19770831     5.6
19770901 19770930     9.6
19771001 19771031    11.8
19771101 19771130     3.6
19771201 19771231     2.4
19780101 19780131   179.0
19780201 19780228     2.2
19780301 19780331    52.6
19780401 19780430     2.0
19780501 19780531    72.8
19780601 19780630    83.8
19780701 19780731    36.0
19780801 19780831    16.4
19780901 19780930    64.6
19781001 19781031    45.0
19781101 19781130    66.0
19781201 19781231    57.0
19790101 19790131     7.0
19790201 19790228    10.2
19790301 19790331     7.6
19790401 19790430    51.2
19790501 19790531    25.8
19790601 19790630    15.6
19790701 19790731    26.0
19790801 19790831    28.8
19790901 19790930    30.0
19791001 19791031    32.2
19791101 19791130     4.8
19791201 19791231     0.0
19800101 19800131    24.2
19800201 19800229     5.6
19800301 19800331    27.6
19800401 19800430    33.0
19800501 19800531    31.4
19800601 19800630    32.8
19800701 19800731    38.0
19800801 19800831    16.6
19800901 19800930    11.0
19801001 19801031    27.0
19801101 19801130     9.2
19801201 19801231    17.4
19810101 19810131    30.0
19810201 19810228    94.6
19810301 19810331     2.6
19810401 19810430     3.8
19810501 19810531    46.2
19810601 19810630    55.4
19810701 19810731    69.4
19810801 19810831    14.0
19810901 19810930    13.4
19811001 19811031    27.4
19811101 19811130    54.6
19811201 19811231    10.2
19820101 19820131    38.6
19820201 19820228    34.0
19820301 19820331   150.8
19820401 19820430     5.4
19820501 19820531     9.4
19820601 19820630    13.0
19820701 19820731     2.8
19820801 19820831     2.0
19820901 19820930    12.0
19821001 19821031     3.4
19821101 19821130     1.2
19821201 19821231     3.6
19830101 19830131    17.2
19830201 19830228    23.2
19830301 19830331    26.6
19830401 19830430    27.6
19830501 19830531   123.8
19830601 19830630    15.2
19830701 19830731    55.0
19830801 19830831    59.0
19830901 19830930    32.6
19831001 19831031    77.6
19831101 19831130    74.8
19831201 19831231    72.2
19840101 19840131   253.6
19840201 19840229    22.8
19840301 19840331    19.8
19840401 19840430    44.8
19840501 19840531    13.4
19840601 19840630     3.8
19840701 19840731    66.6
19840801 19840831    36.2
19840901 19840930    31.8
19841001 19841031   143.6
19841101 19841130    17.0
19841201 19841231    16.2
19850101 19850131     3.2
19850201 19850228     4.8
19850301 19850331    26.8
19850401 19850430    52.6
19850501 19850531    25.4
19850601 19850630    31.2
19850701 19850731     2.6
19850801 19850831    89.8
19850901 19850930    51.0
19851001 19851031    64.2
19851101 19851130    69.2
19851201 19851231    56.6
19860101 19860131    15.6
19860201 19860228     5.0
19860301 19860331     3.8
19860401 19860430    15.8
19860501 19860531    20.6
19860601 19860630     5.2
19860701 19860731    38.2
19860801 19860831    55.6
19860901 19860930    24.5
19861001 19861031    40.9
19861101 19861130    34.1
19861201 19861231     9.4
19870101 19870131    31.0
19870201 19870228    30.2
19870301 19870331   128.8
19870401 19870430     4.2
19870501 19870531    34.4
19870601 19870630    34.8
19870701 19870731    16.6
19870801 19870831    69.0
19870901 19870930     9.6
19871001 19871031    26.6
19871101 19871130    22.7
19871201 19871231    53.7
19880101 19880131    15.0
19880201 19880229    35.6
19880301 19880331    48.8
19880401 19880430    49.8
19880501 19880531    31.8
19880601 19880630    49.0
19880701 19880731    76.0
19880801 19880831    27.8
19880901 19880930    56.2
19881001 19881031    17.0
19881101 19881130    43.0
19881201 19881231   152.2
19890101 19890131    15.2
19890201 19890228    42.8
19890301 19890331    78.4
19890401 19890430    53.2
19890501 19890531    56.6
19890601 19890630    49.0
19890701 19890731    42.3
19890801 19890831    21.8
19890901 19890930     8.6
19891001 19891031    20.6
19891101 19891130    32.8
19891201 19891231     7.4
19900101 19900131    33.2
19900201 19900228    25.6
19900301 19900331     6.4
19900401 19900430   293.6
19900501 19900531    23.0
19900601 19900630    34.8
19900701 19900731    52.0
19900801 19900831    72.6
19900901 19900930    28.2
19901001 19901031    33.4
19901101 19901130    14.4
19901201 19901231    10.0
19910101 19910131    96.2
19910201 19910228     7.4
19910301 19910331     5.2
19910401 19910430     4.6
19910501 19910531    15.0
19910601 19910630    73.4
19910701 19910731    41.4
19910801 19910831    44.9
19910901 19910930    17.1
19911001 19911031    11.6
19911101 19911130    14.8
19911201 19911231    59.6
19920101 19920131    65.4
19920201 19920229   147.2
19920301 19920331     0.0
19920401 19920430    57.0
19920501 19920531     6.6
19920601 19920630    13.4
19920701 19920731    33.1
19920801 19920831    60.8
19920901 19920930    23.6
19921001 19921031    62.0
19921101 19921130    79.3
19921201 19921231   163.0
19930101 19930131    52.3
19930201 19930228    22.6
19930301 19930331    23.6
19930401 19930430     4.2
19930501 19930531    34.9
19930601 19930630     2.8
19930701 19930731   104.6
19930801 19930831    10.7
19930901 19930930    76.1
19931001 19931031    62.4
19931101 19931130    44.0
19931201 19931231    29.2
19940101 19940131     3.2
19940201 19940228    54.5
19940301 19940331    52.1
19940401 19940430    13.0
19940501 19940531     7.2
19940601 19940630     9.6
19940701 19940731     6.0
19940801 19940831     3.0
19940901 19940930    12.2
19941001 19941031    16.0
19941101 19941130    69.8
19941201 19941231    14.0
19950101 19950131   180.8
19950201 19950228    22.2
19950301 19950331     0.0
19950401 19950430     1.8
19950501 19950531    88.9
19950601 19950630    32.5
19950701 19950731    28.8
19950801 19950831     1.0
19950901 19950930    44.2
19951001 19951031    36.1
19951101 19951130    79.4
19951201 19951231    25.7
19960101 19960131    83.4
19960201 19960229     7.4
19960301 19960331    12.7
19960401 19960430     5.6
19960501 19960531    68.3
19960601 19960630    26.4
19960701 19960731    63.2
19960801 19960831    41.4
19960901 19960930    25.5
19961001 19961031    47.8
19961101 19961130    40.4
19961201 19961231 99999.9
19970101 19970131    21.6
19970201 19970228     6.0
19970301 19970331     4.1
19970401 19970430     0.9
19970501 19970531    44.6
19970601 19970630    16.3
19970701 19970731    15.7
19970801 19970831    27.6
19970901 19970930   121.5
19971001 19971031    24.0
19971101 19971130    27.3
19971201 19971231     6.6
19980101 19980131    36.2
19980201 19980228    18.6
19980301 19980331     4.4
19980401 19980430    53.7
19980501 19980531    56.0
19980601 19980630    48.0
19980701 19980731    75.2
19980801 19980831    82.0
19980901 19980930    78.8
19981001 19981031    47.9
19981101 19981130    51.0
19981201 19981231    14.2
19990101 19990131    37.2
19990201 19990228     5.5
19990301 19990331    72.8
19990401 19990430    34.5
19990501 19990531     6.9
19990601 19990630    26.8
19990701 19990731    52.9
19990801 19990831    41.9
19990901 19990930    22.8
19991001 19991031   122.2
19991101 19991130    16.9
19991201 19991231   128.0
20000101 20000131     8.8
20000201 20000229    30.6
20000301 20000331    76.2
20000401 20000430    45.0
20000501 20000531    95.4
20000601 20000630    17.8
20000701 20000731    15.0
20000801 20000831    58.6
20000901 20000930    12.6
20001001 20001031    64.4
20001101 20001130    63.6
20001201 20001231    16.8
20010101 20010131     2.5
20010201 20010228    39.8
20010301 20010331    38.2
20010401 20010430    16.3
20010501 20010531    27.4
20010601 20010630    51.0
20010701 20010731    28.6
20010801 20010831    19.6
20010901 20010930    42.0
20011001 20011031    25.4
20011101 20011130    46.6
20011201 20011231     2.8
20020101 20020131     1.3
20020201 20020228   172.1
20020301 20020331    19.4
20020401 20020430    11.0
20020501 20020531    22.1
20020601 20020630     4.4
20020701 20020731     8.0
20020801 20020831     6.6
20020901 20020930    45.1
20021001 20021031     0.0
20021101 20021130     2.8
20021201 20021231    14.2
20030101 20030131    26.2
20030201 20030228    63.1
20030301 20030331    25.7
20030401 20030430    11.3
20030501 20030531     7.4
20030601 20030630    19.6
20030701 20030731    59.7
20030801 20030831    70.7
20030901 20030930     9.8
20031001 20031031    19.2
20031101 20031130    16.8
20031201 20031231    17.4
20040101 20040131    90.0
20040201 20040229    32.1
20040301 20040331     8.3
20040401 20040430     2.3
20040501 20040531    17.8
20040601 20040630    46.9
20040701 20040731    13.9
20040801 20040831    32.2
20040901 20040930    26.9
20041001 20041031    52.7
20041101 20041130    30.8
20041201 20041231    45.8
20050101 20050131     8.8
20050201 20050228    16.1
20050301 20050331     3.8
20050401 20050430     2.6
20050501 20050531     0.4
20050601 20050630    76.9
20050701 20050731    45.9
20050801 20050831    39.0
20050901 20050930    99.7
20051001 20051031    31.5
20051101 20051130    57.5
20051201 20051231    17.0
20060101 20060131    29.9
20060201 20060228     1.5
20060301 20060331    12.1
20060401 20060430     4.8
20060501 20060531     1.8
20060601 20060630    55.7
20060701 20060731    28.1
20060801 20060831     3.4
20060901 20060930    17.6
20061001 20061031     0.0
20061101 20061130    11.5
20061201 20061231    12.9
20070101 20070131    38.8
20070201 20070228    47.7
20070301 20070331    29.4
20070401 20070430    16.7
20070501 20070531    48.8
20070601 20070630    56.2
20070701 20070731    20.5
20070801 20070831    13.7
20070901 20070930     0.8
20071001 20071031     6.2
20071101 20071130   107.5
20071201 20071231   111.8
20080101 20080131    28.2
20080201 20080229    84.5
20080301 20080331    10.6
20080401 20080430     9.2
20080501 20080531     7.0
20080601 20080630    27.2
20080701 20080731    29.0
20080801 20080831    21.4
20080901 20080930    23.2
20081001 20081031    23.0
20081101 20081130    57.6
20081201 20081231    28.4
20090101 20090131     4.2
20090201 20090228    60.6
20090301 20090331    28.8
20090401 20090430    45.0
20090501 20090531    14.2
20090601 20090630    52.6
20090701 20090731    23.2
20090801 20090831    10.7
20090901 20090930    16.6
20091001 20091031    34.2
20091101 20091130    17.2
20091201 20091231    90.6
20100101 20100131    16.6
20100201 20100228   158.6
20100301 20100331    55.4
20100401 20100430    33.0
20100501 20100531    38.3
20100601 20100630    25.0
20100701 20100731    48.9
20100801 20100831    26.3
20100901 20100930    38.0
20101001 20101031    76.9
20101101 20101130    81.3
20101201 20101231    50.6
20110101 20110131    20.8
20110201 20110228    59.6
20110301 20110331    86.0
20110401 20110430    30.0
20110501 20110531    30.4
20110601 20110630     8.2
20110701 20110731    13.9
20110801 20110831    37.5
20110901 20110930    18.2
20111001 20111031    51.1
20111101 20111130   108.6
20111201 20111231   109.4
20120101 20120131    32.4
20120201 20120229   123.8
20120301 20120331    86.7
20120401 20120430     3.8
20120501 20120531    37.8
20120601 20120630    39.4
20120701 20120731    42.1
20120801 20120831    13.2
20120901 20120930    28.9
20121001 20121031    11.6
20121101 20121130    26.8
20121201 20121231     9.8
20130101 20130131     5.9
20130201 20130228    17.6
20130301 20130331    47.8
20130401 20130430     0.3
20130501 20130531    25.2
20130601 20130630   124.1
20130701 20130731    38.8
20130801 20130831    10.0
20130901 20130930    47.4
20131001 20131031     7.7
20131101 20131130     3.4
20131201 20131231    18.2
20140101 20140131    35.2
20140201 20140228    46.7
20140301 20140331   104.5
20140401 20140430    28.0
20140501 20140531    27.6
20140601 20140630    57.4
20140701 20140731     9.2
20140801 20140831    22.2
20140901 20140930    11.0
20141001 20141031    11.5
20141101 20141130    17.7
20141201 20141231    88.6
20150101 20150131    59.2
20150201 20150228    35.9
20150301 20150331     0.2
20150401 20150430    64.7
20150501 20150531    11.6
20150601 20150630    31.8
20150701 20150731    41.2
20150801 20150831    42.3
20150901 20150930     6.8
20151001 20151031    65.2
20151101 20151130    67.3
20151201 20151231    28.5
20160101 20160131    80.9
20160201 20160229     0.0
20160301 20160331    21.8
20160401 20160430    21.4
20160501 20160531    60.2
20160601 20160630   161.5
20160701 20160731    37.1
20160801 20160831    43.4
20160901 20160930   143.2
20161001 20161031    31.6
20161101 20161130    40.8
20161201 20161231    56.7
20170101 20170131    31.2
20170201 20170228     4.6
20170301 20170331   168.5
20170401 20170430    20.8
20170501 20170531    27.0
20170601 20170630     4.8
20170701 20170731    19.0
20170801 20170831    20.9
20170901 20170930     6.2
20171001 20171031    52.7
20171101 20171130    75.0
20171201 20171231    59.9
20180101 20180131    28.6
