PRCP       050004 19110401 20170731 missing_value=99999.9 BOGAN GATE POST OFFICE                    
19110401 19110430     8.1
19110501 19110531    42.0
19110601 19110630    16.5
19110701 19110731    44.7
19110801 19110831    19.1
19110901 19110930    34.6
19111001 19111031    14.0
19111101 19111130    83.0
19111201 19111231   109.2
19120101 19120131    35.8
19120201 19120229    23.3
19120301 19120331     5.1
19120401 19120430     0.0
19120501 19120531     0.0
19120601 19120630    44.3
19120701 19120731   104.8
19120801 19120831    83.9
19120901 19120930    29.5
19121001 19121031    22.1
19121101 19121130     0.0
19121201 19121231    12.5
19130101 19130131    22.3
19130201 19130228    53.0
19130301 19130331    75.7
19130401 19130430    21.6
19130501 19130531    67.3
19130601 19130630    66.0
19130701 19130731    16.8
19130801 19130831     9.9
19130901 19130930    10.1
19131001 19131031    35.0
19131101 19131130     0.0
19131201 19131231    40.1
19140101 19140131    34.6
19140201 19140228    25.3
19140301 19140331    41.7
19140401 19140430    19.3
19140501 19140531    20.6
19140601 19140630    19.1
19140701 19140731    27.4
19140801 19140831     0.0
19140901 19140930    13.0
19141001 19141031     8.1
19141101 19141130    29.0
19141201 19141231    72.5
19150101 19150131     0.0
19150201 19150228    11.7
19150301 19150331    16.7
19150401 19150430     3.0
19150501 19150531    53.3
19150601 19150630    45.9
19150701 19150731    57.9
19150801 19150831    42.9
19150901 19150930    17.1
19151001 19151031    36.2
19151101 19151130     2.5
19151201 19151231    32.2
19160101 19160131    18.3
19160201 19160229    33.7
19160301 19160331    10.4
19160401 19160430    71.5
19160501 19160531    13.5
19160601 19160630   109.0
19160701 19160731    61.6
19160801 19160831    77.6
19160901 19160930    59.5
19161001 19161031    99.4
19161101 19161130    75.6
19161201 19161231    69.3
19170101 19170131    50.2
19170201 19170228    50.6
19170301 19170331     3.6
19170401 19170430    10.1
19170501 19170531    17.5
19170601 19170630    64.3
19170701 19170731    62.4
19170801 19170831    85.8
19170901 19170930    46.5
19171001 19171031    45.7
19171101 19171130   135.5
19171201 19171231    18.0
19180101 19180131    32.5
19180201 19180228    47.0
19180301 19180331    12.8
19180401 19180430    32.6
19180501 19180531    19.3
19180601 19180630    37.8
19180701 19180731    22.3
19180801 19180831    75.2
19180901 19180930    11.4
19181001 19181031    25.1
19181101 19181130    11.4
19181201 19181231    19.9
19190101 19190131     7.9
19190201 19190228    23.6
19190301 19190331    11.2
19190401 19190430    17.3
19190501 19190531    54.6
19190601 19190630     7.4
19190701 19190731     4.8
19190801 19190831    33.3
19190901 19190930    41.7
19191001 19191031    25.1
19191101 19191130    11.4
19191201 19191231    19.9
19200101 19200131    19.8
19200201 19200229    18.3
19200301 19200331    21.3
19200401 19200430     1.0
19200501 19200531     6.4
19200601 19200630   116.0
19200701 19200731    51.1
19200801 19200831    56.8
19200901 19200930    70.3
19201001 19201031    31.9
19201101 19201130    18.5
19201201 19201231   119.1
19210101 19210131    37.1
19210201 19210228    18.7
19210301 19210331    34.8
19210401 19210430    64.6
19210501 19210531    46.5
19210601 19210630    71.7
19210701 19210731    40.6
19210801 19210831    45.0
19210901 19210930    38.1
19211001 19211031    20.0
19211101 19211130    16.5
19211201 19211231    84.6
19220101 19220131    39.1
19220201 19220228     9.6
19220301 19220331     1.3
19220401 19220430    21.6
19220501 19220531    27.6
19220601 19220630    31.3
19220701 19220731    51.1
19220801 19220831    31.2
19220901 19220930    17.0
19221001 19221031    21.9
19221101 19221130     0.0
19221201 19221231    41.6
19230101 19230131    12.7
19230201 19230228     0.0
19230301 19230331     1.8
19230401 19230430     0.0
19230501 19230531    13.8
19230601 19230630    89.0
19230701 19230731    43.1
19230801 19230831     6.8
19230901 19230930    30.7
19231001 19231031    41.9
19231101 19231130    19.8
19231201 19231231    33.8
19240101 19240131    21.4
19240201 19240229    51.5
19240301 19240331     0.0
19240401 19240430    41.9
19240501 19240531    16.2
19240601 19240630    52.3
19240701 19240731    44.0
19240801 19240831    47.8
19240901 19240930    74.6
19241001 19241031    36.3
19241101 19241130   138.3
19241201 19241231    65.5
19250101 19250131    61.2
19250201 19250228    56.6
19250301 19250331    33.0
19250401 19250430     8.1
19250501 19250531    59.8
19250601 19250630   145.7
19250701 19250731    37.1
19250801 19250831    41.9
19250901 19250930     2.8
19251001 19251031    18.5
19251101 19251130    60.6
19251201 19251231    16.0
19260101 19260131    21.8
19260201 19260228     8.6
19260301 19260331   156.1
19260401 19260430    94.7
19260501 19260531    63.8
19260601 19260630    40.5
19260701 19260731    24.8
19260801 19260831    30.3
19260901 19260930    35.5
19261001 19261031     9.6
19261101 19261130     0.0
19261201 19261231    86.1
19270101 19270131    98.2
19270201 19270228     0.0
19270301 19270331    54.4
19270401 19270430    25.1
19270501 19270531     9.4
19270601 19270630    23.3
19270701 19270731    12.6
19270801 19270831    11.4
19270901 19270930    48.0
19271001 19271031    40.3
19271101 19271130    58.2
19271201 19271231    42.4
19280101 19280131    71.4
19280201 19280229   146.8
19280301 19280331    33.2
19280401 19280430    42.7
19280501 19280531    19.0
19280601 19280630    26.6
19280701 19280731    50.3
19280801 19280831    17.3
19280901 19280930    15.0
19281001 19281031    34.5
19281101 19281130    14.5
19281201 19281231     0.0
19290101 19290131     1.5
19290201 19290228    43.5
19290301 19290331    32.0
19290401 19290430    34.4
19290501 19290531    21.8
19290601 19290630    23.9
19290701 19290731     6.3
19290801 19290831    37.6
19290901 19290930    23.9
19291001 19291031    21.3
19291101 19291130     5.8
19291201 19291231    68.4
19300101 19300131     0.0
19300201 19300228     1.5
19300301 19300331    19.1
19300401 19300430    20.8
19300501 19300531    23.1
19300601 19300630    70.9
19300701 19300731    44.1
19300801 19300831    41.4
19300901 19300930     3.3
19301001 19301031    68.6
19301101 19301130    62.2
19301201 19301231    93.1
19310101 19310131    26.1
19310201 19310228     0.0
19310301 19310331   114.6
19310401 19310430    53.6
19310501 19310531   129.3
19310601 19310630    82.3
19310701 19310731    45.0
19310801 19310831     7.1
19310901 19310930    30.5
19311001 19311031    12.8
19311101 19311130    36.7
19311201 19311231    63.7
19320101 19320131     4.1
19320201 19320229     7.4
19320301 19320331   146.5
19320401 19320430    66.6
19320501 19320531    17.1
19320601 19320630    23.9
19320701 19320731    36.5
19320801 19320831    51.4
19320901 19320930    75.1
19321001 19321031    24.2
19321101 19321130    64.1
19321201 19321231    36.7
19330101 19330131    30.7
19330201 19330228     1.0
19330301 19330331    10.2
19330401 19330430    54.3
19330501 19330531    20.8
19330601 19330630    33.6
19330701 19330731    40.4
19330801 19330831    19.8
19330901 19330930    51.0
19331001 19331031    48.0
19331101 19331130    71.9
19331201 19331231    86.7
19340101 19340131    44.7
19340201 19340228   108.2
19340301 19340331     0.5
19340401 19340430    47.8
19340501 19340531     0.8
19340601 19340630    44.2
19340701 19340731    67.1
19340801 19340831    37.2
19340901 19340930    22.5
19341001 19341031    67.3
19341101 19341130    68.0
19341201 19341231    31.7
19350101 19350131    27.5
19350201 19350228    34.0
19350301 19350331     5.9
19350401 19350430    59.1
19350501 19350531    38.6
19350601 19350630    21.6
19350701 19350731    38.5
19350801 19350831    27.2
19350901 19350930    39.3
19351001 19351031    66.9
19351101 19351130    18.8
19351201 19351231    45.4
19360101 19360131    66.5
19360201 19360229   108.2
19360301 19360331    59.9
19360401 19360430     5.3
19360501 19360531    20.3
19360601 19360630    43.2
19360701 19360731    71.3
19360801 19360831    50.1
19360901 19360930     9.9
19361001 19361031    21.4
19361101 19361130     5.3
19361201 19361231   110.5
19370101 19370131    31.7
19370201 19370228    33.1
19370301 19370331    34.5
19370401 19370430     8.4
19370501 19370531    23.1
19370601 19370630    48.9
19370701 19370731     3.8
19370801 19370831    62.3
19370901 19370930    25.7
19371001 19371031    25.8
19371101 19371130    30.5
19371201 19371231    37.4
19380101 19380131    36.0
19380201 19380228    19.1
19380301 19380331     6.9
19380401 19380430    16.1
19380501 19380531    18.9
19380601 19380630    64.2
19380701 19380731    42.7
19380801 19380831    33.0
19380901 19380930    11.0
19381001 19381031   111.5
19381101 19381130    19.5
19381201 19381231    16.0
19390101 19390131    10.4
19390201 19390228    83.5
19390301 19390331    59.9
19390401 19390430    59.8
19390501 19390531     7.9
19390601 19390630    35.5
19390701 19390731    18.1
19390801 19390831    69.4
19390901 19390930     3.9
19391001 19391031    33.5
19391101 19391130    94.9
19391201 19391231    14.0
19400101 19400131    12.8
19400201 19400229     0.0
19400301 19400331     0.0
19400401 19400430   106.8
19400501 19400531    10.2
19400601 19400630     4.6
19400701 19400731    16.6
19400801 19400831     7.6
19400901 19400930    90.6
19401001 19401031     1.1
19401101 19401130     6.3
19401201 19401231   104.7
19410101 19410131   170.9
19410201 19410228    13.5
19410301 19410331    27.8
19410401 19410430     2.0
19410501 19410531    31.7
19410601 19410630    50.6
19410701 19410731    25.9
19410801 19410831    10.7
19410901 19410930    23.0
19411001 19411031    13.6
19411101 19411130    19.4
19411201 19411231    27.7
19420101 19420131     0.0
19420201 19420228    63.3
19420301 19420331    19.8
19420401 19420430     2.3
19420501 19420531   101.1
19420601 19420630    84.3
19420701 19420731    26.3
19420801 19420831    27.3
19420901 19420930    24.5
19421001 19421031    33.0
19421101 19421130    62.9
19421201 19421231    92.0
19430101 19430131    92.1
19430201 19430228    18.2
19430301 19430331     3.6
19430401 19430430    39.6
19430501 19430531    47.2
19430601 19430630    19.8
19430701 19430731    30.6
19430801 19430831    32.5
19430901 19430930    49.4
19431001 19431031    15.1
19431101 19431130   101.5
19431201 19431231     6.4
19440101 19440131     6.3
19440201 19440229     4.8
19440301 19440331     8.3
19440401 19440430     9.7
19440501 19440531    38.6
19440601 19440630     0.0
19440701 19440731    11.4
19440801 19440831    24.6
19440901 19440930    12.2
19441001 19441031    12.8
19441101 19441130    18.6
19441201 19441231     2.3
19450101 19450131    62.2
19450201 19450228    50.1
19450301 19450331    10.2
19450401 19450430    31.5
19450501 19450531    93.5
19450601 19450630    84.9
19450701 19450731    23.0
19450801 19450831    35.3
19450901 19450930     5.1
19451001 19451031    29.8
19451101 19451130    40.4
19451201 19451231    19.6
19460101 19460131    52.4
19460201 19460228    53.3
19460301 19460331    44.7
19460401 19460430    22.4
19460501 19460531    13.4
19460601 19460630    18.2
19460701 19460731    22.8
19460801 19460831     4.8
19460901 19460930    16.0
19461001 19461031    21.8
19461101 19461130    37.7
19461201 19461231    24.2
19470101 19470131     8.1
19470201 19470228   120.3
19470301 19470331    31.2
19470401 19470430    28.0
19470501 19470531    36.4
19470601 19470630    27.3
19470701 19470731    74.0
19470801 19470831    30.8
19470901 19470930    28.4
19471001 19471031    65.7
19471101 19471130   108.0
19471201 19471231   141.1
19480101 19480131    36.0
19480201 19480229    86.5
19480301 19480331    31.3
19480401 19480430    58.4
19480501 19480531    42.4
19480601 19480630    89.0
19480701 19480731     1.0
19480801 19480831    27.2
19480901 19480930    42.0
19481001 19481031    17.4
19481101 19481130     7.2
19481201 19481231    12.7
19490101 19490131    25.8
19490201 19490228    45.7
19490301 19490331    27.3
19490401 19490430    18.8
19490501 19490531    29.9
19490601 19490630    39.8
19490701 19490731    38.0
19490801 19490831    26.4
19490901 19490930    60.6
19491001 19491031    78.3
19491101 19491130    74.2
19491201 19491231    24.6
19500101 19500131    66.3
19500201 19500228   105.2
19500301 19500331   199.3
19500401 19500430    71.6
19500501 19500531    44.5
19500601 19500630   104.9
19500701 19500731    98.9
19500801 19500831    28.5
19500901 19500930    70.4
19501001 19501031   146.9
19501101 19501130   136.3
19501201 19501231     5.3
19510101 19510131    48.1
19510201 19510228    10.5
19510301 19510331    19.8
19510401 19510430    18.3
19510501 19510531    43.6
19510601 19510630    44.5
19510701 19510731    46.9
19510801 19510831    78.9
19510901 19510930    36.4
19511001 19511031    12.5
19511101 19511130    22.1
19511201 19511231    10.7
19520101 19520131     0.0
19520201 19520229    11.1
19520301 19520331    56.8
19520401 19520430    88.6
19520501 19520531    79.9
19520601 19520630    41.8
19520701 19520731    47.4
19520801 19520831    45.8
19520901 19520930    16.1
19521001 19521031    71.5
19521101 19521130    27.0
19521201 19521231    50.4
19530101 19530131    52.3
19530201 19530228    34.8
19530301 19530331    20.6
19530401 19530430    15.5
19530501 19530531    30.8
19530601 19530630    14.5
19530701 19530731     2.6
19530801 19530831    66.3
19530901 19530930    21.4
19531001 19531031    42.6
19531101 19531130    48.0
19531201 19531231    10.1
19540101 19540131    98.9
19540201 19540228   120.9
19540301 19540331     0.0
19540401 19540430    54.6
19540501 19540531     1.8
19540601 19540630    29.1
19540701 19540731    13.7
19540801 19540831    28.4
19540901 19540930    20.5
19541001 19541031   130.3
19541101 19541130    66.7
19541201 19541231    72.3
19550101 19550131    64.0
19550201 19550228   161.3
19550301 19550331    20.0
19550401 19550430    20.3
19550501 19550531    67.3
19550601 19550630    53.9
19550701 19550731    33.6
19550801 19550831    59.2
19550901 19550930    33.8
19551001 19551031   178.6
19551101 19551130    38.5
19551201 19551231    21.1
19560101 19560131    97.0
19560201 19560229   111.6
19560301 19560331   142.8
19560401 19560430    92.0
19560501 19560531    81.5
19560601 19560630    63.0
19560701 19560731    81.5
19560801 19560831    30.6
19560901 19560930    30.5
19561001 19561031    97.8
19561101 19561130     5.9
19561201 19561231     0.0
19570101 19570131     5.4
19570201 19570228    23.7
19570301 19570331    35.3
19570401 19570430    14.7
19570501 19570531     2.8
19570601 19570630     7.4
19570701 19570731    77.8
19570801 19570831    32.6
19570901 19570930     0.5
19571001 19571031     6.1
19571101 19571130     9.7
19571201 19571231    37.1
19580101 19580131    59.7
19580201 19580228    33.5
19580301 19580331   100.1
19580401 19580430    34.8
19580501 19580531    27.9
19580601 19580630    22.4
19580701 19580731    44.1
19580801 19580831    59.9
19580901 19580930    65.8
19581001 19581031    51.9
19581101 19581130    10.2
19581201 19581231    46.3
19590101 19590131    69.2
19590201 19590228   150.5
19590301 19590331   145.1
19590401 19590430   109.3
19590501 19590531     9.9
19590601 19590630    52.8
19590701 19590731    65.8
19590801 19590831     5.6
19590901 19590930    12.7
19591001 19591031    31.8
19591101 19591130    31.7
19591201 19591231    26.4
19600101 19600131    65.7
19600201 19600229    35.7
19600301 19600331    14.6
19600401 19600430     4.4
19600501 19600531    37.6
19600601 19600630     9.7
19600701 19600731    59.2
19600801 19600831    68.0
19600901 19600930    51.2
19601001 19601031    31.9
19601101 19601130    38.4
19601201 19601231    30.4
19610101 19610131    56.7
19610201 19610228     8.4
19610301 19610331    36.8
19610401 19610430    69.6
19610501 19610531     4.7
19610601 19610630    38.3
19610701 19610731    37.2
19610801 19610831    71.7
19610901 19610930     8.1
19611001 19611031    15.6
19611101 19611130   175.0
19611201 19611231    53.3
19620101 19620131    73.5
19620201 19620228    23.7
19620301 19620331    24.7
19620401 19620430     9.9
19620501 19620531    72.5
19620601 19620630    22.1
19620701 19620731    30.7
19620801 19620831    68.9
19620901 19620930    14.7
19621001 19621031    31.2
19621101 19621130    13.4
19621201 19621231   122.1
19630101 19630131    65.3
19630201 19630228   100.1
19630301 19630331    83.0
19630401 19630430    55.8
19630501 19630531    73.0
19630601 19630630    42.0
19630701 19630731    48.5
19630801 19630831    27.4
19630901 19630930    40.9
19631001 19631031    29.5
19631101 19631130    40.5
19631201 19631231    59.0
19640101 19640131     7.1
19640201 19640229    13.4
19640301 19640331    13.4
19640401 19640430    75.0
19640501 19640531    54.3
19640601 19640630    71.7
19640701 19640731    25.9
19640801 19640831    30.8
19640901 19640930    56.0
19641001 19641031    57.9
19641101 19641130     9.2
19641201 19641231     7.4
19650101 19650131     0.0
19650201 19650228     0.0
19650301 19650331    10.9
19650401 19650430    21.8
19650501 19650531    26.7
19650601 19650630    10.9
19650701 19650731    31.8
19650801 19650831    49.3
19650901 19650930    45.5
19651001 19651031    64.0
19651101 19651130    15.0
19651201 19651231    69.1
19660101 19660131     7.9
19660201 19660228     8.1
19660301 19660331    64.2
19660401 19660430    13.6
19660501 19660531    38.5
19660601 19660630    24.0
19660701 19660731    24.4
19660801 19660831    88.4
19660901 19660930    43.7
19661001 19661031   102.0
19661101 19661130   109.7
19661201 19661231   111.4
19670101 19670131    25.9
19670201 19670228     7.3
19670301 19670331    39.5
19670401 19670430     0.0
19670501 19670531    22.9
19670601 19670630    64.3
19670701 19670731     6.8
19670801 19670831    80.1
19670901 19670930    24.9
19671001 19671031    48.3
19671101 19671130    19.1
19671201 19671231    15.2
19680101 19680131   113.7
19680201 19680229     7.4
19680301 19680331    39.3
19680401 19680430    53.1
19680501 19680531   129.6
19680601 19680630     9.4
19680701 19680731    29.6
19680801 19680831    42.4
19680901 19680930    29.3
19681001 19681031    34.6
19681101 19681130    31.0
19681201 19681231    81.1
19690101 19690131    22.1
19690201 19690228   109.0
19690301 19690331   105.5
19690401 19690430    75.2
19690501 19690531    73.6
19690601 19690630    11.9
19690701 19690731    40.9
19690801 19690831    29.9
19690901 19690930    47.9
19691001 19691031    71.9
19691101 19691130    55.2
19691201 19691231     4.8
19700101 19700131    51.4
19700201 19700228    22.1
19700301 19700331    56.2
19700401 19700430    56.9
19700501 19700531    48.0
19700601 19700630    23.6
19700701 19700731     3.0
19700801 19700831    42.1
19700901 19700930    90.2
19701001 19701031    42.1
19701101 19701130    57.7
19701201 19701231    77.5
19710101 19710131    96.8
19710201 19710228    82.0
19710301 19710331    49.3
19710401 19710430    13.1
19710501 19710531    14.8
19710601 19710630    15.7
19710701 19710731    59.6
19710801 19710831    48.3
19710901 19710930    22.6
19711001 19711031     7.9
19711101 19711130   143.8
19711201 19711231   121.1
19720101 19720131   123.3
19720201 19720229    49.5
19720301 19720331    31.0
19720401 19720430    20.6
19720501 19720531    22.1
19720601 19720630     2.3
19720701 19720731     8.5
19720801 19720831    31.3
19720901 19720930    27.4
19721001 19721031    84.8
19721101 19721130    29.6
19721201 19721231    15.8
19730101 19730131    43.0
19730201 19730228   110.6
19730301 19730331    25.9
19730401 19730430     8.1
19730501 19730531    32.5
19730601 19730630    42.1
19730701 19730731    37.1
19730801 19730831    73.9
19730901 19730930    23.6
19731001 19731031   106.5
19731101 19731130   134.7
19731201 19731231    88.7
19740101 19740131   105.8
19740201 19740228    77.2
19740301 19740331    27.9
19740401 19740430   143.2
19740501 19740531    36.4
19740601 19740630    25.2
19740701 19740731    51.4
19740801 19740831    44.2
19740901 19740930    70.8
19741001 19741031    92.2
19741101 19741130    25.9
19741201 19741231     0.6
19750101 19750131    36.6
19750201 19750228    56.4
19750301 19750331    16.0
19750401 19750430    13.6
19750501 19750531    16.2
19750601 19750630    42.0
19750701 19750731    20.4
19750801 19750831    39.4
19750901 19750930    69.5
19751001 19751031   135.6
19751101 19751130     0.0
19751201 19751231    24.2
19760101 19760131   253.6
19760201 19760229   146.0
19760301 19760331    40.4
19760401 19760430    11.6
19760501 19760531    16.8
19760601 19760630     0.0
19760701 19760731    60.8
19760801 19760831    12.4
19760901 19760930    49.2
19761001 19761031   141.2
19761101 19761130    28.2
19761201 19761231    21.6
19770101 19770131    22.8
19770201 19770228    57.4
19770301 19770331    50.8
19770401 19770430    43.2
19770501 19770531   176.6
19770601 19770630    31.4
19770701 19770731    12.8
19770801 19770831    13.8
19770901 19770930    15.9
19771001 19771031    17.3
19771101 19771130     3.0
19771201 19771231     1.0
19780101 19780131   233.8
19780201 19780228     2.0
19780301 19780331    88.8
19780401 19780430     1.0
19780501 19780531    99.8
19780601 19780630    78.2
19780701 19780731    52.6
19780801 19780831    19.9
19780901 19780930    77.4
19781001 19781031    18.0
19781101 19781130    89.4
19781201 19781231    66.6
19790101 19790131     4.6
19790201 19790228     2.3
19790301 19790331    49.0
19790401 19790430    59.5
19790501 19790531    48.4
19790601 19790630    15.1
19790701 19790731    38.8
19790801 19790831    33.2
19790901 19790930    35.7
19791001 19791031    30.0
19791101 19791130     7.2
19791201 19791231     0.0
19800101 19800131    38.2
19800201 19800229    31.4
19800301 19800331    12.2
19800401 19800430    27.2
19800501 19800531    91.6
19800601 19800630    44.6
19800701 19800731    43.2
19800801 19800831     3.6
19800901 19800930     5.6
19801001 19801031    30.0
19801101 19801130    13.4
19801201 19801231    13.8
19810101 19810131    42.8
19810201 19810228   112.6
19810301 19810331     3.4
19810401 19810430    27.0
19810501 19810531    56.4
19810601 19810630    47.4
19810701 19810731    67.6
19810801 19810831    15.6
19810901 19810930    16.2
19811001 19811031    51.8
19811101 19811130    49.8
19811201 19811231    10.2
19820101 19820131    12.8
19820201 19820228    31.8
19820301 19820331   101.2
19820401 19820430     5.0
19820501 19820531     4.6
19820601 19820630    24.4
19820701 19820731     3.2
19820801 19820831     0.0
19820901 19820930    11.6
19821001 19821031     4.2
19821101 19821130     3.0
19821201 19821231     3.0
19830101 19830131    32.8
19830201 19830228    66.2
19830301 19830331    23.2
19830401 19830430    33.6
19830501 19830531    94.2
19830601 19830630    20.2
19830701 19830731    40.0
19830801 19830831    57.2
19830901 19830930    36.2
19831001 19831031    79.0
19831101 19831130   128.6
19831201 19831231    77.2
19840101 19840131   188.2
19840201 19840229    45.8
19840301 19840331    28.4
19840401 19840430    31.0
19840501 19840531     9.6
19840601 19840630     2.0
19840701 19840731    88.8
19840801 19840831    41.3
19840901 19840930    45.8
19841001 19841031    72.0
19841101 19841130    19.0
19841201 19841231     5.2
19850101 19850131    11.0
19850201 19850228     5.0
19850301 19850331    36.8
19850401 19850430    54.4
19850501 19850531    40.2
19850601 19850630    33.0
19850701 19850731     7.0
19850801 19850831    78.6
19850901 19850930    18.2
19851001 19851031    46.6
19851101 19851130    52.0
19851201 19851231    52.0
19860101 19860131    25.0
19860201 19860228     0.0
19860301 19860331     6.0
19860401 19860430    23.2
19860501 19860531    31.0
19860601 19860630     5.4
19860701 19860731    47.6
19860801 19860831    55.4
19860901 19860930    34.0
19861001 19861031    53.6
19861101 19861130    28.4
19861201 19861231    14.0
19870101 19870131    20.8
19870201 19870228    19.0
19870301 19870331   144.6
19870401 19870430     5.0
19870501 19870531    33.0
19870601 19870630    34.2
19870701 19870731    39.0
19870801 19870831    69.0
19870901 19870930    13.0
19871001 19871031    19.0
19871101 19871130    11.0
19871201 19871231    65.8
19880101 19880131     6.0
19880201 19880229    35.0
19880301 19880331     8.0
19880401 19880430    71.0
19880501 19880531    21.4
19880601 19880630    50.0
19880701 19880731    78.4
19880801 19880831    27.5
19880901 19880930   109.2
19881001 19881031    16.0
19881101 19881130    55.6
19881201 19881231   144.2
19890101 19890131    41.0
19890201 19890228     4.2
19890301 19890331    55.0
19890401 19890430   124.0
19890501 19890531    72.0
19890601 19890630    33.0
19890701 19890731    46.4
19890801 19890831    29.0
19890901 19890930     9.0
19891001 19891031    32.0
19891101 19891130    45.0
19891201 19891231    30.0
19900101 19900131    56.4
19900201 19900228    86.9
19900301 19900331     5.0
19900401 19900430   306.5
19900501 19900531    51.0
19900601 19900630    33.0
19900701 19900731    69.0
19900801 19900831    66.0
19900901 19900930    29.8
19901001 19901031    31.0
19901101 19901130    19.0
19901201 19901231    12.0
19910101 19910131    62.0
19910201 19910228     6.0
19910301 19910331    31.0
19910401 19910430    15.0
19910501 19910531    23.0
19910601 19910630    35.7
19910701 19910731    35.0
19910801 19910831    50.0
19910901 19910930    20.0
19911001 19911031    12.0
19911101 19911130    12.6
19911201 19911231    74.0
19920101 19920131    67.0
19920201 19920229   195.0
19920301 19920331     7.0
19920401 19920430    38.0
19920501 19920531     8.0
19920601 19920630    19.0
19920701 19920731    27.0
19920801 19920831    67.0
19920901 19920930    42.0
19921001 19921031    75.0
19921101 19921130    94.0
19921201 19921231   220.0
19930101 19930131    34.0
19930201 19930228    22.0
19930301 19930331    33.0
19930401 19930430     7.0
19930501 19930531    45.0
19930601 19930630    15.0
19930701 19930731   113.0
19930801 19930831    17.2
19930901 19930930    68.0
19931001 19931031    78.0
19931101 19931130    60.0
19931201 19931231    10.0
19940101 19940131     9.0
19940201 19940228    54.0
19940301 19940331    68.0
19940401 19940430    17.0
19940501 19940531    10.4
19940601 19940630    11.2
19940701 19940731    20.0
19940801 19940831    10.2
19940901 19940930    14.0
19941001 19941031    21.4
19941101 19941130    94.4
19941201 19941231    26.0
19950101 19950131   167.0
19950201 19950228    31.0
19950301 19950331     0.0
19950401 19950430    12.0
19950501 19950531    93.7
19950601 19950630    23.0
19950701 19950731    39.0
19950801 19950831     0.0
19950901 19950930    41.2
19951001 19951031    21.2
19951101 19951130    23.5
19951201 19951231    23.0
19960101 19960131    92.0
19960201 19960229     7.0
19960301 19960331    26.0
19960401 19960430     3.0
19960501 19960531    52.0
19960601 19960630    46.0
19960701 19960731    57.4
19960801 19960831    88.4
19960901 19960930    49.0
19961001 19961031    56.0
19961101 19961130    48.0
19961201 19961231    56.0
19970101 19970131    13.0
19970201 19970228    18.5
19970301 19970331    13.0
19970401 19970430     0.0
19970501 19970531    46.0
19970601 19970630    18.8
19970701 19970731    24.0
19970801 19970831    21.7
19970901 19970930    98.5
19971001 19971031    15.0
19971101 19971130    19.2
19971201 19971231    26.0
19980101 19980131    34.7
19980201 19980228    28.0
19980301 19980331     2.0
19980401 19980430    59.5
19980501 19980531    73.1
19980601 19980630    58.4
19980701 19980731    79.0
19980801 19980831   102.0
19980901 19980930    82.0
19981001 19981031    83.0
19981101 19981130    89.5
19981201 19981231    20.0
19990101 19990131    13.0
19990201 19990228     0.0
19990301 19990331   110.5
19990401 19990430    26.0
19990501 19990531    12.5
19990601 19990630    27.5
19990701 19990731    43.5
19990801 19990831    48.0
19990901 19990930    32.7
19991001 19991031   133.0
19991101 19991130    25.0
19991201 19991231   128.0
20000101 20000131    17.0
20000201 20000229    17.0
20000301 20000331    61.0
20000401 20000430    54.0
20000501 20000531    66.0
20000601 20000630    19.0
20000701 20000731    21.5
20000801 20000831    71.5
20000901 20000930     4.0
20001001 20001031    91.0
20001101 20001130    73.0
20001201 20001231    20.0
20010101 20010131     0.0
20010201 20010228    39.0
20010301 20010331    57.0
20010401 20010430    35.0
20010501 20010531    44.5
20010601 20010630    60.0
20010701 20010731    67.0
20010801 20010831    23.0
20010901 20010930    44.0
20011001 20011031    57.0
20011101 20011130    41.0
20011201 20011231     2.0
20020101 20020131     8.0
20020201 20020228   139.0
20020301 20020331    15.0
20020401 20020430    23.0
20020501 20020531    49.0
20020601 20020630    11.0
20020701 20020731    11.0
20020801 20020831    13.0
20020901 20020930    48.0
20021001 20021031     0.0
20021101 20021130     2.0
20021201 20021231    20.0
20030101 20030131    19.0
20030201 20030228    40.0
20030301 20030331    18.5
20030401 20030430    14.0
20030501 20030531     0.0
20030601 20030630    16.5
20030701 20030731    50.5
20030801 20030831    70.0
20030901 20030930     4.5
20031001 20031031    30.5
20031101 20031130    19.5
20031201 20031231    31.0
20040101 20040131    38.5
20040201 20040229    46.0
20040301 20040331    15.0
20040401 20040430     2.5
20040501 20040531    43.7
20040601 20040630    43.1
20040701 20040731    16.5
20040801 20040831    36.0
20040901 20040930    40.5
20041001 20041031    47.0
20041101 20041130    18.0
20041201 20041231    85.0
20050101 20050131    21.0
20050201 20050228    46.0
20050301 20050331     8.0
20050401 20050430     2.0
20050501 20050531     0.0
20050601 20050630    82.0
20050701 20050731    40.0
20050801 20050831    42.5
20050901 20050930    90.0
20051001 20051031    67.0
20051101 20051130    81.5
20051201 20051231    27.0
20060101 20060131    15.0
20060201 20060228     6.0
20060301 20060331    20.0
20060401 20060430     0.0
20060501 20060531     5.5
20060601 20060630    36.0
20060701 20060731    51.0
20060801 20060831    12.5
20060901 20060930    11.0
20061001 20061031     0.0
20061101 20061130     9.0
20061201 20061231     9.0
20070101 20070131    36.0
20070201 20070228    77.0
20070301 20070331    31.0
20070401 20070430    18.0
20070501 20070531    55.4
20070601 20070630    76.6
20070701 20070731    18.0
20070801 20070831    15.2
20070901 20070930     0.6
20071001 20071031     9.8
20071101 20071130   100.2
20071201 20071231    77.2
20080101 20080131    72.5
20080201 20080229    17.2
20080301 20080331    18.0
20080401 20080430     6.0
20080501 20080531     9.2
20080601 20080630    58.0
20080701 20080731    40.5
20080801 20080831     9.2
20080901 20080930 99999.9
20081001 20081031    24.2
20081101 20081130   102.4
20081201 20081231    23.9
20090101 20090131 99999.9
20090201 20090228 99999.9
20090301 20090331    36.3
20090401 20090430    43.3
20090501 20090531     5.3
20090601 20090630    77.7
20090701 20090731    16.2
20090801 20090831    10.8
20090901 20090930    19.2
20091001 20091031    80.8
20091101 20091130    18.6
20091201 20091231    52.2
20100101 20100131    21.0
20100201 20100228   204.8
20100301 20100331    65.1
20100401 20100430    40.2
20100501 20100531    41.0
20100601 20100630    32.2
20100701 20100731    63.4
20100801 20100831    34.8
20100901 20100930    51.8
20101001 20101031 99999.9
20101101 20101130 99999.9
20101201 20101231 99999.9
20110101 20110131 99999.9
20110201 20110228 99999.9
20110301 20110331 99999.9
20110401 20110430 99999.9
20110501 20110531 99999.9
20110601 20110630 99999.9
20110701 20110731 99999.9
20110801 20110831 99999.9
20110901 20110930 99999.9
20111001 20111031 99999.9
20111101 20111130 99999.9
20111201 20111231 99999.9
20120101 20120131 99999.9
20120201 20120229 99999.9
20120301 20120331 99999.9
20120401 20120430 99999.9
20120501 20120531 99999.9
20120601 20120630 99999.9
20120701 20120731 99999.9
20120801 20120831 99999.9
20120901 20120930 99999.9
20121001 20121031 99999.9
20121101 20121130 99999.9
20121201 20121231 99999.9
20130101 20130131 99999.9
20130201 20130228 99999.9
20130301 20130331 99999.9
20130401 20130430 99999.9
20130501 20130531 99999.9
20130601 20130630 99999.9
20130701 20130731 99999.9
20130801 20130831 99999.9
20130901 20130930 99999.9
20131001 20131031 99999.9
20131101 20131130 99999.9
20131201 20131231 99999.9
20140101 20140131 99999.9
20140201 20140228 99999.9
20140301 20140331 99999.9
20140401 20140430 99999.9
20140501 20140531    35.4
20140601 20140630 99999.9
20140701 20140731 99999.9
20140801 20140831 99999.9
20140901 20140930 99999.9
20141001 20141031 99999.9
20141101 20141130 99999.9
20141201 20141231 99999.9
20150101 20150131 99999.9
20150201 20150228 99999.9
20150301 20150331 99999.9
20150401 20150430 99999.9
20150501 20150531 99999.9
20150601 20150630 99999.9
20150701 20150731 99999.9
20150801 20150831 99999.9
20150901 20150930 99999.9
20151001 20151031 99999.9
20151101 20151130 99999.9
20151201 20151231 99999.9
20160101 20160131    84.6
20160201 20160229 99999.9
20160301 20160331 99999.9
20160401 20160430    36.9
20160501 20160531    42.0
20160601 20160630 99999.9
20160701 20160731 99999.9
20160801 20160831    48.0
20160901 20160930   134.6
20161001 20161031    46.8
20161101 20161130    41.2
20161201 20161231   104.8
20170101 20170131    16.0
20170201 20170228     5.4
20170301 20170331 99999.9
20170401 20170430    30.8
20170501 20170531 99999.9
20170601 20170630     6.2
20170701 20170731    10.6
