PRCP       018106 18880101 20180131 missing_value=99999.9 NULLARBOR ROADHOUSE                       
18880101 18880131    41.7
18880201 18880229     1.8
18880301 18880331     2.8
18880401 18880430     2.8
18880501 18880531     7.4
18880601 18880630    34.0
18880701 18880731    24.1
18880801 18880831    23.6
18880901 18880930    23.6
18881001 18881031     5.6
18881101 18881130     2.5
18881201 18881231     4.8
18890101 18890131     8.1
18890201 18890228     0.0
18890301 18890331   150.1
18890401 18890430    27.9
18890501 18890531   122.7
18890601 18890630   105.7
18890701 18890731    13.0
18890801 18890831    10.9
18890901 18890930    34.8
18891001 18891031     6.4
18891101 18891130     1.5
18891201 18891231     0.0
18900101 18900131     0.0
18900201 18900228     2.3
18900301 18900331     0.0
18900401 18900430    20.6
18900501 18900531    60.7
18900601 18900630    73.9
18900701 18900731    55.6
18900801 18900831     8.9
18900901 18900930    19.8
18901001 18901031    34.5
18901101 18901130     6.1
18901201 18901231     0.0
18910101 18910131     0.0
18910201 18910228     0.0
18910301 18910331     0.5
18910401 18910430    21.1
18910501 18910531    18.5
18910601 18910630    46.0
18910701 18910731    32.0
18910801 18910831    11.2
18910901 18910930    11.2
18911001 18911031    10.7
18911101 18911130     2.5
18911201 18911231     2.5
18920101 18920131     0.3
18920201 18920229     0.0
18920301 18920331    65.3
18920401 18920430    10.9
18920501 18920531    16.3
18920601 18920630    24.4
18920701 18920731    55.1
18920801 18920831    36.3
18920901 18920930    47.8
18921001 18921031    37.6
18921101 18921130    17.3
18921201 18921231    11.4
18930101 18930131     6.9
18930201 18930228     0.0
18930301 18930331     7.1
18930401 18930430    13.2
18930501 18930531    85.3
18930601 18930630    47.5
18930701 18930731    13.2
18930801 18930831    20.1
18930901 18930930     4.6
18931001 18931031     2.5
18931101 18931130    77.2
18931201 18931231    23.9
18940101 18940131     0.5
18940201 18940228     0.0
18940301 18940331    23.9
18940401 18940430     8.6
18940501 18940531    37.6
18940601 18940630    10.9
18940701 18940731    32.3
18940801 18940831    18.3
18940901 18940930     7.4
18941001 18941031     9.7
18941101 18941130     0.0
18941201 18941231     8.9
18950101 18950131    35.1
18950201 18950228     0.0
18950301 18950331     0.0
18950401 18950430    39.9
18950501 18950531    12.4
18950601 18950630    13.2
18950701 18950731    18.0
18950801 18950831    13.2
18950901 18950930    13.7
18951001 18951031     0.0
18951101 18951130     2.8
18951201 18951231     0.0
18960101 18960131    38.4
18960201 18960229     6.4
18960301 18960331     8.6
18960401 18960430     5.6
18960501 18960531    37.6
18960601 18960630    22.6
18960701 18960731    50.3
18960801 18960831    37.6
18960901 18960930     2.5
18961001 18961031     4.3
18961101 18961130     2.0
18961201 18961231    11.4
18970101 18970131     1.3
18970201 18970228    12.2
18970301 18970331    34.5
18970401 18970430     4.1
18970501 18970531    16.8
18970601 18970630    80.3
18970701 18970731    14.0
18970801 18970831    12.7
18970901 18970930    11.7
18971001 18971031     5.6
18971101 18971130     0.0
18971201 18971231    18.5
18980101 18980131     0.0
18980201 18980228     7.9
18980301 18980331     1.8
18980401 18980430    13.2
18980501 18980531    20.8
18980601 18980630    66.0
18980701 18980731    11.2
18980801 18980831    14.7
18980901 18980930     0.0
18981001 18981031    32.5
18981101 18981130     3.3
18981201 18981231     0.0
18990101 18990131     2.8
18990201 18990228    16.8
18990301 18990331     6.9
18990401 18990430     5.8
18990501 18990531    29.0
18990601 18990630    14.5
18990701 18990731    11.7
18990801 18990831    51.6
18990901 18990930    23.4
18991001 18991031     4.1
18991101 18991130    14.2
18991201 18991231     8.1
19000101 19000131     0.0
19000201 19000228     2.0
19000301 19000331    79.5
19000401 19000430    58.2
19000501 19000531    61.7
19000601 19000630    62.5
19000701 19000731    35.8
19000801 19000831    26.2
19000901 19000930    15.5
19001001 19001031     2.5
19001101 19001130     0.0
19001201 19001231     0.0
19010101 19010131     0.0
19010201 19010228    32.5
19010301 19010331     5.8
19010401 19010430    25.7
19010501 19010531    24.1
19010601 19010630    12.2
19010701 19010731    28.2
19010801 19010831    33.5
19010901 19010930     5.3
19011001 19011031    27.9
19011101 19011130    34.3
19011201 19011231    45.5
19020101 19020131    53.3
19020201 19020228    10.7
19020301 19020331     2.5
19020401 19020430     3.3
19020501 19020531     3.8
19020601 19020630    29.7
19020701 19020731     7.6
19020801 19020831    21.8
19020901 19020930    18.3
19021001 19021031    16.0
19021101 19021130    62.7
19021201 19021231    66.5
19030101 19030131    29.0
19030201 19030228     2.5
19030301 19030331    24.1
19030401 19030430    54.9
19030501 19030531    16.3
19030601 19030630    15.2
19030701 19030731     6.4
19030801 19030831    10.9
19030901 19030930     6.4
19031001 19031031     0.0
19031101 19031130     0.0
19031201 19031231    31.8
19040101 19040131     0.0
19040201 19040229    48.8
19040301 19040331     6.4
19040401 19040430     8.9
19040501 19040531    47.0
19040601 19040630    49.3
19040701 19040731    65.3
19040801 19040831    11.2
19040901 19040930     5.1
19041001 19041031    23.4
19041101 19041130     2.3
19041201 19041231     7.6
19050101 19050131    17.8
19050201 19050228     5.1
19050301 19050331     2.5
19050401 19050430    10.2
19050501 19050531    14.0
19050601 19050630    12.7
19050701 19050731     3.3
19050801 19050831     0.0
19050901 19050930    12.2
19051001 19051031     6.4
19051101 19051130     0.0
19051201 19051231     7.6
19060101 19060131    10.7
19060201 19060228     0.0
19060301 19060331     0.0
19060401 19060430     0.0
19060501 19060531     9.9
19060601 19060630    12.7
19060701 19060731    23.4
19060801 19060831    69.1
19060901 19060930    36.1
19061001 19061031     6.4
19061101 19061130    25.7
19061201 19061231    11.4
19070101 19070131     8.6
19070201 19070228     0.0
19070301 19070331     2.0
19070401 19070430    16.0
19070501 19070531    20.3
19070601 19070630    39.4
19070701 19070731    12.4
19070801 19070831    20.1
19070901 19070930    20.3
19071001 19071031     7.6
19071101 19071130    29.0
19071201 19071231     0.3
19080101 19080131    11.4
19080201 19080229    44.7
19080301 19080331    20.6
19080401 19080430    12.2
19080501 19080531    37.1
19080601 19080630    51.1
19080701 19080731    19.8
19080801 19080831    26.9
19080901 19080930    30.7
19081001 19081031    31.2
19081101 19081130     5.3
19081201 19081231     4.3
19090101 19090131    10.2
19090201 19090228     7.9
19090301 19090331     9.9
19090401 19090430    18.0
19090501 19090531    73.7
19090601 19090630    47.0
19090701 19090731    11.2
19090801 19090831    73.9
19090901 19090930     6.4
19091001 19091031    30.2
19091101 19091130    33.5
19091201 19091231     0.0
19100101 19100131     0.0
19100201 19100228     1.5
19100301 19100331     9.7
19100401 19100430     1.3
19100501 19100531    46.5
19100601 19100630    20.8
19100701 19100731    38.6
19100801 19100831    14.0
19100901 19100930    34.8
19101001 19101031    30.0
19101101 19101130    52.1
19101201 19101231     2.5
19110101 19110131     1.3
19110201 19110228    11.7
19110301 19110331     1.8
19110401 19110430    18.3
19110501 19110531    32.3
19110601 19110630    46.2
19110701 19110731    21.3
19110801 19110831    66.0
19110901 19110930     8.1
19111001 19111031    18.0
19111101 19111130     0.5
19111201 19111231    14.7
19120101 19120131     0.0
19120201 19120229    11.2
19120301 19120331    56.9
19120401 19120430     7.6
19120501 19120531    23.6
19120601 19120630    24.9
19120701 19120731    48.3
19120801 19120831    10.9
19120901 19120930     2.8
19121001 19121031     7.6
19121101 19121130    21.8
19121201 19121231     2.5
19130101 19130131     4.3
19130201 19130228    25.9
19130301 19130331    23.9
19130401 19130430     1.3
19130501 19130531    18.3
19130601 19130630    10.7
19130701 19130731    19.8
19130801 19130831    17.8
19130901 19130930     7.1
19131001 19131031    34.0
19131101 19131130     1.5
19131201 19131231     2.8
19140101 19140131     1.8
19140201 19140228     0.0
19140301 19140331    20.3
19140401 19140430    11.4
19140501 19140531     2.5
19140601 19140630    11.7
19140701 19140731    20.8
19140801 19140831    10.4
19140901 19140930    14.2
19141001 19141031    13.2
19141101 19141130    50.5
19141201 19141231     9.9
19150101 19150131     5.6
19150201 19150228    22.1
19150301 19150331     3.0
19150401 19150430    11.2
19150501 19150531    27.7
19150601 19150630    18.5
19150701 19150731    11.9
19150801 19150831    48.5
19150901 19150930    10.7
19151001 19151031     0.8
19151101 19151130     0.0
19151201 19151231     2.5
19160101 19160131    18.3
19160201 19160229     1.3
19160301 19160331    12.4
19160401 19160430     4.8
19160501 19160531    45.7
19160601 19160630    39.4
19160701 19160731    78.2
19160801 19160831    20.8
19160901 19160930    19.8
19161001 19161031    32.5
19161101 19161130    10.2
19161201 19161231     0.5
19170101 19170131    34.8
19170201 19170228    20.1
19170301 19170331    20.3
19170401 19170430    34.0
19170501 19170531    38.4
19170601 19170630    39.9
19170701 19170731    29.7
19170801 19170831    32.8
19170901 19170930    17.3
19171001 19171031     3.8
19171101 19171130    23.6
19171201 19171231    15.5
19180101 19180131     0.0
19180201 19180228     2.8
19180301 19180331    11.2
19180401 19180430     6.4
19180501 19180531    25.1
19180601 19180630    24.4
19180701 19180731    13.5
19180801 19180831    41.4
19180901 19180930     0.0
19181001 19181031    27.2
19181101 19181130     6.9
19181201 19181231     8.9
19190101 19190131     2.5
19190201 19190228    49.0
19190301 19190331    25.7
19190401 19190430    24.1
19190501 19190531    13.7
19190601 19190630    20.8
19190701 19190731     6.6
19190801 19190831    14.5
19190901 19190930    11.7
19191001 19191031    27.9
19191101 19191130     1.0
19191201 19191231    52.3
19200101 19200131     0.0
19200201 19200229     0.0
19200301 19200331     3.3
19200401 19200430    20.1
19200501 19200531     6.6
19200601 19200630    23.1
19200701 19200731    24.1
19200801 19200831    11.9
19200901 19200930    31.2
19201001 19201031     5.1
19201101 19201130     0.0
19201201 19201231    20.3
19210101 19210131     0.0
19210201 19210228     8.1
19210301 19210331     0.0
19210401 19210430    11.7
19210501 19210531    70.4
19210601 19210630    54.6
19210701 19210731     5.6
19210801 19210831    17.8
19210901 19210930     8.9
19211001 19211031     4.1
19211101 19211130    13.2
19211201 19211231     0.5
19220101 19220131    11.7
19220201 19220228    19.3
19220301 19220331     6.1
19220401 19220430    49.0
19220501 19220531    48.8
19220601 19220630    51.1
19220701 19220731    53.6
19220801 19220831     7.6
19220901 19220930    10.4
19221001 19221031     4.1
19221101 19221130     3.6
19221201 19221231    26.9
19230101 19230131     4.1
19230201 19230228     2.0
19230301 19230331     1.5
19230401 19230430     0.3
19230501 19230531    19.1
19230601 19230630    26.4
19230701 19230731    32.0
19230801 19230831    26.9
19230901 19230930    16.0
19231001 19231031     8.6
19231101 19231130     0.0
19231201 19231231     9.7
19240101 19240131     2.0
19240201 19240229    28.2
19240301 19240331    17.5
19240401 19240430     5.1
19240501 19240531     6.6
19240601 19240630    27.7
19240701 19240731     4.8
19240801 19240831    11.2
19240901 19240930    17.3
19241001 19241031     9.4
19241101 19241130     9.1
19241201 19241231     6.9
19250101 19250131    29.7
19250201 19250228    29.7
19250301 19250331     0.0
19250401 19250430     1.3
19250501 19250531    27.9
19250601 19250630    10.7
19250701 19250731    28.2
19250801 19250831    23.1
19250901 19250930    15.7
19251001 19251031     8.6
19251101 19251130     5.3
19251201 19251231     0.0
19260101 19260131     0.0
19260201 19260228     0.0
19260301 19260331     4.6
19260401 19260430     9.1
19260501 19260531    40.1
19260601 19260630    21.8
19260701 19260731    16.0
19260801 19260831    37.3
19260901 19260930     4.1
19261001 19261031     2.0
19261101 19261130     4.6
19261201 19261231    15.7
19270101 19270131     7.1
19270201 19270228     5.8
19270301 19270331    26.2
19270401 19270430     2.3
19270501 19270531    39.1
19270601 19270630    53.8
19270701 19270731    32.3
19270801 19270831    13.0
19270901 19270930     3.0
19271001 19271031     8.1
19271101 19271130    11.2
19271201 19271231     1.5
19280101 19280131    10.7
19280201 19280229     2.4
19280301 19280331     1.6
19280401 19280430     0.6
19280501 19280531    20.4
19280601 19280630    21.3
19280701 19280731     9.4
19280801 19280831     6.1
19280901 19280930     3.4
19281001 19281031     7.1
19281101 19281130     0.6
19281201 19281231    10.4
19290101 19290131     0.3
19290201 19290228     0.3
19290301 19290331    10.5
19290401 19290430     0.0
19290501 19290531    10.0
19290601 19290630    19.1
19290701 19290731    10.5
19290801 19290831    15.0
19290901 19290930    17.4
19291001 19291031    16.2
19291101 19291130    19.1
19291201 19291231     1.5
19300101 19300131     0.0
19300201 19300228    80.3
19300301 19300331     0.3
19300401 19300430    24.1
19300501 19300531    30.0
19300601 19300630     2.8
19300701 19300731    10.7
19300801 19300831    47.3
19300901 19300930     3.1
19301001 19301031    49.4
19301101 19301130     0.3
19301201 19301231    11.5
19310101 19310131     0.5
19310201 19310228     0.8
19310301 19310331    72.5
19310401 19310430    23.9
19310501 19310531    61.2
19310601 19310630    42.6
19310701 19310731    25.3
19310801 19310831    16.4
19310901 19310930    14.4
19311001 19311031     0.8
19311101 19311130    44.2
19311201 19311231     0.0
19320101 19320131     2.5
19320201 19320229    40.3
19320301 19320331    13.0
19320401 19320430    70.7
19320501 19320531    18.1
19320601 19320630    26.1
19320701 19320731    18.8
19320801 19320831    72.7
19320901 19320930    26.6
19321001 19321031    46.5
19321101 19321130     2.5
19321201 19321231     7.4
19330101 19330131     2.0
19330201 19330228     0.0
19330301 19330331    35.6
19330401 19330430    17.8
19330501 19330531    28.8
19330601 19330630    30.6
19330701 19330731    18.9
19330801 19330831    17.6
19330901 19330930     8.3
19331001 19331031     5.4
19331101 19331130    27.9
19331201 19331231     4.8
19340101 19340131     0.5
19340201 19340228     2.5
19340301 19340331    42.7
19340401 19340430    16.4
19340501 19340531     0.5
19340601 19340630    91.5
19340701 19340731    27.5
19340801 19340831    21.8
19340901 19340930    10.3
19341001 19341031    28.8
19341101 19341130    29.5
19341201 19341231     0.0
19350101 19350131     2.3
19350201 19350228     0.0
19350301 19350331    70.1
19350401 19350430    19.6
19350501 19350531     9.2
19350601 19350630     4.4
19350701 19350731    26.2
19350801 19350831    13.3
19350901 19350930    24.6
19351001 19351031    45.6
19351101 19351130    28.2
19351201 19351231     4.9
19360101 19360131     2.8
19360201 19360229     3.8
19360301 19360331     0.0
19360401 19360430     2.4
19360501 19360531     8.6
19360601 19360630    29.8
19360701 19360731    27.1
19360801 19360831    20.9
19360901 19360930     1.1
19361001 19361031    17.1
19361101 19361130     8.2
19361201 19361231     2.6
19370101 19370131     7.7
19370201 19370228     6.6
19370301 19370331     1.0
19370401 19370430     8.1
19370501 19370531    23.5
19370601 19370630    28.7
19370701 19370731    13.1
19370801 19370831    15.7
19370901 19370930    10.4
19371001 19371031     7.3
19371101 19371130    18.7
19371201 19371231    35.0
19380101 19380131    10.2
19380201 19380228     2.9
19380301 19380331     0.0
19380401 19380430    21.8
19380501 19380531    66.4
19380601 19380630    35.5
19380701 19380731    18.1
19380801 19380831    25.4
19380901 19380930     1.3
19381001 19381031    11.0
19381101 19381130     1.3
19381201 19381231     5.0
19390101 19390131     0.0
19390201 19390228     4.1
19390301 19390331    32.0
19390401 19390430     1.3
19390501 19390531    25.4
19390601 19390630    23.1
19390701 19390731    32.1
19390801 19390831    33.4
19390901 19390930     2.9
19391001 19391031    42.7
19391101 19391130    22.2
19391201 19391231     1.0
19400101 19400131    48.7
19400201 19400229    22.6
19400301 19400331    29.5
19400401 19400430    22.1
19400501 19400531    36.0
19400601 19400630     1.8
19400701 19400731    48.2
19400801 19400831     0.3
19400901 19400930     5.2
19401001 19401031    23.7
19401101 19401130    27.1
19401201 19401231     4.3
19410101 19410131     3.4
19410201 19410228    21.0
19410301 19410331    27.8
19410401 19410430    36.8
19410501 19410531    10.4
19410601 19410630    27.2
19410701 19410731    57.7
19410801 19410831    26.0
19410901 19410930    25.6
19411001 19411031    21.0
19411101 19411130    18.6
19411201 19411231     5.7
19420101 19420131    47.0
19420201 19420228     3.5
19420301 19420331    30.0
19420401 19420430    15.7
19420501 19420531    55.5
19420601 19420630    28.2
19420701 19420731    18.8
19420801 19420831    38.2
19420901 19420930    18.1
19421001 19421031    11.7
19421101 19421130    26.2
19421201 19421231    21.0
19430101 19430131     0.5
19430201 19430228    10.5
19430301 19430331     1.1
19430401 19430430    34.0
19430501 19430531     7.4
19430601 19430630    13.2
19430701 19430731     0.0
19430801 19430831    17.8
19430901 19430930     1.5
19431001 19431031     9.2
19431101 19431130     5.9
19431201 19431231    10.1
19440101 19440131     0.0
19440201 19440229     0.0
19440301 19440331     2.5
19440401 19440430    25.0
19440501 19440531     2.7
19440601 19440630     6.3
19440701 19440731    33.8
19440801 19440831     3.8
19440901 19440930    12.6
19441001 19441031     1.8
19441101 19441130    18.1
19441201 19441231    10.7
19450101 19450131    38.3
19450201 19450228     4.5
19450301 19450331     6.6
19450401 19450430     0.0
19450501 19450531    23.7
19450601 19450630    27.2
19450701 19450731    12.3
19450801 19450831    27.8
19450901 19450930    16.3
19451001 19451031    31.6
19451101 19451130     8.9
19451201 19451231    56.0
19460101 19460131    13.5
19460201 19460228    60.5
19460301 19460331    42.4
19460401 19460430    31.9
19460501 19460531     1.4
19460601 19460630    13.1
19460701 19460731     9.4
19460801 19460831     5.2
19460901 19460930     7.9
19461001 19461031     0.7
19461101 19461130    58.0
19461201 19461231    21.6
19470101 19470131   111.5
19470201 19470228    55.7
19470301 19470331    60.2
19470401 19470430    13.4
19470501 19470531     3.8
19470601 19470630     3.6
19470701 19470731    26.3
19470801 19470831    30.9
19470901 19470930    13.3
19471001 19471031    66.5
19471101 19471130    22.6
19471201 19471231     3.1
19480101 19480131     0.0
19480201 19480229     6.8
19480301 19480331     4.9
19480401 19480430    33.4
19480501 19480531     1.5
19480601 19480630    17.8
19480701 19480731     6.6
19480801 19480831     3.1
19480901 19480930     8.3
19481001 19481031     4.5
19481101 19481130    17.0
19481201 19481231     5.6
19490101 19490131     2.7
19490201 19490228    44.2
19490301 19490331     0.4
19490401 19490430     3.1
19490501 19490531    62.8
19490601 19490630     8.2
19490701 19490731     2.5
19490801 19490831     7.1
19490901 19490930    23.8
19491001 19491031    26.8
19491101 19491130    14.2
19491201 19491231     7.0
19500101 19500131     1.8
19500201 19500228    14.6
19500301 19500331     1.4
19500401 19500430     0.0
19500501 19500531    37.2
19500601 19500630    32.7
19500701 19500731     9.0
19500801 19500831     7.9
19500901 19500930     2.5
19501001 19501031    95.6
19501101 19501130    15.6
19501201 19501231    44.7
19510101 19510131    25.3
19510201 19510228     1.4
19510301 19510331     6.6
19510401 19510430     9.6
19510501 19510531     4.0
19510601 19510630    33.8
19510701 19510731    59.2
19510801 19510831     6.0
19510901 19510930     0.0
19511001 19511031     0.4
19511101 19511130     8.8
19511201 19511231     0.4
19520101 19520131     4.5
19520201 19520229    11.1
19520301 19520331     0.7
19520401 19520430    49.7
19520501 19520531    21.9
19520601 19520630    19.2
19520701 19520731    12.6
19520801 19520831    10.8
19520901 19520930     9.7
19521001 19521031    23.1
19521101 19521130    14.6
19521201 19521231     0.0
19530101 19530131    23.7
19530201 19530228    37.2
19530301 19530331    10.4
19530401 19530430     8.3
19530501 19530531     9.4
19530601 19530630    71.8
19530701 19530731     7.7
19530801 19530831    55.7
19530901 19530930     0.0
19531001 19531031    38.6
19531101 19531130     8.8
19531201 19531231    62.7
19540101 19540131     9.3
19540201 19540228     0.0
19540301 19540331     0.0
19540401 19540430    25.6
19540501 19540531    44.5
19540601 19540630    58.8
19540701 19540731     4.8
19540801 19540831     7.3
19540901 19540930     0.0
19541001 19541031    53.4
19541101 19541130     1.8
19541201 19541231    10.1
19550101 19550131     0.0
19550201 19550228    19.4
19550301 19550331     0.7
19550401 19550430    81.9
19550501 19550531    11.6
19550601 19550630   209.2
19550701 19550731     9.3
19550801 19550831    12.2
19550901 19550930     4.5
19551001 19551031    27.1
19551101 19551130    24.1
19551201 19551231     3.8
19560101 19560131     2.5
19560201 19560229     0.0
19560301 19560331     0.4
19560401 19560430     3.6
19560501 19560531    38.2
19560601 19560630    13.0
19560701 19560731    60.9
19560801 19560831    17.5
19560901 19560930     8.6
19561001 19561031    75.5
19561101 19561130     8.5
19561201 19561231     3.8
19570101 19570131     0.0
19570201 19570228     7.0
19570301 19570331     4.8
19570401 19570430     7.1
19570501 19570531     2.9
19570601 19570630    13.5
19570701 19570731     4.4
19570801 19570831    11.5
19570901 19570930     4.9
19571001 19571031    10.5
19571101 19571130     0.0
19571201 19571231    55.5
19580101 19580131    30.0
19580201 19580228     1.1
19580301 19580331    93.4
19580401 19580430     3.4
19580501 19580531    31.3
19580601 19580630    15.3
19580701 19580731    72.5
19580801 19580831    62.2
19580901 19580930    47.7
19581001 19581031    27.6
19581101 19581130     4.9
19581201 19581231    53.9
19590101 19590131     2.5
19590201 19590228    10.8
19590301 19590331     2.2
19590401 19590430    13.3
19590501 19590531     3.1
19590601 19590630    52.3
19590701 19590731    34.1
19590801 19590831     0.7
19590901 19590930    10.3
19591001 19591031     8.6
19591101 19591130    31.7
19591201 19591231     6.8
19600101 19600131    22.3
19600201 19600229    57.9
19600301 19600331     2.5
19600401 19600430    17.1
19600501 19600531     7.1
19600601 19600630    27.8
19600701 19600731    16.8
19600801 19600831    24.8
19600901 19600930    44.9
19601001 19601031     7.7
19601101 19601130     9.8
19601201 19601231    16.4
19610101 19610131     2.0
19610201 19610228     3.3
19610301 19610331     9.1
19610401 19610430    59.8
19610501 19610531     2.8
19610601 19610630    18.7
19610701 19610731     5.6
19610801 19610831    24.6
19610901 19610930     3.8
19611001 19611031     7.6
19611101 19611130     7.9
19611201 19611231     0.0
19620101 19620131     0.0
19620201 19620228     4.8
19620301 19620331    19.3
19620401 19620430     3.8
19620501 19620531    32.2
19620601 19620630     9.9
19620701 19620731    46.7
19620801 19620831     8.8
19620901 19620930    18.1
19621001 19621031    68.7
19621101 19621130     2.6
19621201 19621231     0.0
19630101 19630131     0.0
19630201 19630228     0.0
19630301 19630331     0.0
19630401 19630430     6.8
19630501 19630531    41.1
19630601 19630630    28.8
19630701 19630731    17.3
19630801 19630831    13.8
19630901 19630930     0.0
19631001 19631031     0.0
19631101 19631130     0.0
19631201 19631231     1.3
19640101 19640131     2.5
19640201 19640229     0.0
19640301 19640331     2.5
19640401 19640430    29.2
19640501 19640531    18.5
19640601 19640630     3.8
19640701 19640731    13.3
19640801 19640831     3.0
19640901 19640930    52.3
19641001 19641031     2.6
19641101 19641130    31.0
19641201 19641231     4.6
19650101 19650131     0.0
19650201 19650228     0.0
19650301 19650331     1.0
19650401 19650430     2.3
19650501 19650531    17.5
19650601 19650630    26.8
19650701 19650731    12.4
19650801 19650831    16.1
19650901 19650930    13.2
19651001 19651031     0.5
19651101 19651130     5.6
19651201 19651231    23.6
19660101 19660131     4.3
19660201 19660228    11.4
19660301 19660331     7.7
19660401 19660430     6.1
19660501 19660531    24.7
19660601 19660630    33.8
19660701 19660731    21.2
19660801 19660831    19.0
19660901 19660930    28.8
19661001 19661031    24.9
19661101 19661130    16.8
19661201 19661231    86.4
19670101 19670131    44.6
19670201 19670228    42.8
19670301 19670331    11.3
19670401 19670430     6.6
19670501 19670531    27.1
19670601 19670630     7.7
19670701 19670731    44.6
19670801 19670831    11.8
19670901 19670930     6.9
19671001 19671031    12.4
19671101 19671130     7.2
19671201 19671231     1.3
19680101 19680131     1.3
19680201 19680229    13.0
19680301 19680331   219.5
19680401 19680430    26.9
19680501 19680531    43.6
19680601 19680630    85.2
19680701 19680731    17.2
19680801 19680831    41.7
19680901 19680930    16.2
19681001 19681031     4.4
19681101 19681130    12.3
19681201 19681231    18.3
19690101 19690131     6.7
19690201 19690228     2.9
19690301 19690331   123.6
19690401 19690430     3.9
19690501 19690531    30.1
19690601 19690630    45.8
19690701 19690731    27.5
19690801 19690831    34.5
19690901 19690930    23.6
19691001 19691031    28.8
19691101 19691130     2.5
19691201 19691231     1.0
19700101 19700131     1.6
19700201 19700228     0.0
19700301 19700331     1.3
19700401 19700430     8.9
19700501 19700531    34.8
19700601 19700630     9.5
19700701 19700731     7.7
19700801 19700831    31.3
19700901 19700930    44.5
19701001 19701031     6.1
19701101 19701130     9.6
19701201 19701231     6.8
19710101 19710131     8.0
19710201 19710228     3.1
19710301 19710331    33.3
19710401 19710430    56.1
19710501 19710531    10.9
19710601 19710630    27.9
19710701 19710731    17.8
19710801 19710831    36.9
19710901 19710930     6.1
19711001 19711031     8.2
19711101 19711130    64.0
19711201 19711231    14.2
19720101 19720131    14.0
19720201 19720229     0.0
19720301 19720331     0.0
19720401 19720430    11.9
19720501 19720531     0.0
19720601 19720630    14.5
19720701 19720731    26.7
19720801 19720831    31.0
19720901 19720930     7.6
19721001 19721031     5.9
19721101 19721130    14.3
19721201 19721231     0.5
19730101 19730131    20.2
19730201 19730228     0.0
19730301 19730331    90.1
19730401 19730430    45.1
19730501 19730531    22.1
19730601 19730630    47.3
19730701 19730731    34.0
19730801 19730831    72.1
19730901 19730930    36.0
19731001 19731031    13.7
19731101 19731130    29.7
19731201 19731231    21.5
19740101 19740131     3.0
19740201 19740228     3.2
19740301 19740331     5.2
19740401 19740430   210.4
19740501 19740531    42.2
19740601 19740630    13.6
19740701 19740731    56.0
19740801 19740831    23.2
19740901 19740930    71.2
19741001 19741031    66.6
19741101 19741130    26.6
19741201 19741231     0.8
19750101 19750131     0.2
19750201 19750228    61.4
19750301 19750331    47.0
19750401 19750430    39.2
19750501 19750531    42.4
19750601 19750630    16.4
19750701 19750731    15.2
19750801 19750831     9.4
19750901 19750930    58.6
19751001 19751031    88.6
19751101 19751130    27.0
19751201 19751231     2.0
19760101 19760131    24.6
19760201 19760229    57.8
19760301 19760331     0.0
19760401 19760430    11.6
19760501 19760531    14.8
19760601 19760630     9.2
19760701 19760731     5.0
19760801 19760831    21.8
19760901 19760930    17.6
19761001 19761031   117.4
19761101 19761130    52.2
19761201 19761231     4.0
19770101 19770131     4.0
19770201 19770228    19.5
19770301 19770331    11.2
19770401 19770430     9.7
19770501 19770531    52.2
19770601 19770630    12.6
19770701 19770731     3.8
19770801 19770831    10.4
19770901 19770930    15.0
19771001 19771031     7.4
19771101 19771130    42.1
19771201 19771231     7.9
19780101 19780131    19.4
19780201 19780228     4.1
19780301 19780331     6.3
19780401 19780430     1.6
19780501 19780531     9.0
19780601 19780630    11.2
19780701 19780731    47.6
19780801 19780831    32.6
19780901 19780930    65.9
19781001 19781031    41.0
19781101 19781130    44.0
19781201 19781231     0.8
19790101 19790131     0.0
19790201 19790228     3.0
19790301 19790331    15.3
19790401 19790430    52.0
19790501 19790531    34.5
19790601 19790630    39.1
19790701 19790731    15.6
19790801 19790831    32.0
19790901 19790930    87.6
19791001 19791031     3.8
19791101 19791130    24.1
19791201 19791231     0.0
19800101 19800131     0.3
19800201 19800229    33.4
19800301 19800331     0.0
19800401 19800430    58.6
19800501 19800531    57.9
19800601 19800630    27.9
19800701 19800731    20.0
19800801 19800831    14.8
19800901 19800930     0.0
19801001 19801031    38.0
19801101 19801130    35.6
19801201 19801231    43.2
19810101 19810131     1.6
19810201 19810228    45.1
19810301 19810331    30.6
19810401 19810430     4.7
19810501 19810531    12.3
19810601 19810630     8.2
19810701 19810731     6.3
19810801 19810831    38.9
19810901 19810930     0.8
19811001 19811031     2.2
19811101 19811130    56.4
19811201 19811231    17.5
19820101 19820131     6.0
19820201 19820228    35.0
19820301 19820331    21.1
19820401 19820430     6.3
19820501 19820531    12.0
19820601 19820630     9.3
19820701 19820731     3.0
19820801 19820831     0.3
19820901 19820930    24.4
19821001 19821031     0.8
19821101 19821130     1.1
19821201 19821231    15.7
19830101 19830131    12.3
19830201 19830228    21.1
19830301 19830331   214.8
19830401 19830430    95.5
19830501 19830531     4.7
19830601 19830630     2.7
19830701 19830731    12.3
19830801 19830831    11.8
19830901 19830930    14.8
19831001 19831031    20.5
19831101 19831130    13.1
19831201 19831231    58.0
19840101 19840131    21.9
19840201 19840229     0.0
19840301 19840331     8.1
19840401 19840430    33.2
19840501 19840531    24.6
19840601 19840630     0.0
19840701 19840731    28.7
19840801 19840831    19.6
19840901 19840930    26.7
19841001 19841031    26.5
19841101 19841130     1.1
19841201 19841231    48.2
19850101 19850131    10.5
19850201 19850228     4.5
19850301 19850331     6.2
19850401 19850430     0.8
19850501 19850531     0.4
19850601 19850630     2.9
19850701 19850731    10.8
19850801 19850831    38.4
19850901 19850930     8.3
19851001 19851031    48.2
19851101 19851130     5.5
19851201 19851231    18.6
19860101 19860131    13.7
19860201 19860228     7.9
19860301 19860331     1.6
19860401 19860430     2.5
19860501 19860531    12.3
19860601 19860630    49.0
19860701 19860731    36.4
19860801 19860831    13.4
19860901 19860930    15.9
19861001 19861031    30.1
19861101 19861130    11.4
19861201 19861231     9.1
19870101 19870131    34.0
19870201 19870228    54.4
19870301 19870331     3.8
19870401 19870430    12.4
19870501 19870531    40.0
19870601 19870630    10.4
19870701 19870731    17.8
19870801 19870831    12.3
19870901 19870930    28.0
19871001 19871031     4.4
19871101 19871130    19.3
19871201 19871231    27.5
19880101 19880131     2.0
19880201 19880229    15.9
19880301 19880331     4.1
19880401 19880430     4.9
19880501 19880531    34.4
19880601 19880630    16.6
19880701 19880731    13.2
19880801 19880831     7.4
19880901 19880930    10.5
19881001 19881031     2.8
19881101 19881130    23.4
19881201 19881231   109.0
19890101 19890131     4.0
19890201 19890228     0.0
19890301 19890331    16.4
19890401 19890430    76.4
19890501 19890531    61.0
19890601 19890630    69.0
19890701 19890731    57.6
19890801 19890831    10.4
19890901 19890930     6.1
19891001 19891031     9.2
19891101 19891130     7.0
19891201 19891231    24.0
19900101 19900131    13.5
19900201 19900228    31.0
19900301 19900331    20.2
19900401 19900430    23.3
19900501 19900531    79.6
19900601 19900630    26.7
19900701 19900731    72.8
19900801 19900831    21.4
19900901 19900930    11.9
19901001 19901031    31.2
19901101 19901130     0.0
19901201 19901231    36.6
19910101 19910131     5.0
19910201 19910228     0.0
19910301 19910331     3.2
19910401 19910430    45.5
19910501 19910531    41.3
19910601 19910630    27.4
19910701 19910731    34.0
19910801 19910831    16.6
19910901 19910930     7.4
19911001 19911031     5.0
19911101 19911130    28.4
19911201 19911231    15.7
19920101 19920131    10.0
19920201 19920229     5.5
19920301 19920331     9.8
19920401 19920430    68.2
19920501 19920531    30.8
19920601 19920630    28.8
19920701 19920731    14.0
19920801 19920831    63.0
19920901 19920930    50.1
19921001 19921031    48.4
19921101 19921130    76.8
19921201 19921231    61.1
19930101 19930131    22.8
19930201 19930228     1.8
19930301 19930331     9.9
19930401 19930430     3.8
19930501 19930531    33.4
19930601 19930630    35.3
19930701 19930731    99.5
19930801 19930831    56.2
19930901 19930930    32.1
19931001 19931031    37.0
19931101 19931130    23.2
19931201 19931231    41.1
19940101 19940131     2.8
19940201 19940228    32.7
19940301 19940331     7.5
19940401 19940430 99999.9
19940501 19940531    11.6
19940601 19940630    27.9
19940701 19940731    28.6
19940801 19940831     3.3
19940901 19940930     3.5
19941001 19941031    12.0
19941101 19941130    12.2
19941201 19941231     8.7
19950101 19950131    24.6
19950201 19950228     9.4
19950301 19950331    58.3
19950401 19950430    32.6
19950501 19950531    37.0
19950601 19950630    76.0
19950701 19950731    25.8
19950801 19950831     7.4
19950901 19950930    26.8
19951001 19951031    13.7
19951101 19951130    12.2
19951201 19951231    22.6
19960101 19960131     4.3
19960201 19960229     3.2
19960301 19960331     7.6
19960401 19960430    21.9
19960501 19960531    18.2
19960601 19960630    36.6
19960701 19960731    45.1
19960801 19960831    37.2
19960901 19960930    41.1
19961001 19961031     5.5
19961101 19961130     3.4
19961201 19961231    17.6
19970101 19970131     0.0
19970201 19970228     0.0
19970301 19970331     0.0
19970401 19970430     3.6
19970501 19970531    22.4
19970601 19970630     9.0
19970701 19970731    14.4
19970801 19970831    41.6
19970901 19970930    41.6
19971001 19971031    28.2
19971101 19971130    28.4
19971201 19971231    31.0
19980101 19980131     0.6
19980201 19980228     6.4
19980301 19980331    62.4
19980401 19980430    48.6
19980501 19980531     5.0
19980601 19980630    29.6
19980701 19980731    91.6
19980801 19980831    13.2
19980901 19980930     8.2
19981001 19981031    12.2
19981101 19981130    14.2
19981201 19981231     6.4
19990101 19990131    25.2
19990201 19990228    16.8
19990301 19990331    27.8
19990401 19990430     4.4
19990501 19990531     7.4
19990601 19990630     9.8
19990701 19990731     8.4
19990801 19990831    22.0
19990901 19990930    33.6
19991001 19991031    23.4
19991101 19991130    31.4
19991201 19991231    15.4
20000101 20000131    48.6
20000201 20000229    12.0
20000301 20000331    11.6
20000401 20000430    10.4
20000501 20000531    23.0
20000601 20000630    23.0
20000701 20000731    20.8
20000801 20000831    48.2
20000901 20000930     7.8
20001001 20001031    15.6
20001101 20001130     5.6
20001201 20001231     7.4
20010101 20010131     0.0
20010201 20010228    16.0
20010301 20010331    25.6
20010401 20010430     7.4
20010501 20010531    83.4
20010601 20010630    64.8
20010701 20010731    10.4
20010801 20010831    21.8
20010901 20010930    47.8
20011001 20011031    22.2
20011101 20011130    39.8
20011201 20011231    28.0
20020101 20020131    12.0
20020201 20020228     2.6
20020301 20020331     4.0
20020401 20020430    78.8
20020501 20020531    18.8
20020601 20020630    15.2
20020701 20020731    15.2
20020801 20020831    17.6
20020901 20020930     7.4
20021001 20021031     7.6
20021101 20021130    34.4
20021201 20021231    18.4
20030101 20030131    21.0
20030201 20030228    29.6
20030301 20030331     7.6
20030401 20030430     6.6
20030501 20030531     9.8
20030601 20030630    21.4
20030701 20030731    26.8
20030801 20030831    47.6
20030901 20030930    19.4
20031001 20031031    37.6
20031101 20031130    16.6
20031201 20031231    10.2
20040101 20040131     1.2
20040201 20040229     9.6
20040301 20040331    10.0
20040401 20040430    53.4
20040501 20040531    38.8
20040601 20040630    26.8
20040701 20040731    36.0
20040801 20040831    31.6
20040901 20040930    20.4
20041001 20041031     0.4
20041101 20041130    16.2
20041201 20041231     7.8
20050101 20050131     7.8
20050201 20050228     0.6
20050301 20050331     5.2
20050401 20050430     4.6
20050501 20050531     3.8
20050601 20050630    23.0
20050701 20050731    26.8
20050801 20050831    23.4
20050901 20050930    36.0
20051001 20051031    23.0
20051101 20051130    26.4
20051201 20051231    31.8
20060101 20060131   121.8
20060201 20060228    46.4
20060301 20060331    29.0
20060401 20060430    72.2
20060501 20060531    44.0
20060601 20060630    23.0
20060701 20060731    72.4
20060801 20060831     8.8
20060901 20060930     3.4
20061001 20061031     3.2
20061101 20061130     8.0
20061201 20061231     8.0
20070101 20070131     9.8
20070201 20070228     2.6
20070301 20070331    53.0
20070401 20070430    63.6
20070501 20070531    23.4
20070601 20070630    22.2
20070701 20070731     7.2
20070801 20070831    26.0
20070901 20070930     2.2
20071001 20071031    11.0
20071101 20071130    10.8
20071201 20071231    40.4
20080101 20080131     0.6
20080201 20080229     4.8
20080301 20080331     5.2
20080401 20080430    11.8
20080501 20080531     8.0
20080601 20080630     9.0
20080701 20080731    29.0
20080801 20080831    19.8
20080901 20080930     4.2
20081001 20081031     3.2
20081101 20081130    36.6
20081201 20081231    54.6
20090101 20090131     0.2
20090201 20090228     1.2
20090301 20090331    75.6
20090401 20090430    16.8
20090501 20090531     6.2
20090601 20090630    23.8
20090701 20090731    33.8
20090801 20090831    14.4
20090901 20090930    25.4
20091001 20091031     5.0
20091101 20091130     1.8
20091201 20091231    15.2
20100101 20100131    34.8
20100201 20100228    33.0
20100301 20100331    31.4
20100401 20100430    21.0
20100501 20100531    43.8
20100601 20100630    27.4
20100701 20100731    48.0
20100801 20100831    46.2
20100901 20100930    60.2
20101001 20101031    40.0
20101101 20101130    13.6
20101201 20101231     2.6
20110101 20110131    20.2
20110201 20110228    86.8
20110301 20110331    24.4
20110401 20110430    29.6
20110501 20110531    19.2
20110601 20110630    19.2
20110701 20110731    41.8
20110801 20110831    24.6
20110901 20110930    22.0
20111001 20111031    21.8
20111101 20111130     6.2
20111201 20111231    81.4
20120101 20120131    12.6
20120201 20120229     0.0
20120301 20120331     0.0
20120401 20120430     6.4
20120501 20120531    17.4
20120601 20120630    40.4
20120701 20120731    20.6
20120801 20120831     4.6
20120901 20120930     2.2
20121001 20121031     2.8
20121101 20121130    18.2
20121201 20121231    10.0
20130101 20130131     3.4
20130201 20130228    29.2
20130301 20130331    16.0
20130401 20130430    53.6
20130501 20130531    34.4
20130601 20130630    39.0
20130701 20130731    36.8
20130801 20130831     8.8
20130901 20130930    15.6
20131001 20131031     4.0
20131101 20131130    46.6
20131201 20131231     5.8
20140101 20140131    42.6
20140201 20140228    70.8
20140301 20140331     3.0
20140401 20140430    21.2
20140501 20140531    57.6
20140601 20140630    32.0
20140701 20140731    27.8
20140801 20140831    13.6
20140901 20140930    17.6
20141001 20141031     1.6
20141101 20141130    19.2
20141201 20141231     2.2
20150101 20150131     3.2
20150201 20150228     6.2
20150301 20150331    12.0
20150401 20150430    45.2
20150501 20150531    22.6
20150601 20150630    15.4
20150701 20150731    27.4
20150801 20150831    35.4
20150901 20150930    13.0
20151001 20151031     3.4
20151101 20151130    13.8
20151201 20151231     7.6
20160101 20160131     4.0
20160201 20160229    71.4
20160301 20160331    12.0
20160401 20160430    14.0
20160501 20160531    53.4
20160601 20160630    74.6
20160701 20160731    24.8
20160801 20160831    20.4
20160901 20160930    38.8
20161001 20161031    10.0
20161101 20161130     6.2
20161201 20161231    55.0
20170101 20170131    80.6
20170201 20170228    67.6
20170301 20170331     0.8
20170401 20170430    42.6
20170501 20170531    14.0
20170601 20170630    12.0
20170701 20170731     5.4
20170801 20170831    17.6
20170901 20170930    11.2
20171001 20171031    11.4
20171101 20171130    36.2
20171201 20171231    49.0
20180101 20180131    42.4
