PRCP       041079 19100101 20080430 missing_value=99999.9 PASSCHENDAELE                             
19100101 19100131   117.4
19100201 19100228    93.9
19100301 19100331    64.1
19100401 19100430    10.8
19100501 19100531    30.1
19100601 19100630    66.0
19100701 19100731    93.4
19100801 19100831    13.6
19100901 19100930    34.6
19101001 19101031    57.9
19101101 19101130    58.9
19101201 19101231   135.3
19110101 19110131   159.7
19110201 19110228    98.8
19110301 19110331    72.9
19110401 19110430    18.8
19110501 19110531    54.9
19110601 19110630     9.2
19110701 19110731    64.2
19110801 19110831    41.5
19110901 19110930    43.6
19111001 19111031    70.9
19111101 19111130    42.8
19111201 19111231     7.0
19120101 19120131    82.1
19120201 19120229    42.0
19120301 19120331   103.3
19120401 19120430     0.0
19120501 19120531     8.0
19120601 19120630   125.3
19120701 19120731    73.4
19120801 19120831    44.2
19120901 19120930    49.1
19121001 19121031    72.2
19121101 19121130    37.6
19121201 19121231    58.8
19130101 19130131   109.7
19130201 19130228    17.7
19130301 19130331    63.8
19130401 19130430    32.7
19130501 19130531   106.7
19130601 19130630   111.4
19130701 19130731    36.8
19130801 19130831     9.8
19130901 19130930    72.0
19131001 19131031    37.8
19131101 19131130    22.3
19131201 19131231    41.8
19140101 19140131    83.8
19140201 19140228    59.6
19140301 19140331   144.1
19140401 19140430    51.4
19140501 19140531    67.2
19140601 19140630    60.6
19140701 19140731    32.9
19140801 19140831     8.2
19140901 19140930    15.7
19141001 19141031    69.8
19141101 19141130    81.6
19141201 19141231   118.4
19150101 19150131    57.9
19150201 19150228    28.1
19150301 19150331    23.2
19150401 19150430    53.7
19150501 19150531    92.0
19150601 19150630    32.1
19150701 19150731    29.2
19150801 19150831    45.6
19150901 19150930    37.6
19151001 19151031    28.8
19151101 19151130    15.2
19151201 19151231   158.3
19160101 19160131    52.6
19160201 19160229   100.3
19160301 19160331    36.5
19160401 19160430    86.9
19160501 19160531    36.9
19160601 19160630    67.5
19160701 19160731    61.8
19160801 19160831    59.8
19160901 19160930    49.2
19161001 19161031   107.8
19161101 19161130   100.7
19161201 19161231   123.1
19170101 19170131   151.5
19170201 19170228    98.7
19170301 19170331    40.0
19170401 19170430    22.4
19170501 19170531    10.1
19170601 19170630    26.4
19170701 19170731    42.5
19170801 19170831    31.6
19170901 19170930   204.2
19171001 19171031    88.1
19171101 19171130   161.4
19171201 19171231   176.7
19180101 19180131   135.8
19180201 19180228    16.5
19180301 19180331    21.1
19180401 19180430    42.5
19180501 19180531    22.2
19180601 19180630    15.1
19180701 19180731    19.7
19180801 19180831    75.5
19180901 19180930    12.6
19181001 19181031    32.5
19181101 19181130    43.5
19181201 19181231   120.8
19190101 19190131    41.0
19190201 19190228    48.0
19190301 19190331    99.7
19190401 19190430     9.3
19190501 19190531    97.2
19190601 19190630    15.3
19190701 19190731    11.6
19190801 19190831    23.5
19190901 19190930     4.9
19191001 19191031    22.0
19191101 19191130    13.9
19191201 19191231    56.4
19200101 19200131    61.8
19200201 19200229    25.3
19200301 19200331    58.2
19200401 19200430    50.7
19200501 19200531    42.1
19200601 19200630   138.6
19200701 19200731    84.5
19200801 19200831    60.1
19200901 19200930    64.0
19201001 19201031    63.0
19201101 19201130    66.1
19201201 19201231    71.8
19210101 19210131    61.4
19210201 19210228    56.7
19210301 19210331    55.4
19210401 19210430    55.4
19210501 19210531    98.1
19210601 19210630   145.3
19210701 19210731   192.7
19210801 19210831    12.6
19210901 19210930    75.6
19211001 19211031    87.2
19211101 19211130    31.1
19211201 19211231   192.3
19220101 19220131    38.8
19220201 19220228    54.2
19220301 19220331    28.2
19220401 19220430    12.2
19220501 19220531     7.2
19220601 19220630    23.7
19220701 19220731    74.4
19220801 19220831    24.7
19220901 19220930    44.5
19221001 19221031    37.3
19221101 19221130   138.9
19221201 19221231   158.4
19230101 19230131    76.8
19230201 19230228     7.2
19230301 19230331    60.8
19230401 19230430    28.3
19230501 19230531    11.4
19230601 19230630    82.2
19230701 19230731    47.2
19230801 19230831    12.5
19230901 19230930    38.4
19231001 19231031    24.3
19231101 19231130    10.6
19231201 19231231    81.3
19240101 19240131   127.0
19240201 19240229   126.9
19240301 19240331    98.8
19240401 19240430    49.4
19240501 19240531     9.8
19240601 19240630    41.4
19240701 19240731    59.4
19240801 19240831    49.5
19240901 19240930    74.8
19241001 19241031   108.2
19241101 19241130   188.2
19241201 19241231    59.9
19250101 19250131   207.0
19250201 19250228    69.0
19250301 19250331    88.3
19250401 19250430    15.1
19250501 19250531    63.9
19250601 19250630    76.7
19250701 19250731    44.0
19250801 19250831    99.2
19250901 19250930    31.9
19251001 19251031    26.0
19251101 19251130   115.3
19251201 19251231    35.1
19260101 19260131   106.2
19260201 19260228     6.3
19260301 19260331    23.1
19260401 19260430    25.2
19260501 19260531    27.0
19260601 19260630    43.4
19260701 19260731    60.8
19260801 19260831    28.3
19260901 19260930    24.2
19261001 19261031    22.9
19261101 19261130     6.6
19261201 19261231   188.7
19270101 19270131   180.4
19270201 19270228    59.3
19270301 19270331   100.9
19270401 19270430    39.0
19270501 19270531     4.2
19270601 19270630    71.9
19270701 19270731     9.4
19270801 19270831    17.3
19270901 19270930    16.1
19271001 19271031    64.0
19271101 19271130   101.8
19271201 19271231    72.4
19280101 19280131   138.0
19280201 19280229   345.6
19280301 19280331    55.2
19280401 19280430   108.6
19280501 19280531    41.5
19280601 19280630    84.5
19280701 19280731    80.2
19280801 19280831    15.6
19280901 19280930     9.0
19281001 19281031    40.2
19281101 19281130    57.5
19281201 19281231    60.0
19290101 19290131    55.4
19290201 19290228   145.2
19290301 19290331    61.9
19290401 19290430   110.6
19290501 19290531     8.5
19290601 19290630    50.7
19290701 19290731    21.4
19290801 19290831    27.6
19290901 19290930    12.9
19291001 19291031    74.6
19291101 19291130    71.8
19291201 19291231    78.1
19300101 19300131    81.6
19300201 19300228    47.3
19300301 19300331    30.9
19300401 19300430    96.7
19300501 19300531    76.9
19300601 19300630   146.1
19300701 19300731    62.9
19300801 19300831    64.5
19300901 19300930    30.1
19301001 19301031   113.8
19301101 19301130    19.7
19301201 19301231    20.9
19310101 19310131    97.5
19310201 19310228    56.3
19310301 19310331    60.3
19310401 19310430    36.7
19310501 19310531    92.0
19310601 19310630    71.1
19310701 19310731    43.9
19310801 19310831    18.0
19310901 19310930    56.9
19311001 19311031    41.8
19311101 19311130    74.5
19311201 19311231    95.7
19320101 19320131     9.9
19320201 19320229    17.8
19320301 19320331    13.8
19320401 19320430   138.1
19320501 19320531    36.5
19320601 19320630    21.2
19320701 19320731    26.9
19320801 19320831    14.9
19320901 19320930    65.6
19321001 19321031   114.1
19321101 19321130    98.8
19321201 19321231    37.9
19330101 19330131   172.8
19330201 19330228    39.1
19330301 19330331    17.8
19330401 19330430    47.9
19330501 19330531    39.1
19330601 19330630    55.8
19330701 19330731    83.8
19330801 19330831    31.4
19330901 19330930    67.3
19331001 19331031    96.9
19331101 19331130   177.3
19331201 19331231   126.1
19340101 19340131   101.9
19340201 19340228    60.9
19340301 19340331    10.7
19340401 19340430    68.6
19340501 19340531     0.0
19340601 19340630    29.3
19340701 19340731    95.6
19340801 19340831    65.2
19340901 19340930    68.3
19341001 19341031   115.3
19341101 19341130    72.8
19341201 19341231   170.3
19350101 19350131   103.5
19350201 19350228    52.8
19350301 19350331     2.5
19350401 19350430    10.7
19350501 19350531    29.7
19350601 19350630     1.5
19350701 19350731    62.4
19350801 19350831    19.7
19350901 19350930   103.5
19351001 19351031    84.3
19351101 19351130    21.9
19351201 19351231    58.4
19360101 19360131    38.6
19360201 19360229     6.4
19360301 19360331    93.5
19360401 19360430    13.8
19360501 19360531    19.8
19360601 19360630    29.5
19360701 19360731    88.3
19360801 19360831    18.0
19360901 19360930    27.7
19361001 19361031    13.7
19361101 19361130    27.2
19361201 19361231   125.7
19370101 19370131   138.5
19370201 19370228    32.7
19370301 19370331   115.1
19370401 19370430    20.6
19370501 19370531     4.1
19370601 19370630    32.4
19370701 19370731    30.0
19370801 19370831    15.4
19370901 19370930    12.2
19371001 19371031    50.0
19371101 19371130   166.0
19371201 19371231   109.7
19380101 19380131    73.2
19380201 19380228    53.9
19380301 19380331    19.6
19380401 19380430    31.8
19380501 19380531    84.6
19380601 19380630     6.6
19380701 19380731    58.2
19380801 19380831    74.9
19380901 19380930    11.5
19381001 19381031    90.5
19381101 19381130   101.9
19381201 19381231    23.1
19390101 19390131    97.6
19390201 19390228    12.7
19390301 19390331   144.5
19390401 19390430    71.5
19390501 19390531     5.1
19390601 19390630    63.8
19390701 19390731    50.9
19390801 19390831    57.1
19390901 19390930    35.1
19391001 19391031    29.7
19391101 19391130    69.2
19391201 19391231   142.3
19400101 19400131    98.1
19400201 19400229   148.7
19400301 19400331    83.9
19400401 19400430     7.9
19400501 19400531    26.9
19400601 19400630    28.9
19400701 19400731     0.0
19400801 19400831     6.4
19400901 19400930    41.4
19401001 19401031    30.5
19401101 19401130    46.7
19401201 19401231    91.2
19410101 19410131   150.8
19410201 19410228    37.3
19410301 19410331    97.1
19410401 19410430     8.7
19410501 19410531    35.1
19410601 19410630   109.8
19410701 19410731    33.7
19410801 19410831    12.7
19410901 19410930     3.3
19411001 19411031    51.9
19411101 19411130   102.1
19411201 19411231    15.2
19420101 19420131    70.1
19420201 19420228   201.5
19420301 19420331    76.5
19420401 19420430     0.0
19420501 19420531    61.7
19420601 19420630    28.7
19420701 19420731    76.5
19420801 19420831    14.9
19420901 19420930    67.8
19421001 19421031     0.8
19421101 19421130    31.3
19421201 19421231   158.5
19430101 19430131    62.8
19430201 19430228   175.6
19430301 19430331    24.6
19430401 19430430    56.9
19430501 19430531    23.9
19430601 19430630     3.6
19430701 19430731    42.4
19430801 19430831    69.1
19430901 19430930    77.2
19431001 19431031    55.6
19431101 19431130   186.3
19431201 19431231   123.6
19440101 19440131   170.6
19440201 19440229    88.9
19440301 19440331     1.3
19440401 19440430    20.5
19440501 19440531     0.0
19440601 19440630    10.0
19440701 19440731    66.1
19440801 19440831    64.7
19440901 19440930    41.2
19441001 19441031    22.8
19441101 19441130    97.8
19441201 19441231    93.2
19450101 19450131    82.3
19450201 19450228   221.4
19450301 19450331     4.1
19450401 19450430    50.4
19450501 19450531    39.3
19450601 19450630   177.8
19450701 19450731    73.9
19450801 19450831    74.7
19450901 19450930    15.6
19451001 19451031    32.7
19451101 19451130    86.7
19451201 19451231    99.1
19460101 19460131   268.2
19460201 19460228    80.5
19460301 19460331    96.3
19460401 19460430    32.1
19460501 19460531    26.2
19460601 19460630    10.1
19460701 19460731     5.6
19460801 19460831     0.0
19460901 19460930   132.5
19461001 19461031    42.7
19461101 19461130    89.4
19461201 19461231   103.8
19470101 19470131   231.3
19470201 19470228    90.5
19470301 19470331    60.2
19470401 19470430   127.3
19470501 19470531    50.1
19470601 19470630    50.3
19470701 19470731    26.6
19470801 19470831    25.8
19470901 19470930   100.0
19471001 19471031   116.9
19471101 19471130   158.5
19471201 19471231   187.0
19480101 19480131    52.1
19480201 19480229    54.4
19480301 19480331   110.6
19480401 19480430    23.6
19480501 19480531    66.6
19480601 19480630   168.0
19480701 19480731    51.2
19480801 19480831    24.3
19480901 19480930    63.2
19481001 19481031    16.5
19481101 19481130   101.4
19481201 19481231   130.0
19490101 19490131    59.4
19490201 19490228   210.6
19490301 19490331    89.5
19490401 19490430     9.6
19490501 19490531    34.2
19490601 19490630    88.3
19490701 19490731    52.4
19490801 19490831    45.5
19490901 19490930    72.1
19491001 19491031   149.7
19491101 19491130   113.9
19491201 19491231    38.2
19500101 19500131    51.7
19500201 19500228   157.9
19500301 19500331    68.9
19500401 19500430    44.6
19500501 19500531    44.0
19500601 19500630   301.7
19500701 19500731   137.2
19500801 19500831    30.3
19500901 19500930   113.8
19501001 19501031   172.8
19501101 19501130   122.5
19501201 19501231    33.2
19510101 19510131   256.7
19510201 19510228    91.9
19510301 19510331    64.2
19510401 19510430    58.7
19510501 19510531    31.3
19510601 19510630   152.2
19510701 19510731    10.5
19510801 19510831    53.6
19510901 19510930    53.8
19511001 19511031    49.6
19511101 19511130   120.5
19511201 19511231    75.6
19520101 19520131    31.2
19520201 19520229   137.4
19520301 19520331    84.0
19520401 19520430    65.4
19520501 19520531   142.8
19520601 19520630    62.8
19520701 19520731    26.0
19520801 19520831    55.2
19520901 19520930    35.1
19521001 19521031   199.9
19521101 19521130    47.0
19521201 19521231    70.6
19530101 19530131    66.3
19530201 19530228    98.2
19530301 19530331    55.3
19530401 19530430    14.0
19530501 19530531    36.4
19530601 19530630     0.0
19530701 19530731    11.4
19530801 19530831    59.7
19530901 19530930     0.0
19531001 19531031    45.7
19531101 19531130    75.1
19531201 19531231    11.2
19540101 19540131    56.4
19540201 19540228   292.7
19540301 19540331     5.1
19540401 19540430     9.2
19540501 19540531    22.8
19540601 19540630    44.1
19540701 19540731    47.2
19540801 19540831    60.0
19540901 19540930    47.4
19541001 19541031   223.2
19541101 19541130   132.4
19541201 19541231    91.4
19550101 19550131    65.6
19550201 19550228   108.3
19550301 19550331    74.7
19550401 19550430    64.7
19550501 19550531   109.0
19550601 19550630    25.9
19550701 19550731    57.1
19550801 19550831    44.7
19550901 19550930    45.5
19551001 19551031   105.3
19551101 19551130    14.7
19551201 19551231   113.0
19560101 19560131   218.4
19560201 19560229   181.0
19560301 19560331    48.5
19560401 19560430    70.7
19560501 19560531   102.2
19560601 19560630   106.3
19560701 19560731    74.0
19560801 19560831    10.9
19560901 19560930    30.1
19561001 19561031    90.8
19561101 19561130    57.3
19561201 19561231   144.8
19570101 19570131    72.4
19570201 19570228    37.5
19570301 19570331    46.9
19570401 19570430    25.0
19570501 19570531     1.0
19570601 19570630    42.5
19570701 19570731    57.4
19570801 19570831    33.8
19570901 19570930    10.7
19571001 19571031    42.3
19571101 19571130    32.5
19571201 19571231    31.0
19580101 19580131    84.7
19580201 19580228    68.8
19580301 19580331    71.3
19580401 19580430    18.6
19580501 19580531    10.0
19580601 19580630    73.2
19580701 19580731    23.6
19580801 19580831    58.9
19580901 19580930    94.8
19581001 19581031    61.7
19581101 19581130    28.2
19581201 19581231   172.7
19590101 19590131   197.8
19590201 19590228    95.2
19590301 19590331   169.3
19590401 19590430    32.0
19590501 19590531    63.5
19590601 19590630     5.0
19590701 19590731    85.2
19590801 19590831     5.2
19590901 19590930    40.1
19591001 19591031   116.1
19591101 19591130   156.0
19591201 19591231   196.3
19600101 19600131    52.9
19600201 19600229    86.5
19600301 19600331    27.8
19600401 19600430    30.0
19600501 19600531    54.1
19600601 19600630    55.8
19600701 19600731    68.1
19600801 19600831    47.3
19600901 19600930    31.7
19601001 19601031    55.5
19601101 19601130    64.6
19601201 19601231    85.7
19610101 19610131    54.8
19610201 19610228   102.1
19610301 19610331    35.4
19610401 19610430    14.9
19610501 19610531    25.3
19610601 19610630    35.9
19610701 19610731    88.9
19610801 19610831    62.8
19610901 19610930    21.7
19611001 19611031    55.9
19611101 19611130   127.6
19611201 19611231   186.2
19620101 19620131   101.6
19620201 19620228    16.5
19620301 19620331   160.4
19620401 19620430    71.8
19620501 19620531    28.7
19620601 19620630     6.6
19620701 19620731    81.8
19620801 19620831    53.4
19620901 19620930    46.6
19621001 19621031    49.5
19621101 19621130    49.8
19621201 19621231   152.2
19630101 19630131    52.6
19630201 19630228    60.9
19630301 19630331   126.7
19630401 19630430    41.7
19630501 19630531   101.9
19630601 19630630    44.0
19630701 19630731     5.8
19630801 19630831    61.3
19630901 19630930    13.2
19631001 19631031    35.5
19631101 19631130    95.1
19631201 19631231   112.4
19640101 19640131    77.5
19640201 19640229    67.2
19640301 19640331    92.7
19640401 19640430    82.5
19640501 19640531    65.2
19640601 19640630    33.5
19640701 19640731    54.3
19640801 19640831    13.5
19640901 19640930    58.4
19641001 19641031   116.5
19641101 19641130    51.8
19641201 19641231    48.9
19650101 19650131    21.9
19650201 19650228    21.3
19650301 19650331     0.0
19650401 19650430    13.6
19650501 19650531     6.3
19650601 19650630    60.0
19650701 19650731   112.7
19650801 19650831    23.2
19650901 19650930    55.7
19651001 19651031    32.8
19651101 19651130    41.4
19651201 19651231   187.2
19660101 19660131    48.3
19660201 19660228   116.5
19660301 19660331    61.5
19660401 19660430    29.7
19660501 19660531     3.3
19660601 19660630    49.6
19660701 19660731     5.6
19660801 19660831   146.4
19660901 19660930    43.6
19661001 19661031    39.0
19661101 19661130    59.7
19661201 19661231   105.0
19670101 19670131    92.9
19670201 19670228    70.1
19670301 19670331   146.5
19670401 19670430    18.8
19670501 19670531    64.8
19670601 19670630    74.5
19670701 19670731    41.5
19670801 19670831    28.5
19670901 19670930    15.0
19671001 19671031    92.5
19671101 19671130    58.7
19671201 19671231    43.6
19680101 19680131   189.4
19680201 19680229    40.8
19680301 19680331    73.9
19680401 19680430    83.3
19680501 19680531    85.5
19680601 19680630    28.7
19680701 19680731   125.2
19680801 19680831   110.3
19680901 19680930    34.8
19681001 19681031    60.2
19681101 19681130    33.1
19681201 19681231    75.7
19690101 19690131   137.5
19690201 19690228    42.2
19690301 19690331     6.8
19690401 19690430     7.1
19690501 19690531    78.8
19690601 19690630    38.7
19690701 19690731    34.0
19690801 19690831    48.6
19690901 19690930    66.9
19691001 19691031    97.9
19691101 19691130    56.9
19691201 19691231    84.6
19700101 19700131   121.9
19700201 19700228    43.5
19700301 19700331    62.4
19700401 19700430    56.8
19700501 19700531    14.0
19700601 19700630    10.0
19700701 19700731     1.5
19700801 19700831    28.3
19700901 19700930   104.1
19701001 19701031    71.1
19701101 19701130    40.9
19701201 19701231   202.2
19710101 19710131    99.1
19710201 19710228   120.7
19710301 19710331    23.1
19710401 19710430    29.1
19710501 19710531    19.0
19710601 19710630    29.9
19710701 19710731    67.8
19710801 19710831    91.5
19710901 19710930    47.1
19711001 19711031    48.3
19711101 19711130   132.3
19711201 19711231    88.9
19720101 19720131   172.8
19720201 19720229    67.6
19720301 19720331    50.1
19720401 19720430    23.9
19720501 19720531    27.3
19720601 19720630    12.7
19720701 19720731     7.7
19720801 19720831   104.3
19720901 19720930    48.5
19721001 19721031   193.8
19721101 19721130    48.4
19721201 19721231    91.0
19730101 19730131   127.1
19730201 19730228    81.7
19730301 19730331    28.2
19730401 19730430     1.0
19730501 19730531    26.2
19730601 19730630    24.4
19730701 19730731   119.4
19730801 19730831    68.1
19730901 19730930    61.7
19731001 19731031    50.7
19731101 19731130   110.5
19731201 19731231    46.7
19740101 19740131   185.8
19740201 19740228    13.6
19740301 19740331    80.2
19740401 19740430    29.7
19740501 19740531    50.6
19740601 19740630    45.1
19740701 19740731    26.5
19740801 19740831    58.4
19740901 19740930    46.2
19741001 19741031    84.0
19741101 19741130   167.6
19741201 19741231    62.4
19750101 19750131    74.0
19750201 19750228   167.0
19750301 19750331   185.2
19750401 19750430     7.6
19750501 19750531     7.0
19750601 19750630    58.8
19750701 19750731    61.8
19750801 19750831    68.2
19750901 19750930    65.2
19751001 19751031   132.4
19751101 19751130    92.2
19751201 19751231   194.8
19760101 19760131    90.2
19760201 19760229   266.2
19760301 19760331    59.8
19760401 19760430    18.8
19760501 19760531    46.6
19760601 19760630    78.6
19760701 19760731    50.6
19760801 19760831    29.5
19760901 19760930    64.2
19761001 19761031    55.1
19761101 19761130   168.4
19761201 19761231    76.4
19770101 19770131    23.2
19770201 19770228    89.2
19770301 19770331   133.2
19770401 19770430    34.8
19770501 19770531    84.8
19770601 19770630    24.4
19770701 19770731     6.8
19770801 19770831    18.0
19770901 19770930    28.4
19771001 19771031    56.2
19771101 19771130    86.9
19771201 19771231    42.8
19780101 19780131   131.0
19780201 19780228    22.6
19780301 19780331    87.2
19780401 19780430    49.2
19780501 19780531    71.6
19780601 19780630    83.4
19780701 19780731    99.7
19780801 19780831    49.0
19780901 19780930   151.2
19781001 19781031    80.7
19781101 19781130    95.6
19781201 19781231   165.0
19790101 19790131    29.1
19790201 19790228    36.5
19790301 19790331   152.0
19790401 19790430    31.2
19790501 19790531    70.2
19790601 19790630    69.9
19790701 19790731    22.8
19790801 19790831    17.2
19790901 19790930    30.0
19791001 19791031   108.2
19791101 19791130   116.0
19791201 19791231    25.0
19800101 19800131    56.6
19800201 19800229    46.8
19800301 19800331    12.4
19800401 19800430     2.4
19800501 19800531   155.6
19800601 19800630    22.8
19800701 19800731    23.1
19800801 19800831    27.6
19800901 19800930     0.8
19801001 19801031    59.0
19801101 19801130    21.0
19801201 19801231   113.8
19810101 19810131    20.2
19810201 19810228   165.1
19810301 19810331    44.3
19810401 19810430    39.6
19810501 19810531    71.4
19810601 19810630    82.0
19810701 19810731    75.9
19810801 19810831    25.9
19810901 19810930    17.3
19811001 19811031    55.8
19811101 19811130   129.8
19811201 19811231   131.8
19820101 19820131    36.8
19820201 19820228    76.0
19820301 19820331   106.8
19820401 19820430    47.8
19820501 19820531    24.2
19820601 19820630     8.0
19820701 19820731    22.8
19820801 19820831    18.0
19820901 19820930    77.2
19821001 19821031    92.0
19821101 19821130    47.1
19821201 19821231   228.4
19830101 19830131    51.8
19830201 19830228    63.2
19830301 19830331    47.0
19830401 19830430   131.0
19830501 19830531   226.2
19830601 19830630    81.8
19830701 19830731    62.6
19830801 19830831    48.2
19830901 19830930    69.6
19831001 19831031   143.6
19831101 19831130   124.2
19831201 19831231    94.0
19840101 19840131   151.6
19840201 19840229   130.8
19840301 19840331    86.4
19840401 19840430   145.8
19840501 19840531    27.8
19840601 19840630    38.0
19840701 19840731   190.2
19840801 19840831    36.8
19840901 19840930    70.0
19841001 19841031    23.7
19841101 19841130    84.3
19841201 19841231    72.8
19850101 19850131    57.0
19850201 19850228    61.2
19850301 19850331    22.0
19850401 19850430   111.0
19850501 19850531    49.6
19850601 19850630    59.6
19850701 19850731    65.8
19850801 19850831    70.4
19850901 19850930    55.4
19851001 19851031    55.8
19851101 19851130    71.8
19851201 19851231   180.6
19860101 19860131    37.4
19860201 19860228   160.8
19860301 19860331     7.4
19860401 19860430     3.2
19860501 19860531    69.2
19860601 19860630     5.2
19860701 19860731    84.3
19860801 19860831    77.9
19860901 19860930     4.2
19861001 19861031   136.6
19861101 19861130   106.6
19861201 19861231    73.1
19870101 19870131   284.2
19870201 19870228    30.0
19870301 19870331   136.8
19870401 19870430    12.4
19870501 19870531    78.8
19870601 19870630    41.4
19870701 19870731    34.6
19870801 19870831   126.3
19870901 19870930    21.2
19871001 19871031   101.4
19871101 19871130    43.8
19871201 19871231   151.1
19880101 19880131   132.6
19880201 19880229   164.1
19880301 19880331     9.4
19880401 19880430   318.1
19880501 19880531    10.1
19880601 19880630    60.0
19880701 19880731    80.0
19880801 19880831    75.0
19880901 19880930    71.4
19881001 19881031     3.0
19881101 19881130    74.0
19881201 19881231    90.7
19890101 19890131   124.8
19890201 19890228 99999.9
19890301 19890331 99999.9
19890401 19890430 99999.9
19890501 19890531 99999.9
19890601 19890630 99999.9
19890701 19890731 99999.9
19890801 19890831 99999.9
19890901 19890930 99999.9
19891001 19891031 99999.9
19891101 19891130 99999.9
19891201 19891231 99999.9
19900101 19900131 99999.9
19900201 19900228 99999.9
19900301 19900331 99999.9
19900401 19900430 99999.9
19900501 19900531 99999.9
19900601 19900630 99999.9
19900701 19900731 99999.9
19900801 19900831 99999.9
19900901 19900930 99999.9
19901001 19901031 99999.9
19901101 19901130 99999.9
19901201 19901231 99999.9
19910101 19910131 99999.9
19910201 19910228 99999.9
19910301 19910331 99999.9
19910401 19910430 99999.9
19910501 19910531 99999.9
19910601 19910630 99999.9
19910701 19910731 99999.9
19910801 19910831 99999.9
19910901 19910930 99999.9
19911001 19911031 99999.9
19911101 19911130 99999.9
19911201 19911231 99999.9
19920101 19920131 99999.9
19920201 19920229 99999.9
19920301 19920331 99999.9
19920401 19920430 99999.9
19920501 19920531 99999.9
19920601 19920630 99999.9
19920701 19920731 99999.9
19920801 19920831 99999.9
19920901 19920930 99999.9
19921001 19921031 99999.9
19921101 19921130 99999.9
19921201 19921231 99999.9
19930101 19930131 99999.9
19930201 19930228 99999.9
19930301 19930331 99999.9
19930401 19930430 99999.9
19930501 19930531 99999.9
19930601 19930630 99999.9
19930701 19930731 99999.9
19930801 19930831 99999.9
19930901 19930930 99999.9
19931001 19931031 99999.9
19931101 19931130 99999.9
19931201 19931231 99999.9
19940101 19940131 99999.9
19940201 19940228 99999.9
19940301 19940331 99999.9
19940401 19940430 99999.9
19940501 19940531 99999.9
19940601 19940630 99999.9
19940701 19940731 99999.9
19940801 19940831 99999.9
19940901 19940930 99999.9
19941001 19941031 99999.9
19941101 19941130 99999.9
19941201 19941231 99999.9
19950101 19950131 99999.9
19950201 19950228 99999.9
19950301 19950331 99999.9
19950401 19950430 99999.9
19950501 19950531 99999.9
19950601 19950630 99999.9
19950701 19950731 99999.9
19950801 19950831 99999.9
19950901 19950930 99999.9
19951001 19951031 99999.9
19951101 19951130 99999.9
19951201 19951231 99999.9
19960101 19960131 99999.9
19960201 19960229 99999.9
19960301 19960331 99999.9
19960401 19960430    31.4
19960501 19960531   198.4
19960601 19960630     9.2
19960701 19960731    49.4
19960801 19960831    74.7
19960901 19960930    41.4
19961001 19961031    69.0
19961101 19961130    57.6
19961201 19961231   186.8
19970101 19970131    48.0
19970201 19970228   116.1
19970301 19970331    18.8
19970401 19970430    11.3
19970501 19970531    40.7
19970601 19970630    28.4
19970701 19970731     8.0
19970801 19970831     2.4
19970901 19970930    84.6
19971001 19971031   122.2
19971101 19971130   170.5
19971201 19971231    52.2
19980101 19980131    93.8
19980201 19980228    89.2
19980301 19980331     1.6
19980401 19980430    55.4
19980501 19980531    38.2
19980601 19980630   105.6
19980701 19980731   184.6
19980801 19980831    72.7
19980901 19980930    83.4
19981001 19981031   114.4
19981101 19981130    81.2
19981201 19981231    49.6
19990101 19990131    71.4
19990201 19990228    73.4
19990301 19990331   157.8
19990401 19990430    36.8
19990501 19990531    44.2
19990601 19990630    16.0
19990701 19990731    47.6
19990801 19990831    59.6
19990901 19990930    24.0
19991001 19991031   136.6
19991101 19991130    91.8
19991201 19991231   107.8
20000101 20000131    67.0
20000201 20000229    40.2
20000301 20000331    34.2
20000401 20000430     6.8
20000501 20000531    59.4
20000601 20000630    16.4
20000701 20000731    24.0
20000801 20000831    21.4
20000901 20000930    10.2
20001001 20001031    48.8
20001101 20001130   104.8
20001201 20001231    62.0
20010101 20010131    53.0
20010201 20010228   140.1
20010301 20010331   121.2
20010401 20010430    67.4
20010501 20010531    27.8
20010601 20010630    17.6
20010701 20010731    69.4
20010801 20010831    22.4
20010901 20010930    21.6
20011001 20011031    71.8
20011101 20011130   138.8
20011201 20011231    62.4
20020101 20020131    43.0
20020201 20020228    46.6
20020301 20020331   136.8
20020401 20020430     5.0
20020501 20020531    21.0
20020601 20020630    30.9
20020701 20020731     2.8
20020801 20020831    29.4
20020901 20020930    15.2
20021001 20021031    43.5
20021101 20021130    48.2
20021201 20021231   107.8
20030101 20030131    17.0
20030201 20030228   134.6
20030301 20030331    67.1
20030401 20030430    47.8
20030501 20030531    15.0
20030601 20030630    62.8
20030701 20030731    35.2
20030801 20030831    17.8
20030901 20030930     0.8
20031001 20031031   127.0
20031101 20031130    22.4
20031201 20031231   144.9
20040101 20040131   194.8
20040201 20040229    75.8
20040301 20040331 99999.9
20040401 20040430    56.2
20040501 20040531    42.2
20040601 20040630    11.6
20040701 20040731    18.2
20040801 20040831    43.8
20040901 20040930    59.8
20041001 20041031    93.0
20041101 20041130   200.0
20041201 20041231   124.8
20050101 20050131    40.6
20050201 20050228   100.2
20050301 20050331    22.4
20050401 20050430     1.2
20050501 20050531    31.4
20050601 20050630   136.2
20050701 20050731    26.0
20050801 20050831    22.0
20050901 20050930    50.2
20051001 20051031   184.2
20051101 20051130   104.0
20051201 20051231    82.8
20060101 20060131 99999.9
20060201 20060228   107.0
20060301 20060331    28.4
20060401 20060430    60.8
20060501 20060531    20.8
20060601 20060630    22.4
20060701 20060731    58.8
20060801 20060831    35.6
20060901 20060930    42.6
20061001 20061031     4.4
20061101 20061130   125.8
20061201 20061231    55.6
20070101 20070131   109.0
20070201 20070228    54.8
20070301 20070331    66.6
20070401 20070430    26.8
20070501 20070531    12.8
20070601 20070630   156.2
20070701 20070731    10.4
20070801 20070831    75.8
20070901 20070930    25.8
20071001 20071031   133.2
20071101 20071130   118.0
20071201 20071231   129.4
20080101 20080131   192.8
20080201 20080229   175.6
20080301 20080331     9.0
20080401 20080430    38.2
