PRCP       010795 19080301 20160531 missing_value=99999.9 AVONDALE RESEARCH STN                     
19080301 19080331    11.5
19080401 19080430    34.5
19080501 19080531   113.8
19080601 19080630    75.3
19080701 19080731    81.4
19080801 19080831    15.9
19080901 19080930    11.1
19081001 19081031     7.3
19081101 19081130     5.7
19081201 19081231     1.8
19090101 19090131     6.9
19090201 19090228     4.2
19090301 19090331     9.9
19090401 19090430    25.5
19090501 19090531    37.7
19090601 19090630    95.6
19090701 19090731    26.1
19090801 19090831   130.0
19090901 19090930    50.7
19091001 19091031    17.4
19091101 19091130    15.3
19091201 19091231     0.0
19100101 19100131     4.6
19100201 19100228     3.9
19100301 19100331     0.5
19100401 19100430    22.3
19100501 19100531    86.1
19100601 19100630    89.4
19100701 19100731    98.5
19100801 19100831    48.1
19100901 19100930    30.1
19101001 19101031    23.1
19101101 19101130     7.2
19101201 19101231     0.0
19110101 19110131     3.0
19110201 19110228     2.3
19110301 19110331     6.6
19110401 19110430    28.3
19110501 19110531    25.5
19110601 19110630    53.4
19110701 19110731    72.1
19110801 19110831    41.7
19110901 19110930    20.3
19111001 19111031    26.5
19111101 19111130     0.9
19111201 19111231     0.0
19120101 19120131     4.3
19120201 19120229     5.1
19120301 19120331     0.0
19120401 19120430     8.5
19120501 19120531    52.3
19120601 19120630    26.4
19120701 19120731   119.2
19120801 19120831    34.2
19120901 19120930    71.3
19121001 19121031    20.9
19121101 19121130     7.5
19121201 19121231    10.1
19130101 19130131     9.0
19130201 19130228     5.5
19130301 19130331     3.3
19130401 19130430    11.3
19130501 19130531    29.9
19130601 19130630    85.3
19130701 19130731    51.0
19130801 19130831    89.2
19130901 19130930    40.0
19131001 19131031    24.2
19131101 19131130    24.2
19131201 19131231    73.6
19140101 19140131     0.0
19140201 19140228     7.9
19140301 19140331     1.6
19140401 19140430     4.6
19140501 19140531     6.7
19140601 19140630    25.3
19140701 19140731    43.0
19140801 19140831    28.4
19140901 19140930     2.4
19141001 19141031    40.8
19141101 19141130     8.8
19141201 19141231    31.4
19150101 19150131    20.9
19150201 19150228    97.4
19150301 19150331     9.1
19150401 19150430     7.1
19150501 19150531    91.0
19150601 19150630    93.0
19150701 19150731    95.6
19150801 19150831    75.2
19150901 19150930    42.7
19151001 19151031    34.1
19151101 19151130     0.0
19151201 19151231     1.2
19160101 19160131    55.4
19160201 19160229    12.5
19160301 19160331     6.4
19160401 19160430     7.0
19160501 19160531    75.8
19160601 19160630    71.4
19160701 19160731    54.0
19160801 19160831    64.2
19160901 19160930     0.0
19161001 19161031    43.2
19161101 19161130    14.4
19161201 19161231     0.0
19170101 19170131     0.0
19170201 19170228     6.5
19170301 19170331    56.2
19170401 19170430    43.9
19170501 19170531    68.9
19170601 19170630   140.9
19170701 19170731   119.2
19170801 19170831    67.6
19170901 19170930    50.3
19171001 19171031    14.6
19171101 19171130     3.4
19171201 19171231     0.0
19180101 19180131     9.5
19180201 19180228    49.4
19180301 19180331    22.0
19180401 19180430    25.9
19180501 19180531    42.0
19180601 19180630   114.6
19180701 19180731    37.0
19180801 19180831    49.0
19180901 19180930    41.5
19181001 19181031    42.7
19181101 19181130    14.6
19181201 19181231     0.0
19190101 19190131    18.2
19190201 19190228     0.0
19190301 19190331    10.4
19190401 19190430    88.6
19190501 19190531     4.9
19190601 19190630    34.6
19190701 19190731    65.3
19190801 19190831    43.7
19190901 19190930    17.0
19191001 19191031    21.6
19191101 19191130    10.1
19191201 19191231     4.3
19200101 19200131     5.2
19200201 19200229     3.4
19200301 19200331    28.0
19200401 19200430     3.4
19200501 19200531    55.8
19200601 19200630    84.5
19200701 19200731    46.6
19200801 19200831    66.4
19200901 19200930    28.7
19201001 19201031     8.8
19201101 19201130    15.0
19201201 19201231     0.0
19210101 19210131     7.2
19210201 19210228    20.0
19210301 19210331     1.6
19210401 19210430     0.6
19210501 19210531    98.4
19210601 19210630    48.6
19210701 19210731    79.8
19210801 19210831    55.1
19210901 19210930    38.4
19211001 19211031    56.2
19211101 19211130     7.3
19211201 19211231    25.1
19220101 19220131     0.0
19220201 19220228    36.8
19220301 19220331     9.4
19220401 19220430    10.6
19220501 19220531    49.2
19220601 19220630    16.7
19220701 19220731   103.0
19220801 19220831    41.5
19220901 19220930    39.4
19221001 19221031     2.8
19221101 19221130    13.4
19221201 19221231    10.0
19230101 19230131    53.9
19230201 19230228     0.0
19230301 19230331     9.1
19230401 19230430    76.8
19230501 19230531    39.5
19230601 19230630   157.7
19230701 19230731    40.6
19230801 19230831    41.0
19230901 19230930    71.3
19231001 19231031     9.2
19231101 19231130     0.0
19231201 19231231    16.6
19240101 19240131     0.0
19240201 19240229    10.1
19240301 19240331     1.6
19240401 19240430     9.1
19240501 19240531    49.1
19240601 19240630    56.0
19240701 19240731    44.5
19240801 19240831    58.8
19240901 19240930    22.0
19241001 19241031    46.7
19241101 19241130    12.8
19241201 19241231    10.7
19250101 19250131    41.8
19250201 19250228    70.2
19250301 19250331    15.6
19250401 19250430     5.8
19250501 19250531    40.4
19250601 19250630    90.7
19250701 19250731    42.6
19250801 19250831     9.4
19250901 19250930    26.0
19251001 19251031    20.8
19251101 19251130     0.6
19251201 19251231     3.4
19260101 19260131     0.0
19260201 19260228    42.1
19260301 19260331    44.9
19260401 19260430    39.4
19260501 19260531    30.1
19260601 19260630    60.4
19260701 19260731   178.4
19260801 19260831    31.4
19260901 19260930    45.8
19261001 19261031    54.2
19261101 19261130    23.4
19261201 19261231     1.8
19270101 19270131     0.0
19270201 19270228     0.0
19270301 19270331   103.0
19270401 19270430    13.1
19270501 19270531    33.6
19270601 19270630    64.0
19270701 19270731    61.7
19270801 19270831    35.8
19270901 19270930    40.0
19271001 19271031    32.0
19271101 19271130    14.9
19271201 19271231     0.0
19280101 19280131    17.4
19280201 19280229     0.0
19280301 19280331     1.8
19280401 19280430     6.1
19280501 19280531    38.6
19280601 19280630    27.7
19280701 19280731   139.4
19280801 19280831    63.2
19280901 19280930    37.4
19281001 19281031     4.6
19281101 19281130     0.0
19281201 19281231    14.0
19290101 19290131    19.8
19290201 19290228    14.6
19290301 19290331    25.9
19290401 19290430     3.7
19290501 19290531    73.3
19290601 19290630   100.1
19290701 19290731    55.2
19290801 19290831    37.3
19290901 19290930    10.6
19291001 19291031     4.0
19291101 19291130    32.6
19291201 19291231     0.0
19300101 19300131     0.0
19300201 19300228     0.0
19300301 19300331    14.3
19300401 19300430    33.5
19300501 19300531     6.7
19300601 19300630   115.4
19300701 19300731   126.2
19300801 19300831    45.7
19300901 19300930    24.0
19301001 19301031     7.3
19301101 19301130     0.0
19301201 19301231     6.7
19310101 19310131     0.0
19310201 19310228     0.0
19310301 19310331     8.3
19310401 19310430    14.6
19310501 19310531    66.2
19310601 19310630    36.0
19310701 19310731    45.5
19310801 19310831    90.8
19310901 19310930    80.4
19311001 19311031    14.3
19311101 19311130     1.8
19311201 19311231    33.2
19320101 19320131     4.8
19320201 19320229     0.0
19320301 19320331     7.0
19320401 19320430    19.2
19320501 19320531   148.7
19320601 19320630    35.0
19320701 19320731   106.9
19320801 19320831   119.5
19320901 19320930    24.1
19321001 19321031   153.0
19321101 19321130     0.0
19321201 19321231     1.0
19330101 19330131    35.0
19330201 19330228     0.6
19330301 19330331    44.2
19330401 19330430    12.1
19330501 19330531    59.8
19330601 19330630    55.1
19330701 19330731    40.9
19330801 19330831    33.5
19330901 19330930    16.9
19331001 19331031    49.2
19331101 19331130     1.8
19331201 19331231     1.0
19340101 19340131    29.0
19340201 19340228     1.0
19340301 19340331   136.9
19340401 19340430    51.2
19340501 19340531    42.2
19340601 19340630    68.6
19340701 19340731    45.4
19340801 19340831    36.6
19340901 19340930    21.7
19341001 19341031    22.6
19341101 19341130    22.8
19341201 19341231     4.6
19350101 19350131    24.1
19350201 19350228    22.0
19350301 19350331    12.5
19350401 19350430    15.7
19350501 19350531    53.9
19350601 19350630    51.4
19350701 19350731    80.6
19350801 19350831    59.4
19350901 19350930    19.0
19351001 19351031    85.1
19351101 19351130     0.0
19351201 19351231     3.6
19360101 19360131     7.0
19360201 19360229     1.0
19360301 19360331    13.1
19360401 19360430     9.2
19360501 19360531    52.7
19360601 19360630   106.1
19360701 19360731    46.6
19360801 19360831    55.7
19360901 19360930    21.4
19361001 19361031     8.0
19361101 19361130     4.3
19361201 19361231    40.2
19370101 19370131     0.0
19370201 19370228     3.6
19370301 19370331     3.0
19370401 19370430    44.4
19370501 19370531    94.9
19370601 19370630    50.0
19370701 19370731    10.7
19370801 19370831    54.7
19370901 19370930    10.9
19371001 19371031    15.1
19371101 19371130    45.5
19371201 19371231     0.0
19380101 19380131     3.0
19380201 19380228     1.8
19380301 19380331    94.6
19380401 19380430    16.4
19380501 19380531    20.0
19380601 19380630    43.0
19380701 19380731    67.1
19380801 19380831    18.2
19380901 19380930    32.6
19381001 19381031    36.2
19381101 19381130    12.5
19381201 19381231     2.2
19390101 19390131    21.6
19390201 19390228    95.0
19390301 19390331     0.0
19390401 19390430     2.4
19390501 19390531   140.5
19390601 19390630    83.6
19390701 19390731    92.3
19390801 19390831     2.8
19390901 19390930     0.0
19391001 19391031    47.2
19391101 19391130    36.2
19391201 19391231     0.0
19400101 19400131    27.7
19400201 19400229     0.0
19400301 19400331     0.0
19400401 19400430    21.2
19400501 19400531    19.2
19400601 19400630    60.7
19400701 19400731    40.3
19400801 19400831    11.9
19400901 19400930    22.8
19401001 19401031    18.2
19401101 19401130     1.6
19401201 19401231    49.6
19410101 19410131     3.6
19410201 19410228     0.0
19410301 19410331     0.0
19410401 19410430    33.1
19410501 19410531    23.6
19410601 19410630    81.4
19410701 19410731    54.7
19410801 19410831    64.1
19410901 19410930    32.8
19411001 19411031    20.6
19411101 19411130    19.0
19411201 19411231    15.8
19420101 19420131     0.0
19420201 19420228     0.6
19420301 19420331    97.8
19420401 19420430    58.6
19420501 19420531    66.4
19420601 19420630    51.5
19420701 19420731    73.7
19420801 19420831    72.7
19420901 19420930    31.6
19421001 19421031    12.8
19421101 19421130     3.7
19421201 19421231    50.4
19430101 19430131    20.0
19430201 19430228    22.8
19430301 19430331    73.4
19430401 19430430    55.3
19430501 19430531    56.8
19430601 19430630    88.1
19430701 19430731    72.5
19430801 19430831    60.2
19430901 19430930    38.9
19431001 19431031    18.2
19431101 19431130     0.0
19431201 19431231     3.4
19440101 19440131    12.5
19440201 19440229     7.0
19440301 19440331     6.7
19440401 19440430    41.6
19440501 19440531    66.1
19440601 19440630    30.5
19440701 19440731    62.6
19440801 19440831    69.1
19440901 19440930    14.4
19441001 19441031     1.8
19441101 19441130     4.0
19441201 19441231     5.2
19450101 19450131     0.0
19450201 19450228     0.6
19450301 19450331    35.5
19450401 19450430     7.7
19450501 19450531    40.0
19450601 19450630   223.3
19450701 19450731    46.0
19450801 19450831   115.8
19450901 19450930    33.0
19451001 19451031     4.3
19451101 19451130     8.5
19451201 19451231     3.0
19460101 19460131     1.6
19460201 19460228     0.0
19460301 19460331     1.9
19460401 19460430    20.2
19460501 19460531   105.7
19460601 19460630   138.2
19460701 19460731   145.0
19460801 19460831    52.0
19460901 19460930    13.1
19461001 19461031     1.2
19461101 19461130    38.8
19461201 19461231     4.9
19470101 19470131     0.0
19470201 19470228    12.2
19470301 19470331    36.6
19470401 19470430    35.4
19470501 19470531    95.9
19470601 19470630    89.0
19470701 19470731    49.9
19470801 19470831    20.3
19470901 19470930    10.7
19471001 19471031    64.8
19471101 19471130    78.0
19471201 19471231     3.0
19480101 19480131     1.0
19480201 19480229     0.0
19480301 19480331    10.4
19480401 19480430    12.8
19480501 19480531     0.6
19480601 19480630   114.8
19480701 19480731    52.7
19480801 19480831    63.0
19480901 19480930    75.4
19481001 19481031    15.7
19481101 19481130    11.0
19481201 19481231     6.4
19490101 19490131     2.8
19490201 19490228    10.3
19490301 19490331     4.8
19490401 19490430    12.2
19490501 19490531     3.1
19490601 19490630    47.6
19490701 19490731    57.4
19490801 19490831    85.4
19490901 19490930    10.1
19491001 19491031    15.2
19491101 19491130    36.4
19491201 19491231     1.0
19500101 19500131     2.4
19500201 19500228     0.0
19500301 19500331     8.5
19500401 19500430     0.0
19500501 19500531    64.7
19500601 19500630    43.8
19500701 19500731    56.5
19500801 19500831    28.7
19500901 19500930    40.2
19501001 19501031    25.0
19501101 19501130    15.6
19501201 19501231     0.0
19510101 19510131     7.9
19510201 19510228    77.8
19510301 19510331     1.8
19510401 19510430    99.5
19510501 19510531    15.0
19510601 19510630   106.6
19510701 19510731    34.1
19510801 19510831    28.1
19510901 19510930    18.2
19511001 19511031    12.2
19511101 19511130     2.5
19511201 19511231    38.4
19520101 19520131    13.1
19520201 19520229     1.8
19520301 19520331    15.8
19520401 19520430     0.6
19520501 19520531    46.1
19520601 19520630    46.8
19520701 19520731    81.6
19520801 19520831    25.3
19520901 19520930    42.7
19521001 19521031    35.6
19521101 19521130     3.7
19521201 19521231    40.8
19530101 19530131     0.0
19530201 19530228     9.7
19530301 19530331    40.6
19530401 19530430    80.8
19530501 19530531   119.9
19530601 19530630   106.8
19530701 19530731    48.7
19530801 19530831    40.0
19530901 19530930    16.8
19531001 19531031    47.9
19531101 19531130     7.9
19531201 19531231     0.0
19540101 19540131     1.0
19540201 19540228     0.0
19540301 19540331     0.0
19540401 19540430     2.8
19540501 19540531    66.2
19540601 19540630    47.6
19540701 19540731    70.2
19540801 19540831    38.5
19540901 19540930    18.5
19541001 19541031     1.8
19541101 19541130     6.7
19541201 19541231    12.8
19550101 19550131     0.0
19550201 19550228   192.6
19550301 19550331    64.1
19550401 19550430    47.3
19550501 19550531    36.4
19550601 19550630    18.0
19550701 19550731    57.1
19550801 19550831   116.0
19550901 19550930    42.1
19551001 19551031    22.0
19551101 19551130     0.0
19551201 19551231     6.1
19560101 19560131     0.0
19560201 19560229     3.6
19560301 19560331     6.4
19560401 19560430    12.2
19560501 19560531    63.2
19560601 19560630    79.4
19560701 19560731    89.9
19560801 19560831     4.9
19560901 19560930    15.2
19561001 19561031    13.4
19561101 19561130    48.2
19561201 19561231     0.0
19570101 19570131    37.9
19570201 19570228     5.8
19570301 19570331    15.2
19570401 19570430    16.6
19570501 19570531    44.9
19570601 19570630   124.9
19570701 19570731    21.1
19570801 19570831    31.7
19570901 19570930     9.7
19571001 19571031    12.5
19571101 19571130     0.0
19571201 19571231     0.0
19580101 19580131     0.0
19580201 19580228    12.8
19580301 19580331     3.0
19580401 19580430     2.2
19580501 19580531   109.9
19580601 19580630    27.7
19580701 19580731   178.4
19580801 19580831    29.0
19580901 19580930    61.2
19581001 19581031    14.6
19581101 19581130    32.3
19581201 19581231    18.6
19590101 19590131     2.4
19590201 19590228    35.2
19590301 19590331    37.7
19590401 19590430     9.1
19590501 19590531    17.3
19590601 19590630   126.1
19590701 19590731    14.4
19590801 19590831    65.6
19590901 19590930    47.3
19591001 19591031     5.3
19591101 19591130     4.0
19591201 19591231     2.5
19600101 19600131    36.6
19600201 19600229     7.1
19600301 19600331    51.2
19600401 19600430    14.4
19600501 19600531    80.6
19600601 19600630    39.4
19600701 19600731   128.5
19600801 19600831     7.3
19600901 19600930    55.9
19601001 19601031     0.6
19601101 19601130     0.0
19601201 19601231     0.0
19610101 19610131    59.0
19610201 19610228     4.7
19610301 19610331     3.7
19610401 19610430    58.3
19610501 19610531     2.8
19610601 19610630    79.6
19610701 19610731    46.6
19610801 19610831    48.8
19610901 19610930    18.0
19611001 19611031     6.7
19611101 19611130     0.0
19611201 19611231     8.9
19620101 19620131    37.7
19620201 19620228     8.9
19620301 19620331     0.0
19620401 19620430     4.1
19620501 19620531   109.7
19620601 19620630    52.9
19620701 19620731    53.9
19620801 19620831    26.2
19620901 19620930    14.9
19621001 19621031    31.2
19621101 19621130     9.7
19621201 19621231     5.8
19630101 19630131     0.6
19630201 19630228    48.1
19630301 19630331    26.9
19630401 19630430    39.6
19630501 19630531   117.6
19630601 19630630   105.4
19630701 19630731    73.2
19630801 19630831    98.9
19630901 19630930    22.9
19631001 19631031    11.0
19631101 19631130    12.7
19631201 19631231     2.8
19640101 19640131     1.6
19640201 19640229     4.0
19640301 19640331     3.4
19640401 19640430    70.4
19640501 19640531     3.1
19640601 19640630   103.9
19640701 19640731   115.7
19640801 19640831    67.1
19640901 19640930    45.8
19641001 19641031    13.6
19641101 19641130     2.9
19641201 19641231     3.4
19650101 19650131     1.1
19650201 19650228     6.4
19650301 19650331     5.1
19650401 19650430     3.3
19650501 19650531    52.6
19650601 19650630   107.2
19650701 19650731    77.1
19650801 19650831    75.8
19650901 19650930    17.1
19651001 19651031    41.0
19651101 19651130    33.9
19651201 19651231    19.3
19660101 19660131     1.3
19660201 19660228     4.4
19660301 19660331     1.1
19660401 19660430    28.4
19660501 19660531    10.7
19660601 19660630    68.9
19660701 19660731   105.1
19660801 19660831    33.8
19660901 19660930    33.8
19661001 19661031    48.1
19661101 19661130     0.8
19661201 19661231     8.4
19670101 19670131     0.0
19670201 19670228     0.8
19670301 19670331     5.8
19670401 19670430    28.4
19670501 19670531   156.3
19670601 19670630    93.5
19670701 19670731    77.5
19670801 19670831    28.6
19670901 19670930    11.7
19671001 19671031    15.5
19671101 19671130     3.3
19671201 19671231     1.8
19680101 19680131    21.3
19680201 19680229    13.0
19680301 19680331    35.7
19680401 19680430    32.3
19680501 19680531    23.1
19680601 19680630   125.3
19680701 19680731    84.4
19680801 19680831    47.0
19680901 19680930    43.7
19681001 19681031    13.7
19681101 19681130     1.5
19681201 19681231     0.8
19690101 19690131     0.0
19690201 19690228     0.0
19690301 19690331    13.3
19690401 19690430    13.4
19690501 19690531    34.2
19690601 19690630    85.2
19690701 19690731    34.7
19690801 19690831    21.0
19690901 19690930    21.5
19691001 19691031     2.3
19691101 19691130     4.4
19691201 19691231     3.4
19700101 19700131     0.3
19700201 19700228    43.4
19700301 19700331     0.3
19700401 19700430    23.8
19700501 19700531    60.7
19700601 19700630    87.1
19700701 19700731    40.4
19700801 19700831    18.8
19700901 19700930    42.3
19701001 19701031    28.9
19701101 19701130    11.1
19701201 19701231     6.9
19710101 19710131    16.5
19710201 19710228    10.1
19710301 19710331    60.7
19710401 19710430     2.4
19710501 19710531    38.0
19710601 19710630    31.9
19710701 19710731    31.9
19710801 19710831    37.6
19710901 19710930    76.7
19711001 19711031    24.7
19711101 19711130    23.0
19711201 19711231     0.0
19720101 19720131     0.3
19720201 19720229     0.0
19720301 19720331     3.1
19720401 19720430    13.5
19720501 19720531    21.7
19720601 19720630    49.5
19720701 19720731    57.7
19720801 19720831    70.7
19720901 19720930     7.2
19721001 19721031     9.5
19721101 19721130     4.0
19721201 19721231     0.3
19730101 19730131     8.4
19730201 19730228     0.0
19730301 19730331     0.0
19730401 19730430    20.5
19730501 19730531    34.6
19730601 19730630   102.5
19730701 19730731    75.3
19730801 19730831    58.7
19730901 19730930    60.9
19731001 19731031    20.8
19731101 19731130    10.2
19731201 19731231     0.0
19740101 19740131     0.4
19740201 19740228     0.4
19740301 19740331     1.2
19740401 19740430   109.6
19740501 19740531    94.0
19740601 19740630    48.6
19740701 19740731   133.4
19740801 19740831    59.4
19740901 19740930    20.0
19741001 19741031    27.4
19741101 19741130     6.9
19741201 19741231     0.0
19750101 19750131     0.0
19750201 19750228     0.0
19750301 19750331    30.8
19750401 19750430    43.2
19750501 19750531    35.0
19750601 19750630    69.1
19750701 19750731   104.6
19750801 19750831    51.5
19750901 19750930    23.4
19751001 19751031    20.0
19751101 19751130     5.5
19751201 19751231     0.7
19760101 19760131    28.0
19760201 19760229    50.6
19760301 19760331     0.8
19760401 19760430    32.2
19760501 19760531    40.7
19760601 19760630    29.6
19760701 19760731    18.9
19760801 19760831   122.4
19760901 19760930    46.6
19761001 19761031    27.0
19761101 19761130    22.7
19761201 19761231     0.6
19770101 19770131     3.0
19770201 19770228     8.6
19770301 19770331     0.5
19770401 19770430    12.0
19770501 19770531    41.0
19770601 19770630    40.2
19770701 19770731    32.4
19770801 19770831    69.8
19770901 19770930    10.9
19771001 19771031    66.4
19771101 19771130     9.8
19771201 19771231    15.6
19780101 19780131    23.2
19780201 19780228    53.6
19780301 19780331     4.4
19780401 19780430     9.6
19780501 19780531    46.9
19780601 19780630    67.5
19780701 19780731   123.6
19780801 19780831    22.6
19780901 19780930    37.4
19781001 19781031    12.2
19781101 19781130     7.4
19781201 19781231    25.5
19790101 19790131     1.2
19790201 19790228    13.2
19790301 19790331    23.4
19790401 19790430    26.7
19790501 19790531    44.8
19790601 19790630    65.4
19790701 19790731    27.1
19790801 19790831    64.4
19790901 19790930    15.2
19791001 19791031     6.6
19791101 19791130    14.0
19791201 19791231     1.0
19800101 19800131     0.7
19800201 19800229    15.2
19800301 19800331     0.0
19800401 19800430    37.1
19800501 19800531    26.1
19800601 19800630    75.2
19800701 19800731    43.7
19800801 19800831    34.6
19800901 19800930    16.2
19801001 19801031    16.8
19801101 19801130     7.2
19801201 19801231    14.2
19810101 19810131     1.4
19810201 19810228    42.0
19810301 19810331     2.6
19810401 19810430    14.1
19810501 19810531    81.1
19810601 19810630    83.5
19810701 19810731    66.8
19810801 19810831    58.2
19810901 19810930    20.9
19811001 19811031    23.2
19811101 19811130    50.0
19811201 19811231     3.8
19820101 19820131    74.4
19820201 19820228     0.4
19820301 19820331    16.9
19820401 19820430     0.0
19820501 19820531    29.1
19820601 19820630    73.0
19820701 19820731    56.0
19820801 19820831    61.0
19820901 19820930    44.2
19821001 19821031    22.6
19821101 19821130    48.0
19821201 19821231     8.8
19830101 19830131     0.0
19830201 19830228     6.0
19830301 19830331     9.0
19830401 19830430     5.0
19830501 19830531     9.4
19830601 19830630   182.8
19830701 19830731   106.6
19830801 19830831    57.5
19830901 19830930    63.5
19831001 19831031     5.2
19831101 19831130    76.0
19831201 19831231    21.4
19840101 19840131     0.0
19840201 19840229     2.0
19840301 19840331    45.8
19840401 19840430    48.6
19840501 19840531   110.9
19840601 19840630    26.8
19840701 19840731    47.6
19840801 19840831    38.6
19840901 19840930    53.8
19841001 19841031    13.0
19841101 19841130    30.8
19841201 19841231     6.8
19850101 19850131     0.8
19850201 19850228     8.2
19850301 19850331    24.0
19850401 19850430    17.6
19850501 19850531    14.8
19850601 19850630    36.8
19850701 19850731   113.1
19850801 19850831    67.0
19850901 19850930    40.6
19851001 19851031     8.8
19851101 19851130    14.6
19851201 19851231     1.2
19860101 19860131     6.6
19860201 19860228    80.8
19860301 19860331    12.8
19860401 19860430     2.0
19860501 19860531    70.9
19860601 19860630   102.0
19860701 19860731    50.5
19860801 19860831    43.6
19860901 19860930    15.8
19861001 19861031    19.4
19861101 19861130    22.5
19861201 19861231     0.0
19870101 19870131     0.0
19870201 19870228     0.0
19870301 19870331     3.8
19870401 19870430    30.7
19870501 19870531    48.6
19870601 19870630    53.8
19870701 19870731    81.0
19870801 19870831    37.6
19870901 19870930    32.1
19871001 19871031     8.2
19871101 19871130    16.5
19871201 19871231    16.0
19880101 19880131     0.0
19880201 19880229     0.0
19880301 19880331    18.6
19880401 19880430    26.4
19880501 19880531    46.0
19880601 19880630   103.3
19880701 19880731    71.9
19880801 19880831    52.1
19880901 19880930    41.4
19881001 19881031    16.2
19881101 19881130    11.2
19881201 19881231    30.6
19890101 19890131    20.4
19890201 19890228    32.8
19890301 19890331     0.0
19890401 19890430    24.8
19890501 19890531    88.1
19890601 19890630    61.5
19890701 19890731    55.7
19890801 19890831    29.2
19890901 19890930    21.0
19891001 19891031    20.0
19891101 19891130    30.0
19891201 19891231     1.4
19900101 19900131   126.8
19900201 19900228    37.8
19900301 19900331    23.2
19900401 19900430    39.6
19900501 19900531    20.5
19900601 19900630    27.2
19900701 19900731    86.6
19900801 19900831    40.7
19900901 19900930    24.2
19901001 19901031    30.5
19901101 19901130     1.2
19901201 19901231     2.1
19910101 19910131     5.9
19910201 19910228    19.1
19910301 19910331     1.3
19910401 19910430    29.5
19910501 19910531    27.2
19910601 19910630    94.2
19910701 19910731    85.6
19910801 19910831    41.7
19910901 19910930    32.0
19911001 19911031    12.3
19911101 19911130    33.6
19911201 19911231    47.0
19920101 19920131     0.4
19920201 19920229    41.9
19920301 19920331    35.1
19920401 19920430    38.6
19920501 19920531    18.2
19920601 19920630   120.9
19920701 19920731    46.4
19920801 19920831    83.4
19920901 19920930    38.9
19921001 19921031    24.0
19921101 19921130    23.3
19921201 19921231     3.5
19930101 19930131     4.1
19930201 19930228    19.6
19930301 19930331    11.4
19930401 19930430     6.2
19930501 19930531    51.1
19930601 19930630    82.0
19930701 19930731    45.0
19930801 19930831    61.8
19930901 19930930    51.2
19931001 19931031     9.8
19931101 19931130    19.4
19931201 19931231     1.2
19940101 19940131     0.0
19940201 19940228     0.0
19940301 19940331     0.0
19940401 19940430     0.0
19940501 19940531    69.3
19940601 19940630    71.5
19940701 19940731    44.1
19940801 19940831    34.1
19940901 19940930    18.8
19941001 19941031     9.8
19941101 19941130     0.5
19941201 19941231     1.0
19950101 19950131    17.9
19950201 19950228     8.7
19950301 19950331    10.2
19950401 19950430    12.7
19950501 19950531    69.6
19950601 19950630    76.0
19950701 19950731   119.4
19950801 19950831    33.7
19950901 19950930    32.9
19951001 19951031    68.3
19951101 19951130    12.7
19951201 19951231     5.4
19960101 19960131     1.0
19960201 19960229     0.0
19960301 19960331     3.1
19960401 19960430     0.0
19960501 19960531    39.4
19960601 19960630   122.0
19960701 19960731   132.2
19960801 19960831    46.0
19960901 19960930    60.0
19961001 19961031    32.2
19961101 19961130    62.2
19961201 19961231     3.8
19970101 19970131     0.0
19970201 19970228    30.6
19970301 19970331    40.3
19970401 19970430    41.6
19970501 19970531    32.4
19970601 19970630    32.4
19970701 19970731    52.1
19970801 19970831    67.6
19970901 19970930    31.0
19971001 19971031    31.4
19971101 19971130     4.6
19971201 19971231     0.0
19980101 19980131 99999.9
19980201 19980228     0.0
19980301 19980331    13.4
19980401 19980430    21.2
19980501 19980531    30.6
19980601 19980630   107.6
19980701 19980731    56.6
19980801 19980831   100.3
19980901 19980930    39.6
19981001 19981031    14.0
19981101 19981130    12.0
19981201 19981231    13.6
19990101 19990131     6.2
19990201 19990228     0.0
19990301 19990331    27.6
19990401 19990430     6.4
19990501 19990531    90.4
19990601 19990630    63.0
19990701 19990731    65.6
19990801 19990831    55.4
19990901 19990930    71.2
19991001 19991031    48.8
19991101 19991130    13.8
19991201 19991231    11.8
20000101 20000131   127.0
20000201 20000229     0.0
20000301 20000331     9.6
20000401 20000430    12.4
20000501 20000531    10.6
20000601 20000630    59.3
20000701 20000731    91.0
20000801 20000831    67.7
20000901 20000930    23.2
20001001 20001031     0.0
20001101 20001130     4.0
20001201 20001231     2.6
20010101 20010131     1.8
20010201 20010228     3.2
20010301 20010331     2.4
20010401 20010430     2.6
20010501 20010531    58.0
20010601 20010630     6.6
20010701 20010731   100.5
20010801 20010831    58.0
20010901 20010930    47.8
20011001 20011031    26.4
20011101 20011130    17.6
20011201 20011231    10.0
20020101 20020131    12.0
20020201 20020228     0.0
20020301 20020331     0.0
20020401 20020430    20.2
20020501 20020531    31.5
20020601 20020630    66.6
20020701 20020731    55.9
20020801 20020831    41.1
20020901 20020930    21.9
20021001 20021031    19.9
20021101 20021130     9.0
20021201 20021231     6.4
20030101 20030131     0.0
20030201 20030228     9.4
20030301 20030331    15.3
20030401 20030430    37.2
20030501 20030531    62.6
20030601 20030630    96.0
20030701 20030731    42.3
20030801 20030831    65.1
20030901 20030930    42.4
20031001 20031031     4.4
20031101 20031130    11.4
20031201 20031231     5.4
20040101 20040131     3.2
20040201 20040229    62.8
20040301 20040331     5.0
20040401 20040430     2.4
20040501 20040531    40.4
20040601 20040630    54.4
20040701 20040731    62.2
20040801 20040831    89.8
20040901 20040930    19.4
20041001 20041031    32.0
20041101 20041130    15.9
20041201 20041231     0.0
20050101 20050131     0.0
20050201 20050228     3.0
20050301 20050331    54.8
20050401 20050430    34.2
20050501 20050531   123.4
20050601 20050630   102.8
20050701 20050731    27.5
20050801 20050831    52.8
20050901 20050930    49.5
20051001 20051031    21.0
20051101 20051130     9.2
20051201 20051231     2.0
20060101 20060131   120.3
20060201 20060228     9.2
20060301 20060331     0.6
20060401 20060430    32.3
20060501 20060531    17.5
20060601 20060630    27.0
20060701 20060731    40.7
20060801 20060831    80.2
20060901 20060930    28.2
20061001 20061031    17.5
20061101 20061130    14.8
20061201 20061231    16.6
20070101 20070131    10.7
20070201 20070228     2.6
20070301 20070331     1.3
20070401 20070430    22.0
20070501 20070531    17.4
20070601 20070630    38.9
20070701 20070731   104.7
20070801 20070831    62.8
20070901 20070930    37.0
20071001 20071031    35.7
20071101 20071130     0.0
20071201 20071231    27.1
20080101 20080131     0.1
20080201 20080229    49.8
20080301 20080331    14.0
20080401 20080430    85.2
20080501 20080531    16.8
20080601 20080630    40.5
20080701 20080731   127.6
20080801 20080831     4.7
20080901 20080930    37.5
20081001 20081031    13.5
20081101 20081130    24.7
20081201 20081231     6.7
20090101 20090131    77.6
20090201 20090228    17.8
20090301 20090331    15.8
20090401 20090430     5.2
20090501 20090531    11.5
20090601 20090630    91.8
20090701 20090731    83.7
20090801 20090831    52.1
20090901 20090930    42.6
20091001 20091031    13.6
20091101 20091130    16.1
20091201 20091231     2.8
20100101 20100131     0.0
20100201 20100228     0.2
20100301 20100331    72.6
20100401 20100430     1.8
20100501 20100531    43.3
20100601 20100630    33.2
20100701 20100731    51.2
20100801 20100831    18.6
20100901 20100930    13.8
20101001 20101031     3.0
20101101 20101130    12.2
20101201 20101231    13.0
20110101 20110131    31.2
20110201 20110228     0.0
20110301 20110331     0.0
20110401 20110430    11.1
20110501 20110531    56.8
20110601 20110630    60.0
20110701 20110731   112.4
20110801 20110831    49.2
20110901 20110930    49.0
20111001 20111031    51.1
20111101 20111130    22.4
20111201 20111231    49.6
20120101 20120131     4.4
20120201 20120229    37.6
20120301 20120331     0.4
20120401 20120430    15.2
20120501 20120531    29.8
20120601 20120630    74.6
20120701 20120731    18.8
20120801 20120831    45.4
20120901 20120930    48.6
20121001 20121031     3.8
20121101 20121130    31.4
20121201 20121231    12.8
20130101 20130131    29.6
20130201 20130228     2.8
20130301 20130331    47.4
20130401 20130430     2.7
20130501 20130531    69.8
20130601 20130630     7.8
20130701 20130731    64.4
20130801 20130831    58.4
20130901 20130930    80.0
20131001 20131031    19.1
20131101 20131130     2.2
20131201 20131231     2.4
20140101 20140131     0.4
20140201 20140228     1.2
20140301 20140331     3.4
20140401 20140430    30.0
20140501 20140531    75.5
20140601 20140630    34.1
20140701 20140731    74.9
20140801 20140831    48.6
20140901 20140930    42.4
20141001 20141031    18.6
20141101 20141130    13.1
20141201 20141231     0.0
20150101 20150131     5.0
20150201 20150228     7.3
20150301 20150331    33.2
20150401 20150430    24.7
20150501 20150531    24.6
20150601 20150630    32.2
20150701 20150731    55.4
20150801 20150831    37.3
20150901 20150930     9.8
20151001 20151031    15.2
20151101 20151130     6.3
20151201 20151231    27.4
20160101 20160131    64.9
20160201 20160229     0.0
20160301 20160331    53.8
20160401 20160430    68.8
20160501 20160531    43.2
