PRCP       012029 19010101 20180131 missing_value=99999.9 FRASER RANGE                              
19010101 19010131     5.1
19010201 19010228    39.9
19010301 19010331     0.0
19010401 19010430     5.6
19010501 19010531     8.9
19010601 19010630    17.8
19010701 19010731     6.1
19010801 19010831    29.5
19010901 19010930    33.3
19011001 19011031    20.8
19011101 19011130     7.6
19011201 19011231     9.4
19020101 19020131    42.4
19020201 19020228    72.9
19020301 19020331     0.5
19020401 19020430     0.0
19020501 19020531    60.5
19020601 19020630    16.5
19020701 19020731    26.4
19020801 19020831    24.1
19020901 19020930    64.8
19021001 19021031    28.4
19021101 19021130    31.0
19021201 19021231    41.1
19030101 19030131     2.3
19030201 19030228     2.3
19030301 19030331     0.0
19030401 19030430    51.1
19030501 19030531    37.8
19030601 19030630    10.2
19030701 19030731    37.3
19030801 19030831     9.1
19030901 19030930    19.8
19031001 19031031    35.8
19031101 19031130    16.8
19031201 19031231    48.3
19040101 19040131     0.0
19040201 19040229     0.0
19040301 19040331    11.9
19040401 19040430    33.3
19040501 19040531    47.0
19040601 19040630    59.4
19040701 19040731    45.7
19040801 19040831    13.7
19040901 19040930    64.0
19041001 19041031    50.0
19041101 19041130     0.0
19041201 19041231     7.9
19050101 19050131    34.3
19050201 19050228    25.4
19050301 19050331     0.0
19050401 19050430    16.0
19050501 19050531    30.5
19050601 19050630     9.7
19050701 19050731     7.4
19050801 19050831    19.6
19050901 19050930    30.2
19051001 19051031    28.7
19051101 19051130    12.4
19051201 19051231    42.7
19060101 19060131     8.4
19060201 19060228    15.7
19060301 19060331     0.0
19060401 19060430     0.0
19060501 19060531    50.3
19060601 19060630    38.9
19060701 19060731    25.7
19060801 19060831    43.4
19060901 19060930    17.5
19061001 19061031     0.0
19061101 19061130    36.6
19061201 19061231     0.0
19070101 19070131     3.8
19070201 19070228    10.4
19070301 19070331   109.3
19070401 19070430     2.8
19070501 19070531    20.5
19070601 19070630    14.4
19070701 19070731    37.0
19070801 19070831    24.1
19070901 19070930     0.0
19071001 19071031    27.7
19071101 19071130    14.9
19071201 19071231    17.0
19080101 19080131     0.0
19080201 19080229    18.8
19080301 19080331    21.6
19080401 19080430    66.1
19080501 19080531    63.3
19080601 19080630    44.6
19080701 19080731     0.0
19080801 19080831    16.8
19080901 19080930    16.3
19081001 19081031     7.2
19081101 19081130    12.5
19081201 19081231     0.3
19090101 19090131    32.6
19090201 19090228     9.1
19090301 19090331     4.1
19090401 19090430    29.0
19090501 19090531    31.8
19090601 19090630    30.0
19090701 19090731    23.2
19090801 19090831    40.5
19090901 19090930     0.0
19091001 19091031    34.2
19091101 19091130    54.8
19091201 19091231     0.0
19100101 19100131     0.0
19100201 19100228     9.9
19100301 19100331     1.5
19100401 19100430     0.0
19100501 19100531    53.5
19100601 19100630    67.1
19100701 19100731    69.7
19100801 19100831    23.6
19100901 19100930    34.9
19101001 19101031    28.5
19101101 19101130    36.9
19101201 19101231     2.5
19110101 19110131     2.1
19110201 19110228     0.0
19110301 19110331     0.0
19110401 19110430     3.0
19110501 19110531    47.3
19110601 19110630    27.4
19110701 19110731    19.1
19110801 19110831    18.3
19110901 19110930     5.8
19111001 19111031    11.9
19111101 19111130     0.0
19111201 19111231     2.5
19120101 19120131     0.0
19120201 19120229    23.3
19120301 19120331    67.9
19120401 19120430    77.0
19120501 19120531    27.2
19120601 19120630    13.2
19120701 19120731    43.6
19120801 19120831     5.8
19120901 19120930     3.0
19121001 19121031    12.7
19121101 19121130    10.2
19121201 19121231     0.0
19130101 19130131     0.0
19130201 19130228     0.0
19130301 19130331    10.7
19130401 19130430    39.9
19130501 19130531    35.3
19130601 19130630    37.6
19130701 19130731    16.5
19130801 19130831    26.2
19130901 19130930    29.2
19131001 19131031    21.6
19131101 19131130     0.0
19131201 19131231     0.0
19140101 19140131     5.3
19140201 19140228     0.0
19140301 19140331    10.2
19140401 19140430    16.2
19140501 19140531     1.9
19140601 19140630     9.5
19140701 19140731    37.6
19140801 19140831    41.2
19140901 19140930     0.0
19141001 19141031    24.8
19141101 19141130    58.7
19141201 19141231   104.1
19150101 19150131    29.7
19150201 19150228   134.1
19150301 19150331     2.8
19150401 19150430     8.9
19150501 19150531    82.0
19150601 19150630    57.4
19150701 19150731    42.7
19150801 19150831    45.7
19150901 19150930    21.1
19151001 19151031    11.9
19151101 19151130     0.0
19151201 19151231     0.0
19160101 19160131    27.9
19160201 19160229     0.0
19160301 19160331    24.6
19160401 19160430     0.0
19160501 19160531    24.6
19160601 19160630    41.9
19160701 19160731    46.5
19160801 19160831    21.3
19160901 19160930    23.6
19161001 19161031     0.0
19161101 19161130     3.0
19161201 19161231     0.0
19170101 19170131    18.0
19170201 19170228     5.3
19170301 19170331   152.1
19170401 19170430    26.7
19170501 19170531    55.4
19170601 19170630    75.4
19170701 19170731    31.5
19170801 19170831    17.8
19170901 19170930    26.4
19171001 19171031     9.7
19171101 19171130    36.1
19171201 19171231    41.1
19180101 19180131    19.6
19180201 19180228    14.2
19180301 19180331    43.7
19180401 19180430    94.2
19180501 19180531    30.2
19180601 19180630    27.2
19180701 19180731    21.8
19180801 19180831    20.6
19180901 19180930     0.0
19181001 19181031    28.2
19181101 19181130    14.7
19181201 19181231     2.8
19190101 19190131     0.8
19190201 19190228     2.3
19190301 19190331    54.6
19190401 19190430    39.1
19190501 19190531    39.8
19190601 19190630    25.0
19190701 19190731    24.5
19190801 19190831    76.3
19190901 19190930     9.7
19191001 19191031     5.5
19191101 19191130    92.2
19191201 19191231    45.3
19200101 19200131     1.8
19200201 19200229    25.4
19200301 19200331    29.4
19200401 19200430    16.2
19200501 19200531    14.4
19200601 19200630    22.1
19200701 19200731    13.4
19200801 19200831    50.7
19200901 19200930    38.8
19201001 19201031    10.7
19201101 19201130    43.4
19201201 19201231     7.4
19210101 19210131    13.2
19210201 19210228     1.8
19210301 19210331     0.0
19210401 19210430     8.4
19210501 19210531   137.5
19210601 19210630    19.1
19210701 19210731     8.0
19210801 19210831    46.6
19210901 19210930    30.0
19211001 19211031     9.4
19211101 19211130     1.3
19211201 19211231    47.7
19220101 19220131     0.3
19220201 19220228     2.0
19220301 19220331    15.7
19220401 19220430    30.0
19220501 19220531    48.4
19220601 19220630    28.5
19220701 19220731    29.2
19220801 19220831    67.7
19220901 19220930    31.8
19221001 19221031     0.0
19221101 19221130    15.2
19221201 19221231    16.3
19230101 19230131     6.1
19230201 19230228     0.0
19230301 19230331    15.2
19230401 19230430    48.9
19230501 19230531     8.8
19230601 19230630    80.2
19230701 19230731    16.3
19230801 19230831    11.2
19230901 19230930    16.4
19231001 19231031     5.6
19231101 19231130     0.0
19231201 19231231    25.8
19240101 19240131     0.0
19240201 19240229     1.3
19240301 19240331    19.6
19240401 19240430    15.8
19240501 19240531    27.3
19240601 19240630    10.8
19240701 19240731     5.1
19240801 19240831    13.0
19240901 19240930    45.3
19241001 19241031    61.1
19241101 19241130     6.2
19241201 19241231     0.0
19250101 19250131    10.4
19250201 19250228    46.7
19250301 19250331    23.4
19250401 19250430   148.3
19250501 19250531    18.6
19250601 19250630    13.7
19250701 19250731    23.3
19250801 19250831     3.0
19250901 19250930    26.6
19251001 19251031    15.4
19251101 19251130    10.2
19251201 19251231    14.2
19260101 19260131     0.0
19260201 19260228     6.2
19260301 19260331    40.9
19260401 19260430    14.8
19260501 19260531    22.3
19260601 19260630    15.6
19260701 19260731    27.0
19260801 19260831    27.0
19260901 19260930    13.2
19261001 19261031     5.4
19261101 19261130     2.3
19261201 19261231     0.0
19270101 19270131    16.0
19270201 19270228    18.0
19270301 19270331   141.3
19270401 19270430     3.3
19270501 19270531    10.7
19270601 19270630    29.9
19270701 19270731    17.8
19270801 19270831    13.7
19270901 19270930    23.0
19271001 19271031    19.5
19271101 19271130    13.7
19271201 19271231    12.2
19280101 19280131     6.1
19280201 19280229     9.9
19280301 19280331    26.9
19280401 19280430    11.7
19280501 19280531    17.5
19280601 19280630     2.0
19280701 19280731    30.0
19280801 19280831    40.9
19280901 19280930     9.9
19281001 19281031    20.8
19281101 19281130     7.1
19281201 19281231    22.9
19290101 19290131     5.6
19290201 19290228     6.4
19290301 19290331    15.7
19290401 19290430     0.0
19290501 19290531    63.8
19290601 19290630    31.2
19290701 19290731     8.6
19290801 19290831    18.0
19290901 19290930     1.5
19291001 19291031     8.6
19291101 19291130    39.9
19291201 19291231     0.0
19300101 19300131     7.6
19300201 19300228    34.0
19300301 19300331    42.7
19300401 19300430    32.5
19300501 19300531    25.7
19300601 19300630     6.6
19300701 19300731    34.8
19300801 19300831     9.1
19300901 19300930     4.6
19301001 19301031     4.8
19301101 19301130    51.6
19301201 19301231     0.0
19310101 19310131    17.8
19310201 19310228    28.2
19310301 19310331    10.7
19310401 19310430    18.3
19310501 19310531    63.0
19310601 19310630    36.8
19310701 19310731    29.7
19310801 19310831    53.3
19310901 19310930    12.7
19311001 19311031    15.2
19311101 19311130    61.0
19311201 19311231     0.0
19320101 19320131     6.9
19320201 19320229     0.0
19320301 19320331    18.8
19320401 19320430    23.1
19320501 19320531    50.3
19320601 19320630    13.2
19320701 19320731    16.3
19320801 19320831    60.5
19320901 19320930     1.0
19321001 19321031    56.1
19321101 19321130    11.7
19321201 19321231     0.8
19330101 19330131     0.0
19330201 19330228     0.0
19330301 19330331     0.0
19330401 19330430    15.5
19330501 19330531    54.6
19330601 19330630    21.8
19330701 19330731    18.8
19330801 19330831    49.8
19330901 19330930     6.1
19331001 19331031    20.3
19331101 19331130    23.6
19331201 19331231    14.0
19340101 19340131    19.6
19340201 19340228     0.0
19340301 19340331    25.9
19340401 19340430    52.8
19340501 19340531     1.8
19340601 19340630    24.6
19340701 19340731    37.3
19340801 19340831    16.5
19340901 19340930    17.8
19341001 19341031     0.0
19341101 19341130    17.8
19341201 19341231     5.1
19350101 19350131    18.3
19350201 19350228    14.7
19350301 19350331     5.6
19350401 19350430    18.0
19350501 19350531     2.0
19350601 19350630    25.9
19350701 19350731    20.8
19350801 19350831    39.4
19350901 19350930    14.5
19351001 19351031    59.7
19351101 19351130     0.0
19351201 19351231     0.0
19360101 19360131    20.3
19360201 19360229     0.0
19360301 19360331     0.0
19360401 19360430    11.7
19360501 19360531    15.7
19360601 19360630    27.4
19360701 19360731    61.8
19360801 19360831    11.9
19360901 19360930     0.0
19361001 19361031     0.0
19361101 19361130    35.6
19361201 19361231    38.9
19370101 19370131    28.5
19370201 19370228     3.0
19370301 19370331   164.9
19370401 19370430     8.1
19370501 19370531    20.4
19370601 19370630    31.3
19370701 19370731     1.8
19370801 19370831    29.1
19370901 19370930    16.2
19371001 19371031    10.7
19371101 19371130    33.8
19371201 19371231    10.9
19380101 19380131    36.9
19380201 19380228     0.0
19380301 19380331    21.3
19380401 19380430    15.3
19380501 19380531    41.7
19380601 19380630    34.8
19380701 19380731    47.7
19380801 19380831     9.6
19380901 19380930    12.5
19381001 19381031    14.2
19381101 19381130    23.6
19381201 19381231     9.9
19390101 19390131   117.2
19390201 19390228     0.0
19390301 19390331     5.8
19390401 19390430     8.1
19390501 19390531     6.1
19390601 19390630    26.2
19390701 19390731    25.7
19390801 19390831    31.0
19390901 19390930    10.4
19391001 19391031    51.1
19391101 19391130    64.8
19391201 19391231     0.0
19400101 19400131    12.2
19400201 19400229     0.0
19400301 19400331     2.3
19400401 19400430     0.0
19400501 19400531    36.8
19400601 19400630     9.9
19400701 19400731    26.2
19400801 19400831    13.7
19400901 19400930    19.1
19401001 19401031    52.3
19401101 19401130     3.3
19401201 19401231    28.0
19410101 19410131     3.6
19410201 19410228     3.0
19410301 19410331    15.5
19410401 19410430    10.2
19410501 19410531    26.2
19410601 19410630    21.8
19410701 19410731    34.0
19410801 19410831    53.5
19410901 19410930    21.3
19411001 19411031    72.1
19411101 19411130    16.2
19411201 19411231    11.2
19420101 19420131    78.8
19420201 19420228    40.8
19420301 19420331    70.7
19420401 19420430    78.1
19420501 19420531    40.5
19420601 19420630    41.2
19420701 19420731    43.7
19420801 19420831    33.0
19420901 19420930    14.7
19421001 19421031    26.7
19421101 19421130     2.8
19421201 19421231    21.9
19430101 19430131     3.8
19430201 19430228    43.7
19430301 19430331   112.4
19430401 19430430    52.1
19430501 19430531     9.4
19430601 19430630    22.7
19430701 19430731    36.9
19430801 19430831    27.2
19430901 19430930    28.4
19431001 19431031     6.6
19431101 19431130    16.0
19431201 19431231    56.2
19440101 19440131     0.0
19440201 19440229     0.0
19440301 19440331     3.0
19440401 19440430    10.4
19440501 19440531    45.7
19440601 19440630     5.6
19440701 19440731    32.0
19440801 19440831    42.9
19440901 19440930     0.0
19441001 19441031     0.0
19441101 19441130     6.9
19441201 19441231    18.3
19450101 19450131    13.2
19450201 19450228     2.0
19450301 19450331     0.3
19450401 19450430     2.0
19450501 19450531    12.0
19450601 19450630    43.7
19450701 19450731    18.3
19450801 19450831    26.4
19450901 19450930    42.5
19451001 19451031     0.0
19451101 19451130     2.8
19451201 19451231    11.7
19460101 19460131     4.8
19460201 19460228    33.5
19460301 19460331     0.0
19460401 19460430    10.1
19460501 19460531    16.4
19460601 19460630    29.8
19460701 19460731    19.8
19460801 19460831    15.9
19460901 19460930    13.7
19461001 19461031     4.1
19461101 19461130    60.0
19461201 19461231    19.8
19470101 19470131    63.0
19470201 19470228    46.2
19470301 19470331    21.8
19470401 19470430    36.2
19470501 19470531    11.1
19470601 19470630    10.1
19470701 19470731    30.7
19470801 19470831    18.0
19470901 19470930     6.3
19471001 19471031    35.4
19471101 19471130    19.0
19471201 19471231     0.0
19480101 19480131     0.0
19480201 19480229   206.5
19480301 19480331     4.5
19480401 19480430    16.5
19480501 19480531     0.0
19480601 19480630    20.3
19480701 19480731    29.2
19480801 19480831    14.9
19480901 19480930     4.6
19481001 19481031    29.3
19481101 19481130     6.1
19481201 19481231    19.1
19490101 19490131     0.0
19490201 19490228     6.4
19490301 19490331     0.0
19490401 19490430     1.5
19490501 19490531    11.8
19490601 19490630    17.0
19490701 19490731    46.2
19490801 19490831    49.3
19490901 19490930    27.0
19491001 19491031    37.6
19491101 19491130    23.6
19491201 19491231    23.6
19500101 19500131     5.1
19500201 19500228     0.0
19500301 19500331     0.0
19500401 19500430     0.0
19500501 19500531    93.5
19500601 19500630    17.2
19500701 19500731    13.7
19500801 19500831    30.7
19500901 19500930    12.4
19501001 19501031    25.4
19501101 19501130     7.4
19501201 19501231     0.0
19510101 19510131    61.2
19510201 19510228    19.6
19510301 19510331    11.4
19510401 19510430    18.0
19510501 19510531    21.1
19510601 19510630    84.5
19510701 19510731    31.7
19510801 19510831    20.3
19510901 19510930    54.8
19511001 19511031    13.0
19511101 19511130     0.0
19511201 19511231    19.6
19520101 19520131   141.2
19520201 19520229    60.5
19520301 19520331    16.0
19520401 19520430    24.1
19520501 19520531     3.8
19520601 19520630    13.1
19520701 19520731    10.9
19520801 19520831     0.0
19520901 19520930    31.3
19521001 19521031    42.8
19521101 19521130    20.3
19521201 19521231     0.0
19530101 19530131     0.0
19530201 19530228     8.1
19530301 19530331    68.4
19530401 19530430    46.2
19530501 19530531    28.0
19530601 19530630    55.0
19530701 19530731    24.8
19530801 19530831    29.2
19530901 19530930    10.5
19531001 19531031     6.4
19531101 19531130     0.0
19531201 19531231     6.6
19540101 19540131     0.0
19540201 19540228     0.0
19540301 19540331     0.0
19540401 19540430     7.8
19540501 19540531    34.8
19540601 19540630     9.3
19540701 19540731    21.1
19540801 19540831    83.7
19540901 19540930    31.2
19541001 19541031    16.8
19541101 19541130     8.9
19541201 19541231     0.0
19550101 19550131    43.2
19550201 19550228    55.7
19550301 19550331    56.4
19550401 19550430    31.5
19550501 19550531    41.0
19550601 19550630    47.8
19550701 19550731    31.5
19550801 19550831    38.5
19550901 19550930   121.4
19551001 19551031     0.0
19551101 19551130    20.3
19551201 19551231    10.2
19560101 19560131     0.0
19560201 19560229     0.0
19560301 19560331     0.0
19560401 19560430     0.0
19560501 19560531    67.0
19560601 19560630    45.0
19560701 19560731    73.5
19560801 19560831     0.0
19560901 19560930     0.0
19561001 19561031     9.9
19561101 19561130    21.6
19561201 19561231    17.8
19570101 19570131     0.0
19570201 19570228    46.5
19570301 19570331     4.1
19570401 19570430     0.0
19570501 19570531     0.0
19570601 19570630    75.9
19570701 19570731     0.0
19570801 19570831    33.2
19570901 19570930     4.3
19571001 19571031     0.0
19571101 19571130     0.0
19571201 19571231    12.4
19580101 19580131     6.1
19580201 19580228     9.4
19580301 19580331    11.4
19580401 19580430     0.0
19580501 19580531    24.6
19580601 19580630    18.9
19580701 19580731    60.9
19580801 19580831    43.9
19580901 19580930    67.0
19581001 19581031    17.8
19581101 19581130    12.9
19581201 19581231    50.4
19590101 19590131    14.0
19590201 19590228    42.9
19590301 19590331     3.6
19590401 19590430    16.7
19590501 19590531     3.3
19590601 19590630    47.9
19590701 19590731     9.0
19590801 19590831    24.5
19590901 19590930    32.1
19591001 19591031    10.3
19591101 19591130    40.9
19591201 19591231    39.6
19600101 19600131    42.5
19600201 19600229    47.6
19600301 19600331    66.4
19600401 19600430    25.1
19600501 19600531    29.8
19600601 19600630    18.6
19600701 19600731   126.3
19600801 19600831     8.0
19600901 19600930    54.1
19601001 19601031     5.0
19601101 19601130     5.5
19601201 19601231    56.6
19610101 19610131    61.4
19610201 19610228     5.1
19610301 19610331    12.7
19610401 19610430   100.0
19610501 19610531     3.8
19610601 19610630    26.5
19610701 19610731    28.2
19610801 19610831    13.8
19610901 19610930    13.8
19611001 19611031     0.0
19611101 19611130     0.0
19611201 19611231     8.7
19620101 19620131     0.0
19620201 19620228     9.2
19620301 19620331    34.8
19620401 19620430    10.2
19620501 19620531    66.2
19620601 19620630    36.5
19620701 19620731    27.3
19620801 19620831    10.6
19620901 19620930    39.3
19621001 19621031    22.9
19621101 19621130     2.1
19621201 19621231    16.8
19630101 19630131    40.5
19630201 19630228   139.4
19630301 19630331    65.6
19630401 19630430    47.7
19630501 19630531   112.0
19630601 19630630    41.1
19630701 19630731    70.9
19630801 19630831    54.5
19630901 19630930     7.2
19631001 19631031     3.8
19631101 19631130    52.2
19631201 19631231    12.8
19640101 19640131    30.0
19640201 19640229     4.8
19640301 19640331     7.1
19640401 19640430    63.6
19640501 19640531     2.8
19640601 19640630    38.6
19640701 19640731   104.2
19640801 19640831    25.2
19640901 19640930    59.0
19641001 19641031    21.1
19641101 19641130    33.0
19641201 19641231     0.0
19650101 19650131     0.0
19650201 19650228     2.8
19650301 19650331     4.8
19650401 19650430     1.0
19650501 19650531    72.4
19650601 19650630    93.2
19650701 19650731    24.9
19650801 19650831    45.5
19650901 19650930    22.5
19651001 19651031    20.6
19651101 19651130    28.4
19651201 19651231     6.3
19660101 19660131    33.2
19660201 19660228    28.0
19660301 19660331     0.0
19660401 19660430    41.5
19660501 19660531    12.5
19660601 19660630    51.1
19660701 19660731    24.6
19660801 19660831    32.1
19660901 19660930    30.6
19661001 19661031    34.3
19661101 19661130     4.5
19661201 19661231    33.1
19670101 19670131   144.8
19670201 19670228    20.8
19670301 19670331    36.8
19670401 19670430    31.7
19670501 19670531    55.2
19670601 19670630    24.3
19670701 19670731    39.8
19670801 19670831    25.8
19670901 19670930     6.1
19671001 19671031    29.6
19671101 19671130    12.4
19671201 19671231    24.9
19680101 19680131     7.4
19680201 19680229    15.2
19680301 19680331    57.6
19680401 19680430    16.2
19680501 19680531    41.5
19680601 19680630   122.4
19680701 19680731    27.9
19680801 19680831    12.7
19680901 19680930    35.8
19681001 19681031     6.8
19681101 19681130    10.1
19681201 19681231    54.7
19690101 19690131     0.0
19690201 19690228     6.1
19690301 19690331    43.2
19690401 19690430    42.9
19690501 19690531    49.5
19690601 19690630    22.4
19690701 19690731     3.1
19690801 19690831     8.6
19690901 19690930    25.4
19691001 19691031    28.5
19691101 19691130     0.0
19691201 19691231     4.3
19700101 19700131     2.8
19700201 19700228    26.7
19700301 19700331    15.0
19700401 19700430    41.4
19700501 19700531    19.3
19700601 19700630    31.8
19700701 19700731    16.7
19700801 19700831     6.4
19700901 19700930    77.6
19701001 19701031     8.4
19701101 19701130     7.9
19701201 19701231     1.8
19710101 19710131    15.7
19710201 19710228     0.0
19710301 19710331    14.5
19710401 19710430     8.0
19710501 19710531    20.3
19710601 19710630    46.5
19710701 19710731    10.7
19710801 19710831    20.7
19710901 19710930    18.6
19711001 19711031     9.7
19711101 19711130    67.8
19711201 19711231     3.6
19720101 19720131    11.7
19720201 19720229     5.1
19720301 19720331    27.7
19720401 19720430     6.6
19720501 19720531     1.5
19720601 19720630    46.5
19720701 19720731    33.1
19720801 19720831    19.6
19720901 19720930    10.0
19721001 19721031     2.0
19721101 19721130    27.0
19721201 19721231     3.8
19730101 19730131    13.2
19730201 19730228     3.3
19730301 19730331     0.0
19730401 19730430    49.7
19730501 19730531    23.2
19730601 19730630    55.4
19730701 19730731    39.5
19730801 19730831    47.8
19730901 19730930    32.3
19731001 19731031    20.6
19731101 19731130    46.5
19731201 19731231    10.9
19740101 19740131     2.2
19740201 19740228    21.4
19740301 19740331    78.4
19740401 19740430    81.4
19740501 19740531    51.4
19740601 19740630    32.5
19740701 19740731    36.8
19740801 19740831    26.7
19740901 19740930    29.3
19741001 19741031    10.2
19741101 19741130    11.5
19741201 19741231     1.3
19750101 19750131     0.0
19750201 19750228    74.6
19750301 19750331    47.4
19750401 19750430    58.0
19750501 19750531    28.8
19750601 19750630    14.2
19750701 19750731    31.8
19750801 19750831    54.6
19750901 19750930     5.0
19751001 19751031    89.2
19751101 19751130    43.2
19751201 19751231    12.6
19760101 19760131    13.2
19760201 19760229    81.8
19760301 19760331     3.2
19760401 19760430    10.2
19760501 19760531     7.8
19760601 19760630     8.2
19760701 19760731     9.6
19760801 19760831    13.2
19760901 19760930    14.2
19761001 19761031    36.0
19761101 19761130    26.2
19761201 19761231     2.4
19770101 19770131     0.0
19770201 19770228    15.0
19770301 19770331     0.0
19770401 19770430    19.6
19770501 19770531    24.6
19770601 19770630    12.2
19770701 19770731     7.0
19770801 19770831    24.4
19770901 19770930    16.6
19771001 19771031    34.6
19771101 19771130    23.0
19771201 19771231     5.0
19780101 19780131    20.0
19780201 19780228    37.8
19780301 19780331     0.0
19780401 19780430     0.0
19780501 19780531    15.4
19780601 19780630    32.0
19780701 19780731    68.2
19780801 19780831    18.2
19780901 19780930    37.4
19781001 19781031     5.6
19781101 19781130     0.0
19781201 19781231    22.2
19790101 19790131     0.0
19790201 19790228    91.1
19790301 19790331     0.0
19790401 19790430    49.2
19790501 19790531    22.8
19790601 19790630    19.5
19790701 19790731    31.6
19790801 19790831    28.2
19790901 19790930    22.4
19791001 19791031     0.0
19791101 19791130    33.8
19791201 19791231     0.0
19800101 19800131    29.4
19800201 19800229     0.0
19800301 19800331     0.0
19800401 19800430     0.0
19800501 19800531    92.4
19800601 19800630    71.5
19800701 19800731    15.9
19800801 19800831    14.0
19800901 19800930     0.0
19801001 19801031    11.0
19801101 19801130    11.0
19801201 19801231     0.0
19810101 19810131    47.0
19810201 19810228     0.0
19810301 19810331     9.0
19810401 19810430     2.5
19810501 19810531    39.3
19810601 19810630    42.8
19810701 19810731    31.6
19810801 19810831     7.5
19810901 19810930     0.0
19811001 19811031     0.0
19811101 19811130    78.0
19811201 19811231    19.0
19820101 19820131     0.0
19820201 19820228    19.0
19820301 19820331   123.6
19820401 19820430     0.0
19820501 19820531    39.4
19820601 19820630    26.0
19820701 19820731     0.0
19820801 19820831     0.0
19820901 19820930    20.0
19821001 19821031    48.0
19821101 19821130    44.0
19821201 19821231    52.0
19830101 19830131    20.0
19830201 19830228     0.0
19830301 19830331    26.0
19830401 19830430     0.0
19830501 19830531    22.2
19830601 19830630    18.6
19830701 19830731    25.5
19830801 19830831    21.0
19830901 19830930    26.6
19831001 19831031    26.4
19831101 19831130    49.6
19831201 19831231   130.4
19840101 19840131     0.2
19840201 19840229     1.6
19840301 19840331    68.9
19840401 19840430    29.7
19840501 19840531    58.1
19840601 19840630     7.0
19840701 19840731    65.8
19840801 19840831    60.9
19840901 19840930    63.9
19841001 19841031    29.7
19841101 19841130    10.4
19841201 19841231     6.2
19850101 19850131     0.0
19850201 19850228    20.0
19850301 19850331    43.0
19850401 19850430     0.0
19850501 19850531    29.1
19850601 19850630    17.6
19850701 19850731    42.6
19850801 19850831    42.6
19850901 19850930    27.8
19851001 19851031    15.4
19851101 19851130    52.4
19851201 19851231     6.0
19860101 19860131     2.5
19860201 19860228    15.0
19860301 19860331    23.0
19860401 19860430    15.4
19860501 19860531   151.7
19860601 19860630    76.8
19860701 19860731    54.8
19860801 19860831    31.6
19860901 19860930    28.8
19861001 19861031    16.0
19861101 19861130    52.8
19861201 19861231    27.4
19870101 19870131   102.4
19870201 19870228     2.0
19870301 19870331    12.2
19870401 19870430    26.4
19870501 19870531    31.0
19870601 19870630    30.6
19870701 19870731    11.6
19870801 19870831    11.6
19870901 19870930    13.0
19871001 19871031    10.0
19871101 19871130    60.0
19871201 19871231    15.0
19880101 19880131    21.6
19880201 19880229    11.6
19880301 19880331    32.7
19880401 19880430    51.7
19880501 19880531    91.3
19880601 19880630    27.2
19880701 19880731    37.8
19880801 19880831    28.6
19880901 19880930    11.0
19881001 19881031     6.5
19881101 19881130    12.0
19881201 19881231    58.8
19890101 19890131     7.4
19890201 19890228     8.4
19890301 19890331    15.8
19890401 19890430    41.9
19890501 19890531    57.8
19890601 19890630    86.0
19890701 19890731    23.5
19890801 19890831    11.2
19890901 19890930     3.2
19891001 19891031    25.0
19891101 19891130    25.6
19891201 19891231     3.6
19900101 19900131    33.8
19900201 19900228     4.8
19900301 19900331    39.2
19900401 19900430    27.6
19900501 19900531    91.4
19900601 19900630    30.6
19900701 19900731    36.6
19900801 19900831    21.8
19900901 19900930    45.4
19901001 19901031     9.6
19901101 19901130 99999.9
19901201 19901231    14.0
19910101 19910131     1.2
19910201 19910228     0.0
19910301 19910331     3.0
19910401 19910430     6.5
19910501 19910531    17.6
19910601 19910630    68.2
19910701 19910731    30.8
19910801 19910831    13.8
19910901 19910930    10.4
19911001 19911031    18.2
19911101 19911130    36.0
19911201 19911231    83.6
19920101 19920131     9.2
19920201 19920229    37.2
19920301 19920331   136.6
19920401 19920430    39.0
19920501 19920531    80.2
19920601 19920630    63.2
19920701 19920731    11.5
19920801 19920831    90.2
19920901 19920930    51.1
19921001 19921031    16.2
19921101 19921130    25.5
19921201 19921231    43.2
19930101 19930131     9.2
19930201 19930228    45.2
19930301 19930331    80.7
19930401 19930430    22.8
19930501 19930531    42.6
19930601 19930630    38.2
19930701 19930731    15.0
19930801 19930831    68.8
19930901 19930930    19.0
19931001 19931031    18.8
19931101 19931130    90.8
19931201 19931231    16.6
19940101 19940131 99999.9
19940201 19940228 99999.9
19940301 19940331 99999.9
19940401 19940430 99999.9
19940501 19940531 99999.9
19940601 19940630 99999.9
19940701 19940731 99999.9
19940801 19940831 99999.9
19940901 19940930 99999.9
19941001 19941031 99999.9
19941101 19941130 99999.9
19941201 19941231 99999.9
19950101 19950131    20.2
19950201 19950228   188.2
19950301 19950331    15.0
19950401 19950430    43.4
19950501 19950531    35.1
19950601 19950630    36.4
19950701 19950731    69.0
19950801 19950831     6.0
19950901 19950930     5.2
19951001 19951031    13.4
19951101 19951130     9.4
19951201 19951231    42.4
19960101 19960131     4.4
19960201 19960229    16.2
19960301 19960331    27.4
19960401 19960430    58.0
19960501 19960531     8.2
19960601 19960630    57.6
19960701 19960731    58.9
19960801 19960831    22.6
19960901 19960930    50.7
19961001 19961031    11.2
19961101 19961130     7.0
19961201 19961231     1.0
19970101 19970131     8.8
19970201 19970228    33.2
19970301 19970331    13.0
19970401 19970430     7.0
19970501 19970531    64.2
19970601 19970630    19.8
19970701 19970731    32.8
19970801 19970831    58.4
19970901 19970930    65.4
19971001 19971031     6.8
19971101 19971130    18.6
19971201 19971231     5.4
19980101 19980131     0.0
19980201 19980228     0.0
19980301 19980331     3.0
19980401 19980430    34.3
19980501 19980531    21.6
19980601 19980630 99999.9
19980701 19980731    48.9
19980801 19980831    44.6
19980901 19980930    30.8
19981001 19981031     3.8
19981101 19981130    23.4
19981201 19981231    14.1
19990101 19990131    59.6
19990201 19990228     5.4
19990301 19990331   162.0
19990401 19990430     4.6
19990501 19990531    33.4
19990601 19990630    10.8
19990701 19990731    36.0
19990801 19990831    23.4
19990901 19990930    27.4
19991001 19991031     5.0
19991101 19991130    16.2
19991201 19991231    14.2
20000101 20000131   161.6
20000201 20000229    74.2
20000301 20000331   103.2
20000401 20000430    31.6
20000501 20000531     7.2
20000601 20000630    11.2
20000701 20000731    15.4
20000801 20000831    35.0
20000901 20000930    22.4
20001001 20001031    11.2
20001101 20001130    45.6
20001201 20001231     0.8
20010101 20010131    16.4
20010201 20010228   249.6
20010301 20010331     0.0
20010401 20010430     0.0
20010501 20010531    32.8
20010601 20010630    13.0
20010701 20010731    42.0
20010801 20010831    20.8
20010901 20010930    22.4
20011001 20011031    18.2
20011101 20011130    20.6
20011201 20011231    12.6
20020101 20020131 99999.9
20020201 20020228 99999.9
20020301 20020331     8.6
20020401 20020430    37.4
20020501 20020531     0.4
20020601 20020630    14.8
20020701 20020731    16.8
20020801 20020831    23.3
20020901 20020930     0.0
20021001 20021031     8.0
20021101 20021130    26.6
20021201 20021231    67.2
20030101 20030131    10.7
20030201 20030228    41.6
20030301 20030331    28.8
20030401 20030430    18.3
20030501 20030531    55.2
20030601 20030630    11.4
20030701 20030731    28.6
20030801 20030831    35.2
20030901 20030930    52.4
20031001 20031031    12.4
20031101 20031130    65.8
20031201 20031231    18.8
20040101 20040131    53.8
20040201 20040229    47.4
20040301 20040331    53.6
20040401 20040430    31.8
20040501 20040531    19.4
20040601 20040630    25.4
20040701 20040731    18.2
20040801 20040831    31.6
20040901 20040930    19.4
20041001 20041031    17.6
20041101 20041130     0.0
20041201 20041231     6.5
20050101 20050131    16.5
20050201 20050228     2.2
20050301 20050331    20.8
20050401 20050430    26.6
20050501 20050531    21.4
20050601 20050630    40.0
20050701 20050731     0.0
20050801 20050831    55.0
20050901 20050930    22.0
20051001 20051031    36.2
20051101 20051130     7.6
20051201 20051231    11.2
20060101 20060131   123.7
20060201 20060228     5.6
20060301 20060331    54.4
20060401 20060430    32.2
20060501 20060531    20.0
20060601 20060630     3.8
20060701 20060731    18.0
20060801 20060831     0.0
20060901 20060930    27.6
20061001 20061031    17.4
20061101 20061130    35.2
20061201 20061231    24.0
20070101 20070131    86.4
20070201 20070228     0.0
20070301 20070331    14.0
20070401 20070430    21.6
20070501 20070531    19.9
20070601 20070630    34.0
20070701 20070731 99999.9
20070801 20070831    11.4
20070901 20070930    13.0
20071001 20071031    12.2
20071101 20071130     0.0
20071201 20071231    23.0
20080101 20080131     2.2
20080201 20080229    43.0
20080301 20080331     3.4
20080401 20080430    26.0
20080501 20080531     9.6
20080601 20080630     0.0
20080701 20080731    56.4
20080801 20080831    26.4
20080901 20080930    19.4
20081001 20081031    60.8
20081101 20081130    36.2
20081201 20081231    43.4
20090101 20090131    86.6
20090201 20090228     9.0
20090301 20090331     5.6
20090401 20090430    34.0
20090501 20090531 99999.9
20090601 20090630 99999.9
20090701 20090731 99999.9
20090801 20090831 99999.9
20090901 20090930 99999.9
20091001 20091031     6.8
20091101 20091130    26.2
20091201 20091231    17.9
20100101 20100131     9.7
20100201 20100228     4.2
20100301 20100331    77.5
20100401 20100430    19.2
20100501 20100531    56.8
20100601 20100630     6.0
20100701 20100731    21.8
20100801 20100831    19.1
20100901 20100930    28.6
20101001 20101031    21.5
20101101 20101130     1.0
20101201 20101231    16.5
20110101 20110131    35.1
20110201 20110228    16.5
20110301 20110331    29.2
20110401 20110430     6.4
20110501 20110531    18.4
20110601 20110630    15.6
20110701 20110731    16.6
20110801 20110831     8.6
20110901 20110930    22.9
20111001 20111031    60.2
20111101 20111130     9.2
20111201 20111231    14.8
20120101 20120131    10.0
20120201 20120229    10.0
20120301 20120331   107.0
20120401 20120430     2.0
20120501 20120531 99999.9
20120601 20120630 99999.9
20120701 20120731 99999.9
20120801 20120831 99999.9
20120901 20120930 99999.9
20121001 20121031 99999.9
20121101 20121130 99999.9
20121201 20121231 99999.9
20130101 20130131    36.0
20130201 20130228     8.5
20130301 20130331   162.1
20130401 20130430     3.0
20130501 20130531    93.0
20130601 20130630    21.0
20130701 20130731    43.3
20130801 20130831    21.7
20130901 20130930    23.4
20131001 20131031    16.5
20131101 20131130    47.5
20131201 20131231    21.0
20140101 20140131   175.8
20140201 20140228    10.5
20140301 20140331 99999.9
20140401 20140430    21.3
20140501 20140531    30.9
20140601 20140630     7.2
20140701 20140731    39.0
20140801 20140831 99999.9
20140901 20140930 99999.9
20141001 20141031 99999.9
20141101 20141130    12.8
20141201 20141231    37.2
20150101 20150131     4.4
20150201 20150228    68.0
20150301 20150331     7.8
20150401 20150430    28.7
20150501 20150531     5.8
20150601 20150630    57.1
20150701 20150731    52.7
20150801 20150831    61.3
20150901 20150930     9.6
20151001 20151031     8.7
20151101 20151130    37.7
20151201 20151231    40.4
20160101 20160131    72.6
20160201 20160229     7.5
20160301 20160331    36.8
20160401 20160430     2.9
20160501 20160531    23.2
20160601 20160630    51.2
20160701 20160731    39.6
20160801 20160831    54.4
20160901 20160930    27.4
20161001 20161031    14.1
20161101 20161130     0.0
20161201 20161231    19.4
20170101 20170131    20.4
20170201 20170228    57.2
20170301 20170331    29.7
20170401 20170430    11.0
20170501 20170531    30.0
20170601 20170630     9.2
20170701 20170731    28.0
20170801 20170831    19.1
20170901 20170930    16.6
20171001 20171031     0.0
20171101 20171130    83.0
20171201 20171231    30.5
20180101 20180131    23.0
