PRCP       047029 18821101 20180131 missing_value=99999.9 POONCARIE TELECENTRE                      
18821101 18821130    35.6
18821201 18821231    14.5
18830101 18830131     0.0
18830201 18830228     9.7
18830301 18830331     3.6
18830401 18830430    12.4
18830501 18830531    45.6
18830601 18830630    24.4
18830701 18830731     9.2
18830801 18830831    34.1
18830901 18830930    18.5
18831001 18831031    24.1
18831101 18831130    37.8
18831201 18831231     0.0
18840101 18840131     0.0
18840201 18840229     0.0
18840301 18840331    25.7
18840401 18840430     5.8
18840501 18840531    43.4
18840601 18840630    21.7
18840701 18840731     0.0
18840801 18840831    10.5
18840901 18840930    28.8
18841001 18841031    10.5
18841101 18841130    28.7
18841201 18841231     1.5
18850101 18850131    14.8
18850201 18850228    24.9
18850301 18850331    36.6
18850401 18850430     2.3
18850501 18850531     6.4
18850601 18850630    14.9
18850701 18850731     6.8
18850801 18850831     5.1
18850901 18850930    36.1
18851001 18851031     6.6
18851101 18851130     0.0
18851201 18851231    36.1
18860101 18860131    24.4
18860201 18860228     0.0
18860301 18860331     0.0
18860401 18860430     0.0
18860501 18860531    18.0
18860601 18860630    32.0
18860701 18860731    66.8
18860801 18860831    50.2
18860901 18860930    28.9
18861001 18861031    10.6
18861101 18861130     8.7
18861201 18861231    58.7
18870101 18870131    13.5
18870201 18870228    10.7
18870301 18870331    27.2
18870401 18870430    55.9
18870501 18870531    21.3
18870601 18870630    47.1
18870701 18870731    39.1
18870801 18870831    20.8
18870901 18870930     0.0
18871001 18871031    25.4
18871101 18871130    64.0
18871201 18871231    32.5
18880101 18880131     0.0
18880201 18880229    30.8
18880301 18880331     0.0
18880401 18880430     0.0
18880501 18880531     0.0
18880601 18880630     3.1
18880701 18880731     5.6
18880801 18880831     4.6
18880901 18880930    75.7
18881001 18881031     0.0
18881101 18881130     0.0
18881201 18881231    12.2
18890101 18890131    62.3
18890201 18890228    23.4
18890301 18890331     0.0
18890401 18890430    64.3
18890501 18890531   151.6
18890601 18890630    57.4
18890701 18890731     0.0
18890801 18890831    32.3
18890901 18890930    22.3
18891001 18891031    43.6
18891101 18891130    26.5
18891201 18891231     0.0
18900101 18900131     6.4
18900201 18900228     0.0
18900301 18900331    46.3
18900401 18900430     0.0
18900501 18900531    90.9
18900601 18900630    25.6
18900701 18900731    47.1
18900801 18900831    34.3
18900901 18900930     0.0
18901001 18901031    41.7
18901101 18901130    18.8
18901201 18901231    15.2
18910101 18910131    48.3
18910201 18910228     0.0
18910301 18910331    45.5
18910401 18910430    72.3
18910501 18910531     2.5
18910601 18910630    47.8
18910701 18910731     8.5
18910801 18910831    57.0
18910901 18910930     7.1
18911001 18911031    39.5
18911101 18911130     9.9
18911201 18911231    16.8
18920101 18920131     2.3
18920201 18920229     1.6
18920301 18920331     8.9
18920401 18920430     4.3
18920501 18920531    55.2
18920601 18920630     9.4
18920701 18920731    10.7
18920801 18920831    30.5
18920901 18920930    30.4
18921001 18921031    70.8
18921101 18921130    68.0
18921201 18921231     6.6
18930101 18930131     0.0
18930201 18930228     0.0
18930301 18930331     9.4
18930401 18930430    15.0
18930501 18930531    60.7
18930601 18930630    52.1
18930701 18930731    18.8
18930801 18930831    23.8
18930901 18930930    14.5
18931001 18931031     2.0
18931101 18931130    21.6
18931201 18931231     8.1
18940101 18940131    99.4
18940201 18940228     6.6
18940301 18940331    73.7
18940401 18940430    10.2
18940501 18940531     2.8
18940601 18940630    61.2
18940701 18940731    14.4
18940801 18940831    48.8
18940901 18940930    20.6
18941001 18941031    81.6
18941101 18941130     1.8
18941201 18941231    83.6
18950101 18950131    39.9
18950201 18950228     5.8
18950301 18950331     0.0
18950401 18950430    35.9
18950501 18950531    10.6
18950601 18950630    36.3
18950701 18950731    13.5
18950801 18950831    28.2
18950901 18950930    11.9
18951001 18951031     7.1
18951101 18951130     5.3
18951201 18951231    42.2
18960101 18960131     6.6
18960201 18960229    39.8
18960301 18960331     6.4
18960401 18960430    37.1
18960501 18960531    20.0
18960601 18960630    16.5
18960701 18960731    22.6
18960801 18960831    12.2
18960901 18960930     6.1
18961001 18961031    13.5
18961101 18961130     5.8
18961201 18961231    11.7
18970101 18970131    35.5
18970201 18970228     1.0
18970301 18970331     0.0
18970401 18970430     0.0
18970501 18970531     6.9
18970601 18970630    22.1
18970701 18970731    47.2
18970801 18970831    11.2
18970901 18970930    17.3
18971001 18971031     6.1
18971101 18971130     0.0
18971201 18971231     3.0
18980101 18980131     6.6
18980201 18980228     7.6
18980301 18980331     0.0
18980401 18980430    15.0
18980501 18980531     5.4
18980601 18980630    56.7
18980701 18980731     6.4
18980801 18980831    43.3
18980901 18980930     1.0
18981001 18981031    14.0
18981101 18981130     0.3
18981201 18981231    24.2
18990101 18990131     6.4
18990201 18990228    38.1
18990301 18990331    14.2
18990401 18990430    21.1
18990501 18990531     0.8
18990601 18990630    69.1
18990701 18990731    32.0
18990801 18990831     6.1
18990901 18990930    11.0
18991001 18991031    15.7
18991101 18991130    21.1
18991201 18991231     0.0
19000101 19000131    39.0
19000201 19000228     0.0
19000301 19000331    46.9
19000401 19000430    47.7
19000501 19000531    17.6
19000601 19000630    41.3
19000701 19000731    20.3
19000801 19000831    23.1
19000901 19000930     2.0
19001001 19001031     5.1
19001101 19001130     0.3
19001201 19001231     0.0
19010101 19010131     5.6
19010201 19010228    30.7
19010301 19010331     6.6
19010401 19010430    10.9
19010501 19010531     2.0
19010601 19010630    11.2
19010701 19010731    20.9
19010801 19010831    92.1
19010901 19010930     7.9
19011001 19011031    21.8
19011101 19011130     4.0
19011201 19011231     0.8
19020101 19020131     0.8
19020201 19020228     0.0
19020301 19020331     3.0
19020401 19020430     0.0
19020501 19020531     3.3
19020601 19020630     6.3
19020701 19020731     2.5
19020801 19020831     5.4
19020901 19020930    15.5
19021001 19021031     5.1
19021101 19021130     0.0
19021201 19021231    52.8
19030101 19030131     2.8
19030201 19030228    14.7
19030301 19030331    37.4
19030401 19030430    14.6
19030501 19030531    11.5
19030601 19030630    22.2
19030701 19030731    11.2
19030801 19030831    42.4
19030901 19030930    29.0
19031001 19031031    33.0
19031101 19031130    31.3
19031201 19031231    60.5
19040101 19040131     9.9
19040201 19040229     8.1
19040301 19040331     4.3
19040401 19040430     8.4
19040501 19040531     5.4
19040601 19040630    43.0
19040701 19040731    46.4
19040801 19040831    30.3
19040901 19040930    15.2
19041001 19041031    26.2
19041101 19041130     9.9
19041201 19041231    22.4
19050101 19050131    23.1
19050201 19050228    12.9
19050301 19050331     4.4
19050401 19050430    79.4
19050501 19050531    31.8
19050601 19050630    40.0
19050701 19050731    27.5
19050801 19050831     6.4
19050901 19050930    10.2
19051001 19051031    25.4
19051101 19051130     0.0
19051201 19051231     2.8
19060101 19060131    10.9
19060201 19060228    89.2
19060301 19060331    48.9
19060401 19060430     2.3
19060501 19060531    62.2
19060601 19060630    34.0
19060701 19060731    22.6
19060801 19060831    47.1
19060901 19060930    48.0
19061001 19061031    14.2
19061101 19061130    27.4
19061201 19061231    10.4
19070101 19070131    11.9
19070201 19070228     0.0
19070301 19070331    12.9
19070401 19070430    11.7
19070501 19070531    25.1
19070601 19070630    43.2
19070701 19070731     8.8
19070801 19070831    36.5
19070901 19070930    10.0
19071001 19071031     3.3
19071101 19071130    29.0
19071201 19071231    62.0
19080101 19080131     0.0
19080201 19080229    41.9
19080301 19080331     6.2
19080401 19080430     1.0
19080501 19080531    15.3
19080601 19080630    30.8
19080701 19080731     2.8
19080801 19080831    32.8
19080901 19080930    35.8
19081001 19081031    34.8
19081101 19081130     2.3
19081201 19081231     9.9
19090101 19090131     0.0
19090201 19090228     4.3
19090301 19090331    25.1
19090401 19090430     8.1
19090501 19090531    40.1
19090601 19090630    62.6
19090701 19090731     8.0
19090801 19090831    24.6
19090901 19090930    14.7
19091001 19091031     8.9
19091101 19091130     1.8
19091201 19091231     1.0
19100101 19100131    30.0
19100201 19100228    29.2
19100301 19100331    54.4
19100401 19100430     0.0
19100501 19100531    26.8
19100601 19100630    58.7
19100701 19100731    11.2
19100801 19100831    20.0
19100901 19100930    31.6
19101001 19101031     2.7
19101101 19101130    39.1
19101201 19101231     2.0
19110101 19110131    29.3
19110201 19110228   113.5
19110301 19110331    15.7
19110401 19110430     0.0
19110501 19110531    37.5
19110601 19110630    19.2
19110701 19110731    19.3
19110801 19110831    14.5
19110901 19110930    27.5
19111001 19111031    18.4
19111101 19111130     5.6
19111201 19111231    52.1
19120101 19120131     1.5
19120201 19120229    14.7
19120301 19120331     3.8
19120401 19120430     0.0
19120501 19120531     0.0
19120601 19120630    92.9
19120701 19120731     8.6
19120801 19120831    25.8
19120901 19120930    11.5
19121001 19121031    11.5
19121101 19121130    85.1
19121201 19121231    17.0
19130101 19130131     0.3
19130201 19130228    26.2
19130301 19130331    30.8
19130401 19130430     5.6
19130501 19130531    17.3
19130601 19130630     0.8
19130701 19130731     0.0
19130801 19130831     0.0
19130901 19130930    47.2
19131001 19131031    78.9
19131101 19131130    16.3
19131201 19131231     6.1
19140101 19140131    25.7
19140201 19140228     0.0
19140301 19140331    26.0
19140401 19140430    34.6
19140501 19140531     0.8
19140601 19140630     1.8
19140701 19140731     0.0
19140801 19140831     0.0
19140901 19140930     2.6
19141001 19141031    21.4
19141101 19141130    43.6
19141201 19141231    30.4
19150101 19150131    10.6
19150201 19150228     8.4
19150301 19150331     0.0
19150401 19150430     7.4
19150501 19150531    35.8
19150601 19150630    37.3
19150701 19150731    18.8
19150801 19150831    19.1
19150901 19150930    47.4
19151001 19151031    20.2
19151101 19151130     0.0
19151201 19151231     1.8
19160101 19160131    21.0
19160201 19160229     1.3
19160301 19160331     0.0
19160401 19160430     0.0
19160501 19160531    14.5
19160601 19160630    33.9
19160701 19160731    40.4
19160801 19160831    28.0
19160901 19160930    98.8
19161001 19161031    35.0
19161101 19161130    52.5
19161201 19161231     9.4
19170101 19170131    76.8
19170201 19170228    41.5
19170301 19170331     7.6
19170401 19170430     0.0
19170501 19170531    17.5
19170601 19170630    30.7
19170701 19170731    71.7
19170801 19170831    55.4
19170901 19170930    30.4
19171001 19171031    56.4
19171101 19171130    99.1
19171201 19171231     3.1
19180101 19180131    21.7
19180201 19180228     0.0
19180301 19180331    31.8
19180401 19180430    25.2
19180501 19180531    87.6
19180601 19180630    18.0
19180701 19180731    12.2
19180801 19180831    33.4
19180901 19180930     5.5
19181001 19181031    22.1
19181101 19181130     0.8
19181201 19181231     0.0
19190101 19190131     7.1
19190201 19190228    26.5
19190301 19190331     2.3
19190401 19190430    30.5
19190501 19190531    55.7
19190601 19190630     4.9
19190701 19190731     1.0
19190801 19190831     6.1
19190901 19190930     2.5
19191001 19191031     2.5
19191101 19191130     6.6
19191201 19191231    30.5
19200101 19200131    14.2
19200201 19200229     0.0
19200301 19200331     0.0
19200401 19200430    22.2
19200501 19200531    13.2
19200601 19200630    17.4
19200701 19200731    21.9
19200801 19200831    45.0
19200901 19200930    61.2
19201001 19201031    57.4
19201101 19201130    46.6
19201201 19201231    17.8
19210101 19210131     2.5
19210201 19210228    87.1
19210301 19210331    45.2
19210401 19210430    24.2
19210501 19210531    77.5
19210601 19210630   118.1
19210701 19210731     5.6
19210801 19210831    12.7
19210901 19210930    38.3
19211001 19211031     5.1
19211101 19211130     0.0
19211201 19211231     2.4
19220101 19220131     6.6
19220201 19220228    12.7
19220301 19220331     0.0
19220401 19220430     7.7
19220501 19220531    28.0
19220601 19220630    28.0
19220701 19220731    35.5
19220801 19220831    20.4
19220901 19220930     3.8
19221001 19221031    13.9
19221101 19221130     0.0
19221201 19221231    35.1
19230101 19230131     2.8
19230201 19230228     0.0
19230301 19230331     1.3
19230401 19230430     3.0
19230501 19230531    32.0
19230601 19230630   130.9
19230701 19230731    50.1
19230801 19230831     9.3
19230901 19230930     7.2
19231001 19231031    19.5
19231101 19231130     6.3
19231201 19231231    47.3
19240101 19240131    31.0
19240201 19240229     6.8
19240301 19240331    14.0
19240401 19240430     9.2
19240501 19240531     6.9
19240601 19240630    30.2
19240701 19240731     5.3
19240801 19240831    39.8
19240901 19240930    32.3
19241001 19241031    19.8
19241101 19241130    64.4
19241201 19241231    13.2
19250101 19250131    18.8
19250201 19250228    71.9
19250301 19250331    10.7
19250401 19250430     2.3
19250501 19250531    55.7
19250601 19250630     6.9
19250701 19250731    17.5
19250801 19250831    20.9
19250901 19250930    14.4
19251001 19251031     1.3
19251101 19251130     4.3
19251201 19251231     0.0
19260101 19260131     5.8
19260201 19260228     0.3
19260301 19260331    74.5
19260401 19260430    28.7
19260501 19260531    63.2
19260601 19260630    40.9
19260701 19260731    15.2
19260801 19260831    39.4
19260901 19260930    22.4
19261001 19261031     5.3
19261101 19261130     4.6
19261201 19261231    13.8
19270101 19270131     3.3
19270201 19270228     5.9
19270301 19270331     4.1
19270401 19270430     0.0
19270501 19270531     5.3
19270601 19270630    11.9
19270701 19270731    27.3
19270801 19270831     9.0
19270901 19270930    10.0
19271001 19271031    28.4
19271101 19271130    14.7
19271201 19271231     6.4
19280101 19280131     4.5
19280201 19280229    40.4
19280301 19280331    23.6
19280401 19280430    12.7
19280501 19280531     1.8
19280601 19280630    24.4
19280701 19280731    22.0
19280801 19280831     3.6
19280901 19280930     9.2
19281001 19281031    10.7
19281101 19281130     0.0
19281201 19281231    12.1
19290101 19290131     2.3
19290201 19290228     7.9
19290301 19290331    10.4
19290401 19290430    15.7
19290501 19290531     1.5
19290601 19290630     2.6
19290701 19290731     6.6
19290801 19290831    12.4
19290901 19290930    10.5
19291001 19291031     7.9
19291101 19291130     9.4
19291201 19291231    74.2
19300101 19300131     7.1
19300201 19300228     1.5
19300301 19300331     2.3
19300401 19300430    18.3
19300501 19300531    31.5
19300601 19300630     0.0
19300701 19300731    12.8
19300801 19300831    22.7
19300901 19300930    17.9
19301001 19301031    52.9
19301101 19301130    12.4
19301201 19301231    47.0
19310101 19310131     2.0
19310201 19310228     0.0
19310301 19310331    32.7
19310401 19310430    62.2
19310501 19310531    62.5
19310601 19310630    57.9
19310701 19310731    33.7
19310801 19310831    11.8
19310901 19310930    15.1
19311001 19311031    20.5
19311101 19311130     1.6
19311201 19311231     0.0
19320101 19320131     0.0
19320201 19320229    89.9
19320301 19320331    10.7
19320401 19320430    35.8
19320501 19320531    39.1
19320601 19320630    27.2
19320701 19320731    11.0
19320801 19320831    34.2
19320901 19320930    10.7
19321001 19321031     1.0
19321101 19321130    12.0
19321201 19321231     6.1
19330101 19330131     0.0
19330201 19330228     0.0
19330301 19330331     4.8
19330401 19330430    10.2
19330501 19330531    13.7
19330601 19330630     6.6
19330701 19330731    13.4
19330801 19330831    21.6
19330901 19330930    24.7
19331001 19331031     0.0
19331101 19331130    78.2
19331201 19331231    26.0
19340101 19340131    16.2
19340201 19340228    16.2
19340301 19340331     2.0
19340401 19340430    19.3
19340501 19340531     0.0
19340601 19340630     4.6
19340701 19340731    24.8
19340801 19340831     9.1
19340901 19340930    12.4
19341001 19341031    59.7
19341101 19341130    37.5
19341201 19341231     0.3
19350101 19350131    12.4
19350201 19350228     1.3
19350301 19350331    10.2
19350401 19350430    26.7
19350501 19350531     2.8
19350601 19350630     2.6
19350701 19350731    10.2
19350801 19350831    12.9
19350901 19350930    18.2
19351001 19351031    26.7
19351101 19351130     1.8
19351201 19351231     5.1
19360101 19360131    53.7
19360201 19360229     0.0
19360301 19360331     1.3
19360401 19360430    13.0
19360501 19360531    33.8
19360601 19360630    12.2
19360701 19360731    37.6
19360801 19360831    17.3
19360901 19360930     5.1
19361001 19361031     4.6
19361101 19361130     6.9
19361201 19361231   124.7
19370101 19370131    71.1
19370201 19370228     4.1
19370301 19370331    13.0
19370401 19370430     4.4
19370501 19370531    19.6
19370601 19370630    12.8
19370701 19370731    12.9
19370801 19370831    33.1
19370901 19370930     1.3
19371001 19371031    87.6
19371101 19371130     0.0
19371201 19371231    10.7
19380101 19380131     0.0
19380201 19380228     4.3
19380301 19380331     0.0
19380401 19380430     0.5
19380501 19380531     3.8
19380601 19380630     9.4
19380701 19380731    36.9
19380801 19380831    25.7
19380901 19380930     5.9
19381001 19381031    82.6
19381101 19381130     0.0
19381201 19381231     0.0
19390101 19390131     1.3
19390201 19390228   114.9
19390301 19390331    10.2
19390401 19390430    16.3
19390501 19390531    71.1
19390601 19390630    45.4
19390701 19390731     8.4
19390801 19390831    13.2
19390901 19390930     8.6
19391001 19391031    32.2
19391101 19391130    82.8
19391201 19391231     0.0
19400101 19400131    18.0
19400201 19400229     1.0
19400301 19400331     0.0
19400401 19400430     7.9
19400501 19400531     4.6
19400601 19400630     0.0
19400701 19400731     7.4
19400801 19400831     0.8
19400901 19400930    29.6
19401001 19401031     3.6
19401101 19401130     3.5
19401201 19401231     5.6
19410101 19410131   149.6
19410201 19410228     6.3
19410301 19410331    17.8
19410401 19410430     0.5
19410501 19410531     3.5
19410601 19410630    16.7
19410701 19410731    17.7
19410801 19410831    19.6
19410901 19410930     5.9
19411001 19411031    16.8
19411101 19411130    40.9
19411201 19411231     8.8
19420101 19420131     6.3
19420201 19420228    11.2
19420301 19420331     4.3
19420401 19420430    12.5
19420501 19420531    47.2
19420601 19420630    54.9
19420701 19420731    23.1
19420801 19420831    17.0
19420901 19420930    12.8
19421001 19421031    25.6
19421101 19421130     2.8
19421201 19421231    28.2
19430101 19430131     0.0
19430201 19430228    12.7
19430301 19430331     0.0
19430401 19430430    29.7
19430501 19430531     5.4
19430601 19430630     1.8
19430701 19430731    17.7
19430801 19430831    25.0
19430901 19430930    12.6
19431001 19431031    17.3
19431101 19431130     5.6
19431201 19431231     0.0
19440101 19440131     4.8
19440201 19440229     0.5
19440301 19440331     5.0
19440401 19440430     7.1
19440501 19440531    20.9
19440601 19440630     1.5
19440701 19440731    16.5
19440801 19440831     2.3
19440901 19440930     2.5
19441001 19441031    14.0
19441101 19441130     9.1
19441201 19441231    26.0
19450101 19450131     1.3
19450201 19450228     0.0
19450301 19450331     0.0
19450401 19450430     2.8
19450501 19450531    10.9
19450601 19450630    36.9
19450701 19450731    60.1
19450801 19450831    35.4
19450901 19450930     2.6
19451001 19451031    12.3
19451101 19451130     6.7
19451201 19451231    23.2
19460101 19460131   124.5
19460201 19460228    63.7
19460301 19460331    12.5
19460401 19460430     5.4
19460501 19460531    25.4
19460601 19460630    58.9
19460701 19460731    18.2
19460801 19460831     4.1
19460901 19460930     4.3
19461001 19461031     6.3
19461101 19461130    29.7
19461201 19461231    15.7
19470101 19470131     0.0
19470201 19470228   117.7
19470301 19470331    56.1
19470401 19470430     9.2
19470501 19470531     0.0
19470601 19470630    16.3
19470701 19470731    19.7
19470801 19470831    16.3
19470901 19470930    49.5
19471001 19471031    21.5
19471101 19471130    52.1
19471201 19471231    35.1
19480101 19480131     0.0
19480201 19480229     1.0
19480301 19480331     0.0
19480401 19480430    27.0
19480501 19480531    10.2
19480601 19480630    25.6
19480701 19480731    12.5
19480801 19480831    19.5
19480901 19480930    17.3
19481001 19481031    36.1
19481101 19481130     4.8
19481201 19481231    65.8
19490101 19490131     1.3
19490201 19490228    28.2
19490301 19490331    29.0
19490401 19490430     8.7
19490501 19490531    97.9
19490601 19490630     1.8
19490701 19490731    26.7
19490801 19490831     3.8
19490901 19490930    14.7
19491001 19491031    64.3
19491101 19491130     4.1
19491201 19491231    12.5
19500101 19500131     0.0
19500201 19500228    87.1
19500301 19500331    58.2
19500401 19500430     0.0
19500501 19500531    22.4
19500601 19500630     4.3
19500701 19500731    51.6
19500801 19500831     2.8
19500901 19500930     3.8
19501001 19501031    37.0
19501101 19501130    13.8
19501201 19501231    14.5
19510101 19510131     9.4
19510201 19510228    10.9
19510301 19510331     1.3
19510401 19510430     2.5
19510501 19510531    19.8
19510601 19510630   106.9
19510701 19510731    11.8
19510801 19510831    24.7
19510901 19510930    33.7
19511001 19511031    18.0
19511101 19511130     4.1
19511201 19511231     0.0
19520101 19520131    23.6
19520201 19520229     4.8
19520301 19520331    21.8
19520401 19520430    29.8
19520501 19520531    66.0
19520601 19520630    29.1
19520701 19520731    13.0
19520801 19520831    17.0
19520901 19520930    19.6
19521001 19521031    70.3
19521101 19521130     8.9
19521201 19521231     0.5
19530101 19530131    28.7
19530201 19530228    17.8
19530301 19530331     0.0
19530401 19530430    13.3
19530501 19530531     0.0
19530601 19530630     7.8
19530701 19530731     5.9
19530801 19530831    29.8
19530901 19530930    41.2
19531001 19531031    25.5
19531101 19531130    13.5
19531201 19531231     7.6
19540101 19540131    19.9
19540201 19540228     0.0
19540301 19540331     0.0
19540401 19540430    57.5
19540501 19540531     3.8
19540601 19540630     7.6
19540701 19540731    10.2
19540801 19540831    26.9
19540901 19540930     4.3
19541001 19541031    24.4
19541101 19541130    49.7
19541201 19541231    90.1
19550101 19550131     0.0
19550201 19550228    64.3
19550301 19550331    14.2
19550401 19550430     9.9
19550501 19550531    52.7
19550601 19550630    29.4
19550701 19550731    28.4
19550801 19550831    37.7
19550901 19550930    56.8
19551001 19551031    16.7
19551101 19551130    20.8
19551201 19551231     1.0
19560101 19560131    33.3
19560201 19560229     4.3
19560301 19560331   124.0
19560401 19560430    19.5
19560501 19560531    41.4
19560601 19560630    44.6
19560701 19560731    66.6
19560801 19560831     9.8
19560901 19560930    28.2
19561001 19561031    19.6
19561101 19561130     9.4
19561201 19561231     2.1
19570101 19570131     0.0
19570201 19570228    46.2
19570301 19570331    21.3
19570401 19570430     3.8
19570501 19570531     0.5
19570601 19570630    50.0
19570701 19570731    34.0
19570801 19570831    10.4
19570901 19570930     5.3
19571001 19571031     9.3
19571101 19571130     0.0
19571201 19571231    33.0
19580101 19580131    29.7
19580201 19580228    14.0
19580301 19580331     9.4
19580401 19580430    14.7
19580501 19580531     9.9
19580601 19580630     0.0
19580701 19580731    21.6
19580801 19580831    41.5
19580901 19580930     4.1
19581001 19581031    62.9
19581101 19581130    44.6
19581201 19581231    56.2
19590101 19590131     0.5
19590201 19590228     2.5
19590301 19590331    20.1
19590401 19590430    15.5
19590501 19590531    17.8
19590601 19590630     0.0
19590701 19590731    17.3
19590801 19590831     3.9
19590901 19590930    10.4
19591001 19591031    74.1
19591101 19591130     0.0
19591201 19591231     5.4
19600101 19600131    73.0
19600201 19600229    17.9
19600301 19600331     4.8
19600401 19600430     7.9
19600501 19600531    58.9
19600601 19600630     8.4
19600701 19600731    52.9
19600801 19600831    15.2
19600901 19600930    23.3
19601001 19601031     2.0
19601101 19601130    43.0
19601201 19601231     2.8
19610101 19610131     4.1
19610201 19610228     2.3
19610301 19610331    23.3
19610401 19610430    34.7
19610501 19610531     4.8
19610601 19610630     3.1
19610701 19610731    37.5
19610801 19610831    16.0
19610901 19610930    16.5
19611001 19611031     1.3
19611101 19611130    36.6
19611201 19611231    12.5
19620101 19620131    92.6
19620201 19620228     0.0
19620301 19620331    20.8
19620401 19620430     6.9
19620501 19620531    48.6
19620601 19620630     2.5
19620701 19620731     4.3
19620801 19620831    16.5
19620901 19620930     2.3
19621001 19621031    14.5
19621101 19621130     3.6
19621201 19621231   200.6
19630101 19630131    58.4
19630201 19630228     0.0
19630301 19630331     9.4
19630401 19630430    16.4
19630501 19630531    34.5
19630601 19630630    45.7
19630701 19630731    27.4
19630801 19630831    38.4
19630901 19630930     4.1
19631001 19631031    16.5
19631101 19631130     1.8
19631201 19631231    10.9
19640101 19640131     0.8
19640201 19640229     0.0
19640301 19640331     0.0
19640401 19640430    18.5
19640501 19640531     6.9
19640601 19640630     7.4
19640701 19640731     9.3
19640801 19640831    17.8
19640901 19640930   101.9
19641001 19641031    15.8
19641101 19641130     2.8
19641201 19641231    10.7
19650101 19650131     0.0
19650201 19650228     0.0
19650301 19650331     0.0
19650401 19650430     6.4
19650501 19650531    13.2
19650601 19650630    17.0
19650701 19650731    12.7
19650801 19650831    56.2
19650901 19650930    23.6
19651001 19651031     6.6
19651101 19651130    24.3
19651201 19651231     4.8
19660101 19660131     3.6
19660201 19660228    10.2
19660301 19660331    17.8
19660401 19660430     3.6
19660501 19660531    12.7
19660601 19660630    12.9
19660701 19660731    14.8
19660801 19660831    13.6
19660901 19660930     4.8
19661001 19661031    15.3
19661101 19661130    38.6
19661201 19661231    32.1
19670101 19670131     1.0
19670201 19670228    16.0
19670301 19670331     3.3
19670401 19670430     0.5
19670501 19670531    13.2
19670601 19670630     1.6
19670701 19670731     5.1
19670801 19670831    17.7
19670901 19670930     4.3
19671001 19671031     8.6
19671101 19671130     0.5
19671201 19671231     0.0
19680101 19680131    52.2
19680201 19680229     0.0
19680301 19680331     7.6
19680401 19680430    36.1
19680501 19680531    63.0
19680601 19680630    22.8
19680701 19680731    20.6
19680801 19680831    15.8
19680901 19680930     1.3
19681001 19681031    19.4
19681101 19681130    14.1
19681201 19681231    17.1
19690101 19690131     3.5
19690201 19690228    50.9
19690301 19690331    63.8
19690401 19690430     0.5
19690501 19690531    27.4
19690601 19690630     5.9
19690701 19690731    35.6
19690801 19690831     3.9
19690901 19690930    23.2
19691001 19691031    14.7
19691101 19691130     3.1
19691201 19691231     1.4
19700101 19700131    23.4
19700201 19700228     2.3
19700301 19700331    15.4
19700401 19700430    41.8
19700501 19700531     5.6
19700601 19700630    12.0
19700701 19700731     1.3
19700801 19700831    34.0
19700901 19700930    69.7
19701001 19701031     2.8
19701101 19701130    18.0
19701201 19701231     7.7
19710101 19710131     5.6
19710201 19710228    40.1
19710301 19710331    13.7
19710401 19710430    47.6
19710501 19710531     4.9
19710601 19710630     9.7
19710701 19710731    43.0
19710801 19710831    15.1
19710901 19710930     5.1
19711001 19711031     1.8
19711101 19711130    36.5
19711201 19711231     8.2
19720101 19720131    57.9
19720201 19720229     4.8
19720301 19720331     0.0
19720401 19720430    27.6
19720501 19720531     2.8
19720601 19720630     4.8
19720701 19720731     4.4
19720801 19720831    33.6
19720901 19720930     4.1
19721001 19721031    18.1
19721101 19721130     3.0
19721201 19721231     8.9
19730101 19730131     8.3
19730201 19730228   106.8
19730301 19730331    78.3
19730401 19730430    32.8
19730501 19730531    13.7
19730601 19730630    51.3
19730701 19730731    40.0
19730801 19730831    55.7
19730901 19730930    19.1
19731001 19731031   142.4
19731101 19731130    33.2
19731201 19731231    48.7
19740101 19740131    81.4
19740201 19740228    57.5
19740301 19740331    20.0
19740401 19740430   157.5
19740501 19740531    44.6
19740601 19740630     8.8
19740701 19740731    31.9
19740801 19740831    38.2
19740901 19740930    40.5
19741001 19741031    47.5
19741101 19741130    25.5
19741201 19741231    18.0
19750101 19750131     9.4
19750201 19750228    16.4
19750301 19750331     5.0
19750401 19750430     1.3
19750501 19750531     7.3
19750601 19750630     5.1
19750701 19750731    22.5
19750801 19750831    32.2
19750901 19750930    35.0
19751001 19751031   115.3
19751101 19751130     7.7
19751201 19751231    85.7
19760101 19760131    33.3
19760201 19760229    23.6
19760301 19760331     1.6
19760401 19760430     3.0
19760501 19760531     0.6
19760601 19760630    10.9
19760701 19760731    24.6
19760801 19760831     4.2
19760901 19760930    36.0
19761001 19761031    87.3
19761101 19761130    23.7
19761201 19761231     4.7
19770101 19770131    16.0
19770201 19770228    66.2
19770301 19770331     0.0
19770401 19770430     1.1
19770501 19770531    15.7
19770601 19770630    28.9
19770701 19770731     7.1
19770801 19770831     2.0
19770901 19770930     6.9
19771001 19771031    17.8
19771101 19771130    20.8
19771201 19771231     1.8
19780101 19780131     6.0
19780201 19780228     0.2
19780301 19780331    38.5
19780401 19780430     2.6
19780501 19780531    42.6
19780601 19780630    48.8
19780701 19780731    30.8
19780801 19780831    34.8
19780901 19780930    76.4
19781001 19781031    34.4
19781101 19781130    89.8
19781201 19781231     3.8
19790101 19790131    57.4
19790201 19790228    30.6
19790301 19790331     0.0
19790401 19790430    33.0
19790501 19790531    56.4
19790601 19790630     9.0
19790701 19790731     0.0
19790801 19790831    40.2
19790901 19790930    36.2
19791001 19791031    26.2
19791101 19791130    19.6
19791201 19791231     5.4
19800101 19800131    19.6
19800201 19800229     8.6
19800301 19800331     1.0
19800401 19800430   129.2
19800501 19800531    31.6
19800601 19800630    38.2
19800701 19800731    26.4
19800801 19800831    10.6
19800901 19800930     8.6
19801001 19801031    27.6
19801101 19801130     2.3
19801201 19801231    19.8
19810101 19810131    14.4
19810201 19810228    17.0
19810301 19810331     7.0
19810401 19810430     0.0
19810501 19810531    45.9
19810601 19810630    30.8
19810701 19810731    51.0
19810801 19810831    20.4
19810901 19810930    26.8
19811001 19811031    14.2
19811101 19811130    12.8
19811201 19811231    10.4
19820101 19820131    11.7
19820201 19820228     0.2
19820301 19820331    51.6
19820401 19820430    10.6
19820501 19820531     4.0
19820601 19820630     9.6
19820701 19820731     1.2
19820801 19820831     1.4
19820901 19820930    32.2
19821001 19821031     1.0
19821101 19821130     0.0
19821201 19821231     5.4
19830101 19830131     0.0
19830201 19830228     3.4
19830301 19830331    28.2
19830401 19830430     3.4
19830501 19830531     7.0
19830601 19830630     4.2
19830701 19830731    38.6
19830801 19830831    45.4
19830901 19830930    17.0
19831001 19831031    26.6
19831101 19831130    41.0
19831201 19831231    29.6
19840101 19840131   118.2
19840201 19840229     2.6
19840301 19840331    30.1
19840401 19840430    27.0
19840501 19840531     0.4
19840601 19840630     0.0
19840701 19840731    45.8
19840801 19840831    39.6
19840901 19840930    28.0
19841001 19841031    19.7
19841101 19841130     8.4
19841201 19841231     0.6
19850101 19850131     9.0
19850201 19850228     0.5
19850301 19850331    14.6
19850401 19850430     1.2
19850501 19850531    41.2
19850601 19850630    15.8
19850701 19850731     6.4
19850801 19850831    52.6
19850901 19850930    13.5
19851001 19851031    43.2
19851101 19851130    33.8
19851201 19851231    24.6
19860101 19860131     0.0
19860201 19860228     5.6
19860301 19860331     0.0
19860401 19860430    10.8
19860501 19860531    40.5
19860601 19860630     2.0
19860701 19860731    32.8
19860801 19860831    27.0
19860901 19860930    31.4
19861001 19861031    59.4
19861101 19861130    12.6
19861201 19861231    26.8
19870101 19870131    10.5
19870201 19870228    18.2
19870301 19870331    19.0
19870401 19870430     5.2
19870501 19870531    15.2
19870601 19870630    50.6
19870701 19870731    27.0
19870801 19870831    20.6
19870901 19870930    23.0
19871001 19871031    20.8
19871101 19871130     2.8
19871201 19871231    74.2
19880101 19880131    28.2
19880201 19880229     4.8
19880301 19880331    45.0
19880401 19880430    19.6
19880501 19880531   106.4
19880601 19880630    33.9
19880701 19880731    37.0
19880801 19880831     8.2
19880901 19880930    37.4
19881001 19881031     5.5
19881101 19881130    19.0
19881201 19881231    48.0
19890101 19890131    26.8
19890201 19890228     6.4
19890301 19890331   178.8
19890401 19890430    68.8
19890501 19890531    74.2
19890601 19890630    18.4
19890701 19890731    36.3
19890801 19890831    15.6
19890901 19890930     7.4
19891001 19891031     0.0
19891101 19891130     6.4
19891201 19891231    14.6
19900101 19900131    10.6
19900201 19900228    13.2
19900301 19900331     0.0
19900401 19900430    58.6
19900501 19900531    50.2
19900601 19900630    17.6
19900701 19900731    45.4
19900801 19900831    21.9
19900901 19900930    16.2
19901001 19901031     4.4
19901101 19901130     4.2
19901201 19901231     8.0
19910101 19910131    89.8
19910201 19910228     0.0
19910301 19910331     0.0
19910401 19910430    21.0
19910501 19910531     9.2
19910601 19910630    53.9
19910701 19910731    45.4
19910801 19910831     9.4
19910901 19910930     6.0
19911001 19911031     1.8
19911101 19911130     3.2
19911201 19911231     2.0
19920101 19920131     4.2
19920201 19920229     9.6
19920301 19920331     0.0
19920401 19920430     9.8
19920501 19920531    41.0
19920601 19920630     8.6
19920701 19920731     5.6
19920801 19920831    66.0
19920901 19920930    67.6
19921001 19921031    46.4
19921101 19921130    35.8
19921201 19921231    70.5
19930101 19930131   122.2
19930201 19930228     9.6
19930301 19930331     3.4
19930401 19930430     0.0
19930501 19930531    28.6
19930601 19930630     2.6
19930701 19930731    24.6
19930801 19930831    13.4
19930901 19930930    42.2
19931001 19931031    76.2
19931101 19931130     4.0
19931201 19931231    58.6
19940101 19940131     3.2
19940201 19940228    76.6
19940301 19940331     0.0
19940401 19940430     0.0
19940501 19940531     2.4
19940601 19940630    24.6
19940701 19940731    22.4
19940801 19940831     0.8
19940901 19940930     1.2
19941001 19941031 99999.9
19941101 19941130    19.3
19941201 19941231     4.8
19950101 19950131 99999.9
19950201 19950228    11.0
19950301 19950331     0.0
19950401 19950430     1.4
19950501 19950531    62.2
19950601 19950630    58.8
19950701 19950731    27.4
19950801 19950831     0.0
19950901 19950930    36.8
19951001 19951031 99999.9
19951101 19951130    23.4
19951201 19951231     9.0
19960101 19960131     3.0
19960201 19960229    25.2
19960301 19960331    24.0
19960401 19960430     3.0
19960501 19960531     4.2
19960601 19960630    28.0
19960701 19960731    81.6
19960801 19960831    30.6
19960901 19960930    21.2
19961001 19961031    12.4
19961101 19961130    19.0
19961201 19961231     2.0
19970101 19970131    41.4
19970201 19970228    14.0
19970301 19970331     0.0
19970401 19970430     0.0
19970501 19970531    20.4
19970601 19970630     9.2
19970701 19970731     2.2
19970801 19970831    31.0
19970901 19970930    41.6
19971001 19971031    28.2
19971101 19971130     2.6
19971201 19971231    15.4
19980101 19980131    14.4
19980201 19980228    16.5
19980301 19980331     0.3
19980401 19980430    14.1
19980501 19980531     0.7
19980601 19980630     5.0
19980701 19980731    24.1
19980801 19980831     3.0
19980901 19980930    35.1
19981001 19981031    15.0
19981101 19981130     5.0
19981201 19981231     0.0
19990101 19990131     0.0
19990201 19990228    29.3
19990301 19990331    39.6
19990401 19990430     0.0
19990501 19990531    10.4
19990601 19990630    12.8
19990701 19990731    30.2
19990801 19990831    33.2
19990901 19990930    15.8
19991001 19991031    29.2
19991101 19991130    28.6
19991201 19991231    23.4
20000101 20000131 99999.9
20000201 20000229 99999.9
20000301 20000331 99999.9
20000401 20000430 99999.9
20000501 20000531 99999.9
20000601 20000630 99999.9
20000701 20000731 99999.9
20000801 20000831 99999.9
20000901 20000930    18.4
20001001 20001031    35.0
20001101 20001130    77.0
20001201 20001231    19.6
20010101 20010131    64.2
20010201 20010228 99999.9
20010301 20010331    13.4
20010401 20010430     0.0
20010501 20010531    17.6
20010601 20010630    24.0
20010701 20010731    16.6
20010801 20010831    15.0
20010901 20010930    62.4
20011001 20011031    26.2
20011101 20011130     0.0
20011201 20011231     4.2
20020101 20020131    31.6
20020201 20020228    26.6
20020301 20020331    32.0
20020401 20020430     4.6
20020501 20020531    11.2
20020601 20020630     6.9
20020701 20020731     2.6
20020801 20020831    19.2
20020901 20020930     9.0
20021001 20021031     1.4
20021101 20021130     5.2
20021201 20021231    18.0
20030101 20030131     3.2
20030201 20030228    35.6
20030301 20030331     0.0
20030401 20030430    16.2
20030501 20030531    20.6
20030601 20030630    24.4
20030701 20030731    22.0
20030801 20030831    38.0
20030901 20030930     5.5
20031001 20031031    48.2
20031101 20031130    15.0
20031201 20031231    23.1
20040101 20040131     6.8
20040201 20040229    13.0
20040301 20040331     1.2
20040401 20040430     0.0
20040501 20040531     5.4
20040601 20040630    28.2
20040701 20040731    17.3
20040801 20040831    39.8
20040901 20040930     7.9
20041001 20041031     5.8
20041101 20041130    35.7
20041201 20041231    30.4
20050101 20050131    14.6
20050201 20050228    17.4
20050301 20050331     1.4
20050401 20050430     1.8
20050501 20050531     2.3
20050601 20050630    47.5
20050701 20050731    53.4
20050801 20050831    22.6
20050901 20050930    55.5
20051001 20051031    60.2
20051101 20051130    32.3
20051201 20051231    10.8
20060101 20060131    15.4
20060201 20060228     0.0
20060301 20060331    30.0
20060401 20060430    20.4
20060501 20060531     1.7
20060601 20060630    53.1
20060701 20060731    31.4
20060801 20060831     0.6
20060901 20060930    19.6
20061001 20061031     0.0
20061101 20061130    23.6
20061201 20061231     1.4
20070101 20070131    53.3
20070201 20070228     4.2
20070301 20070331     9.4
20070401 20070430    30.0
20070501 20070531    59.1
20070601 20070630     8.1
20070701 20070731    17.5
20070801 20070831     1.6
20070901 20070930     1.6
20071001 20071031     9.4
20071101 20071130    41.4
20071201 20071231    18.0
20080101 20080131    49.0
20080201 20080229     0.0
20080301 20080331    16.9
20080401 20080430     6.2
20080501 20080531    11.8
20080601 20080630    19.2
20080701 20080731    16.4
20080801 20080831    13.3
20080901 20080930     5.8
20081001 20081031     7.2
20081101 20081130    39.6
20081201 20081231    42.0
20090101 20090131     0.0
20090201 20090228     0.4
20090301 20090331    25.2
20090401 20090430    27.4
20090501 20090531     7.8
20090601 20090630    34.9
20090701 20090731     7.7
20090801 20090831    11.7
20090901 20090930    13.2
20091001 20091031     9.5
20091101 20091130    75.0
20091201 20091231    15.8
20100101 20100131    11.4
20100201 20100228    61.9
20100301 20100331    58.4
20100401 20100430    27.7
20100501 20100531    34.1
20100601 20100630    36.8
20100701 20100731    24.6
20100801 20100831    23.1
20100901 20100930    21.7
20101001 20101031   109.8
20101101 20101130   109.8
20101201 20101231    47.8
20110101 20110131   162.0
20110201 20110228   166.7
20110301 20110331    59.6
20110401 20110430    19.2
20110501 20110531    16.0
20110601 20110630     3.2
20110701 20110731    11.6
20110801 20110831    22.4
20110901 20110930    16.0
20111001 20111031    13.8
20111101 20111130    24.0
20111201 20111231    18.6
20120101 20120131    35.9
20120201 20120229   119.3
20120301 20120331   122.2
20120401 20120430     3.0
20120501 20120531     1.7
20120601 20120630     6.5
20120701 20120731    35.4
20120801 20120831     8.6
20120901 20120930     3.6
20121001 20121031     1.4
20121101 20121130     9.4
20121201 20121231     9.7
20130101 20130131     0.0
20130201 20130228    34.6
20130301 20130331    11.7
20130401 20130430     1.1
20130501 20130531    31.9
20130601 20130630    51.9
20130701 20130731    20.7
20130801 20130831    18.3
20130901 20130930     2.6
20131001 20131031     4.0
20131101 20131130     3.0
20131201 20131231    22.1
20140101 20140131    26.6
20140201 20140228    99.5
20140301 20140331     6.8
20140401 20140430    29.6
20140501 20140531    28.0
20140601 20140630     2.5
20140701 20140731     6.9
20140801 20140831    16.8
20140901 20140930    13.9
20141001 20141031     0.7
20141101 20141130    26.2
20141201 20141231     5.1
20150101 20150131    63.1
20150201 20150228     8.8
20150301 20150331     0.0
20150401 20150430    43.7
20150501 20150531     1.2
20150601 20150630    32.9
20150701 20150731    15.8
20150801 20150831    34.1
20150901 20150930    19.7
20151001 20151031     8.4
20151101 20151130    35.8
20151201 20151231     0.6
20160101 20160131    39.0
20160201 20160229     0.0
20160301 20160331    25.7
20160401 20160430     6.8
20160501 20160531    61.6
20160601 20160630    14.5
20160701 20160731    17.3
20160801 20160831    51.6
20160901 20160930   114.8
20161001 20161031    17.6
20161101 20161130    23.2
20161201 20161231    11.5
20170101 20170131    17.4
20170201 20170228     0.2
20170301 20170331     2.2
20170401 20170430    33.6
20170501 20170531    13.5
20170601 20170630     0.2
20170701 20170731     0.7
20170801 20170831    24.8
20170901 20170930     3.2
20171001 20171031    23.4
20171101 20171130     8.8
20171201 20171231    66.8
20180101 20180131    10.2
