PRCP       080009 18870601 20171231 missing_value=99999.9 COONOOER BRIDGE                           
18870601 18870630    56.7
18870701 18870731    57.1
18870801 18870831    51.3
18870901 18870930    41.3
18871001 18871031    74.0
18871101 18871130   148.9
18871201 18871231   110.5
18880101 18880131    17.8
18880201 18880229     9.4
18880301 18880331    12.9
18880401 18880430    15.7
18880501 18880531    50.0
18880601 18880630    35.7
18880701 18880731    32.8
18880801 18880831    31.3
18880901 18880930    48.3
18881001 18881031    11.2
18881101 18881130    10.6
18881201 18881231    25.7
18890101 18890131    90.9
18890201 18890228    47.0
18890301 18890331     0.0
18890401 18890430   105.8
18890501 18890531    56.9
18890601 18890630    99.0
18890701 18890731    10.2
18890801 18890831    78.7
18890901 18890930    54.4
18891001 18891031    68.0
18891101 18891130    53.4
18891201 18891231     0.0
18900101 18900131    23.6
18900201 18900228    33.5
18900301 18900331    57.5
18900401 18900430    73.4
18900501 18900531    44.6
18900601 18900630    77.5
18900701 18900731    72.2
18900801 18900831    49.6
18900901 18900930    42.7
18901001 18901031    44.6
18901101 18901130    49.3
18901201 18901231    22.1
18910101 18910131    18.8
18910201 18910228     0.8
18910301 18910331    44.2
18910401 18910430    78.3
18910501 18910531    32.0
18910601 18910630    59.5
18910701 18910731    36.8
18910801 18910831    36.0
18910901 18910930    19.0
18911001 18911031    76.0
18911101 18911130    34.1
18911201 18911231    30.0
18920101 18920131     6.1
18920201 18920229     2.3
18920301 18920331     8.4
18920401 18920430    41.0
18920501 18920531    40.8
18920601 18920630    54.1
18920701 18920731    51.0
18920801 18920831    34.8
18920901 18920930    49.6
18921001 18921031    52.9
18921101 18921130    66.8
18921201 18921231    28.3
18930101 18930131     0.0
18930201 18930228     0.0
18930301 18930331    11.9
18930401 18930430    47.3
18930501 18930531   148.3
18930601 18930630   102.6
18930701 18930731    45.1
18930801 18930831    49.1
18930901 18930930    33.3
18931001 18931031    42.7
18931101 18931130    74.5
18931201 18931231     6.3
18940101 18940131    25.4
18940201 18940228     2.5
18940301 18940331    52.9
18940401 18940430    18.5
18940501 18940531    38.6
18940601 18940630    49.1
18940701 18940731    52.9
18940801 18940831    73.2
18940901 18940930    51.5
18941001 18941031   151.5
18941101 18941130    10.6
18941201 18941231    87.1
18950101 18950131    33.3
18950201 18950228     0.0
18950301 18950331    20.5
18950401 18950430    59.3
18950501 18950531     7.6
18950601 18950630    31.3
18950701 18950731    40.6
18950801 18950831    65.8
18950901 18950930    44.4
18951001 18951031    28.0
18951101 18951130    16.3
18951201 18951231    27.6
18960101 18960131    16.9
18960201 18960229    26.3
18960301 18960331    35.0
18960401 18960430    61.2
18960501 18960531    38.4
18960601 18960630    22.9
18960701 18960731    23.1
18960801 18960831    17.5
18960901 18960930    36.5
18961001 18961031     2.8
18961101 18961130    43.3
18961201 18961231    15.7
18970101 18970131    76.0
18970201 18970228     3.8
18970301 18970331    24.7
18970401 18970430    13.4
18970501 18970531    23.9
18970601 18970630    54.2
18970701 18970731    39.0
18970801 18970831    88.1
18970901 18970930    17.6
18971001 18971031    28.9
18971101 18971130    11.1
18971201 18971231     5.3
18980101 18980131     0.0
18980201 18980228    44.2
18980301 18980331     5.3
18980401 18980430    27.2
18980501 18980531    30.3
18980601 18980630   114.8
18980701 18980731    54.1
18980801 18980831    30.2
18980901 18980930    43.2
18981001 18981031    23.4
18981101 18981130    12.2
18981201 18981231    31.2
18990101 18990131    18.8
18990201 18990228    47.8
18990301 18990331    45.4
18990401 18990430    29.7
18990501 18990531    36.0
18990601 18990630   111.3
18990701 18990731     7.9
18990801 18990831    19.1
18990901 18990930    19.9
18991001 18991031    25.7
18991101 18991130    17.6
18991201 18991231     7.1
19000101 19000131    12.0
19000201 19000228     0.0
19000301 19000331    49.5
19000401 19000430    38.4
19000501 19000531    54.6
19000601 19000630    55.4
19000701 19000731    10.3
19000801 19000831    78.9
19000901 19000930    36.5
19001001 19001031    14.6
19001101 19001130    19.4
19001201 19001231    18.1
19010101 19010131    10.4
19010201 19010228     5.3
19010301 19010331     9.4
19010401 19010430    30.6
19010501 19010531    16.4
19010601 19010630    66.4
19010701 19010731    38.8
19010801 19010831    29.9
19010901 19010930    68.0
19011001 19011031    34.3
19011101 19011130    16.6
19011201 19011231    18.0
19020101 19020131    20.6
19020201 19020228     5.9
19020301 19020331    38.6
19020401 19020430     1.3
19020501 19020531     3.3
19020601 19020630    29.8
19020701 19020731    10.7
19020801 19020831    22.9
19020901 19020930    10.7
19021001 19021031    22.3
19021101 19021130     5.6
19021201 19021231    53.3
19030101 19030131     3.0
19030201 19030228    10.4
19030301 19030331    33.8
19030401 19030430    86.6
19030501 19030531    38.1
19030601 19030630    56.6
19030701 19030731    98.2
19030801 19030831    31.2
19030901 19030930    88.6
19031001 19031031    75.1
19031101 19031130    82.5
19031201 19031231    34.0
19040101 19040131    76.4
19040201 19040229    22.9
19040301 19040331    12.3
19040401 19040430    17.0
19040501 19040531    42.0
19040601 19040630    44.5
19040701 19040731    61.3
19040801 19040831    39.2
19040901 19040930    20.5
19041001 19041031    56.7
19041101 19041130    15.0
19041201 19041231     8.4
19050101 19050131    22.9
19050201 19050228    17.3
19050301 19050331     0.0
19050401 19050430    52.8
19050501 19050531    49.5
19050601 19050630    61.8
19050701 19050731    69.7
19050801 19050831    13.7
19050901 19050930    37.8
19051001 19051031    69.9
19051101 19051130    11.7
19051201 19051231     1.3
19060101 19060131     0.0
19060201 19060228    11.9
19060301 19060331    59.9
19060401 19060430     5.6
19060501 19060531   118.1
19060601 19060630    65.4
19060701 19060731    47.4
19060801 19060831    47.7
19060901 19060930    50.0
19061001 19061031    43.4
19061101 19061130    51.3
19061201 19061231    15.8
19070101 19070131     1.0
19070201 19070228    41.1
19070301 19070331    13.2
19070401 19070430    43.4
19070501 19070531    22.1
19070601 19070630    33.5
19070701 19070731    53.5
19070801 19070831    46.2
19070901 19070930    20.1
19071001 19071031     5.1
19071101 19071130    30.7
19071201 19071231    57.0
19080101 19080131     0.0
19080201 19080229     9.9
19080301 19080331    16.8
19080401 19080430     3.6
19080501 19080531    52.4
19080601 19080630    78.2
19080701 19080731    19.4
19080801 19080831    56.7
19080901 19080930    55.5
19081001 19081031    57.3
19081101 19081130    17.3
19081201 19081231    11.4
19090101 19090131    16.3
19090201 19090228    12.6
19090301 19090331    55.8
19090401 19090430    37.5
19090501 19090531    88.3
19090601 19090630    95.4
19090701 19090731    57.8
19090801 19090831   125.3
19090901 19090930    23.9
19091001 19091031    19.1
19091101 19091130    14.8
19091201 19091231    13.2
19100101 19100131    36.6
19100201 19100228     1.3
19100301 19100331    95.0
19100401 19100430     4.6
19100501 19100531    59.4
19100601 19100630    65.7
19100701 19100731    86.9
19100801 19100831    50.3
19100901 19100930    70.1
19101001 19101031    30.8
19101101 19101130    20.1
19101201 19101231    17.5
19110101 19110131     6.3
19110201 19110228   165.3
19110301 19110331    45.6
19110401 19110430     6.4
19110501 19110531    51.9
19110601 19110630    56.1
19110701 19110731    31.4
19110801 19110831    13.9
19110901 19110930    76.4
19111001 19111031    17.1
19111101 19111130     0.5
19111201 19111231    31.3
19120101 19120131     0.0
19120201 19120229    16.1
19120301 19120331    13.5
19120401 19120430     3.3
19120501 19120531     5.0
19120601 19120630    51.2
19120701 19120731    57.0
19120801 19120831    19.6
19120901 19120930    81.7
19121001 19121031    10.2
19121101 19121130    41.9
19121201 19121231    69.1
19130101 19130131     0.0
19130201 19130228    25.9
19130301 19130331    53.5
19130401 19130430    23.4
19130501 19130531    62.2
19130601 19130630    21.6
19130701 19130731    28.4
19130801 19130831    31.8
19130901 19130930    44.0
19131001 19131031    42.2
19131101 19131130    13.2
19131201 19131231    16.5
19140101 19140131     8.4
19140201 19140228     0.0
19140301 19140331    27.1
19140401 19140430    46.8
19140501 19140531    13.7
19140601 19140630    13.9
19140701 19140731    16.6
19140801 19140831     9.7
19140901 19140930     5.6
19141001 19141031     0.8
19141101 19141130    21.3
19141201 19141231    27.7
19150101 19150131    18.2
19150201 19150228    17.8
19150301 19150331     1.8
19150401 19150430    14.3
19150501 19150531    28.4
19150601 19150630    67.0
19150701 19150731    50.0
19150801 19150831    76.9
19150901 19150930    83.8
19151001 19151031    26.7
19151101 19151130    11.4
19151201 19151231     4.6
19160101 19160131    47.8
19160201 19160229    11.7
19160301 19160331     0.5
19160401 19160430    14.9
19160501 19160531    19.4
19160601 19160630    70.8
19160701 19160731    35.0
19160801 19160831    69.3
19160901 19160930    96.3
19161001 19161031    46.2
19161101 19161130    42.0
19161201 19161231    30.4
19170101 19170131    17.6
19170201 19170228    47.5
19170301 19170331    20.1
19170401 19170430     7.1
19170501 19170531    37.9
19170601 19170630    33.0
19170701 19170731    84.2
19170801 19170831    67.3
19170901 19170930    79.3
19171001 19171031    64.1
19171101 19171130    26.0
19171201 19171231    20.9
19180101 19180131     7.9
19180201 19180228    30.2
19180301 19180331    38.6
19180401 19180430    38.1
19180501 19180531    74.5
19180601 19180630    45.7
19180701 19180731    27.0
19180801 19180831    29.9
19180901 19180930     8.4
19181001 19181031    23.4
19181101 19181130     6.6
19181201 19181231     4.8
19190101 19190131     1.0
19190201 19190228    78.5
19190301 19190331    13.9
19190401 19190430     7.1
19190501 19190531    35.2
19190601 19190630    27.1
19190701 19190731    24.4
19190801 19190831    31.7
19190901 19190930    67.0
19191001 19191031    17.5
19191101 19191130     3.6
19191201 19191231    42.0
19200101 19200131     7.9
19200201 19200229     0.0
19200301 19200331    14.8
19200401 19200430    11.4
19200501 19200531    30.1
19200601 19200630    40.7
19200701 19200731    40.5
19200801 19200831   110.1
19200901 19200930    68.4
19201001 19201031    30.9
19201101 19201130    47.7
19201201 19201231    10.7
19210101 19210131    35.1
19210201 19210228     6.6
19210301 19210331    68.1
19210401 19210430    19.9
19210501 19210531    50.8
19210601 19210630    38.3
19210701 19210731    27.2
19210801 19210831    34.4
19210901 19210930    66.2
19211001 19211031    56.5
19211101 19211130    11.5
19211201 19211231    13.2
19220101 19220131    20.9
19220201 19220228    11.2
19220301 19220331     0.8
19220401 19220430    13.5
19220501 19220531    44.1
19220601 19220630    26.1
19220701 19220731    17.0
19220801 19220831    26.4
19220901 19220930    53.2
19221001 19221031    31.7
19221101 19221130     4.1
19221201 19221231    27.9
19230101 19230131     4.6
19230201 19230228     0.5
19230301 19230331     0.0
19230401 19230430     0.0
19230501 19230531    50.8
19230601 19230630   111.2
19230701 19230731   122.7
19230801 19230831    19.6
19230901 19230930    20.9
19231001 19231031    41.1
19231101 19231130    15.8
19231201 19231231    25.1
19240101 19240131     8.6
19240201 19240229    54.7
19240301 19240331   100.1
19240401 19240430    21.8
19240501 19240531    15.1
19240601 19240630    45.7
19240701 19240731     9.9
19240801 19240831    44.7
19240901 19240930    60.5
19241001 19241031    63.7
19241101 19241130    91.5
19241201 19241231    23.1
19250101 19250131    41.6
19250201 19250228    28.2
19250301 19250331    28.9
19250401 19250430     9.1
19250501 19250531    47.8
19250601 19250630    47.2
19250701 19250731    29.5
19250801 19250831    13.3
19250901 19250930    39.5
19251001 19251031     9.9
19251101 19251130    30.9
19251201 19251231     1.8
19260101 19260131     2.8
19260201 19260228     0.8
19260301 19260331     6.1
19260401 19260430    69.0
19260501 19260531    67.2
19260601 19260630    47.1
19260701 19260731    38.6
19260801 19260831    67.0
19260901 19260930    23.3
19261001 19261031    36.4
19261101 19261130     2.8
19261201 19261231    18.0
19270101 19270131    17.8
19270201 19270228    13.6
19270301 19270331     4.1
19270401 19270430     0.8
19270501 19270531    50.0
19270601 19270630    18.2
19270701 19270731    60.0
19270801 19270831    43.0
19270901 19270930    22.9
19271001 19271031    17.7
19271101 19271130     7.9
19271201 19271231    23.4
19280101 19280131    67.5
19280201 19280229    68.9
19280301 19280331    51.6
19280401 19280430     9.0
19280501 19280531    22.4
19280601 19280630    50.5
19280701 19280731    34.3
19280801 19280831     8.1
19280901 19280930    36.4
19281001 19281031    58.0
19281101 19281130     3.1
19281201 19281231     5.3
19290101 19290131     9.2
19290201 19290228    12.4
19290301 19290331    11.2
19290401 19290430    22.4
19290501 19290531    14.6
19290601 19290630    29.9
19290701 19290731    10.9
19290801 19290831    27.7
19290901 19290930     9.5
19291001 19291031    22.5
19291101 19291130    24.8
19291201 19291231    28.5
19300101 19300131     0.0
19300201 19300228    44.6
19300301 19300331    10.5
19300401 19300430    12.4
19300501 19300531    44.5
19300601 19300630    15.5
19300701 19300731    66.6
19300801 19300831    45.1
19300901 19300930    21.6
19301001 19301031    90.6
19301101 19301130    25.7
19301201 19301231   122.7
19310101 19310131     0.0
19310201 19310228     1.0
19310301 19310331    31.8
19310401 19310430    63.2
19310501 19310531    98.5
19310601 19310630    96.6
19310701 19310731    54.0
19310801 19310831    27.1
19310901 19310930    33.9
19311001 19311031     4.3
19311101 19311130    59.7
19311201 19311231     0.8
19320101 19320131     0.0
19320201 19320229    46.7
19320301 19320331    68.5
19320401 19320430    71.0
19320501 19320531    19.6
19320601 19320630    55.3
19320701 19320731    57.8
19320801 19320831    79.0
19320901 19320930    14.7
19321001 19321031    26.7
19321101 19321130    11.0
19321201 19321231    32.6
19330101 19330131   103.6
19330201 19330228     0.0
19330301 19330331     7.8
19330401 19330430    32.6
19330501 19330531    68.1
19330601 19330630    36.9
19330701 19330731    94.2
19330801 19330831    38.2
19330901 19330930    49.5
19331001 19331031    19.0
19331101 19331130    95.3
19331201 19331231    56.7
19340101 19340131    14.8
19340201 19340228    49.3
19340301 19340331     0.0
19340401 19340430    33.8
19340501 19340531     0.0
19340601 19340630    10.2
19340701 19340731    47.0
19340801 19340831    28.9
19340901 19340930    36.0
19341001 19341031    93.4
19341101 19341130    55.6
19341201 19341231     4.1
19350101 19350131    18.5
19350201 19350228     9.7
19350301 19350331    27.7
19350401 19350430    38.6
19350501 19350531    24.2
19350601 19350630    30.1
19350701 19350731    96.7
19350801 19350831    31.3
19350901 19350930    67.7
19351001 19351031    78.8
19351101 19351130     2.8
19351201 19351231    16.3
19360101 19360131    44.0
19360201 19360229     1.8
19360301 19360331     1.5
19360401 19360430     9.4
19360501 19360531    33.0
19360601 19360630    27.8
19360701 19360731   110.1
19360801 19360831    39.7
19360901 19360930     7.2
19361001 19361031    48.3
19361101 19361130     4.9
19361201 19361231    86.4
19370101 19370131    33.4
19370201 19370228    26.0
19370301 19370331     8.9
19370401 19370430     2.8
19370501 19370531    35.4
19370601 19370630    21.1
19370701 19370731    14.9
19370801 19370831    47.3
19370901 19370930    29.5
19371001 19371031    91.0
19371101 19371130     5.8
19371201 19371231    59.5
19380101 19380131    24.8
19380201 19380228    17.3
19380301 19380331     1.3
19380401 19380430    21.5
19380501 19380531     7.9
19380601 19380630    49.2
19380701 19380731    51.2
19380801 19380831    12.2
19380901 19380930     4.8
19381001 19381031     3.6
19381101 19381130    10.1
19381201 19381231     0.8
19390101 19390131    19.9
19390201 19390228    81.3
19390301 19390331    10.7
19390401 19390430   156.4
19390501 19390531    64.2
19390601 19390630    53.4
19390701 19390731    24.7
19390801 19390831    74.0
19390901 19390930    15.2
19391001 19391031    14.6
19391101 19391130    61.9
19391201 19391231     2.3
19400101 19400131    19.0
19400201 19400229     3.3
19400301 19400331     2.5
19400401 19400430    43.6
19400501 19400531     4.8
19400601 19400630     7.5
19400701 19400731    27.8
19400801 19400831     5.9
19400901 19400930    40.6
19401001 19401031     7.6
19401101 19401130    19.9
19401201 19401231    17.2
19410101 19410131    62.4
19410201 19410228     8.6
19410301 19410331    29.0
19410401 19410430    15.5
19410501 19410531     6.1
19410601 19410630    37.7
19410701 19410731    59.0
19410801 19410831    25.9
19410901 19410930    78.0
19411001 19411031    47.1
19411101 19411130    24.4
19411201 19411231    10.4
19420101 19420131    14.7
19420201 19420228     7.7
19420301 19420331    20.3
19420401 19420430    17.8
19420501 19420531    77.1
19420601 19420630    59.7
19420701 19420731    40.8
19420801 19420831    90.9
19420901 19420930    33.8
19421001 19421031    53.0
19421101 19421130    26.9
19421201 19421231    10.1
19430101 19430131    14.8
19430201 19430228    12.1
19430301 19430331     2.0
19430401 19430430    20.1
19430501 19430531    18.8
19430601 19430630    35.8
19430701 19430731    50.4
19430801 19430831    40.6
19430901 19430930    34.5
19431001 19431031    20.0
19431101 19431130    15.5
19431201 19431231    11.0
19440101 19440131    15.2
19440201 19440229     3.3
19440301 19440331    17.8
19440401 19440430    47.0
19440501 19440531    40.5
19440601 19440630     5.4
19440701 19440731    29.0
19440801 19440831     1.8
19440901 19440930    12.5
19441001 19441031    23.9
19441101 19441130    12.2
19441201 19441231    34.6
19450101 19450131    15.4
19450201 19450228    36.8
19450301 19450331     6.4
19450401 19450430     3.0
19450501 19450531    19.0
19450601 19450630    90.6
19450701 19450731    35.4
19450801 19450831    53.1
19450901 19450930    18.2
19451001 19451031    24.6
19451101 19451130    24.6
19451201 19451231     6.8
19460101 19460131    68.2
19460201 19460228    66.5
19460301 19460331    43.4
19460401 19460430    12.3
19460501 19460531    35.9
19460601 19460630    38.5
19460701 19460731    59.1
19460801 19460831    28.2
19460901 19460930    11.0
19461001 19461031    25.2
19461101 19461130    18.4
19461201 19461231    10.1
19470101 19470131     1.3
19470201 19470228    40.9
19470301 19470331    71.2
19470401 19470430    26.9
19470501 19470531     7.2
19470601 19470630    57.1
19470701 19470731    69.8
19470801 19470831    32.7
19470901 19470930    30.8
19471001 19471031    84.4
19471101 19471130    37.1
19471201 19471231    53.5
19480101 19480131     4.3
19480201 19480229     8.2
19480301 19480331     1.8
19480401 19480430    26.9
19480501 19480531    39.2
19480601 19480630    44.1
19480701 19480731    32.9
19480801 19480831    17.6
19480901 19480930    20.3
19481001 19481031   102.4
19481101 19481130    25.7
19481201 19481231    62.2
19490101 19490131     5.1
19490201 19490228    64.7
19490301 19490331    54.3
19490401 19490430     1.0
19490501 19490531    53.2
19490601 19490630    19.3
19490701 19490731    32.0
19490801 19490831    11.4
19490901 19490930    24.0
19491001 19491031   112.7
19491101 19491130    68.3
19491201 19491231     4.3
19500101 19500131     0.0
19500201 19500228    78.2
19500301 19500331    76.2
19500401 19500430    30.0
19500501 19500531    71.9
19500601 19500630    18.6
19500701 19500731    44.9
19500801 19500831    38.4
19500901 19500930    64.8
19501001 19501031    36.1
19501101 19501130    21.9
19501201 19501231    13.4
19510101 19510131    24.9
19510201 19510228    94.2
19510301 19510331     0.0
19510401 19510430    15.1
19510501 19510531    70.8
19510601 19510630    66.4
19510701 19510731    63.7
19510801 19510831    54.5
19510901 19510930    12.7
19511001 19511031    78.1
19511101 19511130     9.2
19511201 19511231    12.2
19520101 19520131    37.3
19520201 19520229    15.0
19520301 19520331    18.3
19520401 19520430    32.6
19520501 19520531    79.3
19520601 19520630    71.0
19520701 19520731    19.0
19520801 19520831    44.2
19520901 19520930    31.0
19521001 19521031    58.2
19521101 19521130    65.9
19521201 19521231    13.2
19530101 19530131    48.0
19530201 19530228    21.3
19530301 19530331     0.3
19530401 19530430    25.8
19530501 19530531     9.4
19530601 19530630    57.1
19530701 19530731    59.5
19530801 19530831    58.0
19530901 19530930    54.7
19531001 19531031    44.7
19531101 19531130    50.1
19531201 19531231    14.4
19540101 19540131    66.8
19540201 19540228    17.8
19540301 19540331     6.9
19540401 19540430    69.7
19540501 19540531    19.5
19540601 19540630    36.3
19540701 19540731    31.7
19540801 19540831    49.0
19540901 19540930    26.0
19541001 19541031    44.4
19541101 19541130    40.6
19541201 19541231    81.6
19550101 19550131     8.3
19550201 19550228    98.3
19550301 19550331    17.0
19550401 19550430    10.4
19550501 19550531    67.8
19550601 19550630    77.6
19550701 19550731    34.3
19550801 19550831    84.1
19550901 19550930    61.5
19551001 19551031    54.7
19551101 19551130    28.7
19551201 19551231    11.4
19560101 19560131    15.0
19560201 19560229     2.0
19560301 19560331    93.8
19560401 19560430    90.8
19560501 19560531   168.1
19560601 19560630    52.5
19560701 19560731    73.9
19560801 19560831    45.0
19560901 19560930    65.8
19561001 19561031    73.9
19561101 19561130    20.6
19561201 19561231     5.5
19570101 19570131     1.8
19570201 19570228    93.2
19570301 19570331    17.3
19570401 19570430    17.8
19570501 19570531    11.7
19570601 19570630    50.8
19570701 19570731     9.2
19570801 19570831    22.1
19570901 19570930    19.4
19571001 19571031    51.9
19571101 19571130    17.9
19571201 19571231    16.7
19580101 19580131    63.5
19580201 19580228     7.8
19580301 19580331     5.8
19580401 19580430    11.1
19580501 19580531    66.3
19580601 19580630     8.7
19580701 19580731    71.2
19580801 19580831    71.0
19580901 19580930    32.1
19581001 19581031    73.5
19581101 19581130    58.5
19581201 19581231     7.9
19590101 19590131    13.2
19590201 19590228    42.5
19590301 19590331    46.9
19590401 19590430    42.7
19590501 19590531    15.7
19590601 19590630    19.1
19590701 19590731    11.1
19590801 19590831    42.9
19590901 19590930    41.8
19591001 19591031    41.0
19591101 19591130    13.8
19591201 19591231    28.7
19600101 19600131    77.1
19600201 19600229    44.7
19600301 19600331    13.8
19600401 19600430    71.4
19600501 19600531    98.4
19600601 19600630    44.5
19600701 19600731    49.3
19600801 19600831    48.8
19600901 19600930   108.9
19601001 19601031    13.2
19601101 19601130    81.8
19601201 19601231    50.8
19610101 19610131     0.0
19610201 19610228    14.8
19610301 19610331    34.2
19610401 19610430    55.9
19610501 19610531     8.0
19610601 19610630    39.3
19610701 19610731    47.5
19610801 19610831    27.7
19610901 19610930    20.4
19611001 19611031    38.7
19611101 19611130    24.4
19611201 19611231    44.3
19620101 19620131    54.6
19620201 19620228    10.4
19620301 19620331    12.5
19620401 19620430    12.0
19620501 19620531    46.7
19620601 19620630    45.2
19620701 19620731    34.3
19620801 19620831    76.8
19620901 19620930    59.8
19621001 19621031    43.2
19621101 19621130    14.0
19621201 19621231    18.8
19630101 19630131   101.1
19630201 19630228     0.0
19630301 19630331    39.6
19630401 19630430    11.1
19630501 19630531    56.1
19630601 19630630    54.2
19630701 19630731    47.9
19630801 19630831    40.4
19630901 19630930    61.9
19631001 19631031    21.1
19631101 19631130    12.5
19631201 19631231     6.6
19640101 19640131     0.0
19640201 19640229     4.0
19640301 19640331     4.9
19640401 19640430    82.7
19640501 19640531    22.5
19640601 19640630    44.7
19640701 19640731    74.2
19640801 19640831    40.1
19640901 19640930   104.9
19641001 19641031   112.5
19641101 19641130    22.6
19641201 19641231    29.7
19650101 19650131     2.8
19650201 19650228     0.0
19650301 19650331     7.1
19650401 19650430    26.2
19650501 19650531    54.7
19650601 19650630    22.9
19650701 19650731    58.1
19650801 19650831    79.2
19650901 19650930    20.7
19651001 19651031     4.4
19651101 19651130    74.8
19651201 19651231    29.5
19660101 19660131    10.4
19660201 19660228    23.3
19660301 19660331    41.9
19660401 19660430    14.9
19660501 19660531    24.4
19660601 19660630    24.6
19660701 19660731    48.2
19660801 19660831    25.2
19660901 19660930    70.3
19661001 19661031    46.8
19661101 19661130    26.2
19661201 19661231    93.5
19670101 19670131     2.3
19670201 19670228     5.6
19670301 19670331     2.5
19670401 19670430     5.1
19670501 19670531    20.4
19670601 19670630    25.4
19670701 19670731    42.4
19670801 19670831    40.8
19670901 19670930    16.8
19671001 19671031     9.4
19671101 19671130     7.1
19671201 19671231    19.4
19680101 19680131    88.1
19680201 19680229     6.1
19680301 19680331    32.2
19680401 19680430    48.9
19680501 19680531    76.2
19680601 19680630    65.9
19680701 19680731    37.4
19680801 19680831    73.5
19680901 19680930    11.4
19681001 19681031    47.8
19681101 19681130    26.7
19681201 19681231    39.9
19690101 19690131     2.3
19690201 19690228    47.1
19690301 19690331   102.8
19690401 19690430    19.9
19690501 19690531    55.0
19690601 19690630     9.2
19690701 19690731    42.2
19690801 19690831    37.6
19690901 19690930    40.5
19691001 19691031     3.8
19691101 19691130    35.8
19691201 19691231    24.6
19700101 19700131    45.0
19700201 19700228     1.5
19700301 19700331    45.2
19700401 19700430    67.1
19700501 19700531    20.6
19700601 19700630    45.7
19700701 19700731    19.9
19700801 19700831    60.2
19700901 19700930    39.1
19701001 19701031    17.3
19701101 19701130    46.5
19701201 19701231    18.6
19710101 19710131    10.0
19710201 19710228    23.0
19710301 19710331    25.6
19710401 19710430    76.2
19710501 19710531    38.1
19710601 19710630    44.2
19710701 19710731    41.7
19710801 19710831    40.7
19710901 19710930    36.2
19711001 19711031    41.7
19711101 19711130    67.5
19711201 19711231    18.3
19720101 19720131    24.2
19720201 19720229    61.0
19720301 19720331    13.5
19720401 19720430    28.7
19720501 19720531    18.6
19720601 19720630    23.4
19720701 19720731    31.3
19720801 19720831    51.1
19720901 19720930    22.4
19721001 19721031    23.3
19721101 19721130    44.7
19721201 19721231     3.0
19730101 19730131    98.6
19730201 19730228   174.5
19730301 19730331    24.6
19730401 19730430    49.1
19730501 19730531    76.7
19730601 19730630    75.4
19730701 19730731    66.0
19730801 19730831    90.9
19730901 19730930    65.1
19731001 19731031    93.5
19731101 19731130    33.3
19731201 19731231    12.5
19740101 19740131   128.4
19740201 19740228    32.3
19740301 19740331    32.0
19740401 19740430   110.4
19740501 19740531    84.0
19740601 19740630    16.2
19740701 19740731    66.0
19740801 19740831    62.4
19740901 19740930    71.0
19741001 19741031    83.0
19741101 19741130     3.6
19741201 19741231    10.0
19750101 19750131    16.4
19750201 19750228     3.2
19750301 19750331    37.6
19750401 19750430     8.0
19750501 19750531    40.2
19750601 19750630    11.6
19750701 19750731    50.8
19750801 19750831    34.2
19750901 19750930   115.2
19751001 19751031   203.0
19751101 19751130    11.8
19751201 19751231    33.6
19760101 19760131    17.3
19760201 19760229    12.0
19760301 19760331    18.2
19760401 19760430     2.0
19760501 19760531    15.6
19760601 19760630    39.2
19760701 19760731    23.4
19760801 19760831    26.8
19760901 19760930    50.6
19761001 19761031    38.1
19761101 19761130    47.8
19761201 19761231    39.2
19770101 19770131    10.0
19770201 19770228    13.8
19770301 19770331    22.0
19770401 19770430    25.2
19770501 19770531    56.6
19770601 19770630    51.0
19770701 19770731    11.8
19770801 19770831    18.2
19770901 19770930    23.8
19771001 19771031    14.4
19771101 19771130    32.4
19771201 19771231     6.4
19780101 19780131     1.8
19780201 19780228     2.2
19780301 19780331    33.4
19780401 19780430    53.2
19780501 19780531    76.2
19780601 19780630    37.2
19780701 19780731    66.8
19780801 19780831    61.6
19780901 19780930    71.8
19781001 19781031    21.2
19781101 19781130    54.8
19781201 19781231    21.2
19790101 19790131    73.4
19790201 19790228    30.2
19790301 19790331     4.8
19790401 19790430    25.4
19790501 19790531    57.8
19790601 19790630    28.8
19790701 19790731    39.4
19790801 19790831   103.4
19790901 19790930    97.8
19791001 19791031    55.0
19791101 19791130    21.4
19791201 19791231     3.8
19800101 19800131    13.4
19800201 19800229     0.8
19800301 19800331    10.2
19800401 19800430   101.8
19800501 19800531    27.6
19800601 19800630    40.6
19800701 19800731    60.4
19800801 19800831    48.8
19800901 19800930    28.2
19801001 19801031    66.2
19801101 19801130    20.6
19801201 19801231    20.0
19810101 19810131    26.2
19810201 19810228     8.2
19810301 19810331     1.6
19810401 19810430     1.0
19810501 19810531    56.6
19810601 19810630    86.8
19810701 19810731    82.8
19810801 19810831    78.0
19810901 19810930    26.4
19811001 19811031    29.6
19811101 19811130    30.8
19811201 19811231    12.0
19820101 19820131    14.8
19820201 19820228     0.2
19820301 19820331    39.8
19820401 19820430    20.9
19820501 19820531    22.6
19820601 19820630    18.2
19820701 19820731     7.0
19820801 19820831     9.4
19820901 19820930     9.2
19821001 19821031     6.6
19821101 19821130     2.0
19821201 19821231    10.0
19830101 19830131     2.6
19830201 19830228     0.0
19830301 19830331   108.0
19830401 19830430    32.6
19830501 19830531    67.2
19830601 19830630    26.4
19830701 19830731    66.2
19830801 19830831    71.6
19830901 19830930    90.8
19831001 19831031    31.8
19831101 19831130   109.0
19831201 19831231    20.8
19840101 19840131   119.2
19840201 19840229     2.6
19840301 19840331    81.6
19840401 19840430    12.8
19840501 19840531    10.0
19840601 19840630    10.6
19840701 19840731    50.0
19840801 19840831    93.4
19840901 19840930    23.6
19841001 19841031    13.6
19841101 19841130    56.8
19841201 19841231     6.4
19850101 19850131     1.8
19850201 19850228     0.0
19850301 19850331    11.7
19850401 19850430    10.1
19850501 19850531    29.6
19850601 19850630    27.2
19850701 19850731    15.9
19850801 19850831   107.2
19850901 19850930    19.8
19851001 19851031    42.0
19851101 19851130    32.4
19851201 19851231    74.0
19860101 19860131     3.6
19860201 19860228     7.4
19860301 19860331     2.4
19860401 19860430    48.9
19860501 19860531    74.4
19860601 19860630    13.6
19860701 19860731    95.0
19860801 19860831    48.8
19860901 19860930    51.2
19861001 19861031    74.6
19861101 19861130    16.2
19861201 19861231    57.4
19870101 19870131    61.2
19870201 19870228    15.3
19870301 19870331    24.2
19870401 19870430    18.0
19870501 19870531    95.4
19870601 19870630    90.2
19870701 19870731    43.0
19870801 19870831    22.8
19870901 19870930    10.8
19871001 19871031    44.2
19871101 19871130     8.2
19871201 19871231    69.4
19880101 19880131    41.2
19880201 19880229    14.2
19880301 19880331    42.0
19880401 19880430    14.8
19880501 19880531   130.0
19880601 19880630    53.6
19880701 19880731    47.8
19880801 19880831    20.6
19880901 19880930    94.8
19881001 19881031    30.4
19881101 19881130    68.4
19881201 19881231    72.2
19890101 19890131    48.8
19890201 19890228     3.2
19890301 19890331    67.8
19890401 19890430   146.4
19890501 19890531    91.0
19890601 19890630    72.0
19890701 19890731    44.0
19890801 19890831    56.8
19890901 19890930    35.8
19891001 19891031    54.6
19891101 19891130     6.3
19891201 19891231    17.0
19900101 19900131    15.4
19900201 19900228    53.0
19900301 19900331    25.6
19900401 19900430    16.8
19900501 19900531    10.0
19900601 19900630    51.6
19900701 19900731    72.4
19900801 19900831    44.7
19900901 19900930    19.3
19901001 19901031    23.0
19901101 19901130    27.0
19901201 19901231     6.8
19910101 19910131    69.5
19910201 19910228     0.0
19910301 19910331     7.4
19910401 19910430    34.0
19910501 19910531     3.6
19910601 19910630   109.6
19910701 19910731    36.4
19910801 19910831    62.2
19910901 19910930    58.6
19911001 19911031     2.4
19911101 19911130    27.2
19911201 19911231    55.0
19920101 19920131     7.0
19920201 19920229     1.8
19920301 19920331    18.2
19920401 19920430    46.6
19920501 19920531    87.0
19920601 19920630    32.6
19920701 19920731    22.2
19920801 19920831    86.4
19920901 19920930    90.8
19921001 19921031   108.2
19921101 19921130    60.4
19921201 19921231   148.4
19930101 19930131    66.0
19930201 19930228    17.0
19930301 19930331    31.4
19930401 19930430     4.0
19930501 19930531    35.6
19930601 19930630    20.0
19930701 19930731    78.2
19930801 19930831    53.8
19930901 19930930    97.7
19931001 19931031    46.7
19931101 19931130    30.8
19931201 19931231    67.2
19940101 19940131    19.9
19940201 19940228    71.8
19940301 19940331     5.4
19940401 19940430     1.8
19940501 19940531    26.4
19940601 19940630    57.2
19940701 19940731    32.4
19940801 19940831     8.0
19940901 19940930    16.6
19941001 19941031    16.4
19941101 19941130    11.4
19941201 19941231     1.4
19950101 19950131    35.2
19950201 19950228    23.6
19950301 19950331     4.6
19950401 19950430    52.8
19950501 19950531    77.8
19950601 19950630   106.2
19950701 19950731    93.8
19950801 19950831    13.8
19950901 19950930    29.6
19951001 19951031    81.4
19951101 19951130     2.2
19951201 19951231     3.8
19960101 19960131    29.6
19960201 19960229    41.2
19960301 19960331    68.4
19960401 19960430    17.2
19960501 19960531    22.9
19960601 19960630    85.0
19960701 19960731    92.0
19960801 19960831    62.8
19960901 19960930    86.6
19961001 19961031    23.6
19961101 19961130    13.0
19961201 19961231    14.6
19970101 19970131    35.8
19970201 19970228     0.6
19970301 19970331    12.8
19970401 19970430     1.6
19970501 19970531    53.0
19970601 19970630    26.0
19970701 19970731     9.4
19970801 19970831    59.4
19970901 19970930    81.2
19971001 19971031    21.2
19971101 19971130    46.2
19971201 19971231     2.0
19980101 19980131    19.8
19980201 19980228    43.2
19980301 19980331     1.4
19980401 19980430    90.0
19980501 19980531     9.4
19980601 19980630    35.0
19980701 19980731    66.2
19980801 19980831     9.8
19980901 19980930    23.8
19981001 19981031    45.4
19981101 19981130    62.8
19981201 19981231    14.6
19990101 19990131    10.2
19990201 19990228    28.7
19990301 19990331    30.2
19990401 19990430     7.0
19990501 19990531    64.0
19990601 19990630    37.0
19990701 19990731    25.4
19990801 19990831    67.8
19990901 19990930    22.4
19991001 19991031    37.6
19991101 19991130    78.4
19991201 19991231    66.8
20000101 20000131     1.6
20000201 20000229    25.8
20000301 20000331     8.4
20000401 20000430    55.0
20000501 20000531    33.6
20000601 20000630    23.2
20000701 20000731    60.6
20000801 20000831    34.2
20000901 20000930    40.8
20001001 20001031    42.4
20001101 20001130    29.8
20001201 20001231    20.2
20010101 20010131    42.6
20010201 20010228     7.2
20010301 20010331    33.2
20010401 20010430    16.4
20010501 20010531     6.4
20010601 20010630    29.0
20010701 20010731    23.2
20010801 20010831    54.2
20010901 20010930    46.2
20011001 20011031    38.0
20011101 20011130    16.2
20011201 20011231     2.4
20020101 20020131    18.4
20020201 20020228    26.4
20020301 20020331    17.8
20020401 20020430    23.0
20020501 20020531    23.2
20020601 20020630    25.4
20020701 20020731    20.0
20020801 20020831    29.3
20020901 20020930    23.2
20021001 20021031    11.8
20021101 20021130    21.4
20021201 20021231    37.0
20030101 20030131    19.4
20030201 20030228    46.6
20030301 20030331     0.0
20030401 20030430    27.4
20030501 20030531    33.2
20030601 20030630    63.8
20030701 20030731    33.8
20030801 20030831    69.0
20030901 20030930    25.0
20031001 20031031    45.8
20031101 20031130    14.6
20031201 20031231    30.8
20040101 20040131    10.6
20040201 20040229     5.2
20040301 20040331     8.2
20040401 20040430     4.6
20040501 20040531    27.2
20040601 20040630    57.4
20040701 20040731    35.8
20040801 20040831    27.0
20040901 20040930    38.8
20041001 20041031     8.8
20041101 20041130    70.4
20041201 20041231    28.6
20050101 20050131    15.2
20050201 20050228    56.0
20050301 20050331     0.4
20050401 20050430    14.4
20050501 20050531     7.4
20050601 20050630    80.0
20050701 20050731    23.8
20050801 20050831    31.4
20050901 20050930    36.8
20051001 20051031    53.0
20051101 20051130    38.0
20051201 20051231    52.4
20060101 20060131    22.8
20060201 20060228     2.4
20060301 20060331    14.2
20060401 20060430    31.4
20060501 20060531    22.6
20060601 20060630     6.3
20060701 20060731    38.0
20060801 20060831    19.4
20060901 20060930    34.4
20061001 20061031     0.0
20061101 20061130    19.4
20061201 20061231     7.0
20070101 20070131    52.6
20070201 20070228     7.6
20070301 20070331    33.8
20070401 20070430 99999.9
20070501 20070531    72.0
20070601 20070630    11.8
20070701 20070731    33.4
20070801 20070831     9.0
20070901 20070930    24.8
20071001 20071031     2.0
20071101 20071130    36.4
20071201 20071231    46.6
20080101 20080131    22.4
20080201 20080229     0.4
20080301 20080331     6.0
20080401 20080430     8.0
20080501 20080531    34.8
20080601 20080630    16.2
20080701 20080731    55.6
20080801 20080831    39.0
20080901 20080930    15.0
20081001 20081031     7.8
20081101 20081130    60.8
20081201 20081231    48.8
20090101 20090131     0.0
20090201 20090228     1.2
20090301 20090331    13.6
20090401 20090430    21.2
20090501 20090531    12.6
20090601 20090630    29.2
20090701 20090731    53.6
20090801 20090831    27.6
20090901 20090930    43.8
20091001 20091031    26.6
20091101 20091130    69.6
20091201 20091231    23.0
20100101 20100131    11.2
20100201 20100228    17.2
20100301 20100331    68.0
20100401 20100430    38.6
20100501 20100531    24.0
20100601 20100630    18.8
20100701 20100731    29.2
20100801 20100831   122.8
20100901 20100930    61.6
20101001 20101031    96.2
20101101 20101130   127.8
20101201 20101231    71.6
20110101 20110131   174.4
20110201 20110228   110.6
20110301 20110331    22.6
20110401 20110430    15.6
20110501 20110531    41.6
20110601 20110630    22.8
20110701 20110731    27.8
20110801 20110831    52.0
20110901 20110930    25.5
20111001 20111031    26.0
20111101 20111130    82.0
20111201 20111231    25.2
20120101 20120131    16.4
20120201 20120229    46.2
20120301 20120331    52.0
20120401 20120430    10.0
20120501 20120531    26.0
20120601 20120630    36.2
20120701 20120731    53.2
20120801 20120831    18.6
20120901 20120930    21.6
20121001 20121031    14.8
20121101 20121130     6.8
20121201 20121231    11.6
20130101 20130131     4.0
20130201 20130228    17.8
20130301 20130331     4.2
20130401 20130430     3.0
20130501 20130531    25.6
20130601 20130630   112.2
20130701 20130731    41.6
20130801 20130831    42.2
20130901 20130930    48.8
20131001 20131031    34.2
20131101 20131130     9.6
20131201 20131231    14.3
20140101 20140131     8.2
20140201 20140228 99999.9
20140301 20140331    23.6
20140401 20140430    50.9
20140501 20140531    32.8
20140601 20140630    37.8
20140701 20140731    39.6
20140801 20140831     6.0
20140901 20140930    25.2
20141001 20141031     9.0
20141101 20141130    23.0
20141201 20141231     6.2
20150101 20150131 99999.9
20150201 20150228     6.0
20150301 20150331     9.0
20150401 20150430    15.6
20150501 20150531    22.2
20150601 20150630    23.8
20150701 20150731    36.4
20150801 20150831    26.4
20150901 20150930    27.4
20151001 20151031    20.6
20151101 20151130     9.4
20151201 20151231    10.6
20160101 20160131    23.0
20160201 20160229 99999.9
20160301 20160331    29.2
20160401 20160430     3.2
20160501 20160531    67.2
20160601 20160630    50.6
20160701 20160731    49.0
20160801 20160831    41.4
20160901 20160930   142.4
20161001 20161031    62.8
20161101 20161130    31.6
20161201 20161231    19.2
20170101 20170131    24.8
20170201 20170228    31.0
20170301 20170331    13.6
20170401 20170430    58.4
20170501 20170531    46.8
20170601 20170630     0.0
20170701 20170731    29.4
20170801 20170831    59.2
20170901 20170930    21.4
20171001 20171031    30.0
20171101 20171130    74.4
20171201 20171231    35.8
