PRCP       010123 19100101 20171231 missing_value=99999.9 THE GRANITES                              
19100101 19100131     0.3
19100201 19100228    24.4
19100301 19100331     0.3
19100401 19100430    13.1
19100501 19100531    76.4
19100601 19100630    80.9
19100701 19100731    61.2
19100801 19100831    26.9
19100901 19100930    18.8
19101001 19101031     7.6
19101101 19101130     1.4
19101201 19101231     0.0
19110101 19110131    16.6
19110201 19110228     0.0
19110301 19110331    15.3
19110401 19110430    16.8
19110501 19110531    23.2
19110601 19110630    33.5
19110701 19110731    39.1
19110801 19110831    28.7
19110901 19110930    11.4
19111001 19111031    10.7
19111101 19111130     0.0
19111201 19111231     9.7
19120101 19120131    17.1
19120201 19120229     0.0
19120301 19120331     2.3
19120401 19120430    27.7
19120501 19120531    25.3
19120601 19120630    11.9
19120701 19120731    69.7
19120801 19120831    15.2
19120901 19120930    39.6
19121001 19121031    12.9
19121101 19121130    10.9
19121201 19121231    19.1
19130101 19130131     1.8
19130201 19130228     0.0
19130301 19130331     4.3
19130401 19130430     4.0
19130501 19130531     5.9
19130601 19130630    50.9
19130701 19130731    30.3
19130801 19130831    62.6
19130901 19130930    36.8
19131001 19131031    21.3
19131101 19131130     4.8
19131201 19131231    89.3
19140101 19140131     0.0
19140201 19140228     5.1
19140301 19140331     8.9
19140401 19140430     8.6
19140501 19140531     4.3
19140601 19140630    19.6
19140701 19140731    31.0
19140801 19140831    17.5
19140901 19140930     0.3
19141001 19141031    32.3
19141101 19141130    34.6
19141201 19141231     8.7
19150101 19150131    36.4
19150201 19150228    44.1
19150301 19150331    11.9
19150401 19150430     0.8
19150501 19150531    67.0
19150601 19150630    80.4
19150701 19150731    70.3
19150801 19150831    65.1
19150901 19150930    29.6
19151001 19151031    13.6
19151101 19151130     0.0
19151201 19151231     0.0
19160101 19160131    53.1
19160201 19160229     4.3
19160301 19160331    12.5
19160401 19160430     0.0
19160501 19160531    23.7
19160601 19160630    41.5
19160701 19160731    54.0
19160801 19160831    52.7
19160901 19160930     5.3
19161001 19161031    50.0
19161101 19161130     9.4
19161201 19161231     0.0
19170101 19170131     0.0
19170201 19170228     0.0
19170301 19170331    72.8
19170401 19170430    33.1
19170501 19170531    49.1
19170601 19170630    78.4
19170701 19170731    99.3
19170801 19170831    47.0
19170901 19170930    33.4
19171001 19171031    27.7
19171101 19171130     3.3
19171201 19171231     0.0
19180101 19180131     6.1
19180201 19180228    35.3
19180301 19180331    23.1
19180401 19180430    21.5
19180501 19180531    21.1
19180601 19180630   105.6
19180701 19180731    31.2
19180801 19180831    44.4
19180901 19180930    26.2
19181001 19181031    33.6
19181101 19181130     4.1
19181201 19181231     0.0
19190101 19190131     0.0
19190201 19190228     0.0
19190301 19190331     0.0
19190401 19190430    78.5
19190501 19190531     5.1
19190601 19190630    27.1
19190701 19190731    63.0
19190801 19190831    29.7
19190901 19190930    13.2
19191001 19191031    37.6
19191101 19191130    44.9
19191201 19191231    12.2
19200101 19200131    13.2
19200201 19200229    20.6
19200301 19200331    29.2
19200401 19200430    22.9
19200501 19200531    48.2
19200601 19200630    57.6
19200701 19200731    38.8
19200801 19200831    59.2
19200901 19200930    14.5
19201001 19201031     5.6
19201101 19201130     0.0
19201201 19201231     0.0
19210101 19210131     0.0
19210201 19210228    48.2
19210301 19210331     9.4
19210401 19210430     0.3
19210501 19210531   115.4
19210601 19210630    40.5
19210701 19210731    50.3
19210801 19210831    41.0
19210901 19210930    14.1
19211001 19211031    29.4
19211101 19211130     1.3
19211201 19211231     9.7
19220101 19220131     0.0
19220201 19220228    41.7
19220301 19220331     0.0
19220401 19220430    16.8
19220501 19220531    42.1
19220601 19220630    14.2
19220701 19220731    95.2
19220801 19220831    28.0
19220901 19220930    18.6
19221001 19221031     1.5
19221101 19221130     7.4
19221201 19221231     8.6
19230101 19230131    15.0
19230201 19230228     5.8
19230301 19230331     7.6
19230401 19230430    40.9
19230501 19230531    26.7
19230601 19230630   112.7
19230701 19230731    27.1
19230801 19230831    19.3
19230901 19230930    43.9
19231001 19231031     5.1
19231101 19231130     0.0
19231201 19231231    29.9
19240101 19240131     0.0
19240201 19240229     3.8
19240301 19240331     3.0
19240401 19240430     7.1
19240501 19240531    45.0
19240601 19240630    41.1
19240701 19240731    26.4
19240801 19240831    35.5
19240901 19240930    25.7
19241001 19241031    47.1
19241101 19241130     7.8
19241201 19241231     4.6
19250101 19250131    45.2
19250201 19250228    34.5
19250301 19250331    18.2
19250401 19250430     9.3
19250501 19250531    37.4
19250601 19250630    55.4
19250701 19250731    31.0
19250801 19250831     1.3
19250901 19250930    34.3
19251001 19251031     8.4
19251101 19251130     6.1
19251201 19251231     4.1
19260101 19260131     5.1
19260201 19260228     8.6
19260301 19260331    73.7
19260401 19260430    30.5
19260501 19260531    23.4
19260601 19260630    43.2
19260701 19260731   114.0
19260801 19260831    30.6
19260901 19260930    22.2
19261001 19261031    20.6
19261101 19261130     9.9
19261201 19261231     2.0
19270101 19270131     0.0
19270201 19270228     0.0
19270301 19270331   141.7
19270401 19270430     7.1
19270501 19270531    16.3
19270601 19270630    52.6
19270701 19270731    42.2
19270801 19270831    21.6
19270901 19270930    39.9
19271001 19271031    13.7
19271101 19271130     8.9
19271201 19271231     8.6
19280101 19280131    23.4
19280201 19280229     0.0
19280301 19280331    11.2
19280401 19280430     2.5
19280501 19280531    22.4
19280601 19280630    17.8
19280701 19280731    86.7
19280801 19280831    37.8
19280901 19280930    25.8
19281001 19281031     5.6
19281101 19281130     1.5
19281201 19281231    12.2
19290101 19290131     0.0
19290201 19290228    12.4
19290301 19290331    34.5
19290401 19290430     0.0
19290501 19290531    60.3
19290601 19290630    79.1
19290701 19290731    45.7
19290801 19290831    21.0
19290901 19290930     5.4
19291001 19291031     6.8
19291101 19291130    42.6
19291201 19291231     0.0
19300101 19300131     0.0
19300201 19300228     1.8
19300301 19300331    34.6
19300401 19300430    40.4
19300501 19300531     6.4
19300601 19300630    99.2
19300701 19300731    54.6
19300801 19300831    42.7
19300901 19300930    30.7
19301001 19301031     0.0
19301101 19301130     0.0
19301201 19301231     7.6
19310101 19310131     0.0
19310201 19310228     0.0
19310301 19310331     7.6
19310401 19310430     8.8
19310501 19310531    56.8
19310601 19310630    29.7
19310701 19310731    47.0
19310801 19310831    67.2
19310901 19310930    27.0
19311001 19311031    11.4
19311101 19311130     4.4
19311201 19311231    12.5
19320101 19320131    13.0
19320201 19320229     0.0
19320301 19320331     6.6
19320401 19320430    12.7
19320501 19320531    61.5
19320601 19320630    19.3
19320701 19320731    76.5
19320801 19320831    86.9
19320901 19320930    33.3
19321001 19321031   107.6
19321101 19321130     0.0
19321201 19321231     4.6
19330101 19330131    13.2
19330201 19330228     0.0
19330301 19330331     6.6
19330401 19330430     5.3
19330501 19330531    58.2
19330601 19330630    37.7
19330701 19330731    27.2
19330801 19330831    34.1
19330901 19330930     9.3
19331001 19331031    37.8
19331101 19331130     0.3
19331201 19331231     3.0
19340101 19340131     1.8
19340201 19340228     7.2
19340301 19340331    57.9
19340401 19340430    49.2
19340501 19340531    18.9
19340601 19340630    37.6
19340701 19340731    41.0
19340801 19340831    35.2
19340901 19340930    11.7
19341001 19341031    13.5
19341101 19341130    18.6
19341201 19341231     5.5
19350101 19350131    21.1
19350201 19350228    14.0
19350301 19350331     4.8
19350401 19350430    15.0
19350501 19350531    16.9
19350601 19350630    29.8
19350701 19350731    49.1
19350801 19350831    39.2
19350901 19350930    11.7
19351001 19351031    38.7
19351101 19351130     0.0
19351201 19351231     1.3
19360101 19360131     0.0
19360201 19360229     1.0
19360301 19360331    12.3
19360401 19360430     1.0
19360501 19360531    33.6
19360601 19360630    60.1
19360701 19360731    26.6
19360801 19360831    42.5
19360901 19360930    18.3
19361001 19361031     1.5
19361101 19361130     0.0
19361201 19361231    33.0
19370101 19370131     0.0
19370201 19370228     0.0
19370301 19370331    11.9
19370401 19370430    13.4
19370501 19370531    40.2
19370601 19370630    52.4
19370701 19370731     7.7
19370801 19370831    49.2
19370901 19370930     8.4
19371001 19371031     8.4
19371101 19371130    28.7
19371201 19371231     0.0
19380101 19380131    11.4
19380201 19380228     0.5
19380301 19380331    33.7
19380401 19380430     4.6
19380501 19380531    23.2
19380601 19380630    34.3
19380701 19380731    70.5
19380801 19380831    18.3
19380901 19380930    13.6
19381001 19381031    26.7
19381101 19381130     9.7
19381201 19381231     0.0
19390101 19390131    11.4
19390201 19390228    98.5
19390301 19390331     0.0
19390401 19390430    12.7
19390501 19390531    83.0
19390601 19390630    39.7
19390701 19390731    70.6
19390801 19390831    43.6
19390901 19390930     1.8
19391001 19391031    27.3
19391101 19391130    44.6
19391201 19391231     4.1
19400101 19400131     6.6
19400201 19400229     0.0
19400301 19400331     0.0
19400401 19400430     1.3
19400501 19400531    18.3
19400601 19400630    45.0
19400701 19400731    35.3
19400801 19400831     9.1
19400901 19400930    18.3
19401001 19401031    23.9
19401101 19401130     2.5
19401201 19401231    28.7
19410101 19410131     0.0
19410201 19410228     0.3
19410301 19410331     0.8
19410401 19410430    18.1
19410501 19410531    31.4
19410601 19410630    56.6
19410701 19410731    37.5
19410801 19410831    40.3
19410901 19410930    17.6
19411001 19411031    15.8
19411101 19411130     5.3
19411201 19411231    25.4
19420101 19420131     0.0
19420201 19420228     0.0
19420301 19420331   111.2
19420401 19420430    39.7
19420501 19420531    71.2
19420601 19420630    29.0
19420701 19420731    46.9
19420801 19420831    46.3
19420901 19420930    30.4
19421001 19421031    16.8
19421101 19421130     1.3
19421201 19421231    27.6
19430101 19430131    22.4
19430201 19430228    61.8
19430301 19430331    37.4
19430401 19430430    39.9
19430501 19430531    67.2
19430601 19430630    62.4
19430701 19430731    38.8
19430801 19430831    36.3
19430901 19430930    25.7
19431001 19431031    16.8
19431101 19431130     0.0
19431201 19431231     2.3
19440101 19440131     8.1
19440201 19440229     0.0
19440301 19440331     3.9
19440401 19440430    25.7
19440501 19440531    45.5
19440601 19440630    24.0
19440701 19440731    64.2
19440801 19440831    48.2
19440901 19440930     8.6
19441001 19441031     0.0
19441101 19441130     0.0
19441201 19441231     3.8
19450101 19450131     0.0
19450201 19450228     0.0
19450301 19450331    19.3
19450401 19450430     3.6
19450501 19450531    37.4
19450601 19450630   130.4
19450701 19450731    48.8
19450801 19450831    76.8
19450901 19450930    24.1
19451001 19451031     4.5
19451101 19451130     6.6
19451201 19451231     1.6
19460101 19460131     0.3
19460201 19460228     0.0
19460301 19460331     0.6
19460401 19460430    20.6
19460501 19460531    60.1
19460601 19460630    87.0
19460701 19460731    88.0
19460801 19460831    51.3
19460901 19460930     9.4
19461001 19461031     1.0
19461101 19461130    13.9
19461201 19461231     0.0
19470101 19470131     0.0
19470201 19470228     2.3
19470301 19470331    15.5
19470401 19470430    34.5
19470501 19470531    52.2
19470601 19470630    55.3
19470701 19470731    39.6
19470801 19470831    11.3
19470901 19470930     8.9
19471001 19471031    37.3
19471101 19471130    36.9
19471201 19471231     0.0
19480101 19480131     0.0
19480201 19480229     0.3
19480301 19480331     5.6
19480401 19480430    18.0
19480501 19480531     0.5
19480601 19480630    81.3
19480701 19480731    37.0
19480801 19480831    41.0
19480901 19480930    49.0
19481001 19481031    10.5
19481101 19481130     9.2
19481201 19481231     6.4
19490101 19490131     0.0
19490201 19490228    15.3
19490301 19490331    11.9
19490401 19490430     6.9
19490501 19490531     4.1
19490601 19490630    41.9
19490701 19490731    54.6
19490801 19490831    55.4
19490901 19490930    10.4
19491001 19491031    15.6
19491101 19491130    44.2
19491201 19491231     0.0
19500101 19500131     3.5
19500201 19500228     0.0
19500301 19500331     0.0
19500401 19500430     0.0
19500501 19500531    66.5
19500601 19500630    28.9
19500701 19500731    37.2
19500801 19500831    19.7
19500901 19500930    20.1
19501001 19501031    17.9
19501101 19501130     6.6
19501201 19501231     1.5
19510101 19510131     4.4
19510201 19510228    70.9
19510301 19510331    10.0
19510401 19510430    80.7
19510501 19510531     8.9
19510601 19510630    69.2
19510701 19510731    28.2
19510801 19510831    29.2
19510901 19510930     5.4
19511001 19511031     9.6
19511101 19511130     6.2
19511201 19511231    22.4
19520101 19520131     5.3
19520201 19520229     0.0
19520301 19520331     8.6
19520401 19520430     6.9
19520501 19520531    15.3
19520601 19520630    28.6
19520701 19520731    60.7
19520801 19520831    10.5
19520901 19520930    27.4
19521001 19521031    18.4
19521101 19521130     3.8
19521201 19521231    45.5
19530101 19530131     0.0
19530201 19530228     6.6
19530301 19530331    81.4
19530401 19530430    46.1
19530501 19530531    79.4
19530601 19530630    60.7
19530701 19530731    29.4
19530801 19530831    36.1
19530901 19530930     9.5
19531001 19531031    23.6
19531101 19531130     5.1
19531201 19531231     0.0
19540101 19540131     0.0
19540201 19540228     0.0
19540301 19540331     0.0
19540401 19540430     6.6
19540501 19540531    59.9
19540601 19540630    26.9
19540701 19540731    44.5
19540801 19540831    25.0
19540901 19540930    11.1
19541001 19541031     7.0
19541101 19541130     8.9
19541201 19541231     7.9
19550101 19550131     6.1
19550201 19550228   157.8
19550301 19550331    97.3
19550401 19550430    24.9
19550501 19550531    31.7
19550601 19550630    21.0
19550701 19550731    27.5
19550801 19550831    75.9
19550901 19550930    29.0
19551001 19551031    30.0
19551101 19551130     0.0
19551201 19551231     3.6
19560101 19560131     0.0
19560201 19560229     2.3
19560301 19560331     0.0
19560401 19560430    10.8
19560501 19560531    51.5
19560601 19560630    50.1
19560701 19560731    59.6
19560801 19560831     0.0
19560901 19560930    14.2
19561001 19561031    31.3
19561101 19561130    45.0
19561201 19561231     0.0
19570101 19570131    25.0
19570201 19570228     0.8
19570301 19570331     9.6
19570401 19570430    10.4
19570501 19570531    35.0
19570601 19570630    97.7
19570701 19570731     9.9
19570801 19570831    26.8
19570901 19570930     7.9
19571001 19571031    13.3
19571101 19571130     0.3
19571201 19571231     0.0
19580101 19580131     0.0
19580201 19580228     6.6
19580301 19580331     6.6
19580401 19580430     6.6
19580501 19580531    62.8
19580601 19580630    26.9
19580701 19580731   117.2
19580801 19580831    22.4
19580901 19580930    48.7
19581001 19581031     9.1
19581101 19581130    19.0
19581201 19581231    30.1
19590101 19590131     3.3
19590201 19590228    15.5
19590301 19590331     5.8
19590401 19590430     0.0
19590501 19590531     5.1
19590601 19590630    83.6
19590701 19590731    12.2
19590801 19590831    42.1
19590901 19590930    26.2
19591001 19591031    13.3
19591101 19591130    16.3
19591201 19591231     5.6
19600101 19600131    35.6
19600201 19600229     0.0
19600301 19600331    20.8
19600401 19600430    10.4
19600501 19600531    50.8
19600601 19600630    22.3
19600701 19600731    87.2
19600801 19600831    11.5
19600901 19600930    33.1
19601001 19601031     2.6
19601101 19601130     0.0
19601201 19601231     5.8
19610101 19610131    36.3
19610201 19610228     3.8
19610301 19610331     1.5
19610401 19610430    39.0
19610501 19610531     7.1
19610601 19610630    52.5
19610701 19610731    54.3
19610801 19610831    31.8
19610901 19610930    16.6
19611001 19611031     1.5
19611101 19611130     0.0
19611201 19611231     2.3
19620101 19620131     5.1
19620201 19620228     0.0
19620301 19620331     5.9
19620401 19620430     0.0
19620501 19620531    69.7
19620601 19620630    42.0
19620701 19620731    34.0
19620801 19620831    20.9
19620901 19620930    17.5
19621001 19621031    19.0
19621101 19621130     4.3
19621201 19621231    34.4
19630101 19630131    15.5
19630201 19630228    49.8
19630301 19630331    50.1
19630401 19630430    26.0
19630501 19630531    69.1
19630601 19630630    97.7
19630701 19630731    67.5
19630801 19630831    76.3
19630901 19630930    27.4
19631001 19631031     9.9
19631101 19631130    21.6
19631201 19631231    11.3
19640101 19640131     1.8
19640201 19640229    14.0
19640301 19640331    23.6
19640401 19640430    29.7
19640501 19640531     1.5
19640601 19640630    63.1
19640701 19640731    84.6
19640801 19640831    53.8
19640901 19640930    24.7
19641001 19641031    11.7
19641101 19641130     4.3
19641201 19641231     2.5
19650101 19650131     0.0
19650201 19650228     3.6
19650301 19650331     0.5
19650401 19650430     9.9
19650501 19650531    58.6
19650601 19650630    71.7
19650701 19650731    63.9
19650801 19650831    44.6
19650901 19650930    16.2
19651001 19651031    35.4
19651101 19651130    25.2
19651201 19651231     6.1
19660101 19660131     5.8
19660201 19660228    22.7
19660301 19660331     0.0
19660401 19660430    79.3
19660501 19660531     6.3
19660601 19660630    87.7
19660701 19660731    67.7
19660801 19660831    15.5
19660901 19660930    29.1
19661001 19661031    43.2
19661101 19661130     1.0
19661201 19661231     2.8
19670101 19670131    17.3
19670201 19670228     6.6
19670301 19670331     2.3
19670401 19670430     7.9
19670501 19670531    91.5
19670601 19670630    46.2
19670701 19670731    45.5
19670801 19670831    35.2
19670901 19670930     4.3
19671001 19671031    14.5
19671101 19671130     0.8
19671201 19671231     0.0
19680101 19680131    74.5
19680201 19680229    16.7
19680301 19680331    28.5
19680401 19680430    33.7
19680501 19680531    32.3
19680601 19680630   133.7
19680701 19680731    42.2
19680801 19680831    26.8
19680901 19680930    27.6
19681001 19681031     9.2
19681101 19681130     2.0
19681201 19681231     0.8
19690101 19690131     0.5
19690201 19690228     4.6
19690301 19690331    23.4
19690401 19690430    22.8
19690501 19690531    16.1
19690601 19690630    50.5
19690701 19690731    14.0
19690801 19690831    11.7
19690901 19690930    21.4
19691001 19691031     0.0
19691101 19691130     6.7
19691201 19691231     1.3
19700101 19700131     0.5
19700201 19700228   112.0
19700301 19700331     7.6
19700401 19700430    27.2
19700501 19700531    38.4
19700601 19700630    41.6
19700701 19700731    14.2
19700801 19700831     9.7
19700901 19700930    29.0
19701001 19701031    15.1
19701101 19701130     4.8
19701201 19701231     0.0
19710101 19710131     0.8
19710201 19710228     6.8
19710301 19710331    84.8
19710401 19710430     6.1
19710501 19710531    13.7
19710601 19710630    24.2
19710701 19710731    31.3
19710801 19710831    33.7
19710901 19710930    36.4
19711001 19711031    19.4
19711101 19711130    33.8
19711201 19711231     0.0
19720101 19720131     0.0
19720201 19720229     0.3
19720301 19720331    13.2
19720401 19720430     6.9
19720501 19720531    19.8
19720601 19720630    33.0
19720701 19720731    45.5
19720801 19720831    26.7
19720901 19720930     8.1
19721001 19721031     4.3
19721101 19721130     1.0
19721201 19721231     0.0
19730101 19730131     6.9
19730201 19730228     0.5
19730301 19730331     0.0
19730401 19730430    28.3
19730501 19730531    22.6
19730601 19730630   109.1
19730701 19730731    65.1
19730801 19730831    31.0
19730901 19730930    53.0
19731001 19731031    14.0
19731101 19731130    25.6
19731201 19731231     5.6
19740101 19740131     6.2
19740201 19740228     0.6
19740301 19740331     6.8
19740401 19740430    69.0
19740501 19740531   132.6
19740601 19740630    34.6
19740701 19740731    65.6
19740801 19740831    54.5
19740901 19740930    21.6
19741001 19741031    11.8
19741101 19741130    59.8
19741201 19741231     0.0
19750101 19750131     0.0
19750201 19750228     2.8
19750301 19750331     2.4
19750401 19750430    59.6
19750501 19750531    36.0
19750601 19750630    54.8
19750701 19750731    53.0
19750801 19750831    15.0
19750901 19750930    24.4
19751001 19751031    35.4
19751101 19751130     4.6
19751201 19751231    27.8
19760101 19760131    13.8
19760201 19760229     0.0
19760301 19760331    24.8
19760401 19760430    13.0
19760501 19760531    22.6
19760601 19760630    25.4
19760701 19760731     8.0
19760801 19760831    53.6
19760901 19760930    41.2
19761001 19761031    19.8
19761101 19761130    10.4
19761201 19761231     0.0
19770101 19770131     0.0
19770201 19770228     2.4
19770301 19770331     0.0
19770401 19770430    13.2
19770501 19770531    29.6
19770601 19770630    26.6
19770701 19770731    23.8
19770801 19770831    60.6
19770901 19770930     5.4
19771001 19771031    38.2
19771101 19771130     2.6
19771201 19771231    25.8
19780101 19780131    31.4
19780201 19780228    44.8
19780301 19780331     0.0
19780401 19780430    49.6
19780501 19780531    22.8
19780601 19780630    29.8
19780701 19780731    77.8
19780801 19780831    11.4
19780901 19780930    35.2
19781001 19781031    12.8
19781101 19781130     0.0
19781201 19781231    64.4
19790101 19790131    15.4
19790201 19790228    58.2
19790301 19790331     0.0
19790401 19790430    20.4
19790501 19790531    22.2
19790601 19790630    64.4
19790701 19790731    19.5
19790801 19790831    40.8
19790901 19790930     9.2
19791001 19791031     0.6
19791101 19791130    18.4
19791201 19791231     0.6
19800101 19800131     0.0
19800201 19800229    22.6
19800301 19800331     0.0
19800401 19800430     9.0
19800501 19800531    32.8
19800601 19800630    22.4
19800701 19800731    24.4
19800801 19800831    21.0
19800901 19800930     1.2
19801001 19801031    43.4
19801101 19801130     1.8
19801201 19801231     7.4
19810101 19810131    23.8
19810201 19810228    54.0
19810301 19810331     0.0
19810401 19810430    26.2
19810501 19810531    56.2
19810601 19810630    52.8
19810701 19810731    43.0
19810801 19810831    43.8
19810901 19810930    10.2
19811001 19811031    20.6
19811101 19811130    34.8
19811201 19811231    13.0
19820101 19820131     5.4
19820201 19820228     2.5
19820301 19820331     0.0
19820401 19820430     0.0
19820501 19820531    20.9
19820601 19820630    67.8
19820701 19820731    19.6
19820801 19820831    55.8
19820901 19820930    24.4
19821001 19821031    10.2
19821101 19821130    11.9
19821201 19821231     1.1
19830101 19830131     0.7
19830201 19830228     5.8
19830301 19830331     8.7
19830401 19830430     4.1
19830501 19830531     8.0
19830601 19830630    65.8
19830701 19830731    58.9
19830801 19830831    35.7
19830901 19830930    26.0
19831001 19831031     1.8
19831101 19831130    61.1
19831201 19831231    36.5
19840101 19840131     0.0
19840201 19840229     8.2
19840301 19840331    33.8
19840401 19840430    60.9
19840501 19840531    78.2
19840601 19840630    29.4
19840701 19840731    41.8
19840801 19840831    32.0
19840901 19840930    36.0
19841001 19841031     6.6
19841101 19841130    15.4
19841201 19841231     1.6
19850101 19850131     0.0
19850201 19850228     7.5
19850301 19850331    27.2
19850401 19850430     6.2
19850501 19850531     5.6
19850601 19850630    12.0
19850701 19850731    57.4
19850801 19850831    33.2
19850901 19850930    25.1
19851001 19851031     7.4
19851101 19851130     5.4
19851201 19851231     0.0
19860101 19860131     2.3
19860201 19860228    45.3
19860301 19860331     7.0
19860401 19860430     4.4
19860501 19860531    48.8
19860601 19860630   111.8
19860701 19860731    27.0
19860801 19860831    33.2
19860901 19860930    19.8
19861001 19861031     8.6
19861101 19861130    26.4
19861201 19861231     0.0
19870101 19870131     0.2
19870201 19870228     0.0
19870301 19870331     7.8
19870401 19870430    33.8
19870501 19870531    32.8
19870601 19870630    30.4
19870701 19870731    45.6
19870801 19870831    36.8
19870901 19870930    18.2
19871001 19871031     6.6
19871101 19871130    12.4
19871201 19871231    55.0
19880101 19880131     0.0
19880201 19880229     0.0
19880301 19880331    62.8
19880401 19880430    22.6
19880501 19880531    38.2
19880601 19880630    36.6
19880701 19880731    52.6
19880801 19880831    46.0
19880901 19880930    20.4
19881001 19881031    11.2
19881101 19881130    10.8
19881201 19881231    17.6
19890101 19890131    14.6
19890201 19890228    26.0
19890301 19890331     0.6
19890401 19890430    35.6
19890501 19890531    95.2
19890601 19890630    56.6
19890701 19890731    33.8
19890801 19890831    17.2
19890901 19890930     4.6
19891001 19891031    10.2
19891101 19891130     0.0
19891201 19891231     0.0
19900101 19900131   128.0
19900201 19900228    24.4
19900301 19900331    62.8
19900401 19900430    36.6
19900501 19900531    15.6
19900601 19900630    29.8
19900701 19900731    91.4
19900801 19900831    21.0
19900901 19900930    21.8
19901001 19901031    25.0
19901101 19901130     2.4
19901201 19901231     0.0
19910101 19910131     6.0
19910201 19910228     1.6
19910301 19910331     1.8
19910401 19910430    12.4
19910501 19910531    44.8
19910601 19910630    42.6
19910701 19910731    70.6
19910801 19910831    19.4
19910901 19910930    17.2
19911001 19911031    24.0
19911101 19911130    44.0
19911201 19911231    30.0
19920101 19920131     5.0
19920201 19920229    32.4
19920301 19920331    22.6
19920401 19920430    34.0
19920501 19920531    11.0
19920601 19920630    68.8
19920701 19920731    28.2
19920801 19920831    74.8
19920901 19920930    28.8
19921001 19921031    14.2
19921101 19921130    28.4
19921201 19921231     4.4
19930101 19930131     0.0
19930201 19930228     1.0
19930301 19930331    19.2
19930401 19930430     9.8
19930501 19930531    81.4
19930601 19930630    48.8
19930701 19930731    22.4
19930801 19930831    43.8
19930901 19930930    33.6
19931001 19931031     9.2
19931101 19931130    28.0
19931201 19931231     2.4
19940101 19940131     0.0
19940201 19940228     4.0
19940301 19940331     0.0
19940401 19940430     1.0
19940501 19940531    43.2
19940601 19940630    37.2
19940701 19940731    22.8
19940801 19940831    26.0
19940901 19940930    20.8
19941001 19941031     6.4
19941101 19941130     1.0
19941201 19941231    11.4
19950101 19950131     9.8
19950201 19950228     9.2
19950301 19950331    15.0
19950401 19950430    14.2
19950501 19950531    53.8
19950601 19950630    46.8
19950701 19950731    94.2
19950801 19950831    19.4
19950901 19950930    25.4
19951001 19951031    49.4
19951101 19951130     0.6
19951201 19951231    20.0
19960101 19960131     6.0
19960201 19960229     3.0
19960301 19960331     2.6
19960401 19960430    16.8
19960501 19960531    45.0
19960601 19960630    52.8
19960701 19960731    70.8
19960801 19960831    31.6
19960901 19960930    35.4
19961001 19961031    18.2
19961101 19961130    44.6
19961201 19961231     1.6
19970101 19970131     0.0
19970201 19970228    64.8
19970301 19970331     9.2
19970401 19970430    23.8
19970501 19970531    26.4
19970601 19970630    24.6
19970701 19970731    36.8
19970801 19970831    41.6
19970901 19970930    32.2
19971001 19971031    10.8
19971101 19971130     8.0
19971201 19971231     0.0
19980101 19980131     0.0
19980201 19980228     0.0
19980301 19980331     3.2
19980401 19980430    37.4
19980501 19980531    12.4
19980601 19980630    78.4
19980701 19980731    54.8
19980801 19980831    47.4
19980901 19980930    17.0
19981001 19981031     4.6
19981101 19981130     4.8
19981201 19981231     5.6
19990101 19990131    25.6
19990201 19990228     1.4
19990301 19990331    64.6
19990401 19990430    22.6
19990501 19990531    93.8
19990601 19990630    46.2
19990701 19990731    54.6
19990801 19990831    39.2
19990901 19990930    30.4
19991001 19991031    29.2
19991101 19991130     6.0
19991201 19991231    40.4
20000101 20000131   182.1
20000201 20000229     0.6
20000301 20000331    20.0
20000401 20000430    11.0
20000501 20000531    11.4
20000601 20000630    21.8
20000701 20000731    40.0
20000801 20000831    38.0
20000901 20000930    13.7
20001001 20001031     0.0
20001101 20001130     2.6
20001201 20001231     0.0
20010101 20010131    51.8
20010201 20010228    14.6
20010301 20010331     0.0
20010401 20010430    15.0
20010501 20010531    28.8
20010601 20010630     8.0
20010701 20010731    65.0
20010801 20010831    50.2
20010901 20010930    26.4
20011001 20011031    12.2
20011101 20011130    19.9
20011201 20011231     4.2
20020101 20020131    18.0
20020201 20020228     0.0
20020301 20020331     1.0
20020401 20020430    14.0
20020501 20020531     9.4
20020601 20020630    36.0
20020701 20020731    28.0
20020801 20020831    29.8
20020901 20020930     9.2
20021001 20021031    10.8
20021101 20021130    19.2
20021201 20021231     9.4
20030101 20030131     0.0
20030201 20030228    31.2
20030301 20030331    53.4
20030401 20030430    29.8
20030501 20030531    67.4
20030601 20030630    48.8
20030701 20030731    33.6
20030801 20030831    68.6
20030901 20030930    22.2
20031001 20031031     5.4
20031101 20031130     3.8
20031201 20031231    19.2
20040101 20040131     3.0
20040201 20040229     6.4
20040301 20040331     0.6
20040401 20040430    17.2
20040501 20040531    28.6
20040601 20040630    48.4
20040701 20040731    30.4
20040801 20040831    43.0
20040901 20040930    14.8
20041001 20041031    11.6
20041101 20041130     9.0
20041201 20041231    15.6
20050101 20050131     0.0
20050201 20050228     2.4
20050301 20050331    22.2
20050401 20050430    14.0
20050501 20050531    74.6
20050601 20050630    54.2
20050701 20050731    17.2
20050801 20050831    36.0
20050901 20050930    27.2
20051001 20051031    18.8
20051101 20051130     6.0
20051201 20051231     1.2
20060101 20060131   122.3
20060201 20060228    50.2
20060301 20060331    26.0
20060401 20060430    19.6
20060501 20060531    13.2
20060601 20060630    15.2
20060701 20060731    26.2
20060801 20060831    23.6
20060901 20060930    32.2
20061001 20061031     1.6
20061101 20061130    19.2
20061201 20061231    17.4
20070101 20070131    29.0
20070201 20070228     4.6
20070301 20070331     0.0
20070401 20070430    10.2
20070501 20070531    23.8
20070601 20070630    15.8
20070701 20070731    53.4
20070801 20070831    24.6
20070901 20070930    26.6
20071001 20071031    11.4
20071101 20071130     0.0
20071201 20071231    21.8
20080101 20080131     0.0
20080201 20080229    22.2
20080301 20080331     0.6
20080401 20080430    66.8
20080501 20080531    13.6
20080601 20080630    34.2
20080701 20080731    78.6
20080801 20080831    25.4
20080901 20080930    60.0
20081001 20081031    26.2
20081101 20081130    17.6
20081201 20081231     5.2
20090101 20090131     2.0
20090201 20090228     3.0
20090301 20090331    14.2
20090401 20090430     2.4
20090501 20090531    11.6
20090601 20090630    50.0
20090701 20090731    48.8
20090801 20090831    43.2
20090901 20090930    28.8
20091001 20091031    18.2
20091101 20091130    26.8
20091201 20091231     3.2
20100101 20100131     0.0
20100201 20100228     0.0
20100301 20100331    37.0
20100401 20100430     0.4
20100501 20100531    19.8
20100601 20100630    16.8
20100701 20100731    37.4
20100801 20100831    15.2
20100901 20100930     2.8
20101001 20101031     0.2
20101101 20101130     9.0
20101201 20101231    12.4
20110101 20110131    31.2
20110201 20110228     1.0
20110301 20110331     0.0
20110401 20110430     7.4
20110501 20110531    27.8
20110601 20110630    31.6
20110701 20110731    57.8
20110801 20110831    32.4
20110901 20110930    38.2
20111001 20111031    58.8
20111101 20111130    31.0
20111201 20111231    49.6
20120101 20120131    26.0
20120201 20120229    17.8
20120301 20120331    12.0
20120401 20120430     1.6
20120501 20120531    20.0
20120601 20120630    32.6
20120701 20120731    14.2
20120801 20120831    36.0
20120901 20120930    17.8
20121001 20121031     1.6
20121101 20121130    57.6
20121201 20121231    24.6
20130101 20130131    44.8
20130201 20130228     1.8
20130301 20130331    31.2
20130401 20130430     7.8
20130501 20130531    48.6
20130601 20130630     4.5
20130701 20130731    52.4
20130801 20130831    41.4
20130901 20130930    49.8
20131001 20131031    28.0
20131101 20131130     1.0
20131201 20131231     9.0
20140101 20140131     3.0
20140201 20140228     4.6
20140301 20140331    22.2
20140401 20140430    27.8
20140501 20140531    76.7
20140601 20140630    16.0
20140701 20140731    53.8
20140801 20140831    25.4
20140901 20140930    22.4
20141001 20141031    29.6
20141101 20141130    33.0
20141201 20141231     1.0
20150101 20150131     0.6
20150201 20150228    14.6
20150301 20150331    29.4
20150401 20150430    16.6
20150501 20150531    11.8
20150601 20150630    31.4
20150701 20150731    42.4
20150801 20150831    69.6
20150901 20150930     5.6
20151001 20151031     0.6
20151101 20151130    34.8
20151201 20151231     9.0
20160101 20160131    70.4
20160201 20160229     0.0
20160301 20160331   134.2
20160401 20160430    44.2
20160501 20160531    39.8
20160601 20160630    18.6
20160701 20160731    40.4
20160801 20160831    42.2
20160901 20160930    15.4
20161001 20161031    10.8
20161101 20161130     1.2
20161201 20161231    23.8
20170101 20170131   106.2
20170201 20170228    79.9
20170301 20170331    42.6
20170401 20170430    33.6
20170501 20170531    15.8
20170601 20170630     7.8
20170701 20170731    36.0
20170801 20170831    58.2
20170901 20170930    33.0
20171001 20171031    36.8
20171101 20171130    15.0
20171201 20171231     4.6
